114 76 0.210963440724094
114 62 0.25964742249466843
114 89 0.1681461736728304
114 88 0.2975995974178189
114 63 0.19188211927140478
114 77 0.07436874695455453
114 49 0.1385233254441361
114 61 0.07644390896118808
114 75 0.11896928499034728
114 74 0.29038742229740067
114 60 0.10863188798443048
114 48 0.12060312239226886
114 64 0.1321545960804908
114 70 0.30361278306901096
114 58 0.5953302763621947
114 59 0.1652320973376247
114 71 0.14200983256259636
114 65 0.0921986219700131
114 73 0.10992145787452523
114 67 0.28448093778072364
114 66 0.25827801554423635
114 72 0.16668796768521238
114 57 0.32261059291084315
114 94 0.3552353903578771
114 80 0.14184713889624823
114 81 0.2921608294175423
114 95 0.15857051190105997
114 56 0.1880377077602957
114 68 0.4376132326761005
114 54 0.12591996277027562
114 83 0.12675649768891223
114 82 0.012728210636353932
114 55 0.2580394633427482
114 69 0.33620668760502437
114 51 0.112483373619586
114 79 0.14428975236277172
114 86 0.11693100838725164
114 92 0.36502594659144616
114 93 0.32764597192323325
114 87 0.31013357618554116
114 78 0.2690632127676365
114 50 0.15431948616760038
114 52 0.10453439721963793
114 46 0.1698202241195092
114 91 0.3391147593631006
114 85 0.35219362352440375
114 84 0.07825396555708375
114 90 0.35511216674029245
114 47 0.18514352546377763
114 53 0.1389394913935435
100 76 0.12703304206339228
100 62 0.15308118447386376
100 89 0.10752292911022243
100 88 0.15082900917867711
100 63 0.3150285836987562
100 77 0.10896608988711588
100 49 0.2693245354675457
100 61 0.10189446273555203
100 75 0.10879643460953271
100 74 0.13580981061276687
100 60 0.10410405389612969
100 48 0.1681143180966497
100 64 0.18222861743604657
100 70 0.17372319721747717
100 58 0.18134313883434364
100 59 0.11228188951050899
100 71 0.5062621190943049
100 65 0.10211939112590647
100 73 0.07634513352486533
100 67 0.31487500143885516
100 66 0.15598218455113355
100 72 0.0914398330760087
100 57 0.38227918366254854
100 94 0.16814426890050738
100 80 0.5358572646077009
100 81 0.1526350696007068
100 95 0.13412721961841395
100 56 0.20843948452485445
100 68 0.3692619780049097
100 54 0.15055704964042532
100 83 0.1371364521222483
100 82 0.11197474955444328
100 55 0.30969460638413127
100 69 0.20104449138186833
100 51 0.19249529932579468
100 79 0.0955500437123399
100 86 0.26592854583352316
100 92 0.16463792751621326
100 93 0.16501603191701136
100 87 0.17879646631702503
100 78 0.1724891580925394
100 50 0.3008293418148356
100 52 0.09809168049631782
100 46 0.21634054056617497
100 91 0.1827182207465042
100 85 0.19385215400607778
100 84 0.12065615117927342
100 90 0.1747550896722635
100 47 0.1124084115460537
100 53 0.10314735173222453
128 76 0.1450362174020526
128 62 0.10219074881274118
128 89 0.19937101562222975
128 88 0.37695125990847356
128 63 0.10165851176884629
128 77 0.12876917472828134
128 49 0.11673302202823273
128 61 0.11534784264468641
128 75 0.1009068923987851
128 74 0.09791542772530835
128 60 0.10955231397039211
128 48 0.0983265604447573
128 64 0.10837828365209494
128 70 0.28360202880545027
128 58 0.0579659812057165
128 59 0.08565273053707331
128 71 0.11646916378727246
128 65 0.07405142142968818
128 73 0.1218465399704615
128 67 0.3634929801700044
128 66 0.27648587078623116
128 72 0.13322884810715946
128 57 0.19377593972441612
128 94 0.5168000092372341
128 80 0.11858978244329833
128 81 0.2994258188571536
128 95 0.20395895474145237
128 56 0.3033636454231944
128 68 0.611096615741044
128 54 0.1566697760062817
128 83 0.10393835493006733
128 82 0.06449816885960949
128 55 0.1991471734496763
128 69 0.33210746376577244
128 51 0.1359341546916478
128 79 0.2075809572389793
128 86 0.10040762699731642
128 92 0.5221752737604655
128 93 0.45869508941848147
128 87 0.4318930043925245
128 78 0.331316335990817
128 50 0.16598813039495114
128 52 0.16301520630435604
128 46 0.2082403075808396
128 91 0.4094328171295524
128 85 0.458522928874294
128 84 0.10753562579784158
128 90 0.4656462621742441
128 47 0.14438706887883557
128 53 0.08791026568315735
129 76 0.09009708110101172
129 62 0.2671994785620957
129 89 0.2173386859995057
129 88 0.4544632312724831
129 63 0.11721082928059544
129 77 0.13131246550830583
129 49 0.1239634562823891
129 61 0.13641812542394682
129 75 0.10375590300158191
129 74 0.19737008291972083
129 60 0.09692503789208842
129 48 0.16750749719687313
129 64 0.18773751084540863
129 70 0.33973073414223326
129 58 0.6996391396608286
129 59 0.09603903299101772
129 71 0.13470450868166775
129 65 0.14503098890801225
129 73 0.11187341743039365
129 67 0.43119410744486925
129 66 0.34392483200593726
129 72 0.10786669512738677
129 57 0.5980837582803141
129 94 0.5879521392491394
129 80 0.14321311377401913
129 81 0.35316960405433073
129 95 0.20052806751570673
129 56 0.28848730006893536
129 68 0.6366954638456639
129 54 0.24536776184404147
129 83 0.13095921111059217
129 82 0.3863580458128649
129 55 0.17066280487889873
129 69 0.4366371087500752
129 51 0.14358299266556235
129 79 0.17274179179213878
129 86 0.1001189450580614
129 92 0.5910929478414175
129 93 0.5366636226039654
129 87 0.41650419186474524
129 78 0.4123095641133367
129 50 0.08240663904011214
129 52 0.1257116873199205
129 46 0.25277773188674635
129 91 0.5261545497527942
129 85 0.5052127078442373
129 84 0.1552712783803772
129 90 0.511048939927427
129 47 0.17686688491597785
129 53 0.16887212585088243
101 76 0.054989778988623506
101 62 0.16825705288628137
101 89 0.15693102589793798
101 88 0.18832819833632933
101 63 0.10762534711699405
101 77 0.16552067593694467
101 49 0.16885421586283528
101 61 0.10923724808900916
101 75 0.09181182933650489
101 74 0.06437965888547648
101 60 0.09081052398492861
101 48 0.11742036575610126
101 64 0.10552044027740005
101 70 0.10522675046332793
101 58 0.11101027512084308
101 59 0.10574942476311214
101 71 0.23549258453954458
101 65 0.10139237288256532
101 73 0.1061783290702314
101 67 0.21457440799020816
101 66 0.12907673815309462
101 72 0.0736621625729787
101 57 0.2788822094238839
101 94 0.20463112733395858
101 80 0.2593248404341
101 81 0.193469809906
101 95 0.018000985830391503
101 56 0.20303292572680645
101 68 0.25119852924680064
101 54 0.08086863555175
101 83 0.09610522152558489
101 82 0.13196406704423252
101 55 0.14183134773853628
101 69 0.12065325520115064
101 51 0.14356231885999182
101 79 0.19359696303834606
101 86 0.17287444651087752
101 92 0.20432088499433365
101 93 0.19018309037722722
101 87 0.1753955818270277
101 78 0.1419522786773738
101 50 0.180993241960495
101 52 0.0762003980872773
101 46 0.16727408829063845
101 91 0.25757218127072007
101 85 0.17941785874829724
101 84 0.1251437935943989
101 90 0.18426433510810222
101 47 0.049641514041761675
101 53 0.07779574748280246
115 76 0.08190580046113369
115 62 0.06807645067391907
115 89 0.13197153066306963
115 88 0.10553326548195678
115 63 0.04951574168421777
115 77 0.12126506949528922
115 49 0.0758805306817362
115 61 0.09538308283205993
115 75 0.10668849003243629
115 74 0.2131892272402398
115 60 0.08862290900118827
115 48 0.09351525122561707
115 64 0.18060494804989657
115 70 0.07385751411356789
115 58 0.12871369295658822
115 59 0.10670670679111888
115 71 0.12513034444942472
115 65 0.06615584598262259
115 73 0.045676230129423706
115 67 0.13049499242417295
115 66 0.28431253913959503
115 72 0.20658389850482142
115 57 0.11510311822181797
115 94 0.22278610938249807
115 80 0.12565290708861832
115 81 0.10293422103091181
115 95 0.12381805354927444
115 56 0.3031660720614777
115 68 0.19135173906893624
115 54 0.1372023431020468
115 83 0.2071334085245062
115 82 0.12087617048669365
115 55 0.1944194086244753
115 69 0.11864516421317141
115 51 0.13998392271125848
115 79 0.12687007001807454
115 86 0.12205638596384752
115 92 0.21917707845404552
115 93 0.21455544542099755
115 87 0.18182965656146372
115 78 0.11648514520811364
115 50 0.09347183917933308
115 52 0.8498838428515532
115 46 0.5763337462738497
115 91 0.1995606658679489
115 85 0.21309438770898045
115 84 0.07678152076900974
115 90 0.21929532478282823
115 47 0.35965908189296286
115 53 0.317002398671246
103 76 0.11705181830768563
103 62 0.279058519307867
103 89 0.1488211293920147
103 88 0.20280789755922474
103 63 0.17311405324314233
103 77 0.18037671258655402
103 49 0.15264066053674885
103 61 0.14709351767539697
103 75 0.14848591215530987
103 74 0.15095813102242212
103 60 0.12263654998299554
103 48 0.14790994719580192
103 64 0.16754847507066706
103 70 0.31973481276681476
103 58 0.9586121793912699
103 59 0.13550383596136267
103 71 0.1653684380169843
103 65 0.16071984840234327
103 73 0.15414757162121562
103 67 0.24175285153907494
103 66 0.3711190620733993
103 72 0.14750936620100905
103 57 0.4380492961659555
103 94 0.24878311740298228
103 80 0.16822830527959903
103 81 0.2942772905352548
103 95 0.16926776395988108
103 56 0.19191507064034588
103 68 0.43078793928573167
103 54 0.16631444775446344
103 83 0.15165450249361373
103 82 0.20242018665365452
103 55 0.13929050973899804
103 69 0.33765746840918065
103 51 0.12567149516172127
103 79 0.12133878927819088
103 86 0.12093638073464456
103 92 0.23187833494916799
103 93 0.23351106227829072
103 87 0.16074860582770983
103 78 0.25893026985592954
103 50 0.15253147813337392
103 52 0.1410835022402251
103 46 0.2139641177443829
103 91 0.2402772676848941
103 85 0.20139384868496818
103 84 0.1723586470571799
103 90 0.20765747842236307
103 47 0.16457252300900096
103 53 0.1636903944974365
117 76 0.27126956721425305
117 62 0.3142923539942202
117 89 0.10444385341957609
117 88 0.11539802917850438
117 63 0.13062028743213516
117 77 0.4385773943825455
117 49 0.2850816372008472
117 61 0.15726030035620067
117 75 0.6542219817966614
117 74 0.45024416621919683
117 60 0.11073475494813022
117 48 0.4789132552200669
117 64 0.2170562839363674
117 70 0.2898110648731007
117 58 0.7608663197736704
117 59 0.11249802996543695
117 71 0.15211445081594405
117 65 0.097230659384259
117 73 0.5141712032964915
117 67 0.2022090319947153
117 66 0.14761838408209443
117 72 0.210037594664816
117 57 0.32068021902807975
117 94 0.28976152098895674
117 80 0.15294569313169487
117 81 0.28430898094281504
117 95 0.2231607089075296
117 56 0.32317242728063533
117 68 0.33931163564753886
117 54 0.16606463790481635
117 83 0.7123408674447289
117 82 0.15391703147110292
117 55 0.19052940931058066
117 69 0.34220900989379094
117 51 0.21122886460685616
117 79 0.4580824246905799
117 86 0.08062859239408621
117 92 0.28688403483189834
117 93 0.2679955336957172
117 87 0.35210729136167945
117 78 0.36111665262958437
117 50 0.08901031819110197
117 52 0.16157187129817657
117 46 0.4254849706358121
117 91 0.30091940883248214
117 85 0.2826957605639578
117 84 0.1714097339088913
117 90 0.29795046328966246
117 47 0.12834459194252051
117 53 0.13838481763272184
116 76 0.153218010721328
116 62 0.3081768227156691
116 89 0.18763009432496783
116 88 0.4014746136676233
116 63 0.15099425995621701
116 77 0.13550442566137855
116 49 0.151120666068901
116 61 0.20496703940869687
116 75 0.14588266101093664
116 74 0.13398378339220507
116 60 0.14119551734672237
116 48 0.1291773763598926
116 64 0.16301264389750802
116 70 0.5416176877518114
116 58 0.9664988425249041
116 59 0.2040663416600684
116 71 0.1183111048925113
116 65 0.13727091908000905
116 73 0.13584225607970468
116 67 0.3790479917361551
116 66 0.3900245289922779
116 72 0.15228988563436527
116 57 0.5979765454214638
116 94 0.5207706197091854
116 80 0.12297992557569157
116 81 0.43039941999107756
116 95 0.16993482692569
116 56 0.4152072502941905
116 68 0.6036445922756521
116 54 0.14537309145413901
116 83 0.3583910488934125
116 82 0.5073036580126485
116 55 0.28024183228920446
116 69 0.4271834807820051
116 51 0.1089296896515295
116 79 0.18181836500779214
116 86 0.15591206599870827
116 92 0.4925828531237826
116 93 0.478191944625047
116 87 0.29191593338258254
116 78 0.3651075443990669
116 50 0.16976610242161003
116 52 0.1099153606648597
116 46 0.42079052466944716
116 91 0.4568921092665913
116 85 0.39552749426070904
116 84 0.22366741535112425
116 90 0.40845432021373584
116 47 0.15686629517653422
116 53 0.11578839064258929
102 76 0.13256792595373137
102 62 0.1937087489593588
102 89 0.14728421035111317
102 88 0.17001212510211286
102 63 0.1525343388836562
102 77 0.1383846779559152
102 49 0.13357041238515338
102 61 0.10428858735866924
102 75 0.11672640467402247
102 74 0.10839226735966372
102 60 0.1305628406277056
102 48 0.12170209240252096
102 64 0.11774032401725334
102 70 0.25598990724048176
102 58 0.5749524683574186
102 59 0.13840609933540943
102 71 0.15931311757259436
102 65 0.09270567858175949
102 73 0.11111183236632691
102 67 0.1861589700017147
102 66 0.15576731119883835
102 72 0.14110619235049596
102 57 0.27076819396744334
102 94 0.16818667436893084
102 80 0.16543440494082523
102 81 0.19121462177483448
102 95 0.10761428476600418
102 56 0.1599089913305205
102 68 0.2913564445210386
102 54 0.12445932124883057
102 83 0.14814914364639922
102 82 0.07011995507840807
102 55 0.1603250266730037
102 69 0.22014128723000503
102 51 0.11505119252935396
102 79 0.13330743397608835
102 86 0.14293007605172242
102 92 0.16291742872685633
102 93 0.16745918007868732
102 87 0.17911036268091907
102 78 0.15816450314458216
102 50 0.13096907037148886
102 52 0.11394469282950541
102 46 0.14348055708068752
102 91 0.17617707084998852
102 85 0.1725115529583781
102 84 0.10794139941451424
102 90 0.17201302323295986
102 47 0.17562130771596432
102 53 0.1328068828745222
106 76 0.13084688528285576
106 62 0.14566531976907446
106 89 0.09797073241702603
106 88 0.16888806723114505
106 63 0.07523751003994095
106 77 0.07718290229443317
106 49 0.12187748901192776
106 61 0.11110010443376714
106 75 0.08722674670938291
106 74 0.09793088118430943
106 60 0.1084732673494941
106 48 0.12434398153509678
106 64 0.1081946905502425
106 70 0.20993257684750385
106 58 0.5384915039850817
106 59 0.10629084491580594
106 71 0.13737979509935067
106 65 0.0878103345278114
106 73 0.0902497664875041
106 67 0.15504374056119724
106 66 0.13263697868734003
106 72 0.20816376958131536
106 57 0.25946496405220953
106 94 0.1449718095683264
106 80 0.13644897265863554
106 81 0.19334546800574626
106 95 0.14905491254153758
106 56 0.1774277542229281
106 68 0.26699423052044885
106 54 0.11950260481813231
106 83 0.10074458937838245
106 82 0.1089150682419727
106 55 0.21257806083289363
106 69 0.21896518560657768
106 51 0.11780298069669283
106 79 0.13031058471034307
106 86 0.1248988452588878
106 92 0.15706622187942065
106 93 0.15574954413074257
106 87 0.18397271347889077
106 78 0.14764709474296553
106 50 0.09807983813416363
106 52 0.1184199831058062
106 46 0.12001342218664925
106 91 0.09189055247527217
106 85 0.16641440262717705
106 84 0.09823572740836649
106 90 0.16714630685215098
106 47 0.17783658661699828
106 53 0.12809378549165604
112 76 0.14172552492707197
112 62 0.24919420404908182
112 89 0.16294182867483858
112 88 0.2256824362599434
112 63 0.163559424202965
112 77 0.13337829061882922
112 49 0.13697650598655392
112 61 0.12972023534206342
112 75 0.13503141870641397
112 74 0.13587794451439972
112 60 0.13142868698738835
112 48 0.1397489004191264
112 64 0.16325527397121814
112 70 0.26022847668773536
112 58 0.7143954341122363
112 59 0.13547583054833595
112 71 0.14464750490295966
112 65 0.13965258235750788
112 73 0.1215880090028462
112 67 0.2107084224143152
112 66 0.18449130151364296
112 72 0.1210608192924762
112 57 0.38272210311836274
112 94 0.20416840493503605
112 80 0.1509203164842516
112 81 0.23734118295903042
112 95 0.153933309841273
112 56 0.2714827824322432
112 68 0.3622004916096191
112 54 0.15319034451522712
112 83 0.1692302643330058
112 82 0.12018753159663792
112 55 0.36141755369011924
112 69 0.2863966162827833
112 51 0.13191610007354948
112 79 0.1517113836276115
112 86 0.14979784936476653
112 92 0.21250105669180974
112 93 0.20426214607814036
112 87 0.21230880054317045
112 78 0.22155346161536826
112 50 0.13963552293914222
112 52 0.14321276733266025
112 46 0.1854292542110206
112 91 0.2213208483961641
112 85 0.19408476194290675
112 84 0.10754195591174168
112 90 0.19812509939492573
112 47 0.16950840343112553
112 53 0.13773359577485295
113 76 0.13266755175296563
113 62 0.2606163690406926
113 89 0.20776233130734165
113 88 0.46694430932788306
113 63 0.14123129372260254
113 77 0.20962973684286046
113 49 0.16030967620176306
113 61 0.14624549924290992
113 75 0.1306793204260649
113 74 0.07971343758129038
113 60 0.11042669456291523
113 48 0.13241994102791704
113 64 0.15224718975027074
113 70 0.41315276752828145
113 58 0.532387588743923
113 59 0.12131160534872688
113 71 0.16712736687430418
113 65 0.12327519959265368
113 73 0.13721878255043812
113 67 0.4085728644262475
113 66 0.3481155326070998
113 72 0.14732400771360216
113 57 0.3794770923498057
113 94 0.5771367791302091
113 80 0.16838670508279663
113 81 0.36235332256556485
113 95 0.23283812743495028
113 56 0.44077576845176486
113 68 0.6422873593748244
113 54 0.18129354090201366
113 83 0.30008724450535373
113 82 0.20769588074077294
113 55 0.2887381419724601
113 69 0.4608836748730695
113 51 0.1177777223902316
113 79 0.2382441526958214
113 86 0.10228027896224443
113 92 0.5727577492362357
113 93 0.5204830413701805
113 87 0.3679545646038018
113 78 0.42388828527837175
113 50 0.17710353412205201
113 52 0.14552624620537552
113 46 0.39477180568125525
113 91 0.45783869446463
113 85 0.4886774801627223
113 84 0.196916593933662
113 90 0.4933562192140435
113 47 0.1597563620085259
113 53 0.13588507261123364
107 76 0.10843227634103624
107 62 0.17490025820052746
107 89 0.10569993286586304
107 88 0.21258041614833184
107 63 0.10566158791392936
107 77 0.07171688900596665
107 49 0.12005060334280386
107 61 0.08663570131341036
107 75 0.07587896753802856
107 74 0.05865549506339843
107 60 0.11265772385788973
107 48 0.09666661683371927
107 64 0.11103275492452044
107 70 0.12003178088802996
107 58 0.08019049275849449
107 59 0.09281846916302042
107 71 0.11344833011874457
107 65 0.09231686806577846
107 73 0.09998899031746238
107 67 0.20658294164325347
107 66 0.24697306407580205
107 72 0.04755492904479916
107 57 0.19876777689896238
107 94 0.13004181661741165
107 80 0.12027460473676836
107 81 0.10884724238671598
107 95 0.11618330249242406
107 56 0.6755865540269193
107 68 0.537725612148323
107 54 0.09112129086676257
107 83 0.14037490617163423
107 82 0.07721732632082731
107 55 0.15478243047664966
107 69 0.1277654136795645
107 51 0.0636963186079118
107 79 0.11250514076052859
107 86 0.10803376480555375
107 92 0.14237215041186568
107 93 0.16222520488897946
107 87 0.159762013311818
107 78 0.10251115767038765
107 50 0.11225077315351584
107 52 0.07010648913187417
107 46 0.13096979998146602
107 91 0.10783469850574841
107 85 0.12506860649912938
107 84 0.08895071432420637
107 90 0.12579698271375495
107 47 0.05643654213453039
107 53 0.0674507764465562
139 76 0.19254994933721015
139 62 0.10215614400670363
139 89 0.13253540292006177
139 88 0.2698679423587834
139 63 0.11066580962232586
139 77 0.10424744063728014
139 49 0.11267108062655579
139 61 0.16574673931170103
139 75 0.08666346102090264
139 74 0.15544968064554163
139 60 0.10519703392340252
139 48 0.09222925748883543
139 64 0.10654533709843243
139 70 0.22174358280362416
139 58 0.10925859511574923
139 59 0.15133440817972038
139 71 0.1235887590505799
139 65 0.09832541728311008
139 73 0.08226542422494984
139 67 0.2049319705894558
139 66 0.34742014111778274
139 72 0.0952749935145852
139 57 0.27356633201689406
139 94 0.34344148841180744
139 80 0.12552471204390747
139 81 0.17309699401533496
139 95 0.09127220491575397
139 56 0.16236537660663936
139 68 0.3113763485960495
139 54 0.13943236702984418
139 83 0.10927235872492763
139 82 0.1352447092969399
139 55 0.1409683745882264
139 69 0.18876134126440522
139 51 0.11015996233279583
139 79 0.15241625417290802
139 86 0.12415974125107736
139 92 0.3484592312134639
139 93 0.32071380543311334
139 87 0.2442509035912191
139 78 0.19011544706044245
139 50 0.12632353067871177
139 52 0.15516089291863147
139 46 0.18731254158377844
139 91 0.298035786197561
139 85 0.3168147846846175
139 84 0.09191251412368737
139 90 0.31436774546435375
139 47 0.11158142481514739
139 53 0.10064962502133655
111 76 0.15499451151785626
111 62 0.2959042809202501
111 89 0.23746866835530317
111 88 0.34269257380970614
111 63 0.1805621839293803
111 77 0.14333098965602692
111 49 0.1392140045382782
111 61 0.13187315474644948
111 75 0.15843071519162158
111 74 0.1692610062655765
111 60 0.14554780818822932
111 48 0.14346869530488954
111 64 0.1936423313754925
111 70 0.4322079482622111
111 58 0.6850192461565217
111 59 0.13783870003581644
111 71 0.14923796601649203
111 65 0.14728935693394085
111 73 0.15126945582294024
111 67 0.4090850188322656
111 66 0.30663667323912835
111 72 0.12302074738915217
111 57 0.4567881169230277
111 94 0.4316075565803079
111 80 0.15544998280236919
111 81 0.289600361744334
111 95 0.20362665484355907
111 56 0.3244409457673124
111 68 0.6371449526400222
111 54 0.18755342102055977
111 83 0.177339222787243
111 82 0.1532540551541245
111 55 0.3945960166705058
111 69 0.532053024298981
111 51 0.14879184503704362
111 79 0.1858004001402585
111 86 0.10466327162385353
111 92 0.4394024662462609
111 93 0.4033371630077608
111 87 0.342486254756825
111 78 0.5056514916641182
111 50 0.20218597659820597
111 52 0.15718496606280571
111 46 0.22087162354288772
111 91 0.4323270017759201
111 85 0.3603061830699525
111 84 0.14406974622142293
111 90 0.3771434146254893
111 47 0.18172618622733033
111 53 0.1440348098933378
105 76 0.12211167337161327
105 62 0.14650725841101225
105 89 0.11661097303922306
105 88 0.17662834148364076
105 63 0.10119367678937864
105 77 0.11341239819812277
105 49 0.2393699743259387
105 61 0.12424094479607653
105 75 0.11236924374616072
105 74 0.14891446781748807
105 60 0.13146231470670378
105 48 0.1788123779899972
105 64 0.13190373926063526
105 70 0.15558619395022383
105 58 0.1524601600699035
105 59 0.11653730477054974
105 71 0.42132933860276395
105 65 0.12144214114960906
105 73 0.11242354138552342
105 67 0.30009139064759516
105 66 0.22189610026273307
105 72 0.12086044087473759
105 57 0.4264380158191181
105 94 0.1805200202737913
105 80 0.4422885728643
105 81 0.15149762541337963
105 95 0.15100780639561884
105 56 0.40526615290217494
105 68 0.4697724070032072
105 54 0.13877910109007263
105 83 0.2413323168745531
105 82 0.13324570005368097
105 55 0.15360616963974122
105 69 0.217377329584969
105 51 0.19256097071402278
105 79 0.14950281763295936
105 86 0.2619927625605703
105 92 0.17275903845105078
105 93 0.17271102575834393
105 87 0.2001743448940097
105 78 0.20902141353367865
105 50 0.2275692368770276
105 52 0.11353523145045745
105 46 0.14664463332206829
105 91 0.15828357595841697
105 85 0.2016214920949474
105 84 0.13123402869268364
105 90 0.18741525003627432
105 47 0.1466650414713665
105 53 0.12014992014588068
104 76 0.14311185144520627
104 62 0.24154559544429013
104 89 0.1078590175634556
104 88 0.18807415521988946
104 63 0.15636790646061116
104 77 0.10782865051936824
104 49 0.15342220246748633
104 61 0.12456827811134233
104 75 0.1313249504427245
104 74 0.12682081940998907
104 60 0.12186960197360026
104 48 0.14158573905819238
104 64 0.13395713986387706
104 70 0.3364882807546924
104 58 0.9999999999999999
104 59 0.12942639183820695
104 71 0.16514481300833905
104 65 0.1004131151186279
104 73 0.13007799642203915
104 67 0.19771885786003016
104 66 0.18032773034978145
104 72 0.1725363895948395
104 57 0.3764480748363961
104 94 0.1959519839215936
104 80 0.16402015979147466
104 81 0.27408248325613255
104 95 0.1675865102506555
104 56 0.1481714254004839
104 68 0.3642617363099888
104 54 0.1439731705504006
104 83 0.12232594271590581
104 82 0.08563924197256231
104 55 0.2432690732407053
104 69 0.3338716674922791
104 51 0.10894364747482821
104 79 0.12626257424868995
104 86 0.11475141750685362
104 92 0.1955233890366862
104 93 0.19313386385022185
104 87 0.18146687317189625
104 78 0.21484959528992612
104 50 0.14308380575679794
104 52 0.11694885609443859
104 46 0.13261768509808464
104 91 0.1614974449627835
104 85 0.1886000583844388
104 84 0.14213131206391286
104 90 0.19046950934719953
104 47 0.19808691684710328
104 53 0.15210994827656488
110 76 0.015519387610013313
110 62 0.28562009750435763
110 89 0.2693600207944768
110 88 0.4642710120764022
110 63 0.07558554790602048
110 77 0.37307333963139233
110 49 0.11169553825305877
110 61 0.11080353550042883
110 75 0.12170170660490658
110 74 0.13205928649342938
110 60 0.16442359724389993
110 48 0.15898498262673266
110 64 0.12302730224511262
110 70 0.25846450982241453
110 58 0.48813954111846425
110 59 0.09335507691561667
110 71 0.27565321599193887
110 65 0.13180857224784087
110 73 0.10808132249142086
110 67 0.24942445791575324
110 66 0.20702320357365372
110 72 0.2510266435581809
110 57 0.32527127405540773
110 94 0.31446635919259375
110 80 0.2826649827310327
110 81 0.42979499714865826
110 95 0.1607199010144211
110 56 0.26628788421452143
110 68 0.4768166266172964
110 54 0.17417633713739208
110 83 0.08576241098696893
110 82 0.323787979676458
110 55 0.1855864991968628
110 69 0.43986605734503836
110 51 0.140574075220406
110 79 0.2551107097565391
110 86 0.06630042292943386
110 92 0.34428216387839905
110 93 0.4542406835026004
110 87 0.26520220343165396
110 78 0.34837822860864515
110 50 0.0909390081992954
110 52 0.1009676792785435
110 46 0.2583314265863581
110 91 0.3378888604631297
110 85 0.3421018194053714
110 84 0.08922681046084005
110 90 0.33852440283710483
110 47 0.1237041397178231
110 53 0.12641968262696077
138 76 0.11191859154028598
138 62 0.19923150667638287
138 89 0.13966249471724868
138 88 0.2848270074293693
138 63 0.1010848957977552
138 77 0.19192895311006095
138 49 0.12573191200385678
138 61 0.12124511383655368
138 75 0.09600714635023536
138 74 0.13474867467594587
138 60 0.10953240212804487
138 48 0.1484320911644951
138 64 0.11940932114535237
138 70 0.2795753747062226
138 58 0.26612647015671653
138 59 0.09073774620093661
138 71 0.1336144393554109
138 65 0.11154858734843219
138 73 0.09968579491288705
138 67 0.2776716310157776
138 66 0.35372020668823934
138 72 0.21737455877796286
138 57 0.3548075368583772
138 94 0.3545436929113103
138 80 0.13974415240872143
138 81 0.2660882956462613
138 95 0.12629522261040632
138 56 0.22927498678874705
138 68 0.4876071145479717
138 54 0.135291747278908
138 83 0.12611835158751555
138 82 0.22624546619300312
138 55 0.10154830670703088
138 69 0.24993283209328876
138 51 0.08439747541382925
138 79 0.09260541010331355
138 86 0.1329940522977856
138 92 0.34392002029267144
138 93 0.3326677126500893
138 87 0.24621728028040515
138 78 0.26893540520731724
138 50 0.05789575675803671
138 52 0.07476510354823365
138 46 0.19530442684341712
138 91 0.3238767386497903
138 85 0.2786356187014891
138 84 0.14676014865650122
138 90 0.29028050424010565
138 47 0.20088533250770035
138 53 0.2011698417303602
140 76 0.22353894941081795
140 62 0.14820049186452044
140 89 0.12431908484644934
140 88 0.1626376651413438
140 63 0.15310998017241245
140 77 0.12242626766792691
140 49 0.1833198832752907
140 61 0.10762060430783107
140 75 0.10813063746391521
140 74 0.07228569265158899
140 60 0.0612225645807184
140 48 0.13149354456854184
140 64 0.10984444166231705
140 70 0.2870368418172812
140 58 0.16145193068429317
140 59 0.15848420232313143
140 71 0.12691195987513662
140 65 0.07301564088804288
140 73 0.13097608329624782
140 67 0.23495329265539128
140 66 0.3112992931425144
140 72 0.05748689987531269
140 57 0.2937355929823904
140 94 0.27704733641941576
140 80 0.12902548566606004
140 81 0.232888050983228
140 95 0.1427464599575632
140 56 0.14046926070577984
140 68 0.3365234359165618
140 54 0.1294465159283405
140 83 0.1154496990375258
140 82 0.1905817937450363
140 55 0.16066253442294268
140 69 0.30774188515387885
140 51 0.0993979686095877
140 79 0.11115982761965344
140 86 0.053079827554649434
140 92 0.276452098571641
140 93 0.24470098134140614
140 87 0.2280040454891461
140 78 0.33833459362040785
140 50 0.18636100677790374
140 52 0.0455253888508258
140 46 0.10217537941923735
140 91 0.26083877228069174
140 85 0.22983139817497794
140 84 0.14241037284380176
140 90 0.23830524052949514
140 47 0.1363393660381601
140 53 0.1308660094272684
135 76 0.19722140937031016
135 62 0.3467209549566962
135 89 0.14048124781954188
135 88 0.2606430336230723
135 63 0.15461823187246512
135 77 0.32679609706444424
135 49 0.3818136961253721
135 61 0.11869511602785206
135 75 0.4098440375789508
135 74 0.274088373780827
135 60 0.09408423732997057
135 48 0.40394027527983
135 64 0.1256879230115225
135 70 0.24039812231289906
135 58 0.19188935018663814
135 59 0.08216826946317546
135 71 0.289502206204973
135 65 0.08812053741157483
135 73 0.32351553512038145
135 67 0.34856957706424163
135 66 0.19498925599868552
135 72 0.11583330111152848
135 57 0.3860599383366341
135 94 0.3404547202766241
135 80 0.3087951550987938
135 81 0.3092458072391306
135 95 0.20066220573849688
135 56 0.39541791164476336
135 68 0.49689921790191727
135 54 0.1598630514607529
135 83 0.6450263101868743
135 82 0.06698478403925673
135 55 0.19913908733765798
135 69 0.2800684330195723
135 51 0.1973313248783679
135 79 0.23795293512292162
135 86 0.17035451901174567
135 92 0.3538481592309645
135 93 0.3111004338575705
135 87 0.3284296079459611
135 78 0.34092660735381464
135 50 0.20421532099067613
135 52 0.05149699280370995
135 46 0.41584888882251947
135 91 0.3760062663859851
135 85 0.34403734327527713
135 84 0.2398836188968743
135 90 0.33887443012654866
135 47 0.2513992274561226
135 53 0.36035888010682826
121 76 0.15174906332958565
121 62 0.24022769248626774
121 89 0.2131801249733158
121 88 0.40855918583466155
121 63 0.22518014058310704
121 77 0.1841189723308697
121 49 0.19603494046936254
121 61 0.11797935261101791
121 75 0.09347468111796578
121 74 0.15774223844241209
121 60 0.1340219320887865
121 48 0.18352240643413345
121 64 0.17677807389446
121 70 0.20924913359669173
121 58 0.13838787955884224
121 59 0.10145715195288339
121 71 0.43133895631502683
121 65 0.1561856529330462
121 73 0.08528787124898732
121 67 0.464682264697034
121 66 0.2552114310399138
121 72 0.1266209674779432
121 57 0.5133085770200928
121 94 0.6447358971395563
121 80 0.467693915093256
121 81 0.2603589162979775
121 95 0.1559696428609285
121 56 0.30455524613970314
121 68 0.5031235493344526
121 54 0.18765897545181764
121 83 0.40010825055325017
121 82 0.16230977892696044
121 55 0.2872824763936783
121 69 0.4591390368884478
121 51 0.19067332365098458
121 79 0.1717003846242808
121 86 0.2143377642376774
121 92 0.5082542174414755
121 93 0.4225048454421634
121 87 0.3336835600994342
121 78 0.5622255754016167
121 50 0.21050685323207358
121 52 0.08779303114793888
121 46 0.25630417572243896
121 91 0.45504381000512584
121 85 0.3882739683184864
121 84 0.10011222475049802
121 90 0.40863632816619133
121 47 0.26241466350400644
121 53 0.1209411287730557
109 76 0.15650178379062557
109 62 0.23954714543715974
109 89 0.0925249792084343
109 88 0.2275410233733675
109 63 0.18192432367687186
109 77 0.23026740087835607
109 49 0.18858558557726277
109 61 0.13979769164463968
109 75 0.11147230499584485
109 74 0.21447839326172594
109 60 0.08468910206174748
109 48 0.13052803641384753
109 64 0.16645095738669585
109 70 0.37204176986269766
109 58 0.5881151527622953
109 59 0.07905057648169467
109 71 0.11766118366933245
109 65 0.13420105330470922
109 73 0.06857387710337454
109 67 0.2873461719631234
109 66 0.20526203014574237
109 72 0.21670323881206702
109 57 0.4145195347160044
109 94 0.3816843675153584
109 80 0.11837590623899723
109 81 0.42011598540505957
109 95 0.17816533005805654
109 56 0.13208799603578303
109 68 0.4877939958580707
109 54 0.11897236142889674
109 83 0.12080441687665708
109 82 0.11430558157272552
109 55 0.1887524886329304
109 69 0.408774230091472
109 51 0.06165292117763252
109 79 0.14113798207549583
109 86 0.11759073826264746
109 92 0.3639410601320734
109 93 0.33860255517222215
109 87 0.280541984768676
109 78 0.4461816238733266
109 50 0.19678866110752413
109 52 0.12725135552539815
109 46 0.27625917261419375
109 91 0.36384578098055265
109 85 0.35102990517710864
109 84 0.721478440547649
109 90 0.35823862456218186
109 47 0.07922807247414643
109 53 0.10118606789214421
108 76 0.1855759641161596
108 62 0.320372853611021
108 89 0.21314961556830195
108 88 0.40100752215499935
108 63 0.22495074600457024
108 77 0.20799352280314942
108 49 0.138423400656284
108 61 0.1646469899902307
108 75 0.1783968125185149
108 74 0.20375750271535822
108 60 0.15322770780598577
108 48 0.15149075460756817
108 64 0.1983025313704607
108 70 0.3808036749551469
108 58 0.8262476525385948
108 59 0.11941028061287705
108 71 0.1733014981717506
108 65 0.15323556616017564
108 73 0.17029699547347954
108 67 0.3618873937498668
108 66 0.33381815247947944
108 72 0.18469878582277902
108 57 0.5121904808703018
108 94 0.4668858209339286
108 80 0.18251895507984137
108 81 0.39162179675471576
108 95 0.21306952331616996
108 56 0.35676367614172144
108 68 0.680926906444523
108 54 0.24444367756826085
108 83 0.16901439286609488
108 82 0.197179923196979
108 55 0.34294624212041286
108 69 0.45521273142572355
108 51 0.16711646548861048
108 79 0.28236984286469125
108 86 0.11359762410465385
108 92 0.467616261520507
108 93 0.42382259316819515
108 87 0.3672248114914056
108 78 0.3871959928688836
108 50 0.2006197527620279
108 52 0.15055437949593187
108 46 0.2628029373317895
108 91 0.4482598856391664
108 85 0.38280688875972757
108 84 0.16616228342016492
108 90 0.3894535538118315
108 47 0.1739127843120272
108 53 0.15574922197017765
120 76 0.081462206980568
120 62 0.17234698582337546
120 89 0.13555165889592974
120 88 0.2578949870604551
120 63 0.05918608466750108
120 77 0.3522246358948517
120 49 0.07821894640967358
120 61 0.053807185842776495
120 75 0.14721858256233628
120 74 0.09298667053565629
120 60 0.08633894192371983
120 48 0.09906238788274949
120 64 0.11812689939007365
120 70 0.16603096334685996
120 58 0.10878289766918779
120 59 0.12505588131840045
120 71 0.1481823473995832
120 65 0.05282995909611585
120 73 0.09262137645584595
120 67 0.24890968277883171
120 66 0.2398574144360497
120 72 0.1016437937774145
120 57 0.15761188361743486
120 94 0.3152207235777577
120 80 0.1511849561329307
120 81 0.1723078809627966
120 95 0.07950018043728574
120 56 0.1770580497245798
120 68 0.2629573162575621
120 54 0.1217796562150714
120 83 0.1144785689431317
120 82 0.10727669948536925
120 55 0.3559888425777312
120 69 0.1822781401730959
120 51 0.16382708786566383
120 79 0.11107611052023511
120 86 0.10329204912957822
120 92 0.29593124855716435
120 93 0.28129478964513566
120 87 0.23496659260202898
120 78 0.22730619008470918
120 50 0.1525617454404631
120 52 0.05120920653908867
120 46 0.12669549687893777
120 91 0.2695828795726501
120 85 0.2545343385458651
120 84 0.13752509394738333
120 90 0.2522662862169395
120 47 0.14423401746662307
120 53 0.5102627471237783
134 76 0.23367753665734114
134 62 0.16760383441119275
134 89 0.09374058476462285
134 88 0.1760647343204058
134 63 0.08969339529757281
134 77 0.12238393681920835
134 49 0.3588882271334356
134 61 0.08795680202207098
134 75 0.4503765383930173
134 74 0.19679377771457685
134 60 0.13636629815628853
134 48 0.35543366032565815
134 64 0.15029621070220844
134 70 0.1959004153489121
134 58 0.18738266995029695
134 59 0.0821599615223185
134 71 0.4852491143391354
134 65 0.053495359816130655
134 73 0.3581497000960241
134 67 0.3309585893939134
134 66 0.16421593529616807
134 72 0.1440760232530485
134 57 0.4160756343393771
134 94 0.25644485551919766
134 80 0.5181982084330972
134 81 0.016591509716006453
134 95 0.1978114750917816
134 56 0.09835250438793357
134 68 0.38787959672049643
134 54 0.16320271687678028
134 83 0.3922719954499645
134 82 0.04373300142008496
134 55 0.2877262922893338
134 69 0.1847104401889717
134 51 0.2041858520605516
134 79 0.05530422083801381
134 86 0.19957980824411872
134 92 0.15407187791971833
134 93 0.1751355325287566
134 87 0.14938270830868428
134 78 0.16237147636354754
134 50 0.18946582338823506
134 52 0.6557446869719072
134 46 0.20312040838249323
134 91 0.10454255130230354
134 85 0.15478005361919028
134 84 0.1587043860835717
134 90 0.1333265506220066
134 47 0.35169711031781664
134 53 0.5704165101869039
122 76 0.14485664002530257
122 62 0.07321317754097814
122 89 0.18447258293677518
122 88 0.1741680245540997
122 63 0.21104208160927532
122 77 0.17244270054024965
122 49 0.33238107303332626
122 61 0.10195800200224164
122 75 0.0917412201069929
122 74 0.20757619199864397
122 60 0.09738316158840297
122 48 0.17156943648577316
122 64 0.11666477211685049
122 70 0.2466920113003099
122 58 0.18345343710998113
122 59 0.11369960846061272
122 71 0.6669376181211777
122 65 0.07692042667700111
122 73 0.06854584420822851
122 67 0.550846910012841
122 66 0.2769587687703118
122 72 0.08924910071804598
122 57 0.5903993224953581
122 94 0.3623797347846568
122 80 0.7086184441619664
122 81 0.20366019236005303
122 95 0.0801737379484139
122 56 0.15392992262843852
122 68 0.5606104401248923
122 54 0.11968248987228285
122 83 0.39116372716234826
122 82 0.11784006319741402
122 55 0.1399323365363444
122 69 0.326741824958705
122 51 0.25365258815477754
122 79 0.13079773183377885
122 86 0.373186989260909
122 92 0.3942469458498975
122 93 0.36620537946369336
122 87 0.26564284586730447
122 78 0.3669705343576171
122 50 0.3696505051080926
122 52 0.12877520662938519
122 46 0.1855573695331505
122 91 0.3550816924359321
122 85 0.6508257980107104
122 84 0.18471188226676602
122 90 0.6017475328519588
122 47 0.1033136539384627
122 53 0.1339934866325822
136 76 0.01429547212766133
136 62 0.14501812051640006
136 89 0.14872262504867392
136 88 0.1762721408220204
136 63 0.16182755507500624
136 77 0.34938702999578447
136 49 0.2757542706384888
136 61 0.10611534958612759
136 75 0.058366866471114304
136 74 0.05554394976786253
136 60 0.10296392171557077
136 48 0.25057364846426944
136 64 0.06280244304590851
136 70 0.15937118923448662
136 58 0.05438409749049358
136 59 0.150188635912394
136 71 0.06753306223610309
136 65 0.104191721401876
136 73 0.1154619026468646
136 67 0.17853327192539253
136 66 0.1155668309853189
136 72 0.13985921064268367
136 57 0.18537797506277828
136 94 0.22563338838473979
136 80 0.07451575668984425
136 81 0.5239403757758972
136 95 0.09742597443897553
136 56 0.36488883874998757
136 68 0.3275311876262642
136 54 0.11111300951620945
136 83 0.06676338968234521
136 82 0.11782760236373604
136 55 0.15733298940888105
136 69 0.12366763756347328
136 51 0.12491635314511158
136 79 0.7122011912390033
136 86 0.10829066664256609
136 92 0.21362630854892584
136 93 0.19446911055789487
136 87 0.170516043853437
136 78 0.19985822174682985
136 50 0.14435276392542248
136 52 0.08787296907026046
136 46 0.23465713556536008
136 91 0.2473430248358846
136 85 0.17880045193309388
136 84 0.0438275562177155
136 90 0.20195251629579708
136 47 0.27978862184799014
136 53 0.041449985600764294
137 76 0.13116001186905182
137 62 0.15081357205113732
137 89 0.138142152332701
137 88 0.27214686439200897
137 63 0.11805561715995927
137 77 0.16020212045875237
137 49 0.09990494921560451
137 61 0.11644728971738563
137 75 0.12139339964120911
137 74 0.12893734238765675
137 60 0.09452861855134743
137 48 0.10075364380920261
137 64 0.13315663438844788
137 70 0.20098269727388585
137 58 0.13480726018572015
137 59 0.11098455700868883
137 71 0.12142943814667982
137 65 0.09877544770961005
137 73 0.13781160380941254
137 67 0.2396406982421936
137 66 0.333682045919429
137 72 0.12333423917164581
137 57 0.25180048214113326
137 94 0.3272371632578437
137 80 0.12686025485442473
137 81 0.16883441246933084
137 95 0.13737043207886318
137 56 0.19991090369507641
137 68 0.3766005307216991
137 54 0.15341569017431206
137 83 0.13140846824490998
137 82 0.1616983883124119
137 55 0.14707768164714397
137 69 0.22971251044871227
137 51 0.1509245565872826
137 79 0.23219696389984584
137 86 0.08556677849719499
137 92 0.3279827520266869
137 93 0.291922362970455
137 87 0.22739239780996323
137 78 0.25698271419462454
137 50 0.1692768892876635
137 52 0.14363458246722688
137 46 0.17724206586862984
137 91 0.287449015569451
137 85 0.30011619993944805
137 84 0.1219862823510743
137 90 0.2990773037338073
137 47 0.12154823856184103
137 53 0.13122741403373564
123 76 0.14758667126994046
123 62 0.17878382381605357
123 89 0.09685947522002214
123 88 0.3394696086296286
123 63 0.05466990981614264
123 77 0.09358871536210184
123 49 0.2602306080820045
123 61 0.11294551139578289
123 75 0.09306154936462321
123 74 0.12235896311969685
123 60 0.1273097019144711
123 48 0.16035295710992492
123 64 0.13287759889632833
123 70 0.19648835473840426
123 58 0.1257633869377872
123 59 0.09054277774143255
123 71 0.4462048659967405
123 65 0.12498504018014948
123 73 0.08290626819791291
123 67 0.37011861874209995
123 66 0.20473991425522586
123 72 0.10720741651006972
123 57 0.5444842478711006
123 94 0.738291799448022
123 80 0.4820842816047225
123 81 0.16074924544020433
123 95 0.19870131067758137
123 56 0.26306030706400685
123 68 0.4566141631041607
123 54 0.13865775910680633
123 83 0.310136171553293
123 82 0.13225986738512574
123 55 0.13945002882802054
123 69 0.28215366416825727
123 51 0.1879275816513253
123 79 0.16901792681173494
123 86 0.2917872998596316
123 92 0.42487625183924793
123 93 0.3566510103024712
123 87 0.25925939222991834
123 78 0.36846089267780413
123 50 0.2719079277455362
123 52 0.13387929061614764
123 46 0.153554837407221
123 91 0.18325487183769168
123 85 0.21911656446293676
123 84 0.0807652491857688
123 90 0.2486280310094626
123 47 0.16354177127251163
123 53 0.10192151560982178
127 76 0.25109126001688165
127 62 0.17598721424600247
127 89 0.19479091749613497
127 88 0.3790566332201912
127 63 0.16691033640435454
127 77 0.166377921842997
127 49 0.3466298826477011
127 61 0.12207649274644729
127 75 0.09708475866344002
127 74 0.13693702097046875
127 60 0.14125545005858434
127 48 0.22108490284867288
127 64 0.12803117839454747
127 70 0.30914574037056686
127 58 0.09003942713714574
127 59 0.17542054416501304
127 71 0.4910793850276608
127 65 0.09539944575173846
127 73 0.0911071492572221
127 67 0.473855665311394
127 66 0.3131248116358846
127 72 0.18656644508520887
127 57 0.5080732201260485
127 94 0.4663446344997758
127 80 0.5138510691528235
127 81 0.36432469021866865
127 95 0.20741838650913438
127 56 0.4201297221006315
127 68 0.7466675770449657
127 54 0.19383210116869226
127 83 0.1470128949201861
127 82 0.0709690318146351
127 55 0.21811636717257393
127 69 0.35752753076436383
127 51 0.3390477225479284
127 79 0.3326163100745947
127 86 0.32335813690615045
127 92 0.46363562732021846
127 93 0.42882651211249045
127 87 0.5337371315085798
127 78 0.3439353237842642
127 50 0.4640098752650896
127 52 0.12842632313058172
127 46 0.30008377972074085
127 91 0.3900754769158502
127 85 0.46700366448880803
127 84 0.1377906892389952
127 90 0.45335486895859894
127 47 0.21644525505129472
127 53 0.14262605029107694
133 76 0.09207327958278957
133 62 0.3620937606635827
133 89 0.09027059797271098
133 88 0.18544676358349674
133 63 0.12624795177830284
133 77 0.361867437413001
133 49 0.46632736587761126
133 61 0.1347700346302957
133 75 0.13523872814224616
133 74 0.22841193398926377
133 60 0.07398258325552867
133 48 0.3260852567668989
133 64 0.12576673807966054
133 70 0.2044047440763705
133 58 0.24984931160342766
133 59 0.10785811283401685
133 71 0.3584634837603282
133 65 0.08759774287200445
133 73 0.11780528548038484
133 67 0.3053794640433875
133 66 0.14155667357646554
133 72 0.11591495019187172
133 57 0.4575971407260076
133 94 0.22790062760427066
133 80 0.3820538874230974
133 81 0.2793606262537071
133 95 0.18094761048224223
133 56 0.19535082979161295
133 68 0.37418009451228434
133 54 0.17448846737212062
133 83 0.15870144530253905
133 82 0.2729065515287404
133 55 0.10260591762176186
133 69 0.1620175290358624
133 51 0.12265336586211845
133 79 0.41484574560794923
133 86 0.15757715364683583
133 92 0.22804609273162246
133 93 0.23488870524350275
133 87 0.14040041388839397
133 78 0.2120245258443138
133 50 0.19634759109261032
133 52 0.0740958251863848
133 46 0.12528486334293004
133 91 0.25943280219184855
133 85 0.2565456011541519
133 84 0.19210032410172284
133 90 0.2396590274460697
133 47 0.3592574826494545
133 53 0.5304505261766999
132 76 0.16386634041047918
132 62 0.189145177635359
132 89 0.24885644034627685
132 88 0.5450161312420756
132 63 0.1424811282656076
132 77 0.1833100736450206
132 49 0.11313678769439162
132 61 0.14362547083689697
132 75 0.1191807635380645
132 74 0.20898153996083085
132 60 0.1406778787492599
132 48 0.11590009258276032
132 64 0.13235037722909082
132 70 0.3775854100928592
132 58 0.16734767936322265
132 59 0.09460891407654842
132 71 0.14552148175426272
132 65 0.12809868062874952
132 73 0.06876352181615364
132 67 0.4142912894694259
132 66 0.3409278304302008
132 72 0.17256652392698413
132 57 0.3387982278141717
132 94 0.6908584740778613
132 80 0.148544224798057
132 81 0.30878306925633064
132 95 0.15956443805560042
132 56 0.4809121984144602
132 68 0.6754885230835388
132 54 0.17899080531823772
132 83 0.308308903761215
132 82 0.034592753546994426
132 55 0.2518644694866257
132 69 0.3858210668255899
132 51 0.09906745627584626
132 79 0.19612912399794083
132 86 0.20357049324310247
132 92 0.709432584156943
132 93 0.6522152038000661
132 87 0.48065145876339577
132 78 0.3854244850391391
132 50 0.1414443509630287
132 52 0.14268869264955072
132 46 0.4647208163338709
132 91 0.6054024154251109
132 85 0.6166626777087891
132 84 0.14416737738861257
132 90 0.6246645717253152
132 47 0.16006930277765663
132 53 0.09539138961182711
126 76 0.12906131070591964
126 62 0.138392534610017
126 89 0.19766031402082965
126 88 0.2848248813034564
126 63 0.15905323959084644
126 77 0.19091784035781365
126 49 0.24135542270234428
126 61 0.09948934028712487
126 75 0.11178668199577552
126 74 0.15616573329557765
126 60 0.10768644955408248
126 48 0.1498549120696811
126 64 0.11432055897421113
126 70 0.22682123412823965
126 58 0.18573452940195162
126 59 0.10339977077712316
126 71 0.4407783936526314
126 65 0.10273665806143456
126 73 0.11241628039408025
126 67 0.5029665463204165
126 66 0.2674831138862453
126 72 0.10823096890025877
126 57 0.48691959687017183
126 94 0.554026209682863
126 80 0.4791480949263013
126 81 0.2153809339966397
126 95 0.06601202802362013
126 56 0.16966957011669498
126 68 0.5175709730495293
126 54 0.11506345909264114
126 83 0.4282972418380754
126 82 0.13677420596450146
126 55 0.13250451301088018
126 69 0.3297740058981319
126 51 0.19577378356245817
126 79 0.160661655310251
126 86 0.2322447959207419
126 92 0.5723114130833092
126 93 0.5210137505304137
126 87 0.316815821803726
126 78 0.4033328380724157
126 50 0.2629742213518999
126 52 0.11054532983660766
126 46 0.18183126029387817
126 91 0.5834549046284816
126 85 0.7243452351357486
126 84 0.0948747287785992
126 90 0.714533291992065
126 47 0.11533915442955306
126 53 0.1284753878260619
118 76 0.23111189592961487
118 62 0.3235846136023402
118 89 0.1582764328995216
118 88 0.16270168530309648
118 63 0.1185086297810894
118 77 0.051958520698238
118 49 0.43096321250188263
118 61 0.05807517717251165
118 75 0.08215212812010259
118 74 0.14609582734122234
118 60 0.09829719188915909
118 48 0.27544674164845484
118 64 0.09452979373223516
118 70 0.15626075454826052
118 58 0.4411051196887668
118 59 0.3333399284362619
118 71 0.30547311193563537
118 65 0.11806550264199547
118 73 0.09446208910769804
118 67 0.27430923921602174
118 66 0.1225628005226932
118 72 0.037097195272042166
118 57 0.44670286924020386
118 94 0.15981838700026552
118 80 0.3285110013424654
118 81 0.5361108046831699
118 95 0.13540984348559498
118 56 0.42775944239081864
118 68 0.32725951454651725
118 54 0.10767031141891967
118 83 0.2065228982132881
118 82 0.1409033378011032
118 55 0.19573363146857453
118 69 0.2124241842236278
118 51 0.23806679947224124
118 79 0.3139589403362935
118 86 0.16145982613812968
118 92 0.16757512381229805
118 93 0.16735808170338035
118 87 0.3024487577538335
118 78 0.16503668764411591
118 50 0.37128807578988143
118 52 0.08934790444776253
118 46 0.2796601277067034
118 91 0.1710005501450576
118 85 0.1947661172664822
118 84 0.22408261866263177
118 90 0.18788606975683836
118 47 0.4891651474365589
118 53 0.417149713194662
130 76 0.07665853410207216
130 62 0.15143038458049424
130 89 0.13900486144418114
130 88 0.3549991049683119
130 63 0.12608200222948274
130 77 0.13740412614530711
130 49 0.13478151895081072
130 61 0.10569007705909911
130 75 0.10559381382956852
130 74 0.044955274729235856
130 60 0.0790267905025476
130 48 0.1048733244892854
130 64 0.12117472097921021
130 70 0.24551858567053209
130 58 0.09609462800628486
130 59 0.09530141369105365
130 71 0.14500589333561967
130 65 0.08175013900765063
130 73 0.10356722123523886
130 67 0.26330285861140224
130 66 0.24861286996444693
130 72 0.11563485837287246
130 57 0.15204826677609512
130 94 0.3733981776811971
130 80 0.14557455380552378
130 81 0.2182967224893601
130 95 0.1491830086885833
130 56 0.2652849569303318
130 68 0.35558396197504344
130 54 0.1598835398964502
130 83 0.2704672058111471
130 82 0.12266781782778478
130 55 0.1452861613587686
130 69 0.24634469708345383
130 51 0.0686754815999518
130 79 0.1781305106410881
130 86 0.061785776757349725
130 92 0.3711931854236516
130 93 0.34209700830398615
130 87 0.221611387399603
130 78 0.23231959856684012
130 50 0.1126068023247842
130 52 0.10039515843372065
130 46 0.34730683867236123
130 91 0.2791584174178899
130 85 0.3255192028012208
130 84 0.14714993453588865
130 90 0.31835322004090005
130 47 0.13512410164974392
130 53 0.13232615678903403
124 76 0.14201122397129187
124 62 0.2017393624453044
124 89 0.10182268228166375
124 88 0.44999622824844804
124 63 0.03587052097447335
124 77 0.039963511881485086
124 49 0.21849511491615023
124 61 0.11260093484485395
124 75 0.0983099761060161
124 74 0.10764265928764268
124 60 0.11189531666721418
124 48 0.13672998254700414
124 64 0.12985895310364926
124 70 0.22600276404105304
124 58 0.18939424518866316
124 59 0.08988264713310745
124 71 0.39246424972190797
124 65 0.09051933120260294
124 73 0.11558459548535217
124 67 0.3895247311922281
124 66 0.2262130119781483
124 72 0.16976753791019034
124 57 0.40023943145905794
124 94 0.3500758655581029
124 80 0.4209605151788093
124 81 0.17472418772468473
124 95 0.31190328514314813
124 56 0.2128734450784812
124 68 0.4628072416139815
124 54 0.1328472918516626
124 83 0.3928156850268925
124 82 0.0911245285217597
124 55 0.1202821948697465
124 69 0.3378915641671204
124 51 0.1292657289239374
124 79 0.12375226780057749
124 86 0.15028337129369995
124 92 0.42648392672196583
124 93 0.36533370689959443
124 87 0.2694923796574292
124 78 0.36148527293324423
124 50 0.20137029730220996
124 52 0.17552690717796982
124 46 0.16104542601820687
124 91 0.9724134852469989
124 85 0.3100358102229797
124 84 0.06052443335191285
124 90 0.3353987433759164
124 47 0.22505340059861026
124 53 0.14570287143543542
125 76 0.1238385487928121
125 62 0.20492764891718926
125 89 0.2047074059411532
125 88 0.3471634150186276
125 63 0.16121835331226153
125 77 0.11665532297639102
125 49 0.2442309083706206
125 61 0.09963803342970112
125 75 0.11854925105996167
125 74 0.12664184189882152
125 60 0.11540945194398171
125 48 0.15490463814625477
125 64 0.10924463185964073
125 70 0.25753524030535224
125 58 0.13617370797828882
125 59 0.09869728857375072
125 71 0.41642622505820226
125 65 0.10597910917905515
125 73 0.1338236293441285
125 67 0.5198130263322452
125 66 0.27205812360093207
125 72 0.06477217097506632
125 57 0.4795332703682844
125 94 0.36316446015881587
125 80 0.45347777927505195
125 81 0.2262620177754352
125 95 0.11197260363501285
125 56 0.4257392931069831
125 68 0.6770000229351131
125 54 0.11604420145851226
125 83 0.4381436761058407
125 82 0.11760431090237612
125 55 0.18425322369189068
125 69 0.34414291484027804
125 51 0.1722497021327869
125 79 0.14981506401988753
125 86 0.2343364449577382
125 92 0.36941707686008907
125 93 0.32444591941014633
125 87 0.32218120384416093
125 78 0.3942095283085128
125 50 0.2548600320181931
125 52 0.0015968003912207873
125 46 0.15618174183882233
125 91 0.463089069218085
125 85 0.42192831728637775
125 84 0.13745487569352066
125 90 0.41383308170512223
125 47 0.10899530302491704
125 53 0.09703682475993068
131 76 0.14635773765611385
131 62 0.23860120141891314
131 89 0.25586273759880473
131 88 0.6371641077053495
131 63 0.14551861651384962
131 77 0.07090260448254107
131 49 0.08302831968521088
131 61 0.08484578424955169
131 75 0.08950406338317735
131 74 0.2296722284286137
131 60 0.1601190128761805
131 48 0.15575666385148162
131 64 0.13000679161718792
131 70 0.4002077214574435
131 58 0.8123306504366243
131 59 0.25286772141565217
131 71 0.12290263021165873
131 65 0.1268662536581121
131 73 0.07708737663822166
131 67 0.44004199366975416
131 66 0.3196166463058424
131 72 0.09046429799877473
131 57 0.6581769714267656
131 94 0.5670391746529071
131 80 0.13013777548968058
131 81 0.36053642033792527
131 95 0.10595098041987325
131 56 0.2592252398172772
131 68 0.6112993686085337
131 54 0.18607185593792064
131 83 0.11318905834509856
131 82 0.06187887073244355
131 55 0.20074989945118948
131 69 0.41249386790518666
131 51 0.11930416036323283
131 79 0.15349861356505295
131 86 0.19853835161172112
131 92 0.5868515252630643
131 93 0.5361900555317011
131 87 0.586163627216948
131 78 0.3558308266127511
131 50 0.043607657415985324
131 52 0.08586852325830818
131 46 0.23623465050923878
131 91 0.596526186419408
131 85 0.5236813405318949
131 84 0.09516101822249362
131 90 0.5237175794270611
131 47 0.2018514630767927
131 53 0.08551683586181116
119 76 0.07402145953059869
119 62 0.2077611775037541
119 89 0.1401146477603977
119 88 0.3204378975795677
119 63 0.11246129860708226
119 77 0.401478590403146
119 49 0.10702525503208747
119 61 0.27635653262887605
119 75 0.11609932076070387
119 74 0.19826452257423446
119 60 0.1268619923981143
119 48 0.1559323838799508
119 64 0.1191913162799482
119 70 0.32026299715027523
119 58 0.5864684157228182
119 59 0.053647244103500163
119 71 0.1889571338867903
119 65 0.10373686594216938
119 73 0.051418236326849054
119 67 0.19511246317355968
119 66 0.1563234628394521
119 72 0.06905570260283522
119 57 0.22500716502769755
119 94 0.20767697171671276
119 80 0.18994503209097352
119 81 0.0
119 95 0.027276386286417653
119 56 0.1987812719773122
119 68 0.29161649097401854
119 54 0.10678585126497925
119 83 0.09729638318057611
119 82 0.08158887673926496
119 55 0.24808858894451336
119 69 0.17451561320935904
119 51 0.12269194399076737
119 79 0.4852378035613719
119 86 0.2370059477461836
119 92 0.222449949589109
119 93 0.22130789134756326
119 87 0.21202993667797151
119 78 0.15175254025254292
119 50 0.030134479625644056
119 52 0.09435084267049491
119 46 0.14420593439933732
119 91 0.23960631345528993
119 85 0.23458230755008297
119 84 0.137127798547587
119 90 0.2113002730285725
119 47 0.16942059351563754
119 53 0.0985559688477191
