114 76 0.06395105013431546
114 62 0.14043964017214586
114 89 0.06451185413834884
114 88 0.18851569856381567
114 63 0.04325011280102685
114 77 0.037193075069588605
114 49 0.011826558410518051
114 61 0.009734887764537514
114 75 0.013560106504157551
114 74 0.1389788803683815
114 60 0.010317809171787692
114 48 0.02316184758822018
114 64 0.039606262602352865
114 70 0.19146626230178126
114 58 0.40356232461815883
114 59 0.015561812768533287
114 71 0.02554919417678514
114 65 0.011362536575597576
114 73 0.012172526072505005
114 67 0.1601782815504043
114 66 0.12124084893526937
114 72 0.019536486300186312
114 57 0.1722115332765957
114 94 0.24548188607923005
114 80 0.02621782593979692
114 81 0.1311644976912394
114 95 0.04215781850900947
114 56 0.08982513930354559
114 68 0.2522714718187152
114 54 0.04492360997165129
114 83 0.02351103916909912
114 82 0.02221246938343535
114 55 0.12675093555992978
114 69 0.2040960258535215
114 51 0.01108758022425703
114 79 0.05060235445108904
114 86 0.01235744793187274
114 92 0.2554674009694232
114 93 0.21457609841755707
114 87 0.1744728781636828
114 78 0.14791409073331224
114 50 0.01603075675714953
114 52 0.027574583828010035
114 46 0.07757743418696615
114 91 0.20855842273912223
114 85 0.2180025744339691
114 84 0.03639243646673357
114 90 0.21703110523020047
114 47 0.05538707430086306
114 53 0.012818027740236548
100 76 0.009935093839299358
100 62 0.05193080285940022
100 89 0.009040328274821013
100 88 0.02819369462516927
100 63 0.166309416005284
100 77 0.021403295178272816
100 49 0.15166826636960679
100 61 0.011085969478530924
100 75 0.006922343318310584
100 74 0.008867645788699877
100 60 0.00558257482518848
100 48 0.053887546540537186
100 64 0.10211769951167338
100 70 0.028987940555355016
100 58 0.06478284401143733
100 59 0.002917216654181029
100 71 0.3822755482231191
100 65 0.010491164035874231
100 73 0.006643778775421341
100 67 0.1560073135220737
100 66 0.015989245512696093
100 72 0.007043570280104203
100 57 0.22688813557780774
100 94 0.028300484799920728
100 80 0.42043935936526694
100 81 0.027045464954681367
100 95 0.036422589027927194
100 56 0.08615840372983309
100 68 0.20626444298691127
100 54 0.02450173956927751
100 83 0.038584622477541256
100 82 0.009758552818849076
100 55 0.1354552235467723
100 69 0.05503926815296747
100 51 0.08413332461051215
100 79 0.015532739341455756
100 86 0.14419926136425476
100 92 0.022242929191359784
100 93 0.020756882826961295
100 87 0.02692937149429335
100 78 0.04695375703672118
100 50 0.15434942393300694
100 52 0.03760583113317453
100 46 0.10714264745409337
100 91 0.030066882217955296
100 85 0.03739366156027167
100 84 0.039366694311399275
100 90 0.025043709609312736
100 47 0.018393132257374073
100 53 0.01722576255545133
128 76 0.028114510262928633
128 62 0.0233074083854415
128 89 0.09268390207628234
128 88 0.2732682758568181
128 63 0.02436495799555405
128 77 0.07338351101747098
128 49 0.011895216319886243
128 61 0.0031603534934176586
128 75 0.009049973552709575
128 74 0.02962465087561525
128 60 0.0025975621647071345
128 48 0.012947153819440727
128 64 0.02195646782384239
128 70 0.16805879653231404
128 58 0.04410807169358137
128 59 0.0060637120980327475
128 71 0.012999328413558858
128 65 0.002156377629699932
128 73 0.007902961225202731
128 67 0.2209604829945066
128 66 0.17764703692621564
128 72 0.039696011678092
128 57 0.12208217933918335
128 94 0.38553473441181224
128 80 0.014148891057221682
128 81 0.15402426392695537
128 95 0.06785540269932469
128 56 0.14875387788424743
128 68 0.47827438953654744
128 54 0.07165250558615283
128 83 0.01727568946546948
128 82 0.016402370367698413
128 55 0.058652490591942844
128 69 0.20981234352929518
128 51 0.005088822827894454
128 79 0.09416575879508154
128 86 0.0060335554336008596
128 92 0.402558595383454
128 93 0.3295292016557725
128 87 0.25685758529865
128 78 0.21484663584759
128 50 0.007654435499024628
128 52 0.02063472776755511
128 46 0.10145305788895041
128 91 0.3214393277594698
128 85 0.33735569360209494
128 84 0.011252247931901008
128 90 0.3381735647655349
128 47 0.04499346454693884
128 53 0.008436550740754292
129 76 0.013377983658264148
129 62 0.13622764183853275
129 89 0.11915033480194044
129 88 0.3275351663609157
129 63 0.06959848917972551
129 77 0.03760746705285488
129 49 0.034585378521315935
129 61 0.016055293778448804
129 75 0.013777240014773554
129 74 0.04030370824459026
129 60 0.017447368171341862
129 48 0.04468594690062977
129 64 0.04794817487537395
129 70 0.27974690282125925
129 58 0.43948417055351935
129 59 0.01995238165520502
129 71 0.041082972660686015
129 65 0.02479002293073898
129 73 0.017222023522672672
129 67 0.2878016825248678
129 66 0.2194870127293037
129 72 0.017849414938379077
129 57 0.35878539981607044
129 94 0.46143324803944025
129 80 0.043322768552896074
129 81 0.2272943883746472
129 95 0.06770654890398876
129 56 0.1729221989440624
129 68 0.4519359110916189
129 54 0.1049853912290508
129 83 0.025848775144017316
129 82 0.1802448442829091
129 55 0.0997784463232915
129 69 0.31902367333294085
129 51 0.019040166627984065
129 79 0.09582192549399932
129 86 0.030065858387450767
129 92 0.4662144208008704
129 93 0.38396668126896727
129 87 0.3051864705888868
129 78 0.2627322089837068
129 50 0.030751046351381622
129 52 0.027908692672648977
129 46 0.1414766388913921
129 91 0.3740550792362946
129 85 0.38347630825674717
129 84 0.03475435622207122
129 90 0.38896887980416356
129 47 0.09921898031136989
129 53 0.021205684441415934
101 76 0.007856374046049178
101 62 0.010587930884126198
101 89 0.0023688837715688943
101 88 0.041547520114870326
101 63 0.011148378436875508
101 77 0.013322536834000462
101 49 0.07362919730500085
101 61 0.00399473938988415
101 75 0.00046282334311623097
101 74 0.0010888613016430404
101 60 0.00156708825496725
101 48 0.018860197424628924
101 64 0.01244059113368777
101 70 0.012008341450759283
101 58 0.0352234667907861
101 59 0.009685053609825342
101 71 0.14709944850409634
101 65 0.0028419030944540347
101 73 0.0002771241119480933
101 67 0.0629046463289296
101 66 0.01612285223360943
101 72 0.0
101 57 0.09032637437922858
101 94 0.07450538700552417
101 80 0.16223650297620412
101 81 0.016223665140763163
101 95 0.012069462401206446
101 56 0.04933318593764899
101 68 0.08356442573900454
101 54 0.014512631592745392
101 83 0.012718015088860779
101 82 0.004111512451047836
101 55 0.05575190073688285
101 69 0.023161328842216125
101 51 0.030235663096979448
101 79 0.007080270469774622
101 86 0.05464508217193942
101 92 0.07398448103230823
101 93 0.06790108207882417
101 87 0.012770375921176788
101 78 0.025444945095853433
101 50 0.09106354999652559
101 52 0.028266912075684922
101 46 0.015576730566864413
101 91 0.060975176826697404
101 85 0.058010976492319476
101 84 0.045313753335080684
101 90 0.05878873125491727
101 47 0.010055174662523009
101 53 0.011688847639062944
115 76 0.0639894656429491
115 62 0.06555075769568464
115 89 0.047149963335871806
115 88 0.06205905907904298
115 63 0.01906016144657767
115 77 0.12666987025730042
115 49 0.061899216033627476
115 61 0.037759185077187785
115 75 0.032601481099057195
115 74 0.09235616470297342
115 60 0.03209505987045001
115 48 0.049553838476765213
115 64 0.11398828525312067
115 70 0.07553397097378628
115 58 0.03731317677569805
115 59 0.02819979791926626
115 71 0.041656102203785905
115 65 0.028298527979188012
115 73 0.03527663645157465
115 67 0.07155910161085581
115 66 0.19786857971428443
115 72 0.10659001950793598
115 57 0.043394832212825474
115 94 0.16216177071178234
115 80 0.04362218563575351
115 81 0.07075002314597856
115 95 0.039992798076034244
115 56 0.23077032252479138
115 68 0.09837120323067125
115 54 0.04893111395242705
115 83 0.20528683875166925
115 82 0.053911101422950435
115 55 0.16672020852417466
115 69 0.03783690302861918
115 51 0.04544749032068601
115 79 0.09297848049281868
115 86 0.041022572264235696
115 92 0.16011614070033794
115 93 0.1475839838927936
115 87 0.06732002306700997
115 78 0.049514394731564354
115 50 0.04007247541579621
115 52 0.8214943014218345
115 46 0.5487319967911093
115 91 0.14733053871071483
115 85 0.1428597471852861
115 84 0.07548998040502197
115 90 0.14486574913159547
115 47 0.2695894443242255
115 53 0.2679841361385906
103 76 0.03564864374845031
103 62 0.1353084701887386
103 89 0.03359251497984102
103 88 0.05465174512699394
103 63 0.058371606780865525
103 77 0.03412592723392875
103 49 0.02594698639087116
103 61 0.03239668912861375
103 75 0.0274755193343217
103 74 0.02818521085323214
103 60 0.030417885304203765
103 48 0.030926529359006805
103 64 0.062249252552954416
103 70 0.16338770393031188
103 58 0.7578207707069732
103 59 0.02531989433295996
103 71 0.023308139750361306
103 65 0.03510841302000971
103 73 0.03007680779845781
103 67 0.06637706621874076
103 66 0.2301019793228404
103 72 0.028815601283077696
103 57 0.27543261477137365
103 94 0.0459245805029012
103 80 0.02445542270277057
103 81 0.1333819031284093
103 95 0.024794324517869837
103 56 0.05783555184076028
103 68 0.22500506893987315
103 54 0.06846698973003244
103 83 0.024618059535186226
103 82 0.04032529223529359
103 55 0.05738339163550064
103 69 0.16985169486254217
103 51 0.0301499370893496
103 79 0.030463404512799525
103 86 0.03775553316814778
103 92 0.05026507250929255
103 93 0.04749439392287473
103 87 0.05571006217029372
103 78 0.08276378162053402
103 50 0.026986385112271832
103 52 0.04853980734182095
103 46 0.061231486390568565
103 91 0.05104260021400764
103 85 0.04725688956623411
103 84 0.030982983607659997
103 90 0.0464588399326101
103 47 0.05509114296549919
103 53 0.03307434787733361
117 76 0.15383652053058322
117 62 0.2339029764262881
117 89 0.04027593771979991
117 88 0.10870098561316671
117 63 0.021288210596267954
117 77 0.38601107537579676
117 49 0.17329520936582393
117 61 0.09512241881067837
117 75 0.6234033057795286
117 74 0.30753775468460304
117 60 0.03176550259023318
117 48 0.3844012185893921
117 64 0.11521551325693152
117 70 0.21046494729341847
117 58 0.5429012873027083
117 59 0.039376131309450266
117 71 0.06596013408562847
117 65 0.015556578826377815
117 73 0.36744805979481165
117 67 0.11522949626971328
117 66 0.05941075201658406
117 72 0.121794269946135
117 57 0.18481830555754708
117 94 0.1692958020377412
117 80 0.06703925476554903
117 81 0.1920719955567302
117 95 0.1128379647887685
117 56 0.2725886146295934
117 68 0.23204892891634488
117 54 0.029738052160754383
117 83 0.6251197442648037
117 82 0.05942925959956952
117 55 0.13517736039157222
117 69 0.2069520165846761
117 51 0.11573379125613753
117 79 0.3988353876176556
117 86 0.03247620322185987
117 92 0.17340876080978052
117 93 0.1572172268014595
117 87 0.2177969706676156
117 78 0.22964190014228608
117 50 0.03280372141881478
117 52 0.13861038006689014
117 46 0.3024819011195821
117 91 0.192574937740014
117 85 0.19607517898758772
117 84 0.13106950625898003
117 90 0.19240818550448913
117 47 0.06414614131614887
117 53 0.09375719541827851
116 76 0.10734270553556781
116 62 0.1254530979791852
116 89 0.0820867899952509
116 88 0.195323715660302
116 63 0.03679068474832539
116 77 0.09730494408243694
116 49 0.041189197177224024
116 61 0.08737754323483377
116 75 0.04505758154112549
116 74 0.04081140162236334
116 60 0.024236609285905222
116 48 0.03870822382060503
116 64 0.03948679271424274
116 70 0.29371699071706114
116 58 0.5377805345331333
116 59 0.06680047700524512
116 71 0.03201689066688283
116 65 0.022413415760130284
116 73 0.041989942464508406
116 67 0.18793621095439567
116 66 0.19769075921910573
116 72 0.036938937999228455
116 57 0.29576510455097815
116 94 0.2776484841408736
116 80 0.032799315589717715
116 81 0.14038342156501588
116 95 0.07746479517152971
116 56 0.24215367605316562
116 68 0.34388382403405565
116 54 0.04380995468374621
116 83 0.2414104151239767
116 82 0.20928886219777817
116 55 0.14740512378391302
116 69 0.2607495746777553
116 51 0.0274330486636684
116 79 0.10374464003165204
116 86 0.024826304819844797
116 92 0.2874435725006541
116 93 0.2380782823900078
116 87 0.19205546763696044
116 78 0.19290979673171194
116 50 0.02509805921182584
116 52 0.07604054821918205
116 46 0.24760252711492386
116 91 0.24227126816811684
116 85 0.25912036561324525
116 84 0.08761823857252549
116 90 0.25680629305950714
116 47 0.04630841184556542
116 53 0.043417006506912395
102 76 0.02882116282225307
102 62 0.08890107109561615
102 89 0.029937221994611393
102 88 0.03473406182137266
102 63 0.0373498303792011
102 77 0.03426012772606733
102 49 0.04332284995032193
102 61 0.029982574729884776
102 75 0.03389661438866831
102 74 0.03951357686656741
102 60 0.030025789326389843
102 48 0.03682389690516191
102 64 0.04007655111045995
102 70 0.09979038162449513
102 58 0.46488573617631945
102 59 0.034791837708197576
102 71 0.0666223060266592
102 65 0.03104732478869285
102 73 0.03279039099724161
102 67 0.0595916401194681
102 66 0.02978981819907711
102 72 0.03465336277508868
102 57 0.1680950771985028
102 94 0.03840485005110851
102 80 0.06912799568902703
102 81 0.08368093536133644
102 95 0.041339455812409026
102 56 0.045160470253788554
102 68 0.1280265903541715
102 54 0.044448800113783535
102 83 0.03368700449459758
102 82 0.03626786136059522
102 55 0.0366549276257815
102 69 0.109688441537893
102 51 0.037611859932947495
102 79 0.031178185337662423
102 86 0.04062795631613392
102 92 0.03239132704195358
102 93 0.03139973157510009
102 87 0.035655577131895516
102 78 0.05380936913885882
102 50 0.041646257551827076
102 52 0.02963502749557699
102 46 0.03936086838499628
102 91 0.032728740188286434
102 85 0.03586470758466556
102 84 0.034027248801416055
102 90 0.030513418790986457
102 47 0.037596319801960515
102 53 0.034709090624786484
106 76 0.034058920920503624
106 62 0.07111210665433282
106 89 0.007558254003652495
106 88 0.02824857376921125
106 63 0.02103772232009174
106 77 0.019834144933831593
106 49 0.007309541115396473
106 61 0.006461010838181569
106 75 0.004658238184766891
106 74 0.008055589692209097
106 60 0.0056264833358710825
106 48 0.008249125496864101
106 64 0.022871368494984
106 70 0.0882813416992669
106 58 0.45290080255701637
106 59 0.0034764906890244196
106 71 0.01871908981587088
106 65 0.00777196567934392
106 73 0.00548263958771715
106 67 0.03734929549731607
106 66 0.01664812986134538
106 72 0.06175873430340978
106 57 0.15233684250539997
106 94 0.029064806021521186
106 80 0.019267552186527925
106 81 0.07041858498782305
106 95 0.006925578250054923
106 56 0.04837029722888876
106 68 0.11885825926255714
106 54 0.025811588066688873
106 83 0.010935982947158654
106 82 0.04341262153768059
106 55 0.10124895143436076
106 69 0.10445806370771533
106 51 0.0068565796709696425
106 79 0.014235665619738436
106 86 0.008721013914998577
106 92 0.028356503868847818
106 93 0.025082267308769182
106 87 0.027663552614717438
106 78 0.04271350189437366
106 50 0.010911347137585917
106 52 0.01357872404782888
106 46 0.022390091158094025
106 91 0.024043767759797302
106 85 0.021574568131492805
106 84 0.027613537703248578
106 90 0.022584824652088317
106 47 0.019486469245296692
106 53 0.006746802110672509
112 76 0.0228118528918745
112 62 0.08972039801038961
112 89 0.026677911488213746
112 88 0.062365039379518636
112 63 0.041662495631897445
112 77 0.05897897247365184
112 49 0.028542327280862978
112 61 0.0224083493864404
112 75 0.024975502014414563
112 74 0.028476426768010515
112 60 0.017302099886368383
112 48 0.022320914513169338
112 64 0.04462533125360167
112 70 0.1254121397235301
112 58 0.5210990312908843
112 59 0.021210984837544175
112 71 0.04725518186388193
112 65 0.019426994178148665
112 73 0.0229790304291001
112 67 0.06320997105466943
112 66 0.037606481261416566
112 72 0.025859383363850477
112 57 0.1796833706097442
112 94 0.05053520467517382
112 80 0.04830571047838908
112 81 0.09699017845186719
112 95 0.02963273750972624
112 56 0.0924349839962949
112 68 0.16307494346474438
112 54 0.049376186354199825
112 83 0.03929305353052594
112 82 0.02744416728270739
112 55 0.2205762220933707
112 69 0.14997068715191703
112 51 0.024533647965081742
112 79 0.046593132549960656
112 86 0.026528815465769878
112 92 0.0590088392123389
112 93 0.05847748527081337
112 87 0.06428651008176153
112 78 0.07950355533254544
112 50 0.03230017758816271
112 52 0.0451397426752482
112 46 0.04384767542382287
112 91 0.05654649841112284
112 85 0.05101470054575216
112 84 0.06429166880598403
112 90 0.05005473797032686
112 47 0.039155955421896996
112 53 0.023907787932810565
113 76 0.04438587756856101
113 62 0.10234233485207857
113 89 0.10829507576097999
113 88 0.30931476867474644
113 63 0.05221662724312453
113 77 0.11453170296293526
113 49 0.028464843535241577
113 61 0.019400400139693005
113 75 0.03141563418818322
113 74 0.04913257522245973
113 60 0.015533466198573986
113 48 0.02889481958073191
113 64 0.04798623837759579
113 70 0.23204075748311856
113 58 0.38005115476385876
113 59 0.02035039750296852
113 71 0.02766455918131848
113 65 0.013223942337180217
113 73 0.0290756493618691
113 67 0.2596964485819571
113 66 0.2016165422954151
113 72 0.05774962515154468
113 57 0.2385874255708184
113 94 0.41861673021346263
113 80 0.02837040884229647
113 81 0.19830271425561946
113 95 0.09107951344509511
113 56 0.28064595350910543
113 68 0.46464335444227833
113 54 0.05415950178820866
113 83 0.18219210087207086
113 82 0.027074580285746566
113 55 0.13537923906941846
113 69 0.2955357073887816
113 51 0.017971699463762092
113 79 0.11142969965717131
113 86 0.01598328397931678
113 92 0.43624001332567797
113 93 0.36215338253059587
113 87 0.282022889934903
113 78 0.2528172503850163
113 50 0.017616299141401837
113 52 0.05807520963522258
113 46 0.22319246829651346
113 91 0.352787940504127
113 85 0.3693490125835523
113 84 0.06990315729064522
113 90 0.3690658171285066
113 47 0.07360036769471133
113 53 0.030164209039849954
107 76 0.050561783112317654
107 62 0.051980907522354056
107 89 0.04203183602293946
107 88 0.05713137795281361
107 63 0.021199394180836467
107 77 0.027490415482726058
107 49 0.03937669122802728
107 61 0.03717004159314004
107 75 0.02975636595965539
107 74 0.026605029930772947
107 60 0.040107278576674746
107 48 0.032174541164150264
107 64 0.03403951631804045
107 70 0.024170763573177476
107 58 0.029929509961741277
107 59 0.028849926103414317
107 71 0.0649873391600771
107 65 0.043169328855088854
107 73 0.03448415154453968
107 67 0.11453347408713827
107 66 0.17805517542125532
107 72 0.0236325410392086
107 57 0.11944320117215201
107 94 0.04332134380568306
107 80 0.0698600173390416
107 81 0.025147162807910697
107 95 0.03584110176825392
107 56 0.6525714080640108
107 68 0.48676533120151655
107 54 0.0332380287992035
107 83 0.04110471418339548
107 82 0.021911188556856892
107 55 0.05806876360576156
107 69 0.031678468162950155
107 51 0.03297768337037843
107 79 0.045254641666915396
107 86 0.04340318964543885
107 92 0.03490168921492652
107 93 0.05349550201738431
107 87 0.05794052246358874
107 78 0.030660074107892663
107 50 0.04628883853317199
107 52 0.05064884310069666
107 46 0.030983608175974342
107 91 0.060283800044112976
107 85 0.025411174704452047
107 84 0.025343450758570238
107 90 0.030348321171068268
107 47 0.02768728257677716
107 53 0.036352799834002955
139 76 0.07636007410639298
139 62 0.016544009995682937
139 89 0.04433257136251345
139 88 0.12245823588169287
139 63 0.011031835147413252
139 77 0.034672559325380256
139 49 0.012732259018501293
139 61 0.04776631160270249
139 75 0.007608037132579584
139 74 0.019775616517687417
139 60 0.008883379309800862
139 48 0.009004310525824857
139 64 0.010189631525130416
139 70 0.139426797067342
139 58 0.04366806935158876
139 59 0.07760861725768509
139 71 0.010397591022500305
139 65 0.012968476071285998
139 73 0.007269745883024467
139 67 0.10791185112384635
139 66 0.20935329981453882
139 72 0.011344636179690087
139 57 0.10306173293140607
139 94 0.2195261074164285
139 80 0.01112168977101781
139 81 0.0755686462463156
139 95 0.029979397657395476
139 56 0.07845994982729226
139 68 0.1863458559652022
139 54 0.046820023762018284
139 83 0.029480386537288433
139 82 0.06402859658969826
139 55 0.038248706218453124
139 69 0.09224718345245572
139 51 0.008533671606027096
139 79 0.050735896532158056
139 86 0.011522643940628685
139 92 0.22901292232897724
139 93 0.19350342925312447
139 87 0.1292977969791425
139 78 0.09750795052105271
139 50 0.010519489796732923
139 52 0.061994948758685116
139 46 0.07331835073078094
139 91 0.19349054390627074
139 85 0.18671156880130746
139 84 0.008349078891001172
139 90 0.1892721848736728
139 47 0.032394407676746534
139 53 0.03168573038973087
111 76 0.03991036004519172
111 62 0.12138462451920887
111 89 0.0766631940668083
111 88 0.18232884519868214
111 63 0.05136940773319733
111 77 0.06312162589826364
111 49 0.033124760856200586
111 61 0.029521223016794204
111 75 0.027929087306482706
111 74 0.04252723841955629
111 60 0.026124601074111437
111 48 0.029487442236754674
111 64 0.04409883371992891
111 70 0.2603429584324891
111 58 0.4414385246556417
111 59 0.03867520221023876
111 71 0.05943748469845302
111 65 0.02311994038079286
111 73 0.02668676041821834
111 67 0.2007124616451567
111 66 0.16399082449105082
111 72 0.03261324564760186
111 57 0.21741895824619067
111 94 0.23216379553939234
111 80 0.06070234970545942
111 81 0.13895703228051784
111 95 0.05577850915349759
111 56 0.1573694149535789
111 68 0.4061069949215673
111 54 0.04969098806152962
111 83 0.04229405067234869
111 82 0.03447739416889338
111 55 0.20918583087596748
111 69 0.35850896333248333
111 51 0.03208014027467879
111 79 0.1005214906817359
111 86 0.034482376177525476
111 92 0.2486586221163427
111 93 0.21165733849785537
111 87 0.1919493892260587
111 78 0.33517168913417367
111 50 0.04143125304824426
111 52 0.048479810063924614
111 46 0.07740565559326776
111 91 0.20712506485741936
111 85 0.2158619013147407
111 84 0.07994987805719675
111 90 0.2156733990846293
111 47 0.059612195588906076
111 53 0.02601653893754642
105 76 0.03649677715643204
105 62 0.05562188905856159
105 89 0.025328750020019414
105 88 0.031421275314159156
105 63 0.034482081680784316
105 77 0.02999030909864199
105 49 0.14320865054235063
105 61 0.026536326590963735
105 75 0.02983859679966744
105 74 0.04719189422610823
105 60 0.02649667250185439
105 48 0.06486842647226834
105 64 0.029221654305602626
105 70 0.037740661727889896
105 58 0.08258621315724474
105 59 0.03149990013120027
105 71 0.3222996362317075
105 65 0.024756536153195632
105 73 0.028381933632556616
105 67 0.15409711728611114
105 66 0.09670130477751784
105 72 0.030987212535227487
105 57 0.2445166105654633
105 94 0.03723109876582814
105 80 0.3508583160277201
105 81 0.03167164101949739
105 95 0.05436568661786146
105 56 0.31656052503128057
105 68 0.3220034290399139
105 54 0.029026415625428195
105 83 0.17292886192083023
105 82 0.03135208003604127
105 55 0.024935230192598537
105 69 0.08872761061766053
105 51 0.08417095178871571
105 79 0.026719854274299515
105 86 0.13218192987035632
105 92 0.028125104743625423
105 93 0.02760483159582923
105 87 0.032950492756135596
105 78 0.09810782199190322
105 50 0.14021243309741882
105 52 0.0303649252073024
105 46 0.03121129450692925
105 91 0.029712938640601746
105 85 0.05115799264274598
105 84 0.032648340753382826
105 90 0.03370294647983531
105 47 0.033144668200395425
105 53 0.030964202201985647
104 76 0.0351649663233535
104 62 0.14595691214948533
104 89 0.03312951214366874
104 88 0.05737894285634743
104 63 0.061249980735803136
104 77 0.03365756088198406
104 49 0.02556086014098144
104 61 0.03194571044592691
104 75 0.02707402352648114
104 74 0.029836801173467098
104 60 0.029986803700073783
104 48 0.03268952763560906
104 64 0.06528521512449192
104 70 0.17626281061258464
104 58 0.8303074345661872
104 59 0.02494007355902733
104 71 0.03390035661277284
104 65 0.034630167671155135
104 73 0.029649155764173027
104 67 0.06707997400934267
104 66 0.04055409795270755
104 72 0.02840063081166612
104 57 0.2973087771198505
104 94 0.0482971038032881
104 80 0.034715919383329866
104 81 0.14596710856629974
104 95 0.02630810826214483
104 56 0.07558335174907742
104 68 0.21143636374580851
104 54 0.07175564289212633
104 83 0.025451227519863076
104 82 0.039794590622564976
104 55 0.12591131826099006
104 69 0.18226329102785338
104 51 0.029721549732428118
104 79 0.030031865208286032
104 86 0.03725067075049272
104 92 0.05257074399511209
104 93 0.049930714882901975
104 87 0.058480270202439226
104 78 0.0833755521996562
104 50 0.026589807599979795
104 52 0.035197032153904365
104 46 0.06422608665853852
104 91 0.05362312127731803
104 85 0.04417939577304711
104 84 0.04712638805940603
104 90 0.04563020930226627
104 47 0.057836197946798035
104 53 0.03261655526534679
110 76 0.029235296138916553
110 62 0.12213033821441177
110 89 0.16610651322024084
110 88 0.25447547196794174
110 63 0.037085301204000345
110 77 0.23402555284983811
110 49 0.047352660523114515
110 61 0.009819189666457936
110 75 0.018220468768472484
110 74 0.0607925592594632
110 60 0.07599510445926043
110 48 0.056644194123582334
110 64 0.025176425507657488
110 70 0.17670563591054123
110 58 0.3196805995540872
110 59 0.0172519654713172
110 71 0.17366045296602559
110 65 0.014092251155777433
110 73 0.01658430708065134
110 67 0.14624431310010413
110 66 0.09110243218445126
110 72 0.1273091312484947
110 57 0.19864761302241102
110 94 0.22873559468469418
110 80 0.17483602721127944
110 81 0.20592471356480735
110 95 0.07994265438139682
110 56 0.13941766353107599
110 68 0.32640247634375863
110 54 0.06433007577857522
110 83 0.02995408392552333
110 82 0.1321089766349563
110 55 0.12533322453467474
110 69 0.3755022181706343
110 51 0.010935624293352389
110 79 0.15858052758595567
110 86 0.008537749214744317
110 92 0.24523028939483615
110 93 0.31083507765588486
110 87 0.1992843833803385
110 78 0.2640332893924242
110 50 0.01955567896528891
110 52 0.03474560154568904
110 46 0.11936369625677737
110 91 0.22440613114785013
110 85 0.22107142785563336
110 84 0.022534690814254327
110 90 0.22140546836376757
110 47 0.09287312641439734
110 53 0.026974629119273882
138 76 0.07254452365703007
138 62 0.09021394829882366
138 89 0.07417556791743474
138 88 0.18247845563306672
138 63 0.03207296019830805
138 77 0.06834263781113122
138 49 0.023478800651518236
138 61 0.019987861166237575
138 75 0.026855409691672064
138 74 0.051346475542994825
138 60 0.017889772833702133
138 48 0.02959125542130453
138 64 0.031913762897191236
138 70 0.1811380535528665
138 58 0.03128010296411758
138 59 0.026849748893878783
138 71 0.02462316196038307
138 65 0.00794670979147781
138 73 0.025299522768232066
138 67 0.196928015062003
138 66 0.24217475405625477
138 72 0.11417971214323396
138 57 0.1411399372067554
138 94 0.2330842190933783
138 80 0.026862817460481844
138 81 0.10763879352385229
138 95 0.07233239006583285
138 56 0.15569870462892685
138 68 0.3802204426134074
138 54 0.03528648338426174
138 83 0.05128784264719507
138 82 0.051694898485024
138 55 0.036647512945645236
138 69 0.15517191341235048
138 51 0.028669089687031815
138 79 0.061556831535039686
138 86 0.021817946081219425
138 92 0.24016942686801224
138 93 0.20363281384875206
138 87 0.208535689497008
138 78 0.16910353990839808
138 50 0.027292880048339505
138 52 0.03029756969246955
138 46 0.0955454779276561
138 91 0.21853309167393792
138 85 0.1832075215249555
138 84 0.020248248055738466
138 90 0.19572441661900436
138 47 0.08912908713148368
138 53 0.10139322064111322
140 76 0.09395676927619064
140 62 0.03665045497741665
140 89 0.03963014925476542
140 88 0.09984085393531023
140 63 0.039288616820753186
140 77 0.014882309041998831
140 49 0.051685822686240876
140 61 0.04364942675202908
140 75 0.009192031150735414
140 74 0.02402941382629685
140 60 0.012573565020324293
140 48 0.010870220453972873
140 64 0.011339836479087775
140 70 0.14504184249985436
140 58 0.06476000851864806
140 59 0.039211779391840215
140 71 0.014388161292104809
140 65 0.01736515633975297
140 73 0.010680862748647671
140 67 0.10340839157727387
140 66 0.19716579611960375
140 72 0.015460482452448451
140 57 0.1560452948111648
140 94 0.13930859418952524
140 80 0.016009569496282683
140 81 0.0756541997523058
140 95 0.026877002924410587
140 56 0.05990585998451039
140 68 0.2133451441069457
140 54 0.011457210024970563
140 83 0.010274660884697029
140 82 0.07184641934664016
140 55 0.040377150192016945
140 69 0.15592008226094164
140 51 0.010642508160550457
140 79 0.030345232509915068
140 86 0.01566927565660116
140 92 0.14886872240178736
140 93 0.1218695775376653
140 87 0.10908828986401892
140 78 0.1775987061888542
140 50 0.05416242037157674
140 52 0.015082044985463727
140 46 0.02794213213280819
140 91 0.12144917805431063
140 85 0.12546487202977297
140 84 0.02384798219231017
140 90 0.12776089228661736
140 47 0.02775354588086322
140 53 0.00878275392031426
135 76 0.079769026531392
135 62 0.20085066869974327
135 89 0.05364706136782066
135 88 0.1697469650804107
135 63 0.04245250780440982
135 77 0.2414254870274974
135 49 0.3111164614488139
135 61 0.015256063544189513
135 75 0.33394308268890316
135 74 0.16687037556046125
135 60 0.01313147485172697
135 48 0.33987748109423904
135 64 0.03601104030680008
135 70 0.1285393388420517
135 58 0.07620924726387851
135 59 0.015650890741202197
135 71 0.20190569307424303
135 65 0.0105042805441182
135 73 0.22015560278094776
135 67 0.22183215677820065
135 66 0.09702269634346845
135 72 0.046186395658950455
135 57 0.22474248632955282
135 94 0.2514826478076986
135 80 0.21920922466081255
135 81 0.2051145372335231
135 95 0.11053475588076805
135 56 0.28491675457206317
135 68 0.3603525627125663
135 54 0.07312983142536121
135 83 0.4794105685824739
135 82 0.03904148602283268
135 55 0.05781392055018218
135 69 0.16436590374429796
135 51 0.12730256083450103
135 79 0.19700167195026497
135 86 0.07532356678596615
135 92 0.24520357932878456
135 93 0.2102299751938844
135 87 0.21918172919527512
135 78 0.21457607990629304
135 50 0.09292679299930509
135 52 0.10883302508471203
135 46 0.30104564692244773
135 91 0.22090739469317167
135 85 0.21475074907671188
135 84 0.1228555962814688
135 90 0.2204309859352675
135 47 0.17629961428897578
135 53 0.28840291281143493
121 76 0.1293396117206418
121 62 0.1193741369931654
121 89 0.09156695056645987
121 88 0.3193662665498794
121 63 0.15818149855609714
121 77 0.10366319564006993
121 49 0.14532568524492187
121 61 0.030272166373054674
121 75 0.024760056695535118
121 74 0.08745723625508768
121 60 0.0847029312812447
121 48 0.1137580262012887
121 64 0.10682502458165616
121 70 0.15237099219909817
121 58 0.01904737954788266
121 59 0.017197021106194532
121 71 0.378159645236744
121 65 0.09147499312170407
121 73 0.020314645885097113
121 67 0.3395264629992765
121 66 0.18497204117199395
121 72 0.06057798897751369
121 57 0.35650584249067013
121 94 0.4170753040369269
121 80 0.41205921716110383
121 81 0.10351841957170727
121 95 0.10325647980561453
121 56 0.18529845329987332
121 68 0.3915505503656199
121 54 0.1217910348788849
121 83 0.31201482178358336
121 82 0.05526903562837768
121 55 0.2148450365364159
121 69 0.3861826733657622
121 51 0.1122908359601177
121 79 0.07606666181698571
121 86 0.12296969387693786
121 92 0.5441036108447945
121 93 0.3749290022748839
121 87 0.21584513103032427
121 78 0.5127658570859086
121 50 0.1502983541344258
121 52 0.02265180329323445
121 46 0.12791701092945196
121 91 0.3619049903046443
121 85 0.3619300049460506
121 84 0.034050396327455504
121 90 0.37024837744755035
121 47 0.2110357378405577
121 53 0.08800356831334494
109 76 0.06395050478503592
109 62 0.10135298549966434
109 89 0.05284706664193439
109 88 0.17767035392287453
109 63 0.03337463356636915
109 77 0.18027498565283984
109 49 0.06783022198107153
109 61 0.03333297731799019
109 75 0.022258722882236903
109 74 0.0827788201738946
109 60 0.02120213584557354
109 48 0.05161462404800803
109 64 0.08826677705224606
109 70 0.22988906887091218
109 58 0.3606966909609364
109 59 0.015571702538932253
109 71 0.06596592139525942
109 65 0.015189582680887173
109 73 0.015979440515084167
109 67 0.17469048335049292
109 66 0.1258505569835117
109 72 0.0678186781379113
109 57 0.21673671122507232
109 94 0.22204193941915856
109 80 0.06734564823005444
109 81 0.22295180404645634
109 95 0.07727052373622315
109 56 0.10403223346892415
109 68 0.3459030825574956
109 54 0.04456099961244378
109 83 0.026156220347694478
109 82 0.036440833604471395
109 55 0.10994928028806891
109 69 0.2713123743389419
109 51 0.036124268712065075
109 79 0.14559599002303655
109 86 0.038744650587052676
109 92 0.23622351951231824
109 93 0.20542046151273285
109 87 0.17149473662520898
109 78 0.268673100543458
109 50 0.04632455187067526
109 52 0.051385053923327366
109 46 0.14088029819422482
109 91 0.21945420021834955
109 85 0.21297810034814374
109 84 0.5318812313361617
109 90 0.2133566029105596
109 47 0.04138119428632543
109 53 0.03483030651807269
108 76 0.05700004036919294
108 62 0.12941637573611392
108 89 0.08051769676000853
108 88 0.19838940164258545
108 63 0.056002711338596606
108 77 0.10827071740034289
108 49 0.026782591171953626
108 61 0.02570586507749309
108 75 0.026431779497408006
108 74 0.05026338635218172
108 60 0.024200956295371667
108 48 0.03223481347235656
108 64 0.05975066202538341
108 70 0.22623122720251765
108 58 0.512881550099589
108 59 0.033781111438217826
108 71 0.04226698872012556
108 65 0.024409684175544885
108 73 0.024750337583542226
108 67 0.18705920787359778
108 66 0.13845030769086392
108 72 0.06381382963046127
108 57 0.25373545480864823
108 94 0.26017157903042476
108 80 0.04322975467284036
108 81 0.2010622454664743
108 95 0.07402238302449392
108 56 0.2290889164315721
108 68 0.4430630155258044
108 54 0.11563679105189886
108 83 0.03995199674334257
108 82 0.03727273716169009
108 55 0.15924518813251423
108 69 0.27894387331606346
108 51 0.02144364423513692
108 79 0.14024496392306962
108 86 0.02446480520159934
108 92 0.2703642902298606
108 93 0.22866638970972492
108 87 0.19778143538212856
108 78 0.21748092601767144
108 50 0.028561346874166213
108 52 0.045938967862049845
108 46 0.10809383722373783
108 91 0.22375965718840563
108 85 0.2334487595415662
108 84 0.057880223195819806
108 90 0.23345984933920524
108 47 0.06750458157914152
108 53 0.02437081641848482
120 76 0.006400399277759969
120 62 0.13836948578049474
120 89 0.047775808601725867
120 88 0.14803857835336962
120 63 0.019825420914311262
120 77 0.2607582931275699
120 49 0.011098086108147193
120 61 0.002142801098067998
120 75 0.044294998265107036
120 74 0.014201191513976155
120 60 0.003988786993710691
120 48 0.0081846673932882
120 64 0.01771388158620378
120 70 0.08200197033538587
120 58 0.02585067882905122
120 59 0.0037805970990167775
120 71 0.022735682145434616
120 65 0.010259327793389977
120 73 0.006450816173455193
120 67 0.11647342441517661
120 66 0.09432058649575095
120 72 0.002975094062125011
120 57 0.04316796203855232
120 94 0.20253959407295352
120 80 0.024949849487742662
120 81 0.06450854249758342
120 95 0.02884414855256083
120 56 0.09313113118804493
120 68 0.14564157570239492
120 54 0.020795179520890647
120 83 0.027362320375758337
120 82 0.004866181100462136
120 55 0.2396173362480266
120 69 0.09893937014090178
120 51 0.04553062689229072
120 79 0.031924268436621786
120 86 0.012927745480722952
120 92 0.2113282516393462
120 93 0.17438318192232544
120 87 0.17803187891413505
120 78 0.15752096644674207
120 50 0.07570427091783366
120 52 0.006362415751476516
120 46 0.04956663387477475
120 91 0.16971161314999922
120 85 0.1779706408624315
120 84 0.08531817993114618
120 90 0.1778282013028309
120 47 0.07653747644959569
120 53 0.3751137426454223
134 76 0.06317068431300027
134 62 0.12321785877297176
134 89 0.017415606183305538
134 88 0.04804941843582815
134 63 0.03161167764002111
134 77 0.051870349993487004
134 49 0.2916003626717418
134 61 0.024082774644940144
134 75 0.3347685931537676
134 74 0.10219553631350287
134 60 0.021903069326234065
134 48 0.2641611549518726
134 64 0.02644202319229204
134 70 0.056843280559163864
134 58 0.036740964989003866
134 59 0.006705344548406933
134 71 0.4081685850241993
134 65 0.019454931755473248
134 73 0.21723330221065812
134 67 0.18475528464966362
134 66 0.03244352731998543
134 72 0.02270713279201307
134 57 0.24516492008180485
134 94 0.06973079426373524
134 80 0.44499931495373096
134 81 0.04633047371387643
134 95 0.029465907776103195
134 56 0.07453882243570678
134 68 0.239519952388982
134 54 0.06363565920752015
134 83 0.2843859180882758
134 82 0.028874133139334818
134 55 0.1724742732841192
134 69 0.09130877568641174
134 51 0.12978468857828898
134 79 0.048091471401488284
134 86 0.13917135947332634
134 92 0.052102242860787414
134 93 0.04870705534899787
134 87 0.108331008356478
134 78 0.09256636369044732
134 50 0.156615960402024
134 52 0.5446238498176106
134 46 0.1593157118954236
134 91 0.05669677536856097
134 85 0.040661981921223986
134 84 0.08246457866193976
134 90 0.049662068719054014
134 47 0.15377497975815532
134 53 0.38491856565254334
122 76 0.05210388483036621
122 62 0.06674211533160623
122 89 0.10351386165070882
122 88 0.16398476496428324
122 63 0.06869706634287218
122 77 0.022792650755305274
122 49 0.24560266371729228
122 61 0.019480020839216752
122 75 0.020586020493867527
122 74 0.08231928645056487
122 60 0.02765243352233182
122 48 0.08615906211289313
122 64 0.01523167696397787
122 70 0.11565744712215943
122 58 0.027440377732779242
122 59 0.02795106893814779
122 71 0.5701738777222537
122 65 0.014141985792919101
122 73 0.01720260168629674
122 67 0.4077415347538399
122 66 0.142903022541673
122 72 0.007959874801311675
122 57 0.40539247122634803
122 94 0.24713886529288492
122 80 0.6254640163399404
122 81 0.09506754265224365
122 95 0.07343316318704174
122 56 0.11060348025373216
122 68 0.44308348166449424
122 54 0.017583735521092797
122 83 0.30001525767658027
122 82 0.016962821383329107
122 55 0.0731702018319568
122 69 0.2198332687009158
122 51 0.13733202293456295
122 79 0.05847847918244838
122 86 0.25506140070810857
122 92 0.2536254201036872
122 93 0.20533638206467308
122 87 0.15137214782808378
122 78 0.25732528661126824
122 50 0.25347295108848655
122 52 0.02727604715111423
122 46 0.06002356779841524
122 91 0.20215398505635412
122 85 0.7882545398492864
122 84 0.04074491461564876
122 90 0.27658241068695205
122 47 0.03457083272145192
122 53 0.02492253594978272
136 76 0.03248665839029957
136 62 0.08755660304868988
136 89 0.010151143339244134
136 88 0.06782645604942189
136 63 0.025974470698864258
136 77 0.305787465876049
136 49 0.1451802348311642
136 61 0.055201946956823296
136 75 0.017260218287342824
136 74 0.10923710153162153
136 60 0.006502745960592221
136 48 0.14926597517686047
136 64 0.015582983821916668
136 70 0.0878220979063794
136 58 0.07012453490175106
136 59 0.009765399097165534
136 71 0.012619504839190818
136 65 0.0049888597042330035
136 73 0.015675275851866816
136 67 0.0508746697859338
136 66 0.01864297020796378
136 72 0.04860876804963414
136 57 0.1312258353653251
136 94 0.10753342176496634
136 80 0.013668491542732725
136 81 0.29274758951229324
136 95 0.0758948353378161
136 56 0.18351108044177328
136 68 0.19635283795682484
136 54 0.06765503189633873
136 83 0.02862651828225339
136 82 0.017953928589998933
136 55 0.031000767553431507
136 69 0.04220198572823597
136 51 0.008154235032712856
136 79 0.40105811844984585
136 86 0.007459746120005828
136 92 0.10510130394912512
136 93 0.09472855791644119
136 87 0.07881725175437324
136 78 0.10779264972235891
136 50 0.007780647263761917
136 52 0.03430017417553566
136 46 0.14879496991772587
136 91 0.11678193013984846
136 85 0.11606490593565032
136 84 0.042216127433660225
136 90 0.11478211195580838
136 47 0.18995005202558352
136 53 0.029812448535515873
137 76 0.07338040638641682
137 62 0.06787845190048522
137 89 0.06355333870920354
137 88 0.14385897737437
137 63 0.029525597102183082
137 77 0.028086157713755708
137 49 0.030001031337380385
137 61 0.038703578024504914
137 75 0.021916989581211882
137 74 0.02681549473720593
137 60 0.031153298320342485
137 48 0.02359660983830611
137 64 0.026779527104858328
137 70 0.10512823439610608
137 58 0.06797923159838143
137 59 0.05640112251398508
137 71 0.02143038836112149
137 65 0.02506600759813636
137 73 0.023628678920307886
137 67 0.1267430901138396
137 66 0.2171466314111295
137 72 0.026279470085333115
137 57 0.13285250349509234
137 94 0.18437755365246544
137 80 0.020562295114001497
137 81 0.08181800031166195
137 95 0.05426077275753839
137 56 0.12236887255277194
137 68 0.24962902482842148
137 54 0.030786774186941396
137 83 0.02600483300455804
137 82 0.026135877152227052
137 55 0.04170634414473755
137 69 0.12922395228120512
137 51 0.024852124786770888
137 79 0.10080400292044361
137 86 0.025895983513432586
137 92 0.20351544677929573
137 93 0.166689549291321
137 87 0.128791092018372
137 78 0.1370505999525044
137 50 0.03391082019354656
137 52 0.05158997633977841
137 46 0.055150115999330535
137 91 0.1656369307473391
137 85 0.1696071934373179
137 84 0.024855442691553542
137 90 0.16877353725808722
137 47 0.038581849259647416
137 53 0.0255167672970857
123 76 0.045990150391982926
123 62 0.06274308419528848
123 89 0.04888739530145582
123 88 0.13738366616855227
123 63 0.02774149371751891
123 77 0.05740628990838206
123 49 0.19130156018445593
123 61 0.04032802113580525
123 75 0.031033532698498803
123 74 0.04732533101513228
123 60 0.03717916026034039
123 48 0.07963998548545197
123 64 0.025127485896964633
123 70 0.09836429797705765
123 58 0.05861438305204383
123 59 0.015224118659858843
123 71 0.4699136124018451
123 65 0.033642514940366366
123 73 0.027067380483336637
123 67 0.3084328851439853
123 66 0.1105697800663979
123 72 0.03834073194943696
123 57 0.3908034885308559
123 94 0.6733732191926576
123 80 0.5131859730677446
123 81 0.05848205772355028
123 95 0.06573605146189637
123 56 0.14026197829894094
123 68 0.3528082217715323
123 54 0.026040097638455745
123 83 0.22603516789357103
123 82 0.04317212479666467
123 55 0.0343318519611667
123 69 0.17956233317401296
123 51 0.10952146933853786
123 79 0.042212732972765454
123 86 0.1714843159844426
123 92 0.21708862874973295
123 93 0.19471501984283068
123 87 0.133917587495188
123 78 0.25029429352053284
123 50 0.1946543625593283
123 52 0.024660614459303953
123 46 0.055755735467614635
123 91 0.20371133617484297
123 85 0.18653598355717085
123 84 0.04971602071743271
123 90 0.20044159111926113
123 47 0.05304298522509405
123 53 0.05268963642545482
127 76 0.094937209596565
127 62 0.0795923101775414
127 89 0.07601606900936297
127 88 0.21758326479348641
127 63 0.04132809948741652
127 77 0.10416564551593745
127 49 0.15748248429489337
127 61 0.02026558738594221
127 75 0.021073420388243905
127 74 0.077037260493967
127 60 0.02191143448598215
127 48 0.06694969880603618
127 64 0.028128082991890055
127 70 0.14495472429696668
127 58 0.0587771979682105
127 59 0.03158466437221995
127 71 0.3763773075313576
127 65 0.01755262030066128
127 73 0.014900305041129408
127 67 0.30030803759355057
127 66 0.15196385616622618
127 72 0.07150647717166156
127 57 0.32018929001570273
127 94 0.3070299174944396
127 80 0.41153565250911767
127 81 0.16590379139182823
127 95 0.12172425778308749
127 56 0.22329467071783082
127 68 0.539872510227727
127 54 0.09783600731038629
127 83 0.04195238075555653
127 82 0.03487637990049615
127 55 0.06950825940203445
127 69 0.20495733174783526
127 51 0.258265023362584
127 79 0.14371415078379335
127 86 0.15580259646114888
127 92 0.31058660147387057
127 93 0.2566328720289092
127 87 0.30197174458035164
127 78 0.2129344289345552
127 50 0.36559197030530494
127 52 0.05637712728298563
127 46 0.16157953843474077
127 91 0.28415843485851605
127 85 0.26197318250711993
127 84 0.03615287763428908
127 90 0.26191661446783704
127 47 0.0606274799451655
127 53 0.0373881389910445
133 76 0.01292305804437674
133 62 0.25178209774109467
133 89 0.018287269013324378
133 88 0.09531617197475394
133 63 0.04811073807082632
133 77 0.2696570714171525
133 49 0.4094645875205622
133 61 0.05706337910285128
133 75 0.014480005201594717
133 74 0.1351177649464226
133 60 0.007588352282022412
133 48 0.25650958368653537
133 64 0.031733362865997594
133 70 0.10382039554533422
133 58 0.09181116075277773
133 59 0.010971326231247233
133 71 0.2744449724458038
133 65 0.015036623727854553
133 73 0.05393760093789477
133 67 0.1911216769061284
133 66 0.03655601680949966
133 72 0.010677853981246349
133 57 0.3079634921362882
133 94 0.1409907249537826
133 80 0.3014369999930597
133 81 0.19696402666950483
133 95 0.07255602393509969
133 56 0.16293207501108062
133 68 0.26361656340463707
133 54 0.08946982682529186
133 83 0.0970583769800297
133 82 0.1683791726672421
133 55 0.06840442500222707
133 69 0.05791225979163107
133 51 0.057255764854337386
133 79 0.36500872110453453
133 86 0.10604497899753586
133 92 0.13552372894816586
133 93 0.12262606035646043
133 87 0.10291379469916141
133 78 0.12297820644430627
133 50 0.11159063139178955
133 52 0.047463533922014856
133 46 0.06675918503372591
133 91 0.14249454670244435
133 85 0.13272046965062706
133 84 0.12147009016730247
133 90 0.13568737466218167
133 47 0.24401540771235114
133 53 0.3871173384393956
132 76 0.056735505310813915
132 62 0.07216495510973697
132 89 0.12599644630161613
132 88 0.35883893487739343
132 63 0.05343559975858683
132 77 0.13772725134767816
132 49 0.03968342759833539
132 61 0.02275612543771087
132 75 0.022085058556201215
132 74 0.0691129962379734
132 60 0.01878436752973342
132 48 0.04035452380644146
132 64 0.049125472604699905
132 70 0.22330978379761102
132 58 0.05692910199449201
132 59 0.020684502071188035
132 71 0.04046299373879152
132 65 0.016122190227566544
132 73 0.021015330208822153
132 67 0.29779648356750754
132 66 0.23456970765914908
132 72 0.0710416615833083
132 57 0.18877996817864195
132 94 0.579573938457735
132 80 0.04285291136628609
132 81 0.21167386233281182
132 95 0.09444014652759683
132 56 0.30711401040034986
132 68 0.5134998216342117
132 54 0.109666192645401
132 83 0.206950420873923
132 82 0.04753784955298859
132 55 0.08724182786350707
132 69 0.27602728718140873
132 51 0.02814726458722762
132 79 0.14687546275285468
132 86 0.025981291740470702
132 92 0.6000151076509341
132 93 0.5033436918127346
132 87 0.3395720288666029
132 78 0.2810833421763734
132 50 0.029351068813312856
132 52 0.14166078663463305
132 46 0.3126453411351612
132 91 0.48227560457030016
132 85 0.49818587048456975
132 84 0.0645459232131117
132 90 0.49879661661988733
132 47 0.0877532943720689
132 53 0.07891849505409092
126 76 0.06033095493903825
126 62 0.07179946603736458
126 89 0.07971525272453801
126 88 0.20083006987373087
126 63 0.029375966985680665
126 77 0.04782778289996022
126 49 0.17899278753702785
126 61 0.04230406446697858
126 75 0.025216812244090975
126 74 0.06396886993427542
126 60 0.046862921273468666
126 48 0.06936509789203328
126 64 0.03065649405087202
126 70 0.12977990677560958
126 58 0.030003571228888054
126 59 0.02629142642989453
126 71 0.41894575676905654
126 65 0.028187813505694145
126 73 0.023132956214460404
126 67 0.3660946269991302
126 66 0.16069951847772207
126 72 0.029763657712599395
126 57 0.3298027311899646
126 94 0.48847961383197713
126 80 0.4575172611005999
126 81 0.08239190299214325
126 95 0.061025046530093635
126 56 0.1199227924470878
126 68 0.40029850843201387
126 54 0.02751243518635707
126 83 0.3509492865937779
126 82 0.02906251089077598
126 55 0.05485690427552901
126 69 0.2571472826819956
126 51 0.10470154992734856
126 79 0.05595884336284522
126 86 0.16293678109137744
126 92 0.48594293977122605
126 93 0.4251272566935287
126 87 0.23008266801549668
126 78 0.3022169753593476
126 50 0.1871027336878496
126 52 0.021515854943720686
126 46 0.05891825664345125
126 91 0.40524362490909754
126 85 0.43255367432581604
126 84 0.015742520266986332
126 90 0.8459937527455871
126 47 0.03474129031514188
126 53 0.04347537450968263
118 76 0.08623628761968752
118 62 0.2078481647174931
118 89 0.0115046032115836
118 88 0.030036387190809116
118 63 0.059628126829481966
118 77 0.047649980985873586
118 49 0.3281620255493097
118 61 0.012153113698299953
118 75 0.019039326140328078
118 74 0.11481440802982247
118 60 0.008696836115592146
118 48 0.16032963594133473
118 64 0.016498187093294564
118 70 0.0762898295042933
118 58 0.32513106661103597
118 59 0.12611107909320413
118 71 0.21823040065156177
118 65 0.004010976719200768
118 73 0.04731387403223783
118 67 0.12460562763469829
118 66 0.020198786969299054
118 72 0.014593557073849892
118 57 0.2739534326517854
118 94 0.0326476663649195
118 80 0.23899548386686603
118 81 0.24723658731634346
118 95 0.03814342800974396
118 56 0.2600425344058289
118 68 0.18352389863784407
118 54 0.01890795118863299
118 83 0.1753521325008066
118 82 0.03879326089393886
118 55 0.10142257608847209
118 69 0.09698786221465344
118 51 0.14812536605872853
118 79 0.1811294406888595
118 86 0.08792407982640413
118 92 0.029830331439149135
118 93 0.026465575167685648
118 87 0.10077145449130623
118 78 0.050971296191997154
118 50 0.2688174365274008
118 52 0.048029255435654034
118 46 0.1616016896957525
118 91 0.047873841300789394
118 85 0.035046489541127296
118 84 0.14311529162819162
118 90 0.033031037089528856
118 47 0.3027078933920864
118 53 0.27949567606157466
130 76 0.01111214592034343
130 62 0.040332212792813224
130 89 0.07188064133890307
130 88 0.2106979345818104
130 63 0.038261195495598394
130 77 0.035280567890920905
130 49 0.010875613925229885
130 61 0.0057075770191264835
130 75 0.012557989150174892
130 74 0.0285185392439182
130 60 0.008278340907294318
130 48 0.019972054790843366
130 64 0.034943692053433964
130 70 0.13155879833610581
130 58 0.043863604564482545
130 59 0.013052686457848767
130 71 0.008291354090632863
130 65 0.005915630021553209
130 73 0.011223861127702808
130 67 0.1657109737250277
130 66 0.13600403003217176
130 72 0.009027159876200702
130 57 0.060476743338394395
130 94 0.2821718636229665
130 80 0.008719104668021768
130 81 0.127049048222616
130 95 0.04435749561486711
130 56 0.16873475998681603
130 68 0.23305191290786975
130 54 0.09789851805442507
130 83 0.1967289655357794
130 82 0.011460814844063513
130 55 0.054354710453245726
130 69 0.1415817900855113
130 51 0.005434985099739845
130 79 0.07274338834759272
130 86 0.0040678804928260814
130 92 0.29400259708573956
130 93 0.24468360467805467
130 87 0.20785183982869737
130 78 0.14652876902515385
130 50 0.005402955843112622
130 52 0.05544928446331234
130 46 0.24900533238045375
130 91 0.23812408060162446
130 85 0.2492649098746259
130 84 0.053766327905633196
130 90 0.24876415673063879
130 47 0.052624314468119944
130 53 0.02780489728135796
124 76 0.03546055830417465
124 62 0.051732327166421704
124 89 0.06352186938635115
124 88 0.19455176209502056
124 63 0.02084665323200878
124 77 0.03177972546985887
124 49 0.1405795568049322
124 61 0.013047098325414938
124 75 0.015516910862782507
124 74 0.06083275381811862
124 60 0.016216040767345688
124 48 0.057301074362700745
124 64 0.01784087554288051
124 70 0.11109796462766422
124 58 0.032097681009825865
124 59 0.011486308948792753
124 71 0.3404220863645724
124 65 0.01374352408787094
124 73 0.010366866782219042
124 67 0.3010172557228465
124 66 0.12418593492021213
124 72 0.017699192146559115
124 57 0.2633515802662951
124 94 0.2709331217691987
124 80 0.3726380995593989
124 81 0.07815914574647093
124 95 0.0850066719205325
124 56 0.11689494757180063
124 68 0.3363495442573965
124 54 0.020935144417768753
124 83 0.2953124747787058
124 82 0.02703230397196192
124 55 0.03516982908979016
124 69 0.2172285194935125
124 51 0.09488864077871406
124 79 0.04273526231170473
124 86 0.1384103366734553
124 92 0.2750321271270539
124 93 0.22917439534122178
124 87 0.19505176494021245
124 78 0.2543926358101779
124 50 0.14993836370242736
124 52 0.02321701510143037
124 46 0.06016969649901468
124 91 1.0
124 85 0.23086652616571907
124 84 0.02155208228177903
124 90 0.2311086169744956
124 47 0.04409902074831673
124 53 0.029127788878481067
125 76 0.04985703224624714
125 62 0.061004687740325574
125 89 0.08148500678364014
125 88 0.206216950819537
125 63 0.01981576598323459
125 77 0.01567925964867113
125 49 0.14913477298370342
125 61 0.014172244726343375
125 75 0.022663324497661716
125 74 0.055221707943235915
125 60 0.017650781989789352
125 48 0.05631758014597542
125 64 0.016029971825986006
125 70 0.11730536538897611
125 58 0.02304042094464899
125 59 0.009708006195780924
125 71 0.3516589464499526
125 65 0.02913138389388592
125 73 0.022158459683292553
125 67 0.39695252025097516
125 66 0.143304481880926
125 72 0.00908212024757632
125 57 0.2814566734054691
125 94 0.28706152818935343
125 80 0.3860587860971106
125 81 0.07869904066460431
125 95 0.07399734575189403
125 56 0.3159103545038585
125 68 0.4995881984895485
125 54 0.018449850072825916
125 83 0.3317484464121529
125 82 0.017811032382430994
125 55 0.047540460297099824
125 69 0.2333284630654005
125 51 0.08422137464302268
125 79 0.04769687721681533
125 86 0.1444076600379175
125 92 0.2909365556078745
125 93 0.24497867659110184
125 87 0.18970713887212032
125 78 0.2738305302921735
125 50 0.15319494703595618
125 52 0.011239472099661654
125 46 0.061984808467425656
125 91 0.2494813972936335
125 85 0.2499607498013069
125 84 0.014638717963186373
125 90 0.24410263273954497
125 47 0.0381322113867433
125 53 0.02815129268352491
131 76 0.012376735567225877
131 62 0.09661564672676093
131 89 0.11484874468301173
131 88 0.4497860193683589
131 63 0.053364149116417146
131 77 0.014683753053931561
131 49 0.01868289851514751
131 61 0.014091176034001451
131 75 0.01189727691401539
131 74 0.04229186085843907
131 60 0.015387345040019026
131 48 0.029628517251422556
131 64 0.049058695859469176
131 70 0.2635611559569922
131 58 0.41442209198025304
131 59 0.1146616824859867
131 71 0.01974456300123055
131 65 0.016424543074393408
131 73 0.013442280014292485
131 67 0.27575126500765657
131 66 0.21368455144620818
131 72 0.013767637989111806
131 57 0.3206494112754413
131 94 0.44475849852671046
131 80 0.021091636528990834
131 81 0.20934098308635715
131 95 0.07015225772213904
131 56 0.11924751608797288
131 68 0.4265487265894428
131 54 0.10325093068568669
131 83 0.020906031383103013
131 82 0.032001577337438955
131 55 0.09015113556410213
131 69 0.30081725572892487
131 51 0.009968821945896073
131 79 0.09696688309584266
131 86 0.014638190528123346
131 92 0.4635418031039142
131 93 0.384401258007983
131 87 0.34124262609872474
131 78 0.24789220906510656
131 50 0.01589710362562398
131 52 0.013727103607184724
131 46 0.1377969149193601
131 91 0.3745353538454586
131 85 0.3921766610454005
131 84 0.024053398097045042
131 90 0.3920071187142843
131 47 0.07615205385010415
131 53 0.009865559374870242
119 76 0.054637184913322194
119 62 0.14341871435240125
119 89 0.04171716214220106
119 88 0.09659547472937609
119 63 0.015915244178570834
119 77 0.30896851596318414
119 49 0.09155329158041427
119 61 0.07915114897180849
119 75 0.05875339668704576
119 74 0.13688072434902973
119 60 0.0329741183693774
119 48 0.07433206892219181
119 64 0.02226356638582716
119 70 0.17080959399780807
119 58 0.41755145327851967
119 59 0.09374761114855672
119 71 0.02524080616844855
119 65 0.009708755730336444
119 73 0.05495523008056369
119 67 0.1011222926172949
119 66 0.061374972399213475
119 72 0.048701379477521345
119 57 0.15022717884650785
119 94 0.1449500767328781
119 80 0.025605824498758506
119 81 0.11641377876871038
119 95 0.1006189097148739
119 56 0.12150611132007003
119 68 0.19469467982761246
119 54 0.020049552257353692
119 83 0.08599167368286667
119 82 0.03794732886633018
119 55 0.10937787982545195
119 69 0.12596329964303904
119 51 0.0369317577790477
119 79 0.31032983001688214
119 86 0.03370424399011075
119 92 0.14783235895654975
119 93 0.13403439513492832
119 87 0.11836004068379886
119 78 0.14205488966793034
119 50 0.034040713969468755
119 52 0.09711464664742687
119 46 0.09053150896679667
119 91 0.16187988414310187
119 85 0.16742291636014336
119 84 0.08233527003330982
119 90 0.163401735000947
119 47 0.026198696833419258
119 53 0.0683249860478655
