114 76 0.18998567216329124
114 62 0.22396168357001497
114 89 0.1507420331966935
114 88 0.2732976741369054
114 63 0.18339595368968517
114 77 0.08492017739197072
114 49 0.1132451603299335
114 61 0.06356217584919713
114 75 0.10838107996948303
114 74 0.27518806600474166
114 60 0.09462558076653269
114 48 0.10358105955439993
114 64 0.12400975466089448
114 70 0.24875537610762558
114 58 0.5343714989198257
114 59 0.15237384532386677
114 71 0.12076712226428687
114 65 0.08325272709068048
114 73 0.09966402873221653
114 67 0.24116098302513053
114 66 0.22574269795983895
114 72 0.15719500437218326
114 57 0.259999270713662
114 94 0.32060948999916605
114 80 0.11893806844501253
114 81 0.25519415625811737
114 95 0.14120787093972165
114 56 0.15064391403820918
114 68 0.3473497206941732
114 54 0.11815738051452554
114 83 0.1161432515078692
114 82 0.001541077335578539
114 55 0.2299259537660723
114 69 0.2875245631856319
114 51 0.09576422398037698
114 79 0.13286954152688063
114 86 0.10075972464920525
114 92 0.333605897805587
114 93 0.2962706729563671
114 87 0.27897438130792984
114 78 0.22282567262729017
114 50 0.13192251074922376
114 52 0.11200268322270496
114 46 0.15061026994109095
114 91 0.2997143464146448
114 85 0.3243569724228569
114 84 0.08598380255843392
114 90 0.3228333420278215
114 47 0.17025416186767045
114 53 0.12058896449356457
100 76 0.11125896188880259
100 62 0.11921720754708129
100 89 0.08770412401513634
100 88 0.1055576780505089
100 63 0.2923790338833445
100 77 0.1007941362660485
100 49 0.2377907628951346
100 61 0.0914707609469672
100 75 0.09545934336852824
100 74 0.11571626247806835
100 60 0.08872701280821493
100 48 0.14310897009192255
100 64 0.16866159773462297
100 70 0.13244336013175106
100 58 0.13562903161834985
100 59 0.09586278316863893
100 71 0.4656380216399243
100 65 0.0958286160562362
100 73 0.06598667275996975
100 67 0.2516540887037016
100 66 0.10856735071038089
100 72 0.07668213427506379
100 57 0.3028123313759708
100 94 0.10831665507978376
100 80 0.493244312046128
100 81 0.11558357898272366
100 95 0.12116735698650605
100 56 0.17590044918097408
100 68 0.27945852542223587
100 54 0.13818588826061384
100 83 0.11964048436434618
100 82 0.09249232149316372
100 55 0.26966436628305834
100 69 0.15306801901728204
100 51 0.1766056340832358
100 79 0.08277945290490997
100 86 0.24355395302075578
100 92 0.10431173557099671
100 93 0.10366622948363975
100 87 0.12632287089109753
100 78 0.1251995943732329
100 50 0.27014570303310514
100 52 0.11971236864524411
100 46 0.1836986580249497
100 91 0.12548966414012613
100 85 0.1537697950840937
100 84 0.1329987146025674
100 90 0.11954150356082467
100 47 0.0854940383230995
100 53 0.09003906622070607
128 76 0.14078304510315814
128 62 0.08466512456917907
128 89 0.18628760983405973
128 88 0.34882641281638505
128 63 0.09964500380414773
128 77 0.13909078647234724
128 49 0.10570242771130632
128 61 0.10787235620308556
128 75 0.10167269173585224
128 74 0.09583295910997175
128 60 0.10138983027223589
128 48 0.08955335133590951
128 64 0.10747913272571996
128 70 0.24818406815239094
128 58 0.03279222310886484
128 59 0.08068496161850945
128 71 0.09475585872990687
128 65 0.0715916703561591
128 73 0.12132091892243681
128 67 0.3186537396384569
128 66 0.24447551531671116
128 72 0.12743582609090925
128 57 0.15332461088528482
128 94 0.4694186742375065
128 80 0.09535256818748675
128 81 0.2740944440214525
128 95 0.19264112775076675
128 56 0.2676896699689308
128 68 0.5301043972586078
128 54 0.15405255045340993
128 83 0.10368656404524568
128 82 0.062570516638764
128 55 0.17460804169032443
128 69 0.28694299140447954
128 51 0.1254837537322564
128 79 0.20307271720899847
128 86 0.09088038771274817
128 92 0.48029442365877806
128 93 0.41901626256780355
128 87 0.39641549782651797
128 78 0.28968482950980784
128 50 0.1475701115113703
128 52 0.17413613927285782
128 46 0.19235179318953907
128 91 0.36568221577864946
128 85 0.4211798113940448
128 84 0.10552083512275608
128 90 0.4248126487542283
128 47 0.13346608647515612
128 53 0.08048538233646904
129 76 0.06675079607401652
129 62 0.23590597164240018
129 89 0.19162603582190452
129 88 0.4011082016154925
129 63 0.11895883172507882
129 77 0.12752397852123024
129 49 0.10605207623475053
129 61 0.11627760107100384
129 75 0.0856597913947864
129 74 0.18095409546730049
129 60 0.08014444709712526
129 48 0.1549152958779993
129 64 0.16926587300410662
129 70 0.2887620396942427
129 58 0.6181547835415663
129 59 0.07951780584313647
129 71 0.1098803843943946
129 65 0.13591151386525607
129 73 0.09557845472164453
129 67 0.36878057474224313
129 66 0.2938424259398407
129 72 0.08906187952197007
129 57 0.5473143514415252
129 94 0.5248292381281348
129 80 0.11709424188777416
129 81 0.3166548346750115
129 95 0.1737337404108027
129 56 0.2514213837796019
129 68 0.5359024920692608
129 54 0.22479544718394587
129 83 0.10763656777707595
129 82 0.3742323209199372
129 55 0.14085505323795877
129 69 0.3752979369971813
129 51 0.123251454749386
129 79 0.1490191019434997
129 86 0.08833875452337786
129 92 0.5201178662506888
129 93 0.4679053849538983
129 87 0.3558992552088196
129 78 0.3538856793776691
129 50 0.06298257772257448
129 52 0.1228235902782589
129 46 0.2203285378848797
129 91 0.45187256249003427
129 85 0.43516102656631983
129 84 0.14777038411324228
129 90 0.43971865653956377
129 47 0.17408433260124873
129 53 0.1451102449613927
101 76 0.052666763770794656
101 62 0.14379655516300827
101 89 0.14100203473861112
101 88 0.1488723526577846
101 63 0.10032253418771175
101 77 0.16322434637497585
101 49 0.14989187055532793
101 61 0.10410523424745587
101 75 0.08570677274713662
101 74 0.05407729079046519
101 60 0.08399025849227083
101 48 0.10249598666350587
101 64 0.10107108416195695
101 70 0.07250824180703566
101 58 0.07812240001845108
101 59 0.10811249839174135
101 71 0.20941467546431605
101 65 0.09893947521624982
101 73 0.10028297620656482
101 67 0.17043983789382072
101 66 0.10376393291319558
101 72 0.06537178624278109
101 57 0.22075263857310085
101 94 0.16055117853829537
101 80 0.23110612639106773
101 81 0.16586957243537312
101 95 0.01122316246768229
101 56 0.17831040057009434
101 68 0.17787421973876932
101 54 0.0773627259892412
101 83 0.08498428976999907
101 82 0.12067271472773661
101 55 0.12234650031162742
101 69 0.08344838290639249
101 51 0.13325376664852806
101 79 0.18215430393047138
101 86 0.15948037703893053
101 92 0.1600438805456877
101 93 0.14909468430594636
101 87 0.13435588263163234
101 78 0.11121681213866624
101 50 0.16216320469874412
101 52 0.10250007361064724
101 46 0.15071873216876353
101 91 0.2093804964018839
101 85 0.14210530953935252
101 84 0.13239059115885582
101 90 0.1448679915999222
101 47 0.03459161920306508
101 53 0.07633815009518138
115 76 0.10950894700289056
115 62 0.096382306300981
115 89 0.163726176434575
115 88 0.12181749287434637
115 63 0.057348306331450244
115 77 0.2189319744271959
115 49 0.11960719044998692
115 61 0.12642504762259538
115 75 0.1333114314381608
115 74 0.22181451908875632
115 60 0.11511220284563899
115 48 0.12773346806054786
115 64 0.21184993532667223
115 70 0.09433173507625518
115 58 0.11860432171730916
115 59 0.12947767254264403
115 71 0.1394264913227396
115 65 0.09421557414727713
115 73 0.078005469573009
115 67 0.15206493391169623
115 66 0.32106369727073236
115 72 0.24432444440455892
115 57 0.103361611654338
115 94 0.2489130410072155
115 80 0.1393388183598153
115 81 0.10354631641751366
115 95 0.14963692685210547
115 56 0.3390302428717259
115 68 0.18741659398711538
115 54 0.16734589617319884
115 83 0.25282415239060124
115 82 0.14506403692099729
115 55 0.22142879491345516
115 69 0.11538860564944597
115 51 0.1730976688196102
115 79 0.19548280768656517
115 86 0.1498622948849151
115 92 0.24402881350023295
115 93 0.23645935035567747
115 87 0.1963193563671468
115 78 0.1257094494648977
115 50 0.11683337048594
115 52 0.9977629962025708
115 46 0.6552851494819014
115 91 0.2267105350168852
115 85 0.24249101612791657
115 84 0.11016185966829622
115 90 0.24899480538347513
115 47 0.4194435716719458
115 53 0.40301038699354996
103 76 0.09278998260793735
103 62 0.24110315158290568
103 89 0.11661222282390334
103 88 0.13819730635163918
103 63 0.1639938036107233
103 77 0.1488974949149388
103 49 0.11174889478688109
103 61 0.12710156498970993
103 75 0.12554162110192052
103 74 0.119569498617646
103 60 0.10268809660401423
103 48 0.1143407999997749
103 64 0.16072908633081867
103 70 0.25715134003988416
103 58 0.9530702939675982
103 59 0.10912025302708267
103 71 0.10728081325296912
103 65 0.1449137725251454
103 73 0.13483378948112096
103 67 0.15790007376688536
103 66 0.2970672144272433
103 72 0.12303699474119098
103 57 0.3793898448669446
103 94 0.15519872668448792
103 80 0.10741501560116393
103 81 0.24466750631648806
103 95 0.13197189436086396
103 56 0.12815991328242712
103 68 0.3025141284734489
103 54 0.16151502481851965
103 83 0.11447367891280968
103 82 0.17593392198860022
103 55 0.09844384100004605
103 69 0.26096217768206303
103 51 0.09797521900197866
103 79 0.08562815338939639
103 86 0.09897120186050011
103 92 0.1476689629539849
103 93 0.1507220377671782
103 87 0.09193906822710539
103 78 0.1925192831003319
103 50 0.10932795387373803
103 52 0.14083057375277613
103 46 0.18198179911800053
103 91 0.15325845056800114
103 85 0.12677434231352508
103 84 0.1494493642166453
103 90 0.12735590440135422
103 47 0.13768024879163349
103 53 0.1318688944503039
117 76 0.28652082469227746
117 62 0.303367745725018
117 89 0.10862880542549294
117 88 0.09868855768545673
117 63 0.11863086174832808
117 77 0.4963739158683718
117 49 0.29074949344875445
117 61 0.1671605515373327
117 75 0.6626878522253086
117 74 0.4522254092430867
117 60 0.11869374800998708
117 48 0.47474480452016454
117 64 0.20356021453173287
117 70 0.27021481098971784
117 58 0.6951665763395882
117 59 0.12730336623393096
117 71 0.136688794638541
117 65 0.09376743839916996
117 73 0.5257989684114477
117 67 0.18138229574837367
117 66 0.13734126922573325
117 72 0.22337205653422257
117 57 0.2710998528128472
117 94 0.270568031588059
117 80 0.13599558555026484
117 81 0.2541072701474397
117 95 0.24896504104138084
117 56 0.3294231426446548
117 68 0.29830999797167634
117 54 0.1505594308886002
117 83 0.7303416174752738
117 82 0.1547330695087077
117 55 0.17047604183882648
117 69 0.31097981208967784
117 51 0.2136311294623191
117 79 0.493369134529055
117 86 0.08426775168210685
117 92 0.2699909097606036
117 93 0.2492436058702031
117 87 0.34038671828636863
117 78 0.34351739284411953
117 50 0.08620027111100836
117 52 0.2525636401200436
117 46 0.43232469561057374
117 91 0.28592137297289566
117 85 0.28305729414497327
117 84 0.19219135185976194
117 90 0.2920136026381623
117 47 0.14146608244034684
117 53 0.17566509454213539
116 76 0.13433881189614183
116 62 0.2505679023735985
116 89 0.14794801051493034
116 88 0.3118680556109511
116 63 0.11817621239324139
116 77 0.16895017918566108
116 49 0.12653266095393878
116 61 0.18009232528217345
116 75 0.14107463417666286
116 74 0.1109784520992805
116 60 0.11618599393598406
116 48 0.10130444716055308
116 64 0.13091446801562479
116 70 0.4524275134522326
116 58 0.8737569144126601
116 59 0.1775662966996991
116 71 0.08010855051994441
116 65 0.11458025618262187
116 73 0.12927481604863034
116 67 0.2870686833211634
116 66 0.32062873905972034
116 72 0.13483051776983052
116 57 0.4881290929730947
116 94 0.4190048459396667
116 80 0.08253904008991657
116 81 0.3395656662698935
116 95 0.15624228001236445
116 56 0.3598685284252137
116 68 0.46448509267194393
116 54 0.11317200687135463
116 83 0.35158982415840423
116 82 0.45456500926887716
116 55 0.21526855315594998
116 69 0.3483175710426948
116 51 0.08420446959185172
116 79 0.18482355980982798
116 86 0.12401134389877137
116 92 0.3922945805432929
116 93 0.3806035241466085
116 87 0.20996942467470678
116 78 0.2909741294112499
116 50 0.12783294494676822
116 52 0.12733694986649213
116 46 0.3735854490099739
116 91 0.3628956982787527
116 85 0.32292295327898224
116 84 0.20747286405162252
116 90 0.32854911514355856
116 47 0.10399154015730712
116 53 0.09914100614713245
102 76 0.12868055620638041
102 62 0.17392930898442244
102 89 0.13867893034412698
102 88 0.13316882464500046
102 63 0.1472415109783114
102 77 0.13502404068198903
102 49 0.1349630924354956
102 61 0.10600355684167077
102 75 0.12202350189614657
102 74 0.11197863774921132
102 60 0.13171102131869367
102 48 0.11853732656347461
102 64 0.11680247819576675
102 70 0.21330837019290963
102 58 0.5576355575879832
102 59 0.1437837151036037
102 71 0.16834412901670692
102 65 0.09711684023228861
102 73 0.11651250440955607
102 67 0.15154497888337798
102 66 0.12310652632417962
102 72 0.14429555990269113
102 57 0.227012566559062
102 94 0.12218111387467022
102 80 0.17379832460380457
102 81 0.16387789393290692
102 95 0.11290497352822695
102 56 0.13701284795534352
102 68 0.2148296330651745
102 54 0.12481051760784864
102 83 0.14413385515807703
102 82 0.07017878553945711
102 55 0.1371542313706799
102 69 0.1754548854947706
102 51 0.11845671582843743
102 79 0.12495158470647794
102 86 0.14537325312717236
102 92 0.1162000026440581
102 93 0.12149229017059439
102 87 0.13819807497585485
102 78 0.12163630721149508
102 50 0.12968530162476094
102 52 0.11235832507179036
102 46 0.12606826578665137
102 91 0.128883791167405
102 85 0.1322996166053138
102 84 0.1080091490830935
102 90 0.12602283384819543
102 47 0.1593997877236739
102 53 0.13080210836221723
106 76 0.12035748917439205
106 62 0.12506777222812243
106 89 0.08485439874630511
106 88 0.13950349853408875
106 63 0.07314117841021206
106 77 0.08424695605512236
106 49 0.10645061585296897
106 61 0.10450332191342841
106 75 0.08162297583668529
106 74 0.08833304138653657
106 60 0.10181788743815312
106 48 0.10998880597124835
106 64 0.10753574248654392
106 70 0.17116990961080028
106 58 0.5114660993014251
106 59 0.09766111928621332
106 71 0.12366902913041398
106 65 0.08626756829407174
106 73 0.08511185741126653
106 67 0.1175432553622155
106 66 0.10312004536502942
106 72 0.19697986633749137
106 57 0.21611981030939229
106 94 0.10882433527544619
106 80 0.12113463336706218
106 81 0.1645495717175956
106 95 0.13490867173840276
106 56 0.14862805528899709
106 68 0.19973318823934627
106 54 0.1183293100839887
106 83 0.09522199985548822
106 82 0.09715650069244854
106 55 0.18886383151997033
106 69 0.18147417299552976
106 51 0.10826470291931986
106 79 0.12525697430044308
106 86 0.1145653532402992
106 92 0.12191890904613838
106 93 0.12029780262833906
106 87 0.14898093368412768
106 78 0.11551724418640091
106 50 0.08608653885392226
106 52 0.1225024319534253
106 46 0.10340596566509018
106 91 0.053574946638313525
106 85 0.13044726132538936
106 84 0.11116146503707088
106 90 0.13041949449460902
106 47 0.16219935808340577
106 53 0.11509760649139347
112 76 0.11372807055130053
112 62 0.1945384297293987
112 89 0.13162809627740568
112 88 0.17438251541505456
112 63 0.14280900637077257
112 77 0.14455354008541224
112 49 0.10754363188564112
112 61 0.10813549719741598
112 75 0.11667703173556798
112 74 0.1106848456141764
112 60 0.10594330136519896
112 48 0.10270896861266948
112 64 0.1448358752952877
112 70 0.19368333099339405
112 58 0.6270884284935376
112 59 0.11020865195614697
112 71 0.12156000754041558
112 65 0.11895965274198549
112 73 0.103459977390462
112 67 0.1446853875356115
112 66 0.12779283078634854
112 72 0.099449058259795
112 57 0.2908553255323064
112 94 0.1319698507945226
112 80 0.12603817476505833
112 81 0.17631497364218307
112 95 0.12539077334908244
112 56 0.21524801647540223
112 68 0.2543396561364148
112 54 0.13526946519860172
112 83 0.15376075278577678
112 82 0.09242118848509662
112 55 0.31851966056874853
112 69 0.22459881389754313
112 51 0.10898440672024805
112 79 0.14064476304748175
112 86 0.1267820892120616
112 92 0.14967044508128677
112 93 0.14725116002710972
112 87 0.15748760446558796
112 78 0.16715075958046224
112 50 0.1137503173835488
112 52 0.14413854246590388
112 46 0.139355999204054
112 91 0.1567004864834797
112 85 0.13380015663497155
112 84 0.12029524359241466
112 90 0.13580460626140062
112 47 0.1344027579991391
112 53 0.11162991478195976
113 76 0.11376441506677128
113 62 0.20986631274323744
113 89 0.17637117609738867
113 88 0.4206359145943791
113 63 0.1265095820231502
113 77 0.22393258413713293
113 49 0.12954129986787333
113 61 0.12344287295445641
113 75 0.1221518146450404
113 74 0.06415151916993087
113 60 0.08569555277977808
113 48 0.1011777559636867
113 64 0.13428900783203665
113 70 0.3362610008613315
113 58 0.4330118080535219
113 59 0.09839168584396377
113 71 0.1240384354095734
113 65 0.0996614351200847
113 73 0.12710177543568552
113 67 0.3389672150130533
113 66 0.2918510765129635
113 72 0.1285143653155427
113 57 0.2903586770226271
113 94 0.5107999245375583
113 80 0.12266403865200735
113 81 0.3101265868375954
113 95 0.21013881063363374
113 56 0.3792448472033887
113 68 0.5129516804486352
113 54 0.16284371316618051
113 83 0.28638056523580036
113 82 0.17484839793831877
113 55 0.23404106603117777
113 69 0.37754521626596715
113 51 0.09085331751869422
113 79 0.2277803580485833
113 86 0.07099196615246844
113 92 0.5127055353880401
113 93 0.4616241933471016
113 87 0.31875864343178933
113 78 0.3511888945028219
113 50 0.13545976203666432
113 52 0.1624268555836661
113 46 0.34930950780647696
113 91 0.3928574454054521
113 85 0.4344042623392014
113 84 0.18466892939016677
113 90 0.43416172383116847
113 47 0.13256826302193214
113 53 0.1155579783526042
107 76 0.144079178947365
107 62 0.1990286235945328
107 89 0.13024234010634933
107 88 0.2165200804712359
107 63 0.11302571775964197
107 77 0.08911341520172704
107 49 0.13990058059438187
107 61 0.11509536071905098
107 75 0.0995498511024126
107 74 0.0794928578156598
107 60 0.1421445047799973
107 48 0.11335214532646208
107 64 0.12923690843960517
107 70 0.1088819831309924
107 58 0.06256723225161301
107 59 0.11521834876861539
107 71 0.15015706994653097
107 65 0.12535286795487505
107 73 0.12609595712236332
107 67 0.21432569192737658
107 66 0.24531076489343034
107 72 0.06635012805831567
107 57 0.19610082899668443
107 94 0.12170784584827694
107 80 0.15866836885778324
107 81 0.10216528957378199
107 95 0.13822077876618244
107 56 0.8204800097603017
107 68 0.5753001537465284
107 54 0.10766103693486061
107 83 0.16274692610262112
107 82 0.09082625599530339
107 55 0.179685755098903
107 69 0.1179906452339876
107 51 0.08500810366533935
107 79 0.13937332340586328
107 86 0.1339555125478483
107 92 0.12595652686409442
107 93 0.15934473158724205
107 87 0.17152063155043484
107 78 0.09657216187911484
107 50 0.13781201076881755
107 52 0.1162735719187405
107 46 0.13781913456151706
107 91 0.1146910524771288
107 85 0.10513732886846337
107 84 0.105167448815409
107 90 0.10961712437247746
107 47 0.06396592806430967
107 53 0.08804167187215868
139 76 0.2021146935638547
139 62 0.08743204985461897
139 89 0.12715359275623864
139 88 0.24671216229273008
139 63 0.10182556904198087
139 77 0.12147476240181841
139 49 0.10486399745534036
139 61 0.1664368912338836
139 75 0.08673263281696383
139 74 0.14646009300706087
139 60 0.10484776077668796
139 48 0.08280233914261308
139 64 0.09657672355866961
139 70 0.20578548572089742
139 58 0.08758746631043067
139 59 0.1562280542496594
139 71 0.10475355522957777
139 65 0.10603734381280482
139 73 0.0823826472478056
139 67 0.1813878634215869
139 66 0.32959292972800036
139 72 0.09589348046534855
139 57 0.23844520993453538
139 94 0.3038151329284613
139 80 0.10549669998959293
139 81 0.15770969259695192
139 95 0.08932347398513309
139 56 0.14593796516943436
139 68 0.2680907389993428
139 54 0.12752423419608772
139 83 0.10829660863100733
139 82 0.12923303420719817
139 55 0.12687189530125575
139 69 0.16430764318140875
139 51 0.10464350128290013
139 79 0.15433716243486725
139 86 0.11852167800384814
139 92 0.31331489650967104
139 93 0.2866089183370974
139 87 0.22757677981200866
139 78 0.17216197425274388
139 50 0.11419510550639864
139 52 0.2065966487587838
139 46 0.18995334981619094
139 91 0.2699088029496687
139 85 0.2848041910256469
139 84 0.08824791930735408
139 90 0.2818302042081595
139 47 0.10623506422269967
139 53 0.11596640129131593
111 76 0.12640939875005003
111 62 0.2378707709179703
111 89 0.19628099259385906
111 88 0.25985247918732224
111 63 0.14918735427751478
111 77 0.14664443891889112
111 49 0.100758289518726
111 61 0.10358688212285118
111 75 0.13022506497650455
111 74 0.1391716051895253
111 60 0.11598855767266789
111 48 0.09840830081231794
111 64 0.1544368469010782
111 70 0.3554159759835498
111 58 0.5678126877883249
111 59 0.11395851887674416
111 71 0.12755832660607302
111 65 0.1174962425389328
111 73 0.12293699612392184
111 67 0.32694809812908143
111 66 0.23060087261259887
111 72 0.0954369612087859
111 57 0.3408061789830287
111 94 0.3305941831811319
111 80 0.13235413127131918
111 81 0.20669610041827327
111 95 0.16252108767136383
111 56 0.25619313393487075
111 68 0.5079018633106208
111 54 0.14767897089870027
111 83 0.1494079978489096
111 82 0.11498123280679946
111 55 0.337299239887668
111 69 0.4533988857521936
111 51 0.12213214305505048
111 79 0.1570432245939912
111 86 0.08056221235672163
111 92 0.3452340335000381
111 93 0.3156482185288899
111 87 0.2581789364193663
111 78 0.4327524573239315
111 50 0.16857771617495998
111 52 0.148116903859023
111 46 0.15588525457432684
111 91 0.3370286847936731
111 85 0.28088995159143415
111 84 0.1565785365005038
111 90 0.2940085551553392
111 47 0.13505171315249026
111 53 0.10794607343558138
105 76 0.10906144342545758
105 62 0.12772413386918707
105 89 0.10197393733488354
105 88 0.123903930208163
105 63 0.09154308014285702
105 77 0.10079789164566984
105 49 0.2237258873980184
105 61 0.11778261737535059
105 75 0.11215614200353531
105 74 0.1448513129573784
105 60 0.1241897685160584
105 48 0.1662613960738093
105 64 0.11931466930496279
105 70 0.11957292012487211
105 58 0.1366983168356394
105 59 0.1169914365239248
105 71 0.3939805790272464
105 65 0.11689376928500045
105 73 0.11184560709267814
105 67 0.24116259366125348
105 66 0.17258014344697814
105 72 0.12099924560974332
105 57 0.357748476616765
105 94 0.12022398096577619
105 80 0.4115440616534055
105 81 0.11490131606481617
105 95 0.14914348784202483
105 56 0.4403373683362962
105 68 0.39034993593351863
105 54 0.12330748386035516
105 83 0.226368789531516
105 82 0.12505211180404002
105 55 0.12217013416248364
105 69 0.17468582305467964
105 51 0.18195411089235528
105 79 0.13326106673374735
105 86 0.24537696731522968
105 92 0.10779620006680736
105 93 0.10712946055126334
105 87 0.14533633264009668
105 78 0.1644588621955989
105 50 0.2078116701794931
105 52 0.12052994724823822
105 46 0.11943729966155173
105 91 0.09452733269543291
105 85 0.16706945991191932
105 84 0.12570462291251316
105 90 0.13404025467240183
105 47 0.12495482544735385
105 53 0.10692850981582276
104 76 0.13822729023220834
104 62 0.22231690162635576
104 89 0.09511874055100014
104 88 0.15286818672929062
104 63 0.16643153471016942
104 77 0.10313535777080103
104 49 0.13237467172405568
104 61 0.12234897102711977
104 75 0.12380758643844379
104 74 0.1140155485237271
104 60 0.11871378739724044
104 48 0.127109726749082
104 64 0.14716130694390184
104 70 0.2943699007542878
104 58 1.0
104 59 0.1206866361764687
104 71 0.14394439936309894
104 65 0.10282832915242196
104 73 0.12660232814586125
104 67 0.14392153108089345
104 66 0.14236793879742485
104 72 0.1622411212313149
104 57 0.34816701638363123
104 94 0.14061130443635772
104 80 0.1412024533782736
104 81 0.2486664735177712
104 95 0.14953875226903895
104 56 0.1105244884153139
104 68 0.2778036850232002
104 54 0.15872506479330573
104 83 0.10476135753198716
104 82 0.08023859741123525
104 55 0.2197707277008097
104 69 0.27599258465786203
104 51 0.10033824405014037
104 79 0.10975305478695067
104 86 0.11218446906904732
104 92 0.14686259052039366
104 93 0.14624724417323032
104 87 0.1411538246987297
104 78 0.1722207584520099
104 50 0.1210545416965579
104 52 0.11764537092922002
104 46 0.12608720014123048
104 91 0.11397884737681158
104 85 0.14265367951867694
104 84 0.1507051430640152
104 90 0.14141647457034495
104 47 0.192734463220236
104 53 0.14266528869320347
110 76 0.013581736959019597
110 62 0.26532224836928675
110 89 0.2588515263721751
110 88 0.4364273343144329
110 63 0.0786206316724529
110 77 0.3847337549276848
110 49 0.09898016723339548
110 61 0.10340073209849661
110 75 0.12279097555863623
110 74 0.13297031942594262
110 60 0.15638551303162881
110 48 0.1446311537708555
110 64 0.11352836643421955
110 70 0.2335105689217182
110 58 0.4309874725089631
110 59 0.09305789745324611
110 71 0.25840386537583837
110 65 0.13018758637522182
110 73 0.10941512018374477
110 67 0.2141587144615369
110 66 0.17709524173158375
110 72 0.2504054466480454
110 57 0.26709131330181
110 94 0.2693550530279569
110 80 0.2623661793774756
110 81 0.4021099378111127
110 95 0.15570101514552126
110 56 0.23526288515571964
110 68 0.4138625841874189
110 54 0.16294168369702003
110 83 0.09098230511092303
110 82 0.314200684360926
110 55 0.1833453958541707
110 69 0.42130832927327727
110 51 0.12842739583699403
110 79 0.25596324611066973
110 86 0.05325256088306765
110 92 0.30833617097542515
110 93 0.4171250994203026
110 87 0.24267122623218343
110 78 0.32810285463456923
110 50 0.08071624293576457
110 52 0.11818513158180609
110 46 0.232407635578124
110 91 0.3001834963789542
110 85 0.3043472428520395
110 84 0.09045410533839794
110 90 0.2988472058479631
110 47 0.11365574094476989
110 53 0.11729552503364771
138 76 0.13006972508637443
138 62 0.1863586015364625
138 89 0.14634482287738818
138 88 0.2805083604394246
138 63 0.09889776786726377
138 77 0.188675231412476
138 49 0.11569969842418314
138 61 0.12084703562005945
138 75 0.10593263797291373
138 74 0.1334919587873709
138 60 0.10781814615645133
138 48 0.14494306484339117
138 64 0.11620574145684642
138 70 0.28676456078430346
138 58 0.21766801233578517
138 59 0.09575608404383404
138 71 0.1161316039125502
138 65 0.10445251647416039
138 73 0.10849289999698365
138 67 0.27187957281322683
138 66 0.3514615120369552
138 72 0.2185849096318846
138 57 0.30963724690076405
138 94 0.3330118217348833
138 80 0.12138627132374416
138 81 0.2500445933018582
138 95 0.1368481877284444
138 56 0.207531058914971
138 68 0.46717522565422576
138 54 0.132049167513104
138 83 0.12385584980662702
138 82 0.22446186595708442
138 55 0.08050595022850553
138 69 0.23646503636873445
138 51 0.09053994679700147
138 79 0.09031158964318226
138 86 0.1274933258914332
138 92 0.32738738526693145
138 93 0.31504844510072516
138 87 0.25556317682911095
138 78 0.26819515568224017
138 50 0.05320847878558113
138 52 0.09602451736700414
138 46 0.18167064214958834
138 91 0.3193566018371334
138 85 0.2485132413597878
138 84 0.14339153192728318
138 90 0.2646287534786153
138 47 0.19098120837074534
138 53 0.19898346371695372
140 76 0.23209355964710174
140 62 0.1281418397276931
140 89 0.11654081652437366
140 88 0.13483305787792813
140 63 0.13910481458122714
140 77 0.11829040464712763
140 49 0.16577328079855283
140 61 0.10975632699268435
140 75 0.10349643245493148
140 74 0.06307354244508082
140 60 0.06143080587678276
140 48 0.11822457149394873
140 64 0.09716082055271406
140 70 0.2567488025412681
140 58 0.13554512063364452
140 59 0.1629844656377373
140 71 0.10748489169599039
140 65 0.08095837590779335
140 73 0.12801461715843743
140 67 0.199389569293222
140 66 0.2977949331058149
140 72 0.05953169109334258
140 57 0.2520066891025796
140 94 0.2395040438981406
140 80 0.10887499106010651
140 81 0.21206154685406095
140 95 0.13416655371462227
140 56 0.12452413533183174
140 68 0.2789435056324294
140 54 0.11336015312908626
140 83 0.10377885018197161
140 82 0.1835126988021939
140 55 0.14146148994623087
140 69 0.27208229385228655
140 51 0.09124228116810983
140 79 0.10480595367940314
140 86 0.04932801564310707
140 92 0.24698088091357892
140 93 0.21265467019527742
140 87 0.201929482171376
140 78 0.30754195550380453
140 50 0.16962154512781588
140 52 0.055166507816914706
140 46 0.07615735130206525
140 91 0.22486024803544052
140 85 0.20167508792827432
140 84 0.1375247172068147
140 90 0.21008000124203388
140 47 0.11613679805122881
140 53 0.11588821786501019
135 76 0.19531944122895345
135 62 0.32955339513042053
135 89 0.1344406695326581
135 88 0.2434188550154685
135 63 0.16145151411408043
135 77 0.34430777836560167
135 49 0.3661123304393978
135 61 0.11494835234935505
135 75 0.40565774450306036
135 74 0.2633837376630644
135 60 0.0894640811548889
135 48 0.39167668502953223
135 64 0.12760034889846866
135 70 0.21851511991280978
135 58 0.1611268021492407
135 59 0.0812626566588466
135 71 0.2689940487438056
135 65 0.08591204579000877
135 73 0.32111283664811585
135 67 0.32331020058634913
135 66 0.17072176153015223
135 72 0.117587951808016
135 57 0.35977421467771287
135 94 0.3193957144597
135 80 0.28631329504507186
135 81 0.2809241560339858
135 95 0.20041619190219634
135 56 0.36644242757342854
135 68 0.4471294739899071
135 54 0.16133004262108644
135 83 0.6312871648767651
135 82 0.07834061015090588
135 55 0.17635498776672587
135 69 0.25417645117071636
135 51 0.19038561446932598
135 79 0.24310125774276392
135 86 0.16180625033357313
135 92 0.32415146761259106
135 93 0.28194217837875274
135 87 0.305193065883449
135 78 0.3148857694695413
135 50 0.19080437818634732
135 52 0.1367588800577375
135 46 0.4141403978666832
135 91 0.3382469222134361
135 85 0.3047818811004296
135 84 0.23745622066368427
135 90 0.3029220454283883
135 47 0.24589350470423468
135 53 0.37860022667525817
121 76 0.1765164617142594
121 62 0.25679673035477524
121 89 0.22533747316417713
121 88 0.4113040920896696
121 63 0.2611832630369676
121 77 0.2216393680674067
121 49 0.19888189945010906
121 61 0.13462284105132577
121 75 0.10764711552338807
121 74 0.16992114658124519
121 60 0.15395968032490526
121 48 0.19307120604271005
121 64 0.1916166558667434
121 70 0.18713019714495874
121 58 0.0930728864343721
121 59 0.10834854531189969
121 71 0.44370902943263113
121 65 0.1850336920634161
121 73 0.09688539583444276
121 67 0.45710234877785894
121 66 0.26240264944372843
121 72 0.14512989322865955
121 57 0.48034994791352936
121 94 0.6537926931714539
121 80 0.4799407463054593
121 81 0.25680846182255684
121 95 0.16800696786500258
121 56 0.30298312396280064
121 68 0.46919804465444825
121 54 0.2007407603175266
121 83 0.391825327611366
121 82 0.17530648640374982
121 55 0.3328879725404082
121 69 0.4614716341029698
121 51 0.20294378560411677
121 79 0.16930194082744876
121 86 0.20788227891106076
121 92 0.52713361863517
121 93 0.4477628611901663
121 87 0.3199254086627649
121 78 0.5729200568003122
121 50 0.21705707271860952
121 52 0.10190115866442877
121 46 0.25212776344720345
121 91 0.4750157275740374
121 85 0.4115614313361621
121 84 0.11555882313127004
121 90 0.43529695102701416
121 47 0.284878436531005
121 53 0.16869705518322492
109 76 0.15580776629713375
109 62 0.21913037720055184
109 89 0.08119654588284897
109 88 0.20478294655180715
109 63 0.17421980305830664
109 77 0.22646544542089633
109 49 0.18635925039092782
109 61 0.14775333011807698
109 75 0.11007797821510795
109 74 0.20396005032671652
109 60 0.08401628621523687
109 48 0.12638159847646546
109 64 0.1641459693199561
109 70 0.34369014397709263
109 58 0.5403676123587569
109 59 0.07194932233738349
109 71 0.13432012745913618
109 65 0.1283485951693391
109 73 0.06437732786330552
109 67 0.2506794273865621
109 66 0.17545324920801494
109 72 0.21066830617788887
109 57 0.3724981237863695
109 94 0.3222376807465327
109 80 0.13404378169147152
109 81 0.3934163707567322
109 95 0.17527650670246697
109 56 0.10114234283226081
109 68 0.43092442472782433
109 54 0.11867358648652239
109 83 0.11202426929711036
109 82 0.10626114550041155
109 55 0.1720535635096246
109 69 0.37285405975067065
109 51 0.07205820544919067
109 79 0.1271769892365537
109 86 0.1273380717229813
109 92 0.31378600469146317
109 93 0.29326277721449945
109 87 0.24170377521405662
109 78 0.4042434163807127
109 50 0.20189467861444804
109 52 0.1561237095001985
109 46 0.2583033759434618
109 91 0.31327530688346983
109 85 0.301847601516552
109 84 0.7497748403196693
109 90 0.3067764842182438
109 47 0.06268865537936699
109 53 0.09738965125968316
108 76 0.14979540422184423
108 62 0.2454821853711416
108 89 0.16114803712456194
108 88 0.3015801170765182
108 63 0.1827441357308315
108 77 0.19265277960545193
108 49 0.08195178256213889
108 61 0.123571257202787
108 75 0.1400789285046088
108 74 0.16085222055583892
108 60 0.11326208130740809
108 48 0.0970754388871337
108 64 0.16252229978696703
108 70 0.2893199734159959
108 58 0.7101644134245825
108 59 0.08422618229659103
108 71 0.1216149204889887
108 65 0.1161003583259564
108 73 0.13103133395391087
108 67 0.26276938033216585
108 66 0.24113228490463734
108 72 0.14150086306842388
108 57 0.377893286415068
108 94 0.35010261901666095
108 80 0.12812716012371428
108 81 0.29445850637600013
108 95 0.162224122425887
108 56 0.2728235804778999
108 68 0.5250944724038061
108 54 0.20561361958166968
108 83 0.12996200168029265
108 82 0.1479905688313391
108 55 0.26449585629890154
108 69 0.3643075763807829
108 51 0.11896857421082044
108 79 0.23655423799990333
108 86 0.06731883640324388
108 92 0.35269410336592955
108 93 0.3161581562374236
108 87 0.262273340432319
108 78 0.30458413635571685
108 50 0.1438281463410811
108 52 0.13429951244378668
108 46 0.18684670216246965
108 91 0.331250730594705
108 85 0.28589418376292985
108 84 0.15120918551204485
108 90 0.28703383158292994
108 47 0.11855132881601113
108 53 0.1061890669922422
120 76 0.08562703726100689
120 62 0.1629514876464249
120 89 0.13390353423484702
120 88 0.25066061195800116
120 63 0.06617444645765602
120 77 0.34658288586386066
120 49 0.07660794672379348
120 61 0.05604325948001426
120 75 0.15090669564574682
120 74 0.0959842721249935
120 60 0.08763330921997252
120 48 0.09649070677240121
120 64 0.12460347973745868
120 70 0.15131656348922445
120 58 0.09300914793676388
120 59 0.12703768144104446
120 71 0.1397900247032663
120 65 0.06544427343224068
120 73 0.09959431954763036
120 67 0.22210731288102353
120 66 0.22391569216542423
120 72 0.10336687225195688
120 57 0.12113004403033717
120 94 0.2916449804659181
120 80 0.14198923918668344
120 81 0.16790563229146996
120 95 0.08214470543241567
120 56 0.1715473179729882
120 68 0.21504150994040885
120 54 0.12908424609435276
120 83 0.11357078200225933
120 82 0.10271951575880876
120 55 0.34772518108378053
120 69 0.16029854468464616
120 51 0.1635489582703436
120 79 0.11371955753316086
120 86 0.10741729711076035
120 92 0.2801351556033305
120 93 0.2626447041091673
120 87 0.2243421666293602
120 78 0.20794896644589628
120 50 0.14927876286372116
120 52 0.0667622747070939
120 46 0.12803481272296424
120 91 0.24577590860255577
120 85 0.2381197250371166
120 84 0.1344971123517027
120 90 0.2332411935280322
120 47 0.14338945225136945
120 53 0.5017175955291142
134 76 0.2273349336819311
134 62 0.15420520945026853
134 89 0.08972104281222468
134 88 0.16293315487991897
134 63 0.09607684624969895
134 77 0.14261433844884536
134 49 0.3482742395713806
134 61 0.0964519597107664
134 75 0.4385394299051336
134 74 0.18733037473507888
134 60 0.14073859235278716
134 48 0.3417191135193677
134 64 0.14877461799430297
134 70 0.17413903049800045
134 58 0.14075319750263
134 59 0.07678896508668909
134 71 0.49937626650152206
134 65 0.06319700078194951
134 73 0.34846435435427126
134 67 0.30273449054297763
134 66 0.142295893276732
134 72 0.14761745143267302
134 57 0.3918249549565861
134 94 0.2373918861480111
134 80 0.5329780132238184
134 81 0.0015042376051236095
134 95 0.18509037907733258
134 56 0.08621280854292167
134 68 0.3359122928221973
134 54 0.16213350463961654
134 83 0.37886899548116243
134 82 0.05014650152127756
134 55 0.26046110788383914
134 69 0.1596003119651442
134 51 0.20228131509682812
134 79 0.06781662994891452
134 86 0.1950588270590281
134 92 0.13229579378121675
134 93 0.14912633681271764
134 87 0.1326881645959499
134 78 0.14269415081878173
134 50 0.18958667452959324
134 52 0.7038418907002879
134 46 0.21126257146783198
134 91 0.08474982019152466
134 85 0.12197539090569669
134 84 0.1637570527451263
134 90 0.10863486101360458
134 47 0.3399455195717112
134 53 0.570002785035874
122 76 0.14961559919433226
122 62 0.059219863745838125
122 89 0.20727214407744882
122 88 0.1337981466834729
122 63 0.23537099930317967
122 77 0.15938151010227275
122 49 0.3355159162341911
122 61 0.10119650860071236
122 75 0.09414020856259298
122 74 0.22766463964367578
122 60 0.103664923941221
122 48 0.161792764523048
122 64 0.10119079973135009
122 70 0.21872966310740175
122 58 0.13588710677883883
122 59 0.12303407507839244
122 71 0.6589792502381713
122 65 0.07650008254638582
122 73 0.07035433225626694
122 67 0.5342196676597992
122 66 0.26198015920563084
122 72 0.08124241699527684
122 57 0.5516662711585647
122 94 0.3058525545472812
122 80 0.7001578624867519
122 81 0.19022684599571835
122 95 0.07964167210000125
122 56 0.13229855056651724
122 68 0.4991769348869761
122 54 0.1035221603832762
122 83 0.38213377141337834
122 82 0.10665517486077983
122 55 0.14609607329698146
122 69 0.28231250669497887
122 51 0.25928648364383106
122 79 0.1335643569563376
122 86 0.40112972382390566
122 92 0.3432507727865993
122 93 0.3101240558271551
122 87 0.2187799025640576
122 78 0.32815004477231063
122 50 0.3783577493009367
122 52 0.14535980702513024
122 46 0.1611160354625134
122 91 0.30070454497402266
122 85 0.6880434871112691
122 84 0.19442542553352798
122 90 0.5978989361838033
122 47 0.0848766935942771
122 53 0.12449818193054316
136 76 0.029401730862199466
136 62 0.1426683971010126
136 89 0.14872701448462655
136 88 0.16434752641483885
136 63 0.17586373250964343
136 77 0.3740842562768435
136 49 0.27270528894712154
136 61 0.11452421657536437
136 75 0.07839443118153522
136 74 0.06599257477177384
136 60 0.10921951822971057
136 48 0.2490604842535743
136 64 0.07051400300533345
136 70 0.14736767226359054
136 58 0.0493392922181885
136 59 0.15725063901913097
136 71 0.0633136462182475
136 65 0.1122901071972666
136 73 0.1317528029845103
136 67 0.158776732949477
136 66 0.1022063445627726
136 72 0.15036145471008872
136 57 0.17895348101916547
136 94 0.2071296042520708
136 80 0.06895401319906547
136 81 0.5088354178414773
136 95 0.11161978343617095
136 56 0.3530695521296584
136 68 0.2855420899593772
136 54 0.11817142008661176
136 83 0.08985947256435081
136 82 0.12764453608492843
136 55 0.15370993615217635
136 69 0.10817903712279231
136 51 0.12799651924112698
136 79 0.7108592548162351
136 86 0.10904736461802562
136 92 0.19282415439263917
136 93 0.17381201950759279
136 87 0.15286197505157603
136 78 0.18421925104582276
136 50 0.13956491311911706
136 52 0.12289263867001807
136 46 0.2327685393605944
136 91 0.22140253699653142
136 85 0.16692194552894507
136 84 0.06027698539952589
136 90 0.18538227029960583
136 47 0.2837945635422854
136 53 0.05268857020594772
137 76 0.14991432022805687
137 62 0.13492275562782663
137 89 0.13698355713016494
137 88 0.24184186697047452
137 63 0.11192602892391826
137 77 0.15973348800302878
137 49 0.09696986020237472
137 61 0.13266021461254324
137 75 0.12431633208799331
137 74 0.12480288856942222
137 60 0.1052999658348801
137 48 0.09206745210835081
137 64 0.12686734768838998
137 70 0.17928425830453934
137 58 0.11472798852588045
137 59 0.14005373511980607
137 71 0.10041290422396175
137 65 0.10646640996216762
137 73 0.1418707420811351
137 67 0.2083426147128991
137 66 0.326586041293739
137 72 0.12722335988475172
137 57 0.21543337542759328
137 94 0.27817495622292576
137 80 0.10215021327712179
137 81 0.14896803708306602
137 95 0.14390599972547635
137 56 0.18765202815266097
137 68 0.3252326158276767
137 54 0.14750680265510857
137 83 0.12663343055112453
137 82 0.15393275691546546
137 55 0.12699435506313364
137 69 0.21271848678042343
137 51 0.15043872965473779
137 79 0.22441269045147103
137 86 0.08584333267654465
137 92 0.2932398540974627
137 93 0.2543751572101914
137 87 0.19429827612409203
137 78 0.24770576056906304
137 50 0.1669278545097565
137 52 0.17527223827823604
137 46 0.157441387639998
137 91 0.247886252144163
137 85 0.26409620062335704
137 84 0.12255839486576695
137 90 0.26007125345347804
137 47 0.10602885711084542
137 53 0.13073353315554112
123 76 0.15225369264590127
123 62 0.16741805679490257
123 89 0.0862795532217956
123 88 0.3014292280465542
123 63 0.051100998940329934
123 77 0.11530696643057568
123 49 0.26674756227937435
123 61 0.13107648880164696
123 75 0.10452908492585902
123 74 0.12078174582940912
123 60 0.14095943697607993
123 48 0.16074659606129085
123 64 0.12353263845100527
123 70 0.17483505537561408
123 58 0.10204323029891142
123 59 0.08890140186180491
123 71 0.48469482461431646
123 65 0.1401322827020659
123 73 0.0927819597131355
123 67 0.35449033432964355
123 66 0.18577285809420624
123 72 0.12414696292623255
123 57 0.5395708089958613
123 94 0.720139792315447
123 80 0.5223238993523304
123 81 0.12828886345728502
123 95 0.1981933197045887
123 56 0.24821415600573826
123 68 0.4125536092882792
123 54 0.12918127913923158
123 83 0.3075154759027798
123 82 0.14106819834319248
123 55 0.1183353772633875
123 69 0.2527521739264944
123 51 0.19485888954335917
123 79 0.1620237914974454
123 86 0.2916807482404697
123 92 0.3952084916800652
123 93 0.3365189651843038
123 87 0.22214932901961945
123 78 0.3387936078565824
123 50 0.2795772784404435
123 52 0.14481986959626092
123 46 0.13918245757393957
123 91 0.174163313243991
123 85 0.197960036048854
123 84 0.10267775448738752
123 90 0.23585159865413224
123 47 0.1566927863523752
123 53 0.1182463297509411
127 76 0.22601754593139878
127 62 0.13051385372788943
127 89 0.15399998660596254
127 88 0.30116828582486443
127 63 0.1436067264447413
127 77 0.14646203355213633
127 49 0.31301267654211623
127 61 0.0995754991453839
127 75 0.07867486055254298
127 74 0.12066144762776185
127 60 0.11960971538900864
127 48 0.1868199852925947
127 64 0.09673073074594303
127 70 0.23111844847964513
127 58 0.025165672072230694
127 59 0.16176767356275712
127 71 0.4683306204014113
127 65 0.08050198665766697
127 73 0.068277735847484
127 67 0.38264695049644826
127 66 0.2422253845549348
127 72 0.16442185005392523
127 57 0.4176032220696667
127 94 0.3714066421155028
127 80 0.49065840256617405
127 81 0.3004929964243783
127 95 0.19963257472220566
127 56 0.35428551213127313
127 68 0.6019987935674418
127 54 0.15930034056286047
127 83 0.10983856358829504
127 82 0.049281319603926094
127 55 0.1662607271938955
127 69 0.26989784050222787
127 51 0.33089990479287545
127 79 0.28650841213665895
127 86 0.3058837089543377
127 92 0.37137698372128425
127 93 0.33729693237179886
127 87 0.46078427121567767
127 78 0.2643307720994111
127 50 0.43618379601930224
127 52 0.14839162453143911
127 46 0.24456801915259635
127 91 0.3206109106441279
127 85 0.38121245412240023
127 84 0.12521161584683405
127 90 0.3621822367737791
127 47 0.17853093795524858
127 53 0.12165377193825984
133 76 0.09793555373264341
133 62 0.3573339961112932
133 89 0.09423003275965082
133 88 0.18706500293252584
133 63 0.15144322263475304
133 77 0.3704765273725034
133 49 0.4499398419205117
133 61 0.1332269812126415
133 75 0.14307704374465802
133 74 0.23238100874427212
133 60 0.07443733465309199
133 48 0.3265858410146515
133 64 0.1367095861538921
133 70 0.1933327836967322
133 58 0.24259919048196266
133 59 0.11323461548465658
133 71 0.3516631488702745
133 65 0.09903636387979944
133 73 0.12494793601535568
133 67 0.2863323993447814
133 66 0.13568211557080423
133 72 0.11846877777213265
133 57 0.4505020816682348
133 94 0.21751787387489901
133 80 0.37430827079792306
133 81 0.2898078835468376
133 95 0.18488913666643325
133 56 0.1929130453744919
133 68 0.3417254374104458
133 54 0.18615394557055986
133 83 0.16519291525836055
133 82 0.2831976456358817
133 55 0.10983341635957893
133 69 0.15562236683418068
133 51 0.11979473584342802
133 79 0.41383412851215134
133 86 0.1569779204236171
133 92 0.21714558429791997
133 93 0.22073438202871287
133 87 0.13303262322593443
133 78 0.2018834575761002
133 50 0.18949949481044942
133 52 0.11697674471200031
133 46 0.12873519056213267
133 91 0.23831572429729506
133 85 0.23466801571094553
133 84 0.1920984418207305
133 90 0.21942983554174827
133 47 0.3709528527641624
133 53 0.5194413293930618
132 76 0.14897306216381848
132 62 0.1699259157467268
132 89 0.2285128597044053
132 88 0.5127307797114179
132 63 0.14206820055974456
132 77 0.21731925686522413
132 49 0.106085443973577
132 61 0.13632342127261976
132 75 0.11387071211987089
132 74 0.20396389450955607
132 60 0.12997631668670337
132 48 0.10836773165114108
132 64 0.12942155709223624
132 70 0.33212175184465637
132 58 0.11418204179170295
132 59 0.08418053140453646
132 71 0.13052950880545142
132 65 0.12052296620045386
132 73 0.06377720913413898
132 67 0.37239608388634016
132 66 0.2980989803022722
132 72 0.1698202795202126
132 57 0.3076078451922651
132 94 0.6383039713395586
132 80 0.1327737108156974
132 81 0.2852012849755492
132 95 0.14176824825984385
132 56 0.44255452186112226
132 68 0.5973845894513063
132 54 0.17574522306899043
132 83 0.2992840449351932
132 82 0.04098679535353855
132 55 0.21807778580386475
132 69 0.3367509039567711
132 51 0.0950889549457737
132 79 0.20053562583077544
132 86 0.19028122356737018
132 92 0.660531976983934
132 93 0.6052384877904438
132 87 0.4441691006951757
132 78 0.3386342430466085
132 50 0.12590364663387274
132 52 0.24503001598257113
132 46 0.45801089088286656
132 91 0.5507761801246065
132 85 0.5754172777018398
132 84 0.13406196648888224
132 90 0.5776137551222889
132 47 0.14994627597707932
132 53 0.13297327230727332
126 76 0.14179847097785203
126 62 0.13454922100216715
126 89 0.19064160068290809
126 88 0.2475256651081596
126 63 0.15500452375784665
126 77 0.20908935271148008
126 49 0.2599941415857204
126 61 0.12678772247943737
126 75 0.12384415947243248
126 74 0.16027011701215804
126 60 0.1382665397846516
126 48 0.15289710775318427
126 64 0.1172750350506053
126 70 0.2006288161487891
126 58 0.13973144689239514
126 59 0.11662022752300952
126 71 0.47979243873480104
126 65 0.11963139061214693
126 73 0.12369664534808408
126 67 0.4877298748637109
126 66 0.25510465338600147
126 72 0.12354665301134249
126 57 0.47193185488759903
126 94 0.5549507299685621
126 80 0.5195541413829671
126 81 0.18529970966814172
126 95 0.06200240240038574
126 56 0.14407221555850214
126 68 0.4730648267192426
126 54 0.11193120576757411
126 83 0.4237961182405306
126 82 0.14032055064149074
126 55 0.12417079024053018
126 69 0.299919674841463
126 51 0.21372010624752
126 79 0.15962530456399418
126 86 0.24891732002426883
126 92 0.5603279884940264
126 93 0.5163968562935747
126 87 0.2849993637063827
126 78 0.37656587094335403
126 50 0.28795794572970046
126 52 0.1266647701251304
126 46 0.15945231408956073
126 91 0.5726290865157831
126 85 0.7347732226385048
126 84 0.09218757746998732
126 90 0.7249322196688588
126 47 0.09881980909601437
126 53 0.14544097603251577
118 76 0.22221009260518457
118 62 0.28639403906875105
118 89 0.13943794951820254
118 88 0.11892169409433088
118 63 0.10910293227611384
118 77 0.06988196028063987
118 49 0.40271472889866716
118 61 0.05298389739336015
118 75 0.08404558202891692
118 74 0.13604038891459233
118 60 0.08787805711966973
118 48 0.25145488585320475
118 64 0.07988751474813174
118 70 0.11791822991372578
118 58 0.3901655426089775
118 59 0.3185628013540553
118 71 0.2928153586459258
118 65 0.10714700504765992
118 73 0.09576750067200002
118 67 0.22093344803265122
118 66 0.08494728465634724
118 72 0.034001592818777376
118 57 0.3773120987417733
118 94 0.10709522303953194
118 80 0.31503398973688695
118 81 0.4844601255665993
118 95 0.13384727325139495
118 56 0.3915606894450324
118 68 0.24507555999179095
118 54 0.09166793092277052
118 83 0.20546038289561613
118 82 0.12671726982436105
118 55 0.15863428933392323
118 69 0.16747607675816745
118 51 0.23403784894814517
118 79 0.3123670433697642
118 86 0.15504496131582748
118 92 0.11550703873291379
118 93 0.1134973056170741
118 87 0.26136879252630957
118 78 0.1231829305078672
118 50 0.35345031681412853
118 52 0.11893984723836441
118 46 0.25029336448119577
118 91 0.13381631489810128
118 85 0.15405639919757086
118 84 0.2356103439054823
118 90 0.14258720720355672
118 47 0.4549665869833396
118 53 0.398070727669159
130 76 0.0785585538684778
130 62 0.13609820993388466
130 89 0.14166966882109672
130 88 0.35887906808209
130 63 0.1426633931230273
130 77 0.15417643828934233
130 49 0.1254432695509975
130 61 0.10382338376038835
130 75 0.11228100312686026
130 74 0.05891933085017567
130 60 0.08055945510858831
130 48 0.10635555566916671
130 64 0.13570142986740635
130 70 0.2297428175581669
130 58 0.07765037708917688
130 59 0.10038395158005059
130 71 0.1266743163489112
130 65 0.08402194484384778
130 73 0.10939443578773086
130 67 0.24784864968524836
130 66 0.23942070810425226
130 72 0.11640914751498933
130 57 0.11699321727193164
130 94 0.36451865073425743
130 80 0.12638568273209366
130 81 0.22193883689477678
130 95 0.15049219750069778
130 56 0.24491077021573876
130 68 0.3137205791487538
130 54 0.17496841889234221
130 83 0.27002517548936256
130 82 0.11678134794215705
130 55 0.1315210050758391
130 69 0.2272482310321072
130 51 0.06524283136321593
130 79 0.18106349358800305
130 86 0.05470798500135829
130 92 0.3681816753799399
130 93 0.3376347140636763
130 87 0.2268928460528582
130 78 0.21979126725437087
130 50 0.09847772883402758
130 52 0.1490338421136804
130 46 0.3433328923148733
130 91 0.2712061061574081
130 85 0.3225510394635447
130 84 0.14770018197194612
130 90 0.3125897051127902
130 47 0.14326628533353036
130 53 0.1457032348925149
124 76 0.13345295588894657
124 62 0.18147003586170385
124 89 0.08977583255971798
124 88 0.412545777159912
124 63 0.03133482627571521
124 77 0.048279935128200835
124 49 0.21455755892942074
124 61 0.1109569674277036
124 75 0.10027016621979883
124 74 0.11425875238720795
124 60 0.1128278423761659
124 48 0.13168732029407998
124 64 0.12117934802787475
124 70 0.191882683083195
124 58 0.1523015473193209
124 59 0.08929985434824861
124 71 0.39466600195791784
124 65 0.09750644894897649
124 73 0.11313720949904217
124 67 0.3478898984683524
124 66 0.1914224477584113
124 72 0.17071681330804914
124 57 0.35249845730158913
124 94 0.3038963036174059
124 80 0.42255953076414476
124 81 0.15095260469030794
124 95 0.3224338199447913
124 56 0.1970235074722239
124 68 0.3925014618699234
124 54 0.12419194279796923
124 83 0.37123770628522024
124 82 0.09436352149928505
124 55 0.09614550021539084
124 69 0.29554785638586667
124 51 0.14740880425877373
124 79 0.11351732949605882
124 86 0.15950745089815774
124 92 0.38345335362321586
124 93 0.3213527601139825
124 87 0.252765876746522
124 78 0.32093970355547563
124 50 0.2070972126683157
124 52 0.19003410134806464
124 46 0.14128653256293866
124 91 0.9263241391950136
124 85 0.273481930797539
124 84 0.06644694221559805
124 90 0.2934054045159693
124 47 0.21020622120799115
124 53 0.14772086271660934
125 76 0.12263900106820994
125 62 0.18248324349157433
125 89 0.1950132897158446
125 88 0.3054940345307685
125 63 0.14545147078771825
125 77 0.10441654604990651
125 49 0.23422640996976932
125 61 0.09481384466074436
125 75 0.12356099187701575
125 74 0.12129086252703287
125 60 0.11221296000178836
125 48 0.14103811805905403
125 64 0.09404258482956063
125 70 0.21792274718132176
125 58 0.0851698298444081
125 59 0.09142544292283164
125 71 0.4007543404347973
125 65 0.11893088847098217
125 73 0.1384414037144459
125 67 0.47535527289654983
125 66 0.24024195337101517
125 72 0.05784271897479304
125 57 0.4177224514947909
125 94 0.31176623559964833
125 80 0.4363571437102315
125 81 0.19194528342610132
125 95 0.11322341441315498
125 56 0.46866208328445
125 68 0.603924267224062
125 54 0.10043802826335824
125 83 0.421781388565604
125 82 0.1095968882112051
125 55 0.15965768928408458
125 69 0.29392071777367834
125 51 0.16907772580695563
125 79 0.13687561407875432
125 86 0.23202286024648036
125 92 0.31833792618056644
125 93 0.2732242079321885
125 87 0.28304140063888117
125 78 0.34621622256743945
125 50 0.24754660338475595
125 52 0.009488283469777814
125 46 0.13350623538359435
125 91 0.41201746820056
125 85 0.37700688257924053
125 84 0.13066633284898987
125 90 0.3587921697450576
125 47 0.09206394316740545
125 53 0.09816074719681396
131 76 0.12881305975803126
131 62 0.21364642800424669
131 89 0.23912706117137103
131 88 0.6069692297186744
131 63 0.1408231081079247
131 77 0.058795564151081836
131 49 0.06178473419203359
131 61 0.07360476869812455
131 75 0.07674844316590032
131 74 0.22258155654999523
131 60 0.1466149195757231
131 48 0.13951326609102574
131 64 0.12599183674447728
131 70 0.3579043184651136
131 58 0.7457616684788281
131 59 0.23937794613350039
131 71 0.0891465742452249
131 65 0.11724259621149305
131 73 0.06697613382578257
131 67 0.39496579149049704
131 66 0.28890361673546605
131 72 0.0768250865651249
131 57 0.5926721975694662
131 94 0.5290798924017805
131 80 0.09463959159129587
131 81 0.32830248795863787
131 95 0.09653299805708641
131 56 0.22572033019188106
131 68 0.5297301532416527
131 54 0.18027943645424682
131 83 0.09695016312178778
131 82 0.05302420383590831
131 55 0.17502535239807374
131 69 0.3643466076285181
131 51 0.09815369553362158
131 79 0.14782498200088828
131 86 0.17583822933658216
131 92 0.5546824898161861
131 93 0.5038473130744796
131 87 0.5539360887794227
131 78 0.31233975280629095
131 50 0.02034130835434983
131 52 0.08547769254007753
131 46 0.22136762473567698
131 91 0.5543474445146914
131 85 0.49774966927506353
131 84 0.09020198248315107
131 90 0.49252169889189223
131 47 0.1880647516009736
131 53 0.06282805242834416
119 76 0.10926438404430576
119 62 0.21852206602543697
119 89 0.15588801414662629
119 88 0.31455610718023796
119 63 0.10608713245664492
119 77 0.48004048859661713
119 49 0.1343241819174119
119 61 0.2930373662083779
119 75 0.15795465761252123
119 74 0.2205151427005918
119 60 0.14449373349498973
119 48 0.17874209758771906
119 64 0.11356467399401508
119 70 0.3226376847049466
119 58 0.5650772755879232
119 59 0.08118443709860365
119 71 0.1778293994795971
119 65 0.10213833230696491
119 73 0.09317434770355494
119 67 0.1945576226962945
119 66 0.16464136508463995
119 72 0.10125941405902654
119 57 0.20185639895557295
119 94 0.214720398749967
119 80 0.17696874861568448
119 81 0.0
119 95 0.07299728968898461
119 56 0.22897492461005672
119 68 0.28088715946957693
119 54 0.10020424656276378
119 83 0.15645919089200203
119 82 0.09658720665455889
119 55 0.24325371474611654
119 69 0.17315480921226709
119 51 0.13973232482037812
119 79 0.536626137509882
119 86 0.2447834903200097
119 92 0.2310860619190544
119 93 0.22573968448477535
119 87 0.22640081805226198
119 78 0.1633882128930247
119 50 0.04174450037307209
119 52 0.16276348322136305
119 46 0.18219570084503883
119 91 0.2481982055255328
119 85 0.2603353065724621
119 84 0.17553982634629078
119 90 0.23170485985275888
119 47 0.15519705716591126
119 53 0.12928901240780002
