114 76 0.16428479345197144
114 62 0.2249069535314122
114 89 0.1587085332805364
114 88 0.3235127999133714
114 63 0.19459922273740735
114 77 0.052529063464332365
114 49 0.11196562734615513
114 61 0.05241445021627705
114 75 0.0806376866204776
114 74 0.22126526422581932
114 60 0.07790575395353369
114 48 0.12149998024050356
114 64 0.14742478619502464
114 70 0.3271821438088399
114 58 0.5558579846525605
114 59 0.13014131136237617
114 71 0.12351496547828895
114 65 0.0632840510124218
114 73 0.07598886202911906
114 67 0.3144927714102407
114 66 0.2743686770908831
114 72 0.12804883731616104
114 57 0.3300458704047677
114 94 0.4026385095865273
114 80 0.12543309592199126
114 81 0.2946302432192772
114 95 0.13015792814102245
114 56 0.20002483300269291
114 68 0.5122085311217598
114 54 0.15255901822619664
114 83 0.09767943987223868
114 82 0.025652498891376413
114 55 0.24017996078817372
114 69 0.37918564979023184
114 51 0.08372796300607074
114 79 0.1311315726811354
114 86 0.08999791293094407
114 92 0.4218497718423901
114 93 0.3652045950685402
114 87 0.30084020739668804
114 78 0.31272426562071465
114 50 0.11906111224687803
114 52 0.07076206450599384
114 46 0.19180744639430594
114 91 0.3640701692495198
114 85 0.38358032913681595
114 84 0.051480103661087656
114 90 0.3861839070691095
114 47 0.20648182735591147
114 53 0.10167415110933017
100 76 0.10086736574604686
100 62 0.13229362548022588
100 89 0.10051253925828418
100 88 0.16820461078595436
100 63 0.2686920219347268
100 77 0.07942373135079048
100 49 0.21492381681852354
100 61 0.07441676668403907
100 75 0.07760620283645153
100 74 0.10321881209801223
100 60 0.07569827135062662
100 48 0.1454340380695736
100 64 0.16285978382070204
100 70 0.18618018324271507
100 58 0.1728940802596688
100 59 0.09797602111914529
100 71 0.40474158441529057
100 65 0.07419148708499809
100 73 0.05493969101522886
100 67 0.3042933144155668
100 66 0.16653773464951666
100 72 0.07048317807907634
100 57 0.33834943994667527
100 94 0.2075445427758966
100 80 0.42984563549074045
100 81 0.14743044415555473
100 95 0.11004460200165735
100 56 0.1914493578192807
100 68 0.3916623586595164
100 54 0.1426748915066385
100 83 0.10606486505900184
100 82 0.09657112004869177
100 55 0.25484027054609665
100 69 0.22384751055336372
100 51 0.14852766817171487
100 79 0.0866501614322179
100 86 0.20605990606942065
100 92 0.2098003446689205
100 93 0.1942412312644159
100 87 0.1734156046917879
100 78 0.1993421766311134
100 50 0.2362557904116434
100 52 0.06618547197982588
100 46 0.19557158811263417
100 91 0.20642462398088837
100 85 0.21495287292739707
100 84 0.08624693485466495
100 90 0.20483688256371183
100 47 0.12147090962175681
100 53 0.0770336818980202
128 76 0.13106809471504302
128 62 0.11510055013198388
128 89 0.19521120609637463
128 88 0.4048180847618759
128 63 0.1413512256093919
128 77 0.1073338172907992
128 49 0.11309824902600332
128 61 0.09562681627891682
128 75 0.07926999433662138
128 74 0.08942133891130175
128 60 0.08984311216597082
128 48 0.1191244711802252
128 64 0.14368887088922452
128 70 0.3255499528498722
128 58 0.11172911712314203
128 59 0.10049998867778764
128 71 0.12162119144219877
128 65 0.06177203686794372
128 73 0.0970527904890908
128 67 0.40332096413150986
128 66 0.3178118500458329
128 72 0.11499670036511304
128 57 0.24459607435649816
128 94 0.550401558575529
128 80 0.12611883163353765
128 81 0.3068741023011833
128 95 0.18142126817762563
128 56 0.3074260079056378
128 68 0.672146644748866
128 54 0.190194603632303
128 83 0.09254148791948082
128 82 0.08065301623613219
128 55 0.19796847224219707
128 69 0.3824453582271723
128 51 0.11594745272532875
128 79 0.1981155765528564
128 86 0.09102855990388029
128 92 0.5676225443271202
128 93 0.48804301158182756
128 87 0.42320776981343033
128 78 0.381087750269528
128 50 0.14487619388834427
128 52 0.12596641229498862
128 46 0.23676416253563193
128 91 0.4450986411733563
128 85 0.4880254523301752
128 84 0.08753603647985136
128 90 0.4947968104565105
128 47 0.19683058805675732
128 53 0.07555586923685031
129 76 0.07745209711257495
129 62 0.2789234411281265
129 89 0.23115503316694563
129 88 0.5776926895428638
129 63 0.22489422821109026
129 77 0.10045200902188481
129 49 0.1410621575490214
129 61 0.09163886313719317
129 75 0.06263305691299367
129 74 0.1590853746625598
129 60 0.06200992578049114
129 48 0.22342840570557734
129 64 0.2695037543508807
129 70 0.4690108245403549
129 58 0.7462418227345349
129 59 0.08250283001953443
129 71 0.17501079136325856
129 65 0.09429698270462708
129 73 0.07140307298023765
129 67 0.5627500797361884
129 66 0.44110429817049346
129 72 0.08480306328147877
129 57 0.6864146943340321
129 94 0.7485361100108283
129 80 0.19021665181987324
129 81 0.4298958285442913
129 95 0.1863811110244619
129 56 0.3586502157787391
129 68 0.8904057709500841
129 54 0.3390581445372314
129 83 0.1088558792312983
129 82 0.34976175670130716
129 55 0.23077980292913908
129 69 0.5847742529892843
129 51 0.11775860223928289
129 79 0.19553536115475345
129 86 0.09256199692100726
129 92 0.7761874074140249
129 93 0.6740829673931774
129 87 0.4907589636997911
129 78 0.5390246390795763
129 50 0.08859512457319246
129 52 0.07956603514511465
129 46 0.35304019861347524
129 91 0.6550640211614502
129 85 0.6493773804978259
129 84 0.10942339806087657
129 90 0.6558209094291894
129 47 0.33321278400354704
129 53 0.12950079273387086
101 76 0.05829447211504876
101 62 0.1431266574830447
101 89 0.14199102369919553
101 88 0.18872883290641806
101 63 0.09776770570640703
101 77 0.13343255230336648
101 49 0.1378833119886254
101 61 0.09068656938457981
101 75 0.07437937560476263
101 74 0.058102901655550404
101 60 0.07392380722957936
101 48 0.10233682721345316
101 64 0.09450455836309544
101 70 0.13309380971281382
101 58 0.10449361314616226
101 59 0.11814948797726019
101 71 0.19027057359217528
101 65 0.08237325611317292
101 73 0.08632847130354043
101 67 0.2249243088718817
101 66 0.15249956871486753
101 72 0.06627094182222434
101 57 0.24889053310805806
101 94 0.22307954694070825
101 80 0.20904959211150304
101 81 0.17386789206433637
101 95 0.027555992443814292
101 56 0.18986048930934
101 68 0.29182448644062026
101 54 0.07700317868332163
101 83 0.07915815592712605
101 82 0.11543544700524343
101 55 0.12253650565279174
101 69 0.15862197972260272
101 51 0.11572209062021128
101 79 0.16914807824542566
101 86 0.13854520560810452
101 92 0.22818417281467002
101 93 0.20371315410569957
101 87 0.174278465989205
101 78 0.18111536327342115
101 50 0.1457451052135072
101 52 0.05972141567534536
101 46 0.147327540036177
101 91 0.2538651658395863
101 85 0.19634604848909093
101 84 0.09922934380342101
101 90 0.20189403129767547
101 47 0.06232672478288395
101 53 0.061921679119317896
115 76 0.07317178750922515
115 62 0.06243206962997189
115 89 0.11587806299750612
115 88 0.10964151961699513
115 63 0.06288825494934153
115 77 0.08622939372371083
115 49 0.06612952537748934
115 61 0.07913860245253793
115 75 0.08623046727773631
115 74 0.1744657036678417
115 60 0.07371976798220004
115 48 0.08322461944000964
115 64 0.15576829182769386
115 70 0.08761933000189331
115 58 0.09341317585964463
115 59 0.10288189544019836
115 71 0.1077025004207267
115 65 0.05873996791425762
115 73 0.04094048793967053
115 67 0.13610111378965434
115 66 0.246675074419233
115 72 0.16439586960589003
115 57 0.10368506141890126
115 94 0.2098653467644024
115 80 0.1084718010553501
115 81 0.09521004205558428
115 95 0.10588704382381012
115 56 0.24393452267371896
115 68 0.19868691432009045
115 54 0.12342258632223507
115 83 0.1641997403903964
115 82 0.10350606139352458
115 55 0.15524204735955582
115 69 0.1281013606220715
115 51 0.11409036006748619
115 79 0.10296782455902348
115 86 0.10083401464592195
115 92 0.21350272758563782
115 93 0.19958662206193317
115 87 0.1608242618270807
115 78 0.13012577722570656
115 50 0.08093822961811839
115 52 0.6329353236571036
115 46 0.45218590550394905
115 91 0.185433599693449
115 85 0.1973965664836534
115 84 0.06386386491712262
115 90 0.202953840780004
115 47 0.2886745185392734
115 53 0.24179956542100658
103 76 0.0781015628009597
103 62 0.21257892395642175
103 89 0.11749073105686125
103 88 0.2089665351225744
103 63 0.13153796238224902
103 77 0.11466673471819142
103 49 0.10098284402001403
103 61 0.08976254017319976
103 75 0.08492389105411136
103 74 0.09545656998881442
103 60 0.06656965728730477
103 48 0.10666670252679561
103 64 0.12222379131593435
103 70 0.3146741426871847
103 58 0.7856710624035287
103 59 0.1132016194819912
103 71 0.11798706374708304
103 65 0.09360220445975041
103 73 0.0902624075436705
103 67 0.2580010812700477
103 66 0.3410496510473646
103 72 0.09383054671898644
103 57 0.38460269303050243
103 94 0.2787973470618461
103 80 0.12153883614572322
103 81 0.25344555872971347
103 95 0.12018774880968043
103 56 0.17743645283554277
103 68 0.48471447673068496
103 54 0.1254269283470753
103 83 0.0919320622735754
103 82 0.14802865851582056
103 55 0.110581731267621
103 69 0.3560436441697797
103 51 0.07187769045960546
103 79 0.09422349746039854
103 86 0.07005123851003989
103 92 0.2751920924425907
103 93 0.2524647348399891
103 87 0.16111145923299208
103 78 0.2901326419650739
103 50 0.09707913148523838
103 52 0.07447396663023556
103 46 0.17100528701035353
103 91 0.25417745115471685
103 85 0.2301574693054994
103 84 0.10556808180637806
103 90 0.2354725358428295
103 47 0.14391772288507737
103 53 0.09485805717114607
117 76 0.19695062925573023
117 62 0.24056872822032987
117 89 0.08426576953232873
117 88 0.10966358887875673
117 63 0.1192134851397459
117 77 0.3068255923105797
117 49 0.20829003177809488
117 61 0.10896398089021937
117 75 0.485544698764392
117 74 0.3372729150560997
117 60 0.07589703376055615
117 48 0.3686785694414176
117 64 0.1789412156090609
117 70 0.24458230017058635
117 58 0.6050598739382937
117 59 0.07690665318588166
117 71 0.11187840997677297
117 65 0.06848496684285849
117 73 0.3806185008538762
117 67 0.17340820920408911
117 66 0.12294273671598166
117 72 0.15098987546522952
117 57 0.2594488444444437
117 94 0.24966830294676062
117 80 0.11266012425199033
117 81 0.23434917718491113
117 95 0.16329520411684156
117 56 0.2478717518008694
117 68 0.30217074158384105
117 54 0.14383867759498922
117 83 0.5285565095518259
117 82 0.11727038462718983
117 55 0.1536798465145427
117 69 0.2996713707265913
117 51 0.15190359933100134
117 79 0.3381744844367847
117 86 0.05386053065590138
117 92 0.25449946989658334
117 93 0.22970724940476162
117 87 0.26968773840843663
117 78 0.3030171615775752
117 50 0.05854036736075022
117 52 0.09267511587822175
117 46 0.32670978474865414
117 91 0.24699297940660264
117 85 0.23748147742967451
117 84 0.11447664155421317
117 90 0.24921430011905069
117 47 0.11416299596931105
117 53 0.08804524883476857
116 76 0.1050481844430668
116 62 0.24248599301608864
116 89 0.15850811208655435
116 88 0.39300050691064214
116 63 0.14890851533472327
116 77 0.07584488423915511
116 49 0.10316410902835534
116 61 0.13332020138951178
116 75 0.08094326529096463
116 74 0.08679213330615618
116 60 0.08307334014809198
116 48 0.10871256440925488
116 64 0.15138780228872006
116 70 0.5005400478368214
116 58 0.7935193785799652
116 59 0.1581799801525195
116 71 0.0906777177450526
116 65 0.07908915109259654
116 73 0.07538514775091054
116 67 0.3850823121294157
116 66 0.3732623700431058
116 72 0.09859784669808104
116 57 0.5245112233136531
116 94 0.5257618845719078
116 80 0.09644419237315485
116 81 0.37867299190195536
116 95 0.12279355867773013
116 56 0.35798619617453786
116 68 0.6458689819551539
116 54 0.14703659571166328
116 83 0.25054405533575086
116 82 0.38945792020641534
116 55 0.23454957472341476
116 69 0.4430081005656157
116 51 0.06295736018571182
116 79 0.1424488417548526
116 86 0.10079801630185299
116 92 0.5170814034973563
116 93 0.47418296173567903
116 87 0.27930220119341564
116 78 0.3871147949826338
116 50 0.11288008303452499
116 52 0.04555385299922729
116 46 0.3587271910475053
116 91 0.4478035675344494
116 85 0.4104469958393403
116 84 0.14180084605559873
116 90 0.42039482741267786
116 47 0.1711364260002364
116 53 0.06238734211209926
102 76 0.08962275196533498
102 62 0.1403610781975692
102 89 0.10745782315834444
102 88 0.12869573653790237
102 63 0.1125740052145785
102 77 0.08906741494322074
102 49 0.09342290823696082
102 61 0.06724817778005804
102 75 0.07591054967063515
102 74 0.06872134560471743
102 60 0.08727644706626186
102 48 0.08884333957565253
102 64 0.08475218081842831
102 70 0.20068126600434355
102 58 0.4483873912550992
102 59 0.09329732223112656
102 71 0.11412628336818119
102 65 0.05848942544878313
102 73 0.07266262629300232
102 67 0.14403801540254624
102 66 0.11544664696830437
102 72 0.09622430564978887
102 57 0.20583556342916232
102 94 0.1326095018258457
102 80 0.11920331594444994
102 81 0.1450951643274475
102 95 0.07163493168968568
102 56 0.11602538481461856
102 68 0.2381607799827166
102 54 0.09122370187185327
102 83 0.10069689491279023
102 82 0.04547099447735492
102 55 0.1167370466683888
102 69 0.18383769007287634
102 51 0.0759427113503304
102 79 0.09380918919914367
102 86 0.0989976849110599
102 92 0.1330685056547546
102 93 0.12951008523434093
102 87 0.12395098036013245
102 78 0.12870581510990103
102 50 0.08853135050744534
102 52 0.07182212246140693
102 46 0.1025243467172528
102 91 0.13256371156265778
102 85 0.1347424665530283
102 84 0.06770636405869213
102 90 0.1333253826862724
102 47 0.1338822782595394
102 53 0.08498144852359546
106 76 0.1121180678989467
106 62 0.1287240442405679
106 89 0.098079683970023
106 88 0.18340459630903297
106 63 0.07790359443301051
106 77 0.06232736182003132
106 49 0.09709813466439292
106 61 0.08796179227032618
106 75 0.06663666191231318
106 74 0.08061329130337555
106 60 0.0835283161668027
106 48 0.10898929668888664
106 64 0.1019864505295324
106 70 0.2235819853072719
106 58 0.46313039303490167
106 59 0.1095286645389397
106 71 0.10906361196421643
106 65 0.06858981145324988
106 73 0.07017408551250442
106 67 0.18248715002426025
106 66 0.15760151644050888
106 72 0.1661341480443077
106 57 0.24414815519662214
106 94 0.1853146750685801
106 80 0.10845117400153542
106 81 0.18307376590325103
106 95 0.12478737389424337
106 56 0.17438532903434684
106 68 0.31897139722377477
106 54 0.11372890192325409
106 83 0.0788669495873128
106 82 0.09730552343792802
106 55 0.1850312338267704
106 69 0.24971058202495242
106 51 0.09122503593364496
106 79 0.12030573926905822
106 86 0.09697528601801882
106 92 0.20297846553267992
106 93 0.18562427404905274
106 87 0.182987158894741
106 78 0.19275350688213608
106 50 0.07600505676652591
106 52 0.09016113053465387
106 46 0.118058667461232
106 91 0.13093463205965977
106 85 0.19423772224884778
106 84 0.07406358639575175
106 90 0.19428026925790665
106 47 0.16760801382573048
106 53 0.09647712318798
112 76 0.10141785895462482
112 62 0.19713853051707686
112 89 0.13755413338880673
112 88 0.235494565174306
112 63 0.1341650545586485
112 77 0.08189146278116707
112 49 0.0880992578580286
112 61 0.07890552438179943
112 75 0.0777546247431889
112 74 0.08799460227108868
112 60 0.0778009053086566
112 48 0.10501115856570925
112 64 0.13176452169858482
112 70 0.277244907912232
112 58 0.6328819822908052
112 59 0.11508260209249364
112 71 0.10047162901205192
112 65 0.08503269865605262
112 73 0.06955181926859166
112 67 0.23991604615588605
112 66 0.20357504869411003
112 72 0.07832948446780821
112 57 0.35587050829626604
112 94 0.2517933814092024
112 80 0.1064141739409539
112 81 0.22001211863851713
112 95 0.10789601485031047
112 56 0.24269721366230446
112 68 0.4407724541628184
112 54 0.12961660660941893
112 83 0.10679415787000975
112 82 0.0912449396403727
112 55 0.2946620821481768
112 69 0.33042755321917905
112 51 0.08034064756126463
112 79 0.12018832226991373
112 86 0.09663757402703017
112 92 0.2686361252196041
112 93 0.23870586197954205
112 87 0.20471733374613996
112 78 0.27096997606891104
112 50 0.0875764513290272
112 52 0.08158942611492867
112 46 0.1577001413893443
112 91 0.24321548999717513
112 85 0.2293808397529065
112 84 0.05414490874940214
112 90 0.2333587421609012
112 47 0.1554388473649912
112 53 0.08003683312755114
113 76 0.10421775655461295
113 62 0.23973038978817657
113 89 0.20235093573453153
113 88 0.5205717581138827
113 63 0.18652879088349464
113 77 0.14712915044514868
113 49 0.13325464904661705
113 61 0.096258376291561
113 75 0.07735555353880741
113 74 0.05922936662053349
113 60 0.06895817054287123
113 48 0.14609884215223795
113 64 0.18933445667576684
113 70 0.4726393347369327
113 58 0.5431994488559587
113 59 0.10809346234433952
113 71 0.15618531150027387
113 65 0.07536633376390892
113 73 0.0850555373803536
113 67 0.48384258633908855
113 66 0.402037211055999
113 72 0.10721315572433668
113 57 0.43320441140568255
113 94 0.6644591571119531
113 80 0.16170955989231525
113 81 0.3887227972876498
113 95 0.19170282692586108
113 56 0.4296459298550837
113 68 0.7980796398034733
113 54 0.2279447641372593
113 83 0.22477791757574273
113 82 0.18300592950624456
113 55 0.2815506082492556
113 69 0.5466532662892234
113 51 0.0833158090129715
113 79 0.2145697847179159
113 86 0.07567080471965679
113 92 0.6800288738668816
113 93 0.5926576943659958
113 87 0.40334984720648115
113 78 0.5039447238560102
113 50 0.13831651338010192
113 52 0.08472081487349961
113 46 0.40149133424373024
113 91 0.5346338925685827
113 85 0.5667813302662666
113 84 0.13317406835911846
113 90 0.5723601711114406
113 47 0.23235825059488496
113 53 0.09201366087131595
107 76 0.08970028342888817
107 62 0.12907451457015978
107 89 0.08533951043338558
107 88 0.1620843532255465
107 63 0.08191032146296978
107 77 0.059871221727156615
107 49 0.09337636856040823
107 61 0.07217326610988659
107 75 0.06304393641183106
107 74 0.051867634250092914
107 60 0.08827476782667262
107 48 0.07389813627726491
107 64 0.08244966768740969
107 70 0.10375745131213687
107 58 0.03536409884049238
107 59 0.0952883012034268
107 71 0.08769793393967475
107 65 0.07306393128408187
107 73 0.08077563930078502
107 67 0.16947951348006618
107 66 0.20471298271452054
107 72 0.044112819555897964
107 57 0.14095369227540033
107 94 0.11028137182707436
107 80 0.09199161334836428
107 81 0.08257729794335383
107 95 0.09565687513079285
107 56 0.4959601626309173
107 68 0.4165576428477626
107 54 0.06613733734387434
107 83 0.10595059213629901
107 82 0.06779637542697267
107 55 0.10909053848362593
107 69 0.10988903293177253
107 51 0.05167850893370954
107 79 0.09054680760821598
107 86 0.08259511799888547
107 92 0.12137841423923747
107 93 0.13578096736216347
107 87 0.12635008209671228
107 78 0.10039963485897116
107 50 0.08763588049832959
107 52 0.05256085961238141
107 46 0.09505497117061117
107 91 0.08760239257100055
107 85 0.10758711565432215
107 84 0.07228339140798257
107 90 0.10788858757760543
107 47 0.04352689973448612
107 53 0.05172751228824313
139 76 0.16315484766620744
139 62 0.09571410295343746
139 89 0.1265833590681878
139 88 0.26558330024026006
139 63 0.11299306370588852
139 77 0.08501064468057759
139 49 0.09796872629777822
139 61 0.13473853073172953
139 75 0.06962606907789556
139 74 0.12903680623855737
139 60 0.08544193394908481
139 48 0.08867987588116642
139 64 0.10685389067283249
139 70 0.23086265901167113
139 58 0.09918101673526425
139 59 0.148848884664748
139 71 0.11173271108574381
139 65 0.08021604874614946
139 73 0.06729769109329198
139 67 0.2298825611227462
139 66 0.32986428509180415
139 72 0.08231319787475574
139 57 0.2520493885432051
139 94 0.3454106059832659
139 80 0.11433403520486099
139 81 0.1650296258428453
139 95 0.08572053039307798
139 56 0.16562880032101424
139 68 0.35660119299835114
139 54 0.13478021286260958
139 83 0.0911696245058604
139 82 0.11972860867000217
139 55 0.12588866898401838
139 69 0.21784385080129262
139 51 0.09211177715542103
139 79 0.13875429987927052
139 86 0.1028725933240258
139 92 0.3577694419387184
139 93 0.31910631963523944
139 87 0.23718116569286235
139 78 0.2241439322528272
139 50 0.10756974749785446
139 52 0.11623619988975822
139 46 0.1762746275529535
139 91 0.29825742273925493
139 85 0.3175428086857819
139 84 0.07603812765546447
139 90 0.31601097005119766
139 47 0.11925030902124716
139 53 0.08045861208608021
111 76 0.12783642570288026
111 62 0.26145027520354447
111 89 0.22901443342768837
111 88 0.4447920371931714
111 63 0.18322988446397395
111 77 0.09795910886310569
111 49 0.09687906224953385
111 61 0.07841560091065111
111 75 0.08692974494205158
111 74 0.12085682687784546
111 60 0.08167813647248864
111 48 0.13156739771331036
111 64 0.1891900728842729
111 70 0.5274845228695656
111 58 0.6823044447842628
111 59 0.16354651230744321
111 71 0.11663994237268674
111 65 0.08138851521702045
111 73 0.0838266617231895
111 67 0.5278765154962204
111 66 0.4169270397143535
111 72 0.0829296098963225
111 57 0.516194451653766
111 94 0.5957793228935073
111 80 0.12471993530904499
111 81 0.33615685651978955
111 95 0.16359227406249038
111 56 0.3654512615325263
111 68 0.8902610016238907
111 54 0.19811520156944626
111 83 0.11358888866379059
111 82 0.13926573644728485
111 55 0.3580132346636832
111 69 0.6611236746386118
111 51 0.09036278197566815
111 79 0.18264821470708825
111 86 0.06078127556658941
111 92 0.6202843046644273
111 93 0.5374162891141898
111 87 0.4143184783349878
111 78 0.6393830471030744
111 50 0.13696388271161924
111 52 0.08308407621002914
111 46 0.24445832226536682
111 91 0.548871871196996
111 85 0.5029539454007599
111 84 0.07685489657983585
111 90 0.5179237485700936
111 47 0.2326189638330059
111 53 0.08202241653047945
105 76 0.0993609896967637
105 62 0.12199153028131861
105 89 0.10566176875237948
105 88 0.19936910142930978
105 63 0.09494777794684248
105 77 0.08248463658124935
105 49 0.1899604420262028
105 61 0.08711936948813884
105 75 0.07291557913556762
105 74 0.10851886795491353
105 60 0.08823956234009797
105 48 0.14649436620053574
105 64 0.11517485129217298
105 70 0.18908640634658894
105 58 0.13711768591218493
105 59 0.12425491300589162
105 71 0.341240519657255
105 65 0.08060133654879878
105 73 0.07421077213620145
105 67 0.32166536254945377
105 66 0.24466211779986652
105 72 0.08887241124070491
105 57 0.38512163262535154
105 94 0.2431717490365033
105 80 0.3607644687355722
105 81 0.14609144817212721
105 95 0.12133372762378719
105 56 0.34502586612805186
105 68 0.5153251570560289
105 54 0.12442538265638493
105 83 0.17654509071741514
105 82 0.11135966307829483
105 55 0.12470473335072367
105 69 0.25413534122253917
105 51 0.14378454314712794
105 79 0.13146883856464525
105 86 0.19844796094848896
105 92 0.2423060086101778
105 93 0.21853912321950714
105 87 0.2118864852227605
105 78 0.2579380460098692
105 50 0.1793040812653885
105 52 0.07245108053853797
105 46 0.13922615682503395
105 91 0.21188061470480557
105 85 0.24227453933543214
105 84 0.08916426380088749
105 90 0.23639629616552651
105 47 0.14784898579443337
105 53 0.08278756419347144
104 76 0.0968242756404924
104 62 0.19066518220001355
104 89 0.08792984054594805
104 88 0.1804324157631808
104 63 0.13364895390800818
104 77 0.06509018287843302
104 49 0.10872597978550005
104 61 0.07912048341959621
104 75 0.08297448037648361
104 74 0.08417827008800263
104 60 0.07720240622177929
104 48 0.11472969561899206
104 64 0.11308346297393046
104 70 0.30290547937033685
104 58 0.835014418946044
104 59 0.0845276608881586
104 71 0.12079147943638086
104 65 0.05978547086622704
104 73 0.0834250239996232
104 67 0.18688600566616598
104 66 0.1604886059615897
104 72 0.1203055929929949
104 57 0.3244908702747109
104 94 0.2016018858964143
104 80 0.12050060412891461
104 81 0.238387156742522
104 95 0.12143256903303358
104 56 0.13181447942755925
104 68 0.36474437827464834
104 54 0.12575469791353455
104 83 0.08047235807226627
104 82 0.06421173571573702
104 55 0.2018408728367464
104 69 0.32342263719333014
104 51 0.0680258385017306
104 79 0.09720505852933939
104 86 0.07425022643154047
104 92 0.20974705758134896
104 93 0.19243449391931905
104 87 0.15131382063973586
104 78 0.21346473452806874
104 50 0.09446480954423173
104 52 0.07113631449790708
104 46 0.11730181459747913
104 91 0.1594627271772613
104 85 0.1901714808973369
104 84 0.0904568719304604
104 90 0.189684599184797
104 47 0.1775223636135829
104 53 0.09787620824213987
110 76 0.019152015926229893
110 62 0.23783849550899747
110 89 0.2309433438222816
110 88 0.42229449554005993
110 63 0.09289559316000885
110 77 0.28135335119333116
110 49 0.09140177720172218
110 61 0.08374946150591991
110 75 0.08833215109539307
110 74 0.10405612155551248
110 60 0.12355672114032065
110 48 0.14458104489363705
110 64 0.12741300475624032
110 70 0.2676019532828732
110 58 0.44336309736437457
110 59 0.0840109022382525
110 71 0.22079882734436293
110 65 0.09877806700543847
110 73 0.07982324502940416
110 67 0.2603272911371156
110 66 0.21682003756660106
110 72 0.19622885944100293
110 57 0.30794640838430154
110 94 0.33080615302643784
110 80 0.22714039767307118
110 81 0.37617655467858685
110 95 0.1315948368061844
110 56 0.24144645525299968
110 68 0.48956354022160775
110 54 0.17283135524975163
110 83 0.06468249766988982
110 82 0.26417293507553397
110 55 0.17262364486104653
110 69 0.4264603782088266
110 51 0.10793483200688062
110 79 0.21226322588271196
110 86 0.05306714926881162
110 92 0.3621148780189719
110 93 0.42667308978611845
110 87 0.24789761891424972
110 78 0.3469368172294302
110 50 0.07108642795776027
110 52 0.07098677584548788
110 46 0.23593057723895788
110 91 0.33047369570877333
110 85 0.3387936747553976
110 84 0.06385568664487934
110 90 0.33695475012062304
110 47 0.1449461610408453
110 53 0.0927469700635937
138 76 0.10548178007307683
138 62 0.1787362838663912
138 89 0.14495991668333302
138 88 0.32863245482430187
138 63 0.12292536810342135
138 77 0.15479256007602607
138 49 0.11100903172977873
138 61 0.09629570467704891
138 75 0.06938843946941628
138 74 0.11261961387223808
138 60 0.08314517575942357
138 48 0.1404023458807792
138 64 0.13245119033153419
138 70 0.3226558654381695
138 58 0.23788830303486783
138 59 0.11928260920188354
138 71 0.12736984455170147
138 65 0.08368305915996355
138 73 0.07385557083384012
138 67 0.3473205567853644
138 66 0.3864830436292344
138 72 0.17480625378490286
138 57 0.3547524672588819
138 94 0.4329073737936189
138 80 0.13464673011279155
138 81 0.26376648870718056
138 95 0.11758623997389894
138 56 0.2501920420461166
138 68 0.5964032926261302
138 54 0.1511708280887192
138 83 0.10390654464243428
138 82 0.1937725518180011
138 55 0.10883721686406463
138 69 0.32220458925574313
138 51 0.07072431483824704
138 79 0.10754665619932746
138 86 0.10908289855440992
138 92 0.43488160318889224
138 93 0.39293181631524715
138 87 0.28452833129064115
138 78 0.347613186268191
138 50 0.05776328483392554
138 52 0.053112096392158026
138 46 0.2135048371800459
138 91 0.3809865816213315
138 85 0.35564244928549693
138 84 0.11433237825492552
138 90 0.3651364110303285
138 47 0.2159844294474505
138 53 0.15641255478630048
140 76 0.1818967327034091
140 62 0.12277199771860585
140 89 0.1144024999636821
140 88 0.1700093204112687
140 63 0.1286067799329569
140 77 0.09668875623415951
140 49 0.14149603015840645
140 61 0.08636071149706304
140 75 0.081895575306941
140 74 0.05999766170385898
140 60 0.047408160677423955
140 48 0.10803631833371731
140 64 0.09527272062213851
140 70 0.27149767430683636
140 58 0.1359298239678941
140 59 0.15342035046606958
140 71 0.09858767130877867
140 65 0.05663789613913156
140 73 0.1001977974081394
140 67 0.238337300187344
140 66 0.2931387326592343
140 72 0.049974717386894185
140 57 0.25288258556574633
140 94 0.28048634240437276
140 80 0.10017775388052401
140 81 0.2025303840767132
140 95 0.11908786888546292
140 56 0.14010410733654238
140 68 0.35887128362997595
140 54 0.11189817802127394
140 83 0.08825867663962073
140 82 0.15596272499205768
140 55 0.1336367380794512
140 69 0.3011771570834377
140 51 0.07662255951319172
140 79 0.10242158409883415
140 86 0.04037991079515907
140 92 0.28519830633852455
140 93 0.24562367871904095
140 87 0.21361696847004652
140 78 0.33033183984175496
140 50 0.14253448654556033
140 52 0.032500080164973605
140 46 0.09626908886067032
140 91 0.25469205645436
140 85 0.23573803757542772
140 84 0.10717902784688786
140 90 0.24151822679505086
140 47 0.12601100761025152
140 53 0.09738020678316438
135 76 0.16023354954920813
135 62 0.3073963925073898
135 89 0.14776245181687164
135 88 0.3267659366467698
135 63 0.20704623844703046
135 77 0.2450475509023284
135 49 0.3265631482179776
135 61 0.08934998459898848
135 75 0.30801786210149096
135 74 0.2213380792028355
135 60 0.07219041325403644
135 48 0.3628954633929481
135 64 0.17259821507063347
135 70 0.29392539408698526
135 58 0.2152784876833012
135 59 0.07542494940853595
135 71 0.2804825967036926
135 65 0.0670204195486675
135 73 0.24491198926823643
135 67 0.4037379779613266
135 66 0.24886936461484357
135 72 0.09368094086831422
135 57 0.40900282662492854
135 94 0.4327265749247471
135 80 0.301375505071831
135 81 0.31712110446125447
135 95 0.17769157345297523
135 56 0.37551397918852714
135 68 0.5998010077441948
135 54 0.20987175216197515
135 83 0.5079280140163911
135 82 0.08147350340766998
135 55 0.20100326448821954
135 69 0.3451059370225984
135 51 0.16589257925874373
135 79 0.21319050970701406
135 86 0.15006895459063596
135 92 0.4553592361133808
135 93 0.3883463673502807
135 87 0.347035090903573
135 78 0.384603219202052
135 50 0.18520203641545818
135 52 0.024784220122458983
135 46 0.4102131738493851
135 91 0.43186109435309816
135 85 0.4120741898389668
135 84 0.18648712706806955
135 90 0.4108612066042634
135 47 0.29380683980895594
135 53 0.2842527665897161
121 76 0.12341666815523068
121 62 0.203858952608012
121 89 0.1875515235579177
121 88 0.3751247596196419
121 63 0.21203561585215833
121 77 0.1402302918511042
121 49 0.17051849966001614
121 61 0.09247148756639964
121 75 0.07290666275688365
121 74 0.12692973698351995
121 60 0.10504712411039142
121 48 0.17078312062894246
121 64 0.17413529233194786
121 70 0.22018547446569314
121 58 0.141561728073468
121 59 0.09139750063246854
121 71 0.35513420801149975
121 65 0.11958078969097835
121 73 0.06882512811798261
121 67 0.42475082968245104
121 66 0.24834168537933318
121 72 0.10252940771556572
121 57 0.4456426940909637
121 94 0.577641245710227
121 80 0.38550282143929926
121 81 0.23987142788256793
121 95 0.1352596249774789
121 56 0.2731260291207675
121 68 0.49721209209921435
121 54 0.1883911449230079
121 83 0.31633487738492083
121 82 0.14125318115902788
121 55 0.23953840844017538
121 69 0.41735763441558926
121 51 0.1556553376140583
121 79 0.15466139407204224
121 86 0.17792643030920502
121 92 0.4798746843659631
121 93 0.39508708572151885
121 87 0.30160059224240615
121 78 0.4927054882354523
121 50 0.17674869752514336
121 52 0.06754393432290609
121 46 0.24454631553602468
121 91 0.4177446724026786
121 85 0.3701171118705682
121 84 0.07871436082595021
121 90 0.387745725869649
121 47 0.2518652956278626
121 53 0.09477530480518245
109 76 0.12119784444392828
109 62 0.19683911838170223
109 89 0.09189038354700615
109 88 0.2319666692397516
109 63 0.16475084550988228
109 77 0.1691881435675969
109 49 0.13991089060371387
109 61 0.0997149417270441
109 75 0.07607962081650319
109 74 0.16298718149984864
109 60 0.05796896396370271
109 48 0.11331373608447105
109 64 0.14975402240988
109 70 0.347381778653195
109 58 0.5145449572931522
109 59 0.07083189148928518
109 71 0.08527615770598398
109 65 0.0966100886240776
109 73 0.04569717465818088
109 67 0.2808745111960587
109 66 0.2084848245770308
109 72 0.16434485304345942
109 57 0.3655795155736591
109 94 0.37461142041475426
109 80 0.08619528010679395
109 81 0.362696447830431
109 95 0.13817721324813312
109 56 0.1353136288930084
109 68 0.4902805689259965
109 54 0.11895780312891892
109 83 0.08623193457042466
109 82 0.09925316132848558
109 55 0.1701420682027643
109 69 0.3990944498136223
109 51 0.03965978569406947
109 79 0.12105822872845472
109 86 0.0835885936315868
109 92 0.36942002360902493
109 93 0.33104022770534525
109 87 0.2515809562877047
109 78 0.4192980284997005
109 50 0.14113306798780725
109 52 0.0846332688171561
109 46 0.2380730826952064
109 91 0.3415155264729862
109 85 0.3393413781342105
109 84 0.5338931543707619
109 90 0.3454403967744559
109 47 0.09787865047993051
109 53 0.06669120614654855
108 76 0.14324130284228823
108 62 0.2924123588095259
108 89 0.21404195347760102
108 88 0.523826670790229
108 63 0.2507452937474407
108 77 0.14070058043699735
108 49 0.11089371857027701
108 61 0.09664090146510895
108 75 0.0964171038428025
108 74 0.14436921490872395
108 60 0.08309040855919544
108 48 0.16205278501544101
108 64 0.2226576902097607
108 70 0.5106895762439247
108 58 0.8201970682250169
108 59 0.12823718334432907
108 71 0.15824936660844469
108 65 0.07904520283310826
108 73 0.09270565542788661
108 67 0.5197283868169296
108 66 0.45056170205327983
108 72 0.12471723629526923
108 57 0.5962541957116746
108 94 0.6628842091418132
108 80 0.17136224851617748
108 81 0.4407100396012833
108 95 0.17387443125687296
108 56 0.4073265429532813
108 68 0.9690732949054706
108 54 0.27793530323723586
108 83 0.10988777805873357
108 82 0.17820018183330666
108 55 0.33372344955521627
108 69 0.6254662600728111
108 51 0.10531787259188165
108 79 0.261997911668747
108 86 0.07122280787292634
108 92 0.6872299691730572
108 93 0.5888152459962963
108 87 0.45238482072198694
108 78 0.5606369462289453
108 50 0.1441292774424294
108 52 0.07117295000121993
108 46 0.3118106360813514
108 91 0.5953070462364688
108 85 0.5583205367711541
108 84 0.09377968962794556
108 90 0.5648421944901276
108 47 0.27127918330187495
108 53 0.08954434190634812
120 76 0.0776767226031117
120 62 0.14917256034838422
120 89 0.12624082659414354
120 88 0.23912670759129576
120 63 0.07335612515419002
120 77 0.2772629167617282
120 49 0.07617856692031791
120 61 0.05243910024064119
120 75 0.12141280949620092
120 74 0.08138381165222669
120 60 0.07662431493496549
120 48 0.09917466844966369
120 64 0.11884044601189553
120 70 0.1685540755108452
120 58 0.10338246308110965
120 59 0.11574903780542073
120 71 0.1305001898188316
120 65 0.05004677683596423
120 73 0.08102763995827827
120 67 0.23581820885162394
120 66 0.22338215224311533
120 72 0.09103295834944942
120 57 0.15120146673324525
120 94 0.2956831044739544
120 80 0.13365038480396532
120 81 0.1630252892068817
120 95 0.07763695197557338
120 56 0.16382679172593778
120 68 0.26893070810157144
120 54 0.12494579706511157
120 83 0.09934288536194434
120 82 0.09959132428115264
120 55 0.2906081628083779
120 69 0.18650747753927915
120 51 0.13783692484311183
120 79 0.10554077943944547
120 86 0.09233554210138116
120 92 0.28638489431231035
120 93 0.2639657385483462
120 87 0.20999413244912282
120 78 0.22097886313846685
120 50 0.13083328589795584
120 52 0.04848237590394511
120 46 0.1291608054994095
120 91 0.25533217640970607
120 85 0.24352022177622362
120 84 0.11525881189309226
120 90 0.2441290589450546
120 47 0.14564609959273614
120 53 0.39787678531298964
134 76 0.1882826330686695
134 62 0.1591763100224362
134 89 0.10274876832998374
134 88 0.22262071197792282
134 63 0.13057535535939857
134 77 0.0917555407537115
134 49 0.29894832745028443
134 61 0.06703872057112692
134 75 0.34169303197939915
134 74 0.15929305076315636
134 60 0.10448461999457519
134 48 0.30546746820870796
134 64 0.16574537722218605
134 70 0.22755607247927703
134 58 0.18125044143655847
134 59 0.07729069267333416
134 71 0.4120704862162794
134 65 0.041521843264264474
134 73 0.2743173419654644
134 67 0.3518538160373067
134 66 0.19628154411212065
134 72 0.1146532444919616
134 57 0.38969673911931413
134 94 0.31804063894660695
134 80 0.44179235767848685
134 81 0.06245602901730668
134 95 0.1719936205456747
134 56 0.1278667099656616
134 68 0.4550852326185637
134 54 0.18119449682599986
134 83 0.31469343039186276
134 82 0.05271655312605164
134 55 0.251659869447629
134 69 0.23553088236322528
134 51 0.1690620015029028
134 79 0.06503489470112095
134 86 0.1679352274427583
134 92 0.24695779707804422
134 93 0.23936282567602743
134 87 0.18114036684166415
134 78 0.2165589764613745
134 50 0.1680272726500145
134 52 0.4904855634106504
134 46 0.21973910277818676
134 91 0.1824935307192443
134 85 0.22180362648322488
134 84 0.12391127887471823
134 90 0.20909228739938732
134 47 0.3276896972909186
134 53 0.4448463618784997
122 76 0.11674238323522913
122 62 0.0878187676273354
122 89 0.1672678970150536
122 88 0.22644080288273247
122 63 0.21541250354471794
122 77 0.13520165373136284
122 49 0.283411113786378
122 61 0.07728265335799447
122 75 0.06703164483150215
122 74 0.1596210236508657
122 60 0.07375238577808751
122 48 0.17265419698880152
122 64 0.1423192744421169
122 70 0.26704551773893503
122 58 0.19364395877693938
122 59 0.0945896213635771
122 71 0.5598987556498619
122 65 0.05735187764213551
122 73 0.05167987377045552
122 67 0.5223708639088938
122 66 0.284560438269329
122 72 0.07410173551328433
122 57 0.5366015058011088
122 94 0.4054671549049954
122 80 0.5975921775540309
122 81 0.21230316116747175
122 95 0.0820705536883983
122 56 0.17353272164402833
122 68 0.5937627817006315
122 54 0.15306751628065185
122 83 0.30928406845436407
122 82 0.113517220442307
122 55 0.14016361209400413
122 69 0.3454020875320951
122 51 0.20510466910881678
122 79 0.1254556405004914
122 86 0.2976883492732757
122 92 0.4365109826089163
122 93 0.39190768448559843
122 87 0.27282799340120456
122 78 0.37151535620805054
122 50 0.30563211914558674
122 52 0.09475621677042136
122 46 0.20822267855937343
122 91 0.3874234691201677
122 85 0.614060202904559
122 84 0.14042779368714853
122 90 0.5705732477413685
122 47 0.1572812960850029
122 53 0.1115481078375056
136 76 0.026442174922394646
136 62 0.13919102032505898
136 89 0.14350406720530323
136 88 0.20060040691993591
136 63 0.1754038389041253
136 77 0.2738068680574164
136 49 0.2359488176022825
136 61 0.09191398443758382
136 75 0.053778761036092165
136 74 0.05830487250556743
136 60 0.08942689836447933
136 48 0.2311041640031827
136 64 0.09633131869078604
136 70 0.18198530064099344
136 58 0.07924303855653345
136 59 0.1365618110097888
136 71 0.08118620925733214
136 65 0.09153220057404118
136 73 0.0983615985354567
136 67 0.20575964055940218
136 66 0.14558921347028242
136 72 0.12095574148054072
136 57 0.20204817654387588
136 94 0.25520343903996895
136 80 0.08833370977970408
136 81 0.4453344886573548
136 95 0.09511038380007569
136 56 0.32148069653248273
136 68 0.3534371590845572
136 54 0.13971521123931452
136 83 0.06347173457744357
136 82 0.11919338551785798
136 55 0.1518111925912768
136 69 0.16320870425541995
136 51 0.11050297618799028
136 79 0.5714297392648747
136 86 0.09964739115097221
136 92 0.25501571758821356
136 93 0.2230160559505049
136 87 0.17998287746444216
136 78 0.21838907850599648
136 50 0.12889393046656597
136 52 0.0716963195295596
136 46 0.22830460987985388
136 91 0.25876024287348454
136 85 0.2123310967557472
136 84 0.04279299066709072
136 90 0.23013823607205972
136 47 0.28202035233541367
136 53 0.04148312192104406
137 76 0.14672112549574784
137 62 0.15571555350402227
137 89 0.1683551832040376
137 88 0.3909705087552152
137 63 0.13201634959275754
137 77 0.14156247129949398
137 49 0.08935819312862278
137 61 0.098700626108359
137 75 0.08812546586372964
137 74 0.11615885242627068
137 60 0.0692584192833608
137 48 0.1061094497094325
137 64 0.14239186402397097
137 70 0.3455105461429156
137 58 0.16087186934087416
137 59 0.21355671051987357
137 71 0.1113883903174108
137 65 0.07114596074204918
137 73 0.10122765474013665
137 67 0.41505175846779824
137 66 0.4674689469770198
137 72 0.1107340430030175
137 57 0.3387297218651025
137 94 0.5125143208717845
137 80 0.11774279015645102
137 81 0.2274758933487969
137 95 0.14114201145543614
137 56 0.28815099458760995
137 68 0.679590587718474
137 54 0.16641253233308195
137 83 0.10122225729519699
137 82 0.16411094100586937
137 55 0.155863219145791
137 69 0.4065072410718704
137 51 0.11707655049958919
137 79 0.24425607305996272
137 86 0.06885300716192219
137 92 0.5300231652541779
137 93 0.45141140131568935
137 87 0.35338801334689707
137 78 0.45951916599315035
137 50 0.13795417697923942
137 52 0.09920508372443505
137 46 0.20955971246371882
137 91 0.44648961014355226
137 85 0.45757800230704115
137 84 0.09409405553441476
137 90 0.45970701890017374
137 47 0.18293015228050885
137 53 0.09661259555301871
123 76 0.11783434107465274
123 62 0.16766707382946544
123 89 0.10496706789397262
123 88 0.3505551249502201
123 63 0.10589442640178197
123 77 0.07109787389985395
123 49 0.23043251149173116
123 61 0.08295998876347124
123 75 0.06666581522431284
123 74 0.09822883696173497
123 60 0.09521724205156654
123 48 0.16237499250215492
123 64 0.15525271238200708
123 70 0.22731666125885402
123 58 0.13701056875546097
123 59 0.07540668731019118
123 71 0.39422625058048893
123 65 0.09195490349369587
123 73 0.06170732640821877
123 67 0.3880887904008231
123 66 0.22883990866996365
123 72 0.08330479137182825
123 57 0.497347718094037
123 94 0.706201501953919
123 80 0.42796862189116236
123 81 0.17903676863948673
123 95 0.17093794727239475
123 56 0.25701921995951366
123 68 0.5154923799344946
123 54 0.16753951061527947
123 83 0.2512128994230654
123 82 0.11916468376920383
123 55 0.14216241299846702
123 69 0.30817057217752264
123 51 0.15724081966010478
123 79 0.15436491716638415
123 86 0.24090017331021557
123 92 0.4589176695923112
123 93 0.38311577925949786
123 87 0.26500931191962457
123 78 0.37075223063069807
123 50 0.23578472116746435
123 52 0.0969329281684462
123 46 0.1888192891171494
123 91 0.2515915231342447
123 85 0.2794757871327667
123 84 0.06132865136768867
123 90 0.3060300470063164
123 47 0.19515598526092476
123 53 0.08722157058997013
127 76 0.21382583771633107
127 62 0.19036443663179312
127 89 0.2107797862933096
127 88 0.505575536787134
127 63 0.22197846256278517
127 77 0.1295582860493909
127 49 0.2973329403847095
127 61 0.0844784818382325
127 75 0.05380753663047591
127 74 0.10953443821393362
127 60 0.09329891237493257
127 48 0.22881952819778287
127 64 0.18175005283786827
127 70 0.44060068852274215
127 58 0.18221022054493113
127 59 0.1965147344238608
127 71 0.4347517368486466
127 65 0.05649187055107377
127 73 0.05233765518642222
127 67 0.6163817424301408
127 66 0.44575466633083366
127 72 0.14289730364776204
127 57 0.5841891724186209
127 94 0.6620278402777391
127 80 0.4605768333203424
127 81 0.4090205032515848
127 95 0.18612351967547486
127 56 0.4643339138709631
127 68 1.0
127 54 0.24898024790631232
127 83 0.11620060901691844
127 82 0.09462560082153278
127 55 0.2337073543305872
127 69 0.519829679715778
127 51 0.2625241458354536
127 79 0.3151306068225482
127 86 0.2552289635245933
127 92 0.6813319282661863
127 93 0.5926598496020025
127 87 0.5900718999732806
127 78 0.5171295965652666
127 50 0.3790798532316336
127 52 0.07455874156059472
127 46 0.35359335598127045
127 91 0.5759783042969087
127 85 0.6248707204842556
127 84 0.09388896502551652
127 90 0.6195740257316162
127 47 0.3085910491719174
127 53 0.10514995512917134
133 76 0.08204740310047473
133 62 0.327395969320286
133 89 0.11065401171707097
133 88 0.26063811629093914
133 63 0.1923539446252928
133 77 0.2816194821946616
133 49 0.40609928775116655
133 61 0.1075179257093731
133 75 0.10810453746260563
133 74 0.1907955280897901
133 60 0.06283387307888008
133 48 0.3236018914290368
133 64 0.1827100226474715
133 70 0.2547211780237718
133 58 0.28366826358484076
133 59 0.08822849695617659
133 71 0.3410262275080582
133 65 0.07324173627896291
133 73 0.09642681482024355
133 67 0.35220047528810183
133 66 0.19412833245964148
133 72 0.10017527745558343
133 57 0.47654242864593366
133 94 0.3238838376571062
133 80 0.3653688271897704
133 81 0.2970327191738693
133 95 0.16885615531862416
133 56 0.22356735307640782
133 68 0.4710247448724873
133 54 0.23395115392635593
133 83 0.13876973825609973
133 82 0.25315033320936875
133 55 0.13748454738145954
133 69 0.23707815308237765
133 51 0.1157969001479233
133 79 0.35914972925790306
133 86 0.1482578952593293
133 92 0.33385382207831055
133 93 0.31044662523082184
133 87 0.19308433491307522
133 78 0.26053892093407743
133 50 0.18511774733717645
133 52 0.05729456847643713
133 46 0.18999588248744237
133 91 0.32585051085298083
133 85 0.3261528973864283
133 84 0.1550560947618354
133 90 0.3161800009323699
133 47 0.40625155734412705
133 53 0.41778384493221155
132 76 0.14034281795558023
132 62 0.20452356452834924
132 89 0.2493941726715464
132 88 0.6162767104359286
132 63 0.22577024298981105
132 77 0.13670699297451022
132 49 0.12375086629139967
132 61 0.10404106544316945
132 75 0.0784553799619242
132 74 0.17293368062692194
132 60 0.1021929431727728
132 48 0.15554186516577057
132 64 0.20383097160725644
132 70 0.4702447864963715
132 58 0.24845899887953815
132 59 0.09997115001713269
132 71 0.1809971740028898
132 65 0.08975076743018039
132 73 0.04369959130893036
132 67 0.5358600144823149
132 66 0.4267324146156094
132 72 0.13605227702211828
132 57 0.43349043815903965
132 94 0.8012958466514438
132 80 0.19118956102577261
132 81 0.3611697615701672
132 95 0.15223301717027565
132 56 0.4861203272410193
132 68 0.8809394740989337
132 54 0.2556884050865877
132 83 0.25477306954603557
132 82 0.06386807113749504
132 55 0.26378989885432036
132 69 0.5119920599533657
132 51 0.08829943441467503
132 79 0.1968409096622372
132 86 0.17376781393849935
132 92 0.8376499441596567
132 93 0.7390634662341391
132 87 0.5253626045873577
132 78 0.5047169094688206
132 50 0.13916839910769666
132 52 0.08509805088398217
132 46 0.4922903252781474
132 91 0.6922918478208696
132 85 0.7118453820092566
132 84 0.11058385340033038
132 90 0.7198658271710636
132 47 0.2572206990680408
132 53 0.08140973367741172
126 76 0.10861317875449808
126 62 0.13674009697421158
126 89 0.1824730567754021
126 88 0.30421981800602726
126 63 0.17455199646609365
126 77 0.15276814045570095
126 49 0.2164583333531024
126 61 0.08026520242689597
126 75 0.08626008148794426
126 74 0.12664876377571144
126 60 0.09255918704188847
126 48 0.1538979435202011
126 64 0.13455348323107752
126 70 0.24847931182247826
126 58 0.18654839751173352
126 59 0.09237010128625
126 71 0.39256249888603256
126 65 0.07936532509710686
126 73 0.08814014456944838
126 67 0.48392505811679737
126 66 0.27779026395567485
126 72 0.08957077127982677
126 57 0.4541851593375444
126 94 0.5456443110091298
126 80 0.4278048283421528
126 81 0.22195167627374862
126 95 0.0729490798943476
126 56 0.18477523929677947
126 68 0.553970659343199
126 54 0.14279297612643901
126 83 0.34017420107767093
126 82 0.1273374474327622
126 55 0.13762800771465195
126 69 0.34319704861941525
126 51 0.1648171645783883
126 79 0.15002755174013738
126 86 0.1988011411016165
126 92 0.5706109088219786
126 93 0.5072331217529404
126 87 0.3095292163962692
126 78 0.3969385770830125
126 50 0.22807806510106918
126 52 0.08423154966240132
126 46 0.20089131481335132
126 91 0.5521158517638594
126 85 0.6567633120340384
126 84 0.08017533184110548
126 90 0.6909315277189909
126 47 0.15633185523380932
126 53 0.11062381205877214
118 76 0.1767523760948358
118 62 0.26588551592035314
118 89 0.1393778302852054
118 88 0.17847079119583004
118 63 0.1333338849040872
118 77 0.030927639556525333
118 49 0.343215153059113
118 61 0.0403241018672964
118 75 0.05740219609550845
118 74 0.11195541968475009
118 60 0.07187334067838536
118 48 0.2386031716308803
118 64 0.10864124375315416
118 70 0.17028425278657977
118 58 0.38445237906659935
118 59 0.2513861852276149
118 71 0.2557447139945075
118 65 0.0886800883842897
118 73 0.06888043010954348
118 67 0.2669246459265174
118 66 0.13400370590526456
118 72 0.028170125990513106
118 57 0.3955409851155792
118 94 0.19446540387046346
118 80 0.27607032505101026
118 81 0.4481803440575343
118 95 0.10910005553154623
118 56 0.35718188085684516
118 68 0.3469583424763366
118 54 0.12515727632441645
118 83 0.15873654417196556
118 82 0.12276203598388924
118 55 0.17411594423302795
118 69 0.22712343959510628
118 51 0.18454176043676546
118 79 0.2525171318328866
118 86 0.1286607716922779
118 92 0.2095623814570484
118 93 0.19133875883269613
118 87 0.26185838300867986
118 78 0.18037736842182556
118 50 0.2922811409340665
118 52 0.05774043662034853
118 46 0.25109813877947784
118 91 0.19662502073430008
118 85 0.213388832922136
118 84 0.16483350139258457
118 90 0.20907976765805034
118 47 0.4276103260469107
118 53 0.31482953129277097
130 76 0.07186032534220671
130 62 0.1418517568758567
130 89 0.13723115339376213
130 88 0.3492698841067875
130 63 0.14629118705260863
130 77 0.10838539456349255
130 49 0.11835222872645093
130 61 0.08721295019227318
130 75 0.08460140687094067
130 74 0.04674779569051582
130 60 0.06806340125535082
130 48 0.11236519725945072
130 64 0.14083299639201474
130 70 0.26004720493327776
130 58 0.11995885660329465
130 59 0.09194040163393914
130 71 0.1313610717664827
130 65 0.06879261646285878
130 73 0.08452078585042766
130 67 0.2799798289031561
130 66 0.2550273278444944
130 72 0.09914774912314554
130 57 0.1734184739256983
130 94 0.3868506808309604
130 80 0.1331664546562027
130 81 0.22359441167748767
130 95 0.1324090434151998
130 56 0.2478321086597494
130 68 0.39757233245317347
130 54 0.1776962721899158
130 83 0.2180147563296606
130 82 0.11449608072646804
130 55 0.14490554169333342
130 69 0.27368170207132075
130 51 0.06274519610398002
130 79 0.15968315777693207
130 86 0.0584079577714772
130 92 0.39548742211660826
130 93 0.35148236712760905
130 87 0.2273767650043824
130 78 0.25939486025006353
130 50 0.09885198544418108
130 52 0.07598787405256033
130 46 0.3222701356356654
130 91 0.2981435822692437
130 85 0.3384779483465242
130 84 0.11867153237488934
130 90 0.3337938490231683
130 47 0.16095555946722898
130 53 0.10785525498407976
124 76 0.12104365391974727
124 62 0.18424757433298114
124 89 0.10812613228258282
124 88 0.42497840642665025
124 63 0.0813834870996199
124 77 0.03658515260910722
124 49 0.1952160060712364
124 61 0.08978299842277525
124 75 0.0752131955903009
124 74 0.08927715832415407
124 60 0.08882765384856628
124 48 0.1413947567244783
124 64 0.14616094127984203
124 70 0.24542091968258767
124 58 0.19077415485351434
124 59 0.0830065188605352
124 71 0.3471366813448724
124 65 0.07277218699881399
124 73 0.09035578680824548
124 67 0.39321553825038025
124 66 0.24398782926652532
124 72 0.13676895591360616
124 57 0.38406241884035947
124 94 0.37944908879676786
124 80 0.3738756693553772
124 81 0.18780777367920465
124 95 0.2541931427969172
124 56 0.2165124666225168
124 68 0.5032576527410972
124 54 0.15540803965273203
124 83 0.3118267942929901
124 82 0.09140667456883288
124 55 0.12808766646992292
124 69 0.3472369032291832
124 51 0.11529698751313143
124 79 0.1208061420208331
124 86 0.13181690968471022
124 92 0.4475150153475256
124 93 0.3774827683013855
124 87 0.2668079660765732
124 78 0.36234589920701243
124 50 0.1832591962884001
124 52 0.13318613997920903
124 46 0.1830242455132836
124 91 0.864297923529693
124 85 0.3380853585711471
124 84 0.05080742898259902
124 90 0.3601055152338472
124 47 0.23721173787637723
124 53 0.122165167005327
125 76 0.10123556538263581
125 62 0.1833196730517285
125 89 0.1831216694496086
125 88 0.34946082868266026
125 63 0.17775493949146187
125 77 0.09485403117499448
125 49 0.21301938074246204
125 61 0.07573348530814755
125 75 0.0891024417864726
125 74 0.10283381572652936
125 60 0.08713402194075587
125 48 0.1554620636341512
125 64 0.1310773801397778
125 70 0.273663970249443
125 58 0.15077845458982933
125 59 0.08723007022477436
125 71 0.3615196623158101
125 65 0.07968210003547527
125 73 0.10234248281129299
125 67 0.49399011308369206
125 66 0.27996115939410177
125 72 0.05508477084695185
125 57 0.4418892098922357
125 94 0.39649009973981864
125 80 0.39442662881667173
125 81 0.22887926438009618
125 95 0.10393249150218091
125 56 0.3671404129485418
125 68 0.6678386974666222
125 54 0.14397858032063712
125 83 0.34481463295647563
125 82 0.1123988734434703
125 55 0.17175738788073963
125 69 0.3540890025525492
125 51 0.14174755887105087
125 79 0.13923614362258666
125 86 0.19124482737435675
125 92 0.40933950112404827
125 93 0.3589506707271789
125 87 0.30956153674731557
125 78 0.38984500169379044
125 50 0.215229772020261
125 52 0.0
125 46 0.1819913248062687
125 91 0.4538123087749129
125 85 0.4265835494020098
125 84 0.1067997484244737
125 90 0.42415924250043907
125 47 0.15371087130762906
125 53 0.08318827485256367
131 76 0.11878818298407935
131 62 0.21451276217115647
131 89 0.23023672752381058
131 88 0.6031888473966213
131 63 0.16960489031835443
131 77 0.0546514156371585
131 49 0.0752574614966098
131 61 0.05895491431495217
131 75 0.05829879336409771
131 74 0.17558123772455894
131 60 0.11597830419878533
131 48 0.15768562584403922
131 64 0.15828045718741013
131 70 0.42015333852093956
131 58 0.7234789330212142
131 59 0.20624235244728303
131 71 0.11455552800759647
131 65 0.08659007567475521
131 73 0.05045607025407656
131 67 0.4576502231643599
131 66 0.3420024921295973
131 72 0.07068702063064286
131 57 0.604603195271487
131 94 0.5912615991269012
131 80 0.12294888958562683
131 81 0.3550865957676944
131 95 0.09570436188037569
131 56 0.26815817016935817
131 68 0.6829800681553614
131 54 0.21384658042476765
131 83 0.08755593691373352
131 82 0.06857248220090262
131 55 0.20135057270865964
131 69 0.4544823013876708
131 51 0.09058158868055857
131 79 0.14816818368824836
131 86 0.15318928950876315
131 92 0.6214672437716993
131 93 0.5480428925538905
131 87 0.5311477982252484
131 78 0.39946777240122683
131 50 0.03785602370312119
131 52 0.057658049863627936
131 46 0.2588600494537456
131 91 0.5862859383690118
131 85 0.5405762721237231
131 84 0.06554998759964198
131 90 0.5410667558342072
131 47 0.2386886085995237
131 53 0.06197047353153903
119 76 0.052385426061962004
119 62 0.15951667592544325
119 89 0.111923180761587
119 88 0.25162905450302525
119 63 0.09833702491768821
119 77 0.28714566400955677
119 49 0.0760478997897136
119 61 0.20757168080695326
119 75 0.08302476068724698
119 74 0.14787398427306073
119 60 0.09465391128833707
119 48 0.12244592077120028
119 64 0.10092792576127108
119 70 0.25712463622252235
119 58 0.4647570766046193
119 59 0.03841214278539257
119 71 0.13992119655021906
119 65 0.08053422328277551
119 73 0.03499555681984523
119 67 0.15433113742244325
119 66 0.12207849908746941
119 72 0.05065108500427554
119 57 0.17563146377765737
119 94 0.16672921024892753
119 80 0.13997692336185694
119 81 0.008930622367488927
119 95 0.016292179843987342
119 56 0.14813149520957627
119 68 0.23761083230597968
119 54 0.09372699674790003
119 83 0.0639065044346793
119 82 0.06466136339513606
119 55 0.19572086023603782
119 69 0.1568547949230813
119 51 0.08952871665995113
119 79 0.3621835769924002
119 86 0.17703832262353666
119 92 0.1829968604576337
119 93 0.17661960197593995
119 87 0.15370473606434998
119 78 0.13034288112437953
119 50 0.017199811940037585
119 52 0.05546384875866234
119 46 0.10723102216539092
119 91 0.18353082670441562
119 85 0.18524289604378363
119 84 0.0970677079762877
119 90 0.16690510493923164
119 47 0.1407249157754445
119 53 0.06467748277017421
