114 76 0.06362265426477243
114 62 0.14020755729446538
114 89 0.06427696721688803
114 88 0.18939546525594103
114 63 0.04338889408954326
114 77 0.03911002488133143
114 49 0.012219719008372557
114 61 0.00963134673324234
114 75 0.014073423975628677
114 74 0.13885671678985156
114 60 0.00976457818720873
114 48 0.022878510635967186
114 64 0.03966847502744597
114 70 0.19156405335767113
114 58 0.4061944678190266
114 59 0.015118774951427771
114 71 0.026107191319689346
114 65 0.010995373496189079
114 73 0.012603431012380595
114 67 0.1605426115547183
114 66 0.12148036421607836
114 72 0.018888292686334268
114 57 0.17248493192508152
114 94 0.24643060801153008
114 80 0.02680379303751189
114 81 0.13165382246358573
114 95 0.04186573711540201
114 56 0.08977302258960457
114 68 0.25277143899511495
114 54 0.04509755674977639
114 83 0.024615372147814077
114 82 0.02180200929604606
114 55 0.126433872925518
114 69 0.20401185626366752
114 51 0.01104062451998962
114 79 0.05048417078141036
114 86 0.01236361286045963
114 92 0.25646835346139796
114 93 0.21541329281031837
114 87 0.17534473293286285
114 78 0.14766731947377812
114 50 0.016190582172020032
114 52 0.02892026281806473
114 46 0.0779205277903554
114 91 0.20933134160991673
114 85 0.21882768240669684
114 84 0.037404024081448814
114 90 0.2178137258710678
114 47 0.055590296012928274
114 53 0.01328727094532077
100 76 0.009704318165314516
100 62 0.05186966710815793
100 89 0.009928006704772147
100 88 0.0286161146952585
100 63 0.1675651468111044
100 77 0.024326036681283733
100 49 0.15163466143836424
100 61 0.010896366021317772
100 75 0.00716714850425855
100 74 0.0093251600999959
100 60 0.00636031024360767
100 48 0.0537097127745926
100 64 0.10345397845178947
100 70 0.029438774525689326
100 58 0.06987074315531001
100 59 0.003061114317001762
100 71 0.3849153310846791
100 65 0.01097108851102628
100 73 0.0068702317093216475
100 67 0.15733780856503815
100 66 0.01597505522515015
100 72 0.006709351253317841
100 57 0.2275905930690106
100 94 0.031379644923069216
100 80 0.42330957174418404
100 81 0.02848672579560514
100 95 0.03740067526703468
100 56 0.08765768839375594
100 68 0.20729495581702928
100 54 0.025982467865059727
100 83 0.04043358055098521
100 82 0.010967392080512672
100 55 0.1366619061449423
100 69 0.05554516174987653
100 51 0.08507953882276444
100 79 0.017769809412744503
100 86 0.145704699729898
100 92 0.024711064927412887
100 93 0.022092329536398253
100 87 0.028648442068556282
100 78 0.04835303867962702
100 50 0.15448127514885496
100 52 0.042570500611386994
100 46 0.11029003939102054
100 91 0.03200509831397377
100 85 0.04081325527591281
100 84 0.040188824957845065
100 90 0.027773832053371486
100 47 0.01945856196005527
100 53 0.019749210262260508
128 76 0.028369044149131786
128 62 0.023940032773557482
128 89 0.09326754460248926
128 88 0.27611137606660296
128 63 0.025706702968326847
128 77 0.0758758065265387
128 49 0.012396991307775357
128 61 0.0034591093530855904
128 75 0.009850581555163704
128 74 0.03031029740491077
128 60 0.0025361024617867184
128 48 0.013515179786268358
128 64 0.023142952852037116
128 70 0.16923945311366032
128 58 0.046898873359588394
128 59 0.006225692894421098
128 71 0.01357064033410288
128 65 0.002395832019009489
128 73 0.00860583277121886
128 67 0.22274137750915804
128 66 0.17919227461451204
128 72 0.04025830213847831
128 57 0.12530345950602
128 94 0.3885170935678961
128 80 0.014792602384124096
128 81 0.1560594821296532
128 95 0.06891791052265861
128 56 0.15034551772577687
128 68 0.4804338877538541
128 54 0.07309345337147638
128 83 0.018777207393387632
128 82 0.017188005725638986
128 55 0.05954773563241231
128 69 0.21177662333822017
128 51 0.004970712443448197
128 79 0.09606856319717727
128 86 0.006912651468387002
128 92 0.4056467846901243
128 93 0.3322856829086276
128 87 0.25969195316979987
128 78 0.2161634250726164
128 50 0.007889126291355492
128 52 0.022950904975716377
128 46 0.10322103631682679
128 91 0.32406550749363017
128 85 0.34008762507625134
128 84 0.013865238030963123
128 90 0.3408193329664594
128 47 0.04646578135122577
128 53 0.010307773843034052
129 76 0.014301368073724369
129 62 0.13496886173776695
129 89 0.117979846276589
129 88 0.3262360688787665
129 63 0.06819102260089169
129 77 0.03949802054897056
129 49 0.033338240552231446
129 61 0.014897082981983292
129 75 0.014276726319352229
129 74 0.03907067839771916
129 60 0.01628298195105589
129 48 0.04339255739732023
129 64 0.046648483092952886
129 70 0.27848828298996114
129 58 0.4380939105395453
129 59 0.01877688286793429
129 71 0.03980608154440919
129 65 0.02358773889534671
129 73 0.016054394129523655
129 67 0.2865598149512073
129 66 0.21825122912187167
129 72 0.01700311944697934
129 57 0.3573399694559025
129 94 0.46015032673447953
129 80 0.0420356211824684
129 81 0.2259221102314123
129 95 0.06654048468916791
129 56 0.17163017820437626
129 68 0.4506348188982148
129 54 0.10367735968908136
129 83 0.02505143233346667
129 82 0.17899298105609218
129 55 0.0984761153996352
129 69 0.31777656280356664
129 51 0.017864211771860927
129 79 0.09461494595839845
129 86 0.028839415762658263
129 92 0.4649975223531073
129 93 0.38273841585400803
129 87 0.3039090999104707
129 78 0.2614969956597987
129 50 0.029521466180920858
129 52 0.029233089295107165
129 46 0.14014283930852722
129 91 0.3728375153865884
129 85 0.3841793867302947
129 84 0.03587028775488117
129 90 0.38777693150035597
129 47 0.09778220342790285
129 53 0.02037992789133178
101 76 0.008470900671488674
101 62 0.011604892119957189
101 89 0.0025386201761967847
101 88 0.044340513289773675
101 63 0.012872574874088716
101 77 0.01646311675209601
101 49 0.07471260698416347
101 61 0.004296260024334059
101 75 0.0011190928791279253
101 74 0.0016384579809891747
101 60 0.0016718348760990653
101 48 0.02012750033510148
101 64 0.014315672817218808
101 70 0.013540757293546077
101 58 0.04219426589984038
101 59 0.010447804422694967
101 71 0.14966812340628405
101 65 0.003809077116602763
101 73 0.000909125977231251
101 67 0.06559695117426184
101 66 0.01740742080435831
101 72 0.0
101 57 0.09367051619794001
101 94 0.0782786953449667
101 80 0.16495576335565104
101 81 0.018540477550825885
101 95 0.013663933949922158
101 56 0.05364720154122157
101 68 0.08579732850637116
101 54 0.01662965512982481
101 83 0.014104902906499031
101 82 0.005680062001346506
101 55 0.058586068329634526
101 69 0.02438951341500166
101 51 0.03190194950457512
101 79 0.009210447120467202
101 86 0.05587730078794909
101 92 0.07722322131831126
101 93 0.07193479273495923
101 87 0.015698104958018835
101 78 0.02669002105537753
101 50 0.09243263293024961
101 52 0.03382646047292602
101 46 0.019082185128262277
101 91 0.06501628390808298
101 85 0.06295896969862311
101 84 0.04750475615196077
101 90 0.06282696443083305
101 47 0.011651723134988842
101 53 0.014564990763825586
115 76 0.06187059530774706
115 62 0.06316654297795415
115 89 0.04481248142822383
115 88 0.0593949642462701
115 63 0.017338041631928272
115 77 0.12259034913730436
115 49 0.05923862287563902
115 61 0.0356274265486837
115 75 0.0305827121718166
115 74 0.09062672644101902
115 60 0.030087385091484703
115 48 0.04716369497884171
115 64 0.11162582238764304
115 70 0.07296334331995641
115 58 0.03911522520562552
115 59 0.026277456477876854
115 71 0.039438974077848424
115 65 0.026374023662583
115 73 0.03319926301002281
115 67 0.06868688975116372
115 66 0.19477792056322385
115 72 0.10421995394270049
115 57 0.04113961380267271
115 94 0.15889458391431338
115 80 0.04136198660385257
115 81 0.06873928849437277
115 95 0.03781210788274564
115 56 0.2276519803626781
115 68 0.09531615700916915
115 54 0.04655461245412233
115 83 0.20257581921188567
115 82 0.05181328698579365
115 55 0.1642169481797359
115 69 0.035703441936264985
115 51 0.04314730441683408
115 79 0.08963703521270266
115 86 0.03881932285168743
115 92 0.1569666121115222
115 93 0.1445551754357319
115 87 0.06454067652033743
115 78 0.04712511532608636
115 50 0.03789003973442019
115 52 0.8160187842900453
115 46 0.5446335521860044
115 91 0.14411089082108303
115 85 0.13966763731993578
115 84 0.07324190333100726
115 90 0.14163887650856732
115 47 0.2662193299839573
115 53 0.2641884711756819
103 76 0.03362472160657039
103 62 0.13281839580722465
103 89 0.031611003260848064
103 88 0.0533811159371894
103 63 0.05708773527601983
103 77 0.032133413169355696
103 49 0.02412317398799184
103 61 0.030439842927084182
103 75 0.02562017888246132
103 74 0.027008799733212407
103 60 0.028501854594527004
103 48 0.0297403594343167
103 64 0.060951577038253074
103 70 0.1606471132264522
103 58 0.7514106853772854
103 59 0.023509016547684156
103 71 0.022978201950111257
103 65 0.033095633863918936
103 73 0.028167812271341824
103 67 0.06561992249079004
103 66 0.23032760413157927
103 72 0.026932619837609417
103 57 0.271707576431317
103 94 0.04468501909843897
103 80 0.02414799934423982
103 81 0.1320799271466767
103 95 0.02362998459546438
103 56 0.05942562935545945
103 68 0.22214770971703351
103 54 0.06714717972695441
103 83 0.022840849429957996
103 82 0.038204907924775156
103 55 0.05610303807231534
103 69 0.16912961983471458
103 51 0.028239433172195294
103 79 0.02854643490818809
103 86 0.03568815359664142
103 92 0.049528095930861465
103 93 0.046293184995135434
103 87 0.054435665483467885
103 78 0.082069842523269
103 50 0.02514113371199335
103 52 0.052807994506861716
103 46 0.05993743401603064
103 91 0.049784819199327396
103 85 0.04650577532775864
103 84 0.032339147446832625
103 90 0.0457039750730346
103 47 0.05381894956574599
103 53 0.031103524052152692
117 76 0.15172287349529134
117 62 0.23181876189217648
117 89 0.038321382971133744
117 88 0.10639386890377404
117 63 0.02236651082675971
117 77 0.38282510440380035
117 49 0.17120518415287211
117 61 0.09324446133049709
117 75 0.6215007729876015
117 74 0.3056346274391388
117 60 0.029959887002797655
117 48 0.38249285257002996
117 64 0.1141105242897789
117 70 0.20803919543250665
117 58 0.5398521214568194
117 59 0.03743732386512115
117 71 0.06632779315692638
117 65 0.014443722719986535
117 73 0.3654578458137483
117 67 0.11292760819745963
117 66 0.05712132329869331
117 72 0.1197658745893723
117 57 0.18252542625271662
117 94 0.16668982499627397
117 80 0.06743135344064582
117 81 0.1900168458305337
117 95 0.11047086754822565
117 56 0.2699867581806771
117 68 0.22915165985603586
117 54 0.02858412768460772
117 83 0.6227382236099728
117 82 0.057552711354357765
117 55 0.13319704814226258
117 69 0.2046317289438923
117 51 0.11390915291581383
117 79 0.39607242373695495
117 86 0.030658149826680164
117 92 0.1708044123314385
117 93 0.15474080840839505
117 87 0.21517628216703139
117 78 0.22726820159324862
117 50 0.030979936203252192
117 52 0.13714117036521192
117 46 0.3012764531294134
117 91 0.18994440522278871
117 85 0.19327667709138996
117 84 0.12881513135714118
117 90 0.18968777720662905
117 47 0.06289257386957883
117 53 0.09247614208601826
116 76 0.10641444223064647
116 62 0.12402981571778675
116 89 0.08073479765507602
116 88 0.19768814715483998
116 63 0.03688149434857657
116 77 0.09539283365294436
116 49 0.03972718807321607
116 61 0.0860459281186777
116 75 0.0435645443384874
116 74 0.039390987067370625
116 60 0.022910575958771023
116 48 0.037266114467698924
116 64 0.039639060969257206
116 70 0.2922819809981983
116 58 0.5377166080933895
116 59 0.06544569001601597
116 71 0.032162902624676346
116 65 0.02142227955974642
116 73 0.04052151062650762
116 67 0.18655919945241228
116 66 0.1968250883432525
116 72 0.03551101999077183
116 57 0.2952313281639828
116 94 0.27612632362076783
116 80 0.03296604900263034
116 81 0.1404268863508327
116 95 0.07592961392957451
116 56 0.2405870383503053
116 68 0.3423146826328904
116 54 0.04406077081678661
116 83 0.23984624542054941
116 82 0.20803997090726614
116 55 0.14606573153639746
116 69 0.25920684414687156
116 51 0.026081376871751744
116 79 0.10200056437662242
116 86 0.023495541577203835
116 92 0.28592699062241733
116 93 0.23658631465939803
116 87 0.19046420594516197
116 78 0.1914095099348708
116 50 0.02376511624212453
116 52 0.07429899834161136
116 46 0.24601047292420133
116 91 0.24071247211401123
116 85 0.2575045167409133
116 84 0.08612939451873594
116 90 0.25522079087305427
116 47 0.04635435509675774
116 53 0.041937128266565496
102 76 0.026765141754137953
102 62 0.08648813729496369
102 89 0.02785350490729377
102 88 0.03473216725079585
102 63 0.037405023014959043
102 77 0.032069133817668904
102 49 0.040906956381613194
102 61 0.027897732173364484
102 75 0.031714641392979845
102 74 0.03719221385957834
102 60 0.027939874360516828
102 48 0.03456928074251961
102 64 0.04019125240134602
102 70 0.09734170328555661
102 58 0.464271309503259
102 59 0.032587648935010705
102 71 0.06381063265374617
102 65 0.0289360594950948
102 73 0.030635869936943172
102 67 0.05712665247914818
102 66 0.027709759070452825
102 72 0.03245261038278685
102 57 0.16723567910832088
102 94 0.036111001104244214
102 80 0.06625992160941435
102 81 0.08399137208265699
102 95 0.0389727819656383
102 56 0.05061540393697388
102 68 0.12524526794866994
102 54 0.044658922492385275
102 83 0.03151023315827879
102 82 0.034027043723605516
102 55 0.03669495452497286
102 69 0.10721126624967464
102 51 0.035337689754094403
102 79 0.02906367262101814
102 86 0.03827893897378441
102 92 0.03141222504364198
102 93 0.02958935033926892
102 87 0.035492606501688964
102 78 0.05153894255101322
102 50 0.039271970142015125
102 52 0.02755880963845747
102 46 0.03945995043185693
102 91 0.03213886548799093
102 85 0.03363389457377158
102 84 0.03194925936791154
102 90 0.028415402858292457
102 47 0.03532253526553335
102 53 0.03250695529542055
106 76 0.03382270151122711
106 62 0.07129380550371757
106 89 0.007817915044496221
106 88 0.029843389268900497
106 63 0.022131978379522924
106 77 0.02285683958939276
106 49 0.007561516997125831
106 61 0.006156238947470125
106 75 0.005557064288082947
106 74 0.008304106881750137
106 60 0.0052896377881322815
106 48 0.008553368746446119
106 64 0.024082021080980356
106 70 0.08967503096067794
106 58 0.45654145348815667
106 59 0.004194595148010571
106 71 0.019712157128466273
106 65 0.007500933075024807
106 73 0.005140265648126557
106 67 0.038475385422677144
106 66 0.017494364160566364
106 72 0.061958626485948846
106 57 0.15355924361571383
106 94 0.030712293308958194
106 80 0.020296244112656806
106 81 0.0719954787653235
106 95 0.007926502657344792
106 56 0.04920073029184771
106 68 0.12112909226876795
106 54 0.02720888044730417
106 83 0.012841333239117791
106 82 0.04363222972201142
106 55 0.10234063952064783
106 69 0.10615832024838821
106 51 0.007079134069537002
106 79 0.016555357866969225
106 86 0.00850310143079687
106 92 0.02995828414024701
106 93 0.026472759809266902
106 87 0.029220616469589553
106 78 0.043957215008388936
106 50 0.011397273340117628
106 52 0.01581592398218777
106 46 0.023570193133457013
106 91 0.02536724547661702
106 85 0.022738707426728608
106 84 0.029184331557415705
106 90 0.02381415619729102
106 47 0.0204822545789127
106 53 0.00645301412550027
112 76 0.022550742177914418
112 62 0.08874894451989727
112 89 0.025626545733343734
112 88 0.06129577526654322
112 63 0.04144297621288073
112 77 0.059508184473554084
112 49 0.02717716078748783
112 61 0.021497522725665158
112 75 0.02476167129029444
112 74 0.027424158994052705
112 60 0.016028351093423335
112 48 0.02100634728515488
112 64 0.04445028022970758
112 70 0.1244948865083776
112 58 0.5203844051625077
112 59 0.02024247575883996
112 71 0.04643053135642515
112 65 0.018413549019235517
112 73 0.022721572873214052
112 67 0.06224937323112192
112 66 0.036626727903288414
112 72 0.02480842812981439
112 57 0.17876526444952243
112 94 0.04947187364312576
112 80 0.04748470351443146
112 81 0.09697170551937428
112 95 0.029520676543284316
112 56 0.09257079860813454
112 68 0.16218908748313973
112 54 0.049272439624150746
112 83 0.03939208947372472
112 82 0.026392417223427916
112 55 0.21961191209738118
112 69 0.14894207381916197
112 51 0.023630192467464756
112 79 0.0468516895810637
112 86 0.025632279798299837
112 92 0.05794125835257038
112 93 0.05741017090385864
112 87 0.0632162822832013
112 78 0.07848051376294084
112 50 0.031423658709052615
112 52 0.045366540278357875
112 46 0.04366095277479555
112 91 0.05548015250244335
112 85 0.0499511290295499
112 84 0.06352610586681452
112 90 0.04899164790934259
112 47 0.03889881602165929
112 53 0.02367062555551057
113 76 0.043747618112212075
113 62 0.10171888728356125
113 89 0.10770608640153656
113 88 0.3093596409803989
113 63 0.05178425137887698
113 77 0.11430413963898808
113 49 0.027813361826672336
113 61 0.01866468280878722
113 75 0.030791574095723057
113 74 0.048541231936864396
113 60 0.014761813557263428
113 48 0.02824629858943413
113 64 0.04751465552081806
113 70 0.2316389665430869
113 58 0.38382678530517844
113 59 0.019623508471343823
113 71 0.02808780988949064
113 65 0.012394598999603393
113 73 0.028429843854991213
113 67 0.2594657552814687
113 66 0.2013008425444786
113 72 0.05708766361213607
113 57 0.2382793167201146
113 94 0.41874465376659487
113 80 0.028819258765927863
113 81 0.1981051748355105
113 95 0.09053892383939613
113 56 0.28032049811365123
113 68 0.4646834458080841
113 54 0.05374513236975087
113 83 0.18180493013127158
113 82 0.026354409057275624
113 55 0.13481227253285424
113 69 0.2955598388219307
113 51 0.017222705256900492
113 79 0.11107412623794338
113 86 0.015215811482229682
113 92 0.43640135128208457
113 93 0.36220143350027867
113 87 0.282051557248718
113 78 0.25253027721196974
113 50 0.01767512724236356
113 52 0.06173600211423121
113 46 0.22295384906031795
113 91 0.35280044790458154
113 85 0.3693944334687912
113 84 0.07076015268669011
113 90 0.3690904166294213
113 47 0.07320905485668733
113 53 0.031112168919243205
107 76 0.047936923194082215
107 62 0.04932017032870696
107 89 0.039622624048470334
107 88 0.054340430296414666
107 63 0.019316852911332005
107 77 0.029728517042930336
107 49 0.03812643526488836
107 61 0.03488374198387208
107 75 0.028546668903712075
107 74 0.025408618781696132
107 60 0.03774672186953562
107 48 0.03001453417830746
107 64 0.03183236038122553
107 70 0.022213102294965384
107 58 0.02782626022860099
107 59 0.02677396962739864
107 71 0.0636291097278801
107 65 0.040731359610763795
107 73 0.032265754661993426
107 67 0.11321483689343627
107 66 0.1768682252746407
107 72 0.02168848671324629
107 57 0.11652875692312231
107 94 0.04205445734478548
107 80 0.06848124489020627
107 81 0.023164816911487238
107 95 0.034605751709103044
107 56 0.6455900193312888
107 68 0.48183303703414915
107 54 0.031051135489293558
107 83 0.03871894103172552
107 82 0.020734566455588965
107 55 0.05525411764426699
107 69 0.029531002535400086
107 51 0.031754405368857666
107 79 0.042763953054549206
107 86 0.04213595812574884
107 92 0.033670299681589896
107 93 0.05079647394278899
107 87 0.056612002129207604
107 78 0.0294465670544813
107 50 0.04500944123299405
107 52 0.05478268699702397
107 46 0.033507661502251374
107 91 0.05894540054501829
107 85 0.02342215425049332
107 84 0.02335614245235658
107 90 0.029136128455590396
107 47 0.02648630869375851
107 53 0.035115292476238374
139 76 0.0763800017240551
139 62 0.016156994338675734
139 89 0.04418700965973221
139 88 0.12309373456703276
139 63 0.01240170485880518
139 77 0.03645316618634513
139 49 0.013203547190786397
139 61 0.04739447722458916
139 75 0.007239877062438865
139 74 0.019391474034245126
139 60 0.008390675721067428
139 48 0.008772137195108706
139 64 0.00990686111996883
139 70 0.1400742046603234
139 58 0.04405411355718998
139 59 0.07737042455070409
139 71 0.012497700365117465
139 65 0.012578972188069068
139 73 0.006736277900158308
139 67 0.10851011542329793
139 66 0.20971069559709027
139 72 0.010914110061651494
139 57 0.1033669877465579
139 94 0.22025619953054407
139 80 0.013955717597719408
139 81 0.07564195650661096
139 95 0.029857939041289236
139 56 0.0784218048678769
139 68 0.18761891130713107
139 54 0.04661527579374304
139 83 0.030083610049900872
139 82 0.0637070109402274
139 55 0.03798356459179417
139 69 0.09232521099714967
139 51 0.00819612812608686
139 79 0.05185203998270392
139 86 0.011096614741410216
139 92 0.22938677394669388
139 93 0.19411246979450766
139 87 0.13021553656793047
139 78 0.09804423298949821
139 50 0.010068118428581185
139 52 0.06540605814714687
139 46 0.075365756361411
139 91 0.19439075527863592
139 85 0.18693018002742498
139 84 0.00784287754466323
139 90 0.18952753041827616
139 47 0.03361978928819677
139 53 0.033288093977329555
111 76 0.03914366113439613
111 62 0.11918991587150149
111 89 0.07470589809744194
111 88 0.18048395306870332
111 63 0.050311989552641476
111 77 0.06338695541069886
111 49 0.03173233550483617
111 61 0.028157314093461047
111 75 0.026794073422737222
111 74 0.040541171741285104
111 60 0.024385662686738863
111 48 0.028438827963272073
111 64 0.04317519513874532
111 70 0.25750784676311556
111 58 0.4373954458720293
111 59 0.037591312297802645
111 71 0.05783683483851249
111 65 0.021429453532849918
111 73 0.024937516887598987
111 67 0.19820523708147691
111 66 0.1616940950794272
111 72 0.0311320767807145
111 57 0.2147790770218438
111 94 0.22964044488653598
111 80 0.05909169039548707
111 81 0.13644362919777397
111 95 0.05384356282789596
111 56 0.15504962634408254
111 68 0.40281461006571007
111 54 0.048634245169983686
111 83 0.04220192638332505
111 82 0.03297763525745637
111 55 0.20746273589441286
111 69 0.35545770082772704
111 51 0.03069598147939359
111 79 0.100592428426685
111 86 0.03307920740085807
111 92 0.24596902869942008
111 93 0.20903859924298127
111 87 0.1892595560098868
111 78 0.3323689258234187
111 50 0.03997309465969791
111 52 0.04849384903132627
111 46 0.07636179754367814
111 91 0.2045353345099747
111 85 0.213239576687837
111 84 0.07818690433248068
111 90 0.2130740624450646
111 47 0.058560321640928635
111 53 0.025645051430059962
105 76 0.03469296244881029
105 62 0.05356029127369034
105 89 0.023494135095538535
105 88 0.02945719566465331
105 63 0.03245296061815668
105 77 0.02805663714359251
105 49 0.14109817569064104
105 61 0.024676050949267142
105 75 0.027908148695175994
105 74 0.04517546221555045
105 60 0.024637239500195293
105 48 0.06288860164773576
105 64 0.027304316083548427
105 70 0.035642296608093385
105 58 0.07984331714293048
105 59 0.029534149722883013
105 71 0.31979325827013066
105 65 0.02293408063837643
105 73 0.026482439276679967
105 67 0.15197197241725313
105 66 0.09598592088507021
105 72 0.029032356617360797
105 57 0.24233953170863676
105 94 0.038497973802602115
105 80 0.34831605526072273
105 81 0.0297022411578248
105 95 0.0522402474907883
105 56 0.3167889732122124
105 68 0.32187598331046036
105 54 0.027113226179262928
105 83 0.17105222905143835
105 82 0.029389470769869155
105 55 0.024231154032500313
105 69 0.08660143452803257
105 51 0.08219378903501469
105 79 0.024855678712633653
105 86 0.13015379538346697
105 92 0.026231067941042366
105 93 0.02572185047488318
105 87 0.03095391759679264
105 78 0.09614199744289081
105 50 0.13813381996493687
105 52 0.03579083246511813
105 46 0.029251676900033857
105 91 0.030321869541689847
105 85 0.05370081353863254
105 84 0.03065818625280836
105 90 0.035264913212608814
105 47 0.03114396685867586
105 53 0.029009835248271387
104 76 0.033171853903886675
104 62 0.14352040230148697
104 89 0.031177493198410497
104 88 0.05593459415711909
104 63 0.059782759961482745
104 77 0.03368577271491831
104 49 0.023761643557460715
104 61 0.030017591092719925
104 75 0.025244257917993118
104 74 0.028555185558330545
104 60 0.02809823241660031
104 48 0.03139105665095919
104 64 0.06379415211797804
104 70 0.17358527558301057
104 58 0.8241191054173747
104 59 0.023153389941195382
104 71 0.03392639385196969
104 65 0.03264785222016825
104 73 0.027767401203416142
104 67 0.06650692169728933
104 66 0.0392091590572651
104 72 0.02654408253088661
104 57 0.2936842744895284
104 94 0.04690641526220368
104 80 0.03476056723302769
104 81 0.14444784704653624
104 95 0.025047341972630463
104 56 0.07355027829877514
104 68 0.20863077585044493
104 54 0.07022634928328149
104 83 0.023683007232039283
104 82 0.037708011423726276
104 55 0.12448985536864232
104 69 0.1817101526890802
104 51 0.027838333620879785
104 79 0.028142384184891192
104 86 0.035215450362230546
104 92 0.05115480459820406
104 93 0.04853037413058994
104 87 0.05702941429699257
104 78 0.08284162028515668
104 50 0.02476981775303215
104 52 0.033203272362271524
104 46 0.06274128152563885
104 91 0.05220096389624859
104 85 0.04362431451973177
104 84 0.047454234709985416
104 90 0.044255278140259535
104 47 0.056389147550223534
104 53 0.030674892328324488
110 76 0.02877504404989402
110 62 0.12120460104622435
110 89 0.16520413646720275
110 88 0.2536460828864082
110 63 0.03611142221499805
110 77 0.2354894848123106
110 49 0.047504005430363594
110 61 0.009693784952485407
110 75 0.018436926266213224
110 74 0.05982755274590101
110 60 0.07503065565259227
110 48 0.05567126040593279
110 64 0.0241886372480329
110 70 0.17582395680416812
110 58 0.31889803269111183
110 59 0.01625492163946271
110 71 0.17276547557732524
110 65 0.013091516856189422
110 73 0.016734186400649484
110 67 0.1453395937441071
110 66 0.0901592423876915
110 72 0.12638286816689429
110 57 0.19777354463557129
110 94 0.22788415759055605
110 80 0.17394165799437952
110 81 0.20506083461452257
110 95 0.07898797708504837
110 56 0.13850353938471877
110 68 0.32562240521172525
110 54 0.06336827019819549
110 83 0.030648002007572117
110 82 0.13118648368881003
110 55 0.1244211614004079
110 69 0.374752035620148
110 51 0.009931203132098512
110 79 0.15959197456441296
110 86 0.007530527395037054
110 92 0.24439347166017875
110 93 0.31003759840896034
110 87 0.198422710205031
110 78 0.2632083353138108
110 50 0.018561325813498716
110 52 0.03563449455848383
110 46 0.11843873754504634
110 91 0.22355538122829377
110 85 0.2202156244347327
110 84 0.024429001654556387
110 90 0.22054933934138726
110 47 0.09193162777805725
110 53 0.027161297347093216
138 76 0.07070726321605766
138 62 0.08858966326943227
138 89 0.07242961819320573
138 88 0.18013757527607283
138 63 0.03292371387005144
138 77 0.06673707031263902
138 49 0.02193291804155352
138 61 0.01849192846571153
138 75 0.025261213062952023
138 74 0.049788068750540385
138 60 0.016423860510970154
138 48 0.0279579130992806
138 64 0.030247189108801545
138 70 0.1787948710559189
138 58 0.03245524706534658
138 59 0.025255633262362742
138 71 0.02750582677154549
138 65 0.00736176068162972
138 73 0.02372758845922572
138 67 0.194621461003122
138 66 0.23997156733720715
138 72 0.11265481954080679
138 57 0.13919891082174343
138 94 0.23074155353990522
138 80 0.02998193267181032
138 81 0.10566871621317252
138 95 0.07055583636395896
138 56 0.15396595343366093
138 68 0.37746004925455034
138 54 0.03431797534474264
138 83 0.049721333214561056
138 82 0.05000412013027215
138 55 0.03511318669664422
138 69 0.15306695361416237
138 51 0.027048942121063763
138 79 0.05993853389502471
138 86 0.02029582771458424
138 92 0.2378262910768822
138 93 0.20136713796598835
138 87 0.20596029904333102
138 78 0.1668302955126748
138 50 0.025692423899857222
138 52 0.035727767422834025
138 46 0.09673420565408376
138 91 0.21601440585751458
138 85 0.18490814523668914
138 84 0.0187485896241866
138 90 0.19363987183255366
138 47 0.08732801009485716
138 53 0.09978981234567932
140 76 0.0935372253033307
140 62 0.03599271745011136
140 89 0.03896407837012615
140 88 0.09942097392053569
140 63 0.03858899369674265
140 77 0.01822043022223635
140 49 0.050968622613978776
140 61 0.042993897129724276
140 75 0.008423195997704844
140 74 0.023272859352517966
140 60 0.011845800642116489
140 48 0.010121767925408379
140 64 0.010597087721286577
140 70 0.14468021148262258
140 58 0.07066549528194585
140 59 0.03861704197736297
140 71 0.017922784439807285
140 65 0.016695588737242695
140 73 0.009930110356182228
140 67 0.10397233499466892
140 66 0.1969497638234597
140 72 0.014767781433165497
140 57 0.15581104759287417
140 94 0.13900106037964888
140 80 0.01982002471999887
140 81 0.07525316936422255
140 95 0.026190252210126733
140 56 0.059433168116607364
140 68 0.21325818503975383
140 54 0.010715886839900213
140 83 0.00951897492482398
140 82 0.0712301164212426
140 55 0.03978137505534801
140 69 0.1555645972384245
140 51 0.009891289928406474
140 79 0.02969945097198201
140 86 0.014979110557111763
140 92 0.14862602928829388
140 93 0.12152523810803828
140 87 0.11023402658940383
140 78 0.17726341225405295
140 50 0.05348192786257648
140 52 0.021481454980592604
140 46 0.027232822086337843
140 91 0.12111996073480222
140 85 0.12513684242139067
140 84 0.026366619735071872
140 90 0.12745356774112593
140 47 0.027788247326716767
140 53 0.00800894784768938
135 76 0.07953290501081273
135 62 0.2002619065419281
135 89 0.05290400616588742
135 88 0.169329161584611
135 63 0.041820915069207765
135 77 0.24142448597673416
135 49 0.310570605942192
135 61 0.014557729219269747
135 75 0.3339058973050859
135 74 0.16661323198249228
135 60 0.012286196786107054
135 48 0.3393615463280129
135 64 0.03533250355319223
135 70 0.1280041758704811
135 58 0.07670348958322015
135 59 0.015223355144937445
135 71 0.20130703490064836
135 65 0.009639856056044338
135 73 0.22000779322031366
135 67 0.2214307236934545
135 66 0.09642689349793357
135 72 0.0455851553792002
135 57 0.22442722238147428
135 94 0.2512418319123798
135 80 0.2186347304226599
135 81 0.20456698264996842
135 95 0.11046032721562823
135 56 0.28469036984634705
135 68 0.36018717536315104
135 54 0.07250123669328962
135 83 0.4797616512982039
135 82 0.038385034500505136
135 55 0.057267194447769204
135 69 0.1638537236028654
135 51 0.1267203971113889
135 79 0.19733531954588707
135 86 0.07456535982260803
135 92 0.24486510942094722
135 93 0.20983154922186792
135 87 0.2188140008579536
135 78 0.21409412612454187
135 50 0.09219855258545351
135 52 0.1092606002929664
135 46 0.3011573887067975
135 91 0.22050790882078497
135 85 0.21429345344288675
135 84 0.12272496190488155
135 90 0.22000709209261116
135 47 0.1758034233353693
135 53 0.2883746827338859
121 76 0.12785719061469766
121 62 0.11776701684798417
121 89 0.09011936688470579
121 88 0.3176623595330227
121 63 0.1564327199200664
121 77 0.10193337684459443
121 49 0.14393929987168422
121 61 0.02885101304269022
121 75 0.023389141642263925
121 74 0.08604086858011943
121 60 0.08327001733329231
121 48 0.1123233769257025
121 64 0.10532023945315147
121 70 0.1510037301084516
121 58 0.022043184730143328
121 59 0.015895036807178214
121 71 0.3765098177907713
121 65 0.0899778185525633
121 73 0.018984247039440613
121 67 0.3378790579314498
121 66 0.18331992471609293
121 72 0.05915146720380833
121 57 0.3549581732967923
121 94 0.4150805353055482
121 80 0.410379847667652
121 81 0.10192517182428475
121 95 0.10184963424934682
121 56 0.1837817694444795
121 68 0.38983441780217276
121 54 0.12027847928111049
121 83 0.310826503538563
121 82 0.0537855127066605
121 55 0.21292564289879387
121 69 0.3845366774268212
121 51 0.11087823508811526
121 79 0.07475361695265681
121 86 0.1217132007300185
121 92 0.5422166284468491
121 93 0.3729327283765813
121 87 0.21423663882678
121 78 0.5111011793367376
121 50 0.1488511878626042
121 52 0.023918416986141902
121 46 0.1264286552778304
121 91 0.3598980823661626
121 85 0.35998584243339216
121 84 0.03259480758588218
121 90 0.3682468806072289
121 47 0.20934837083344246
121 53 0.08619141604997643
109 76 0.062391749498544986
109 62 0.09971181049898857
109 89 0.05205990100256604
109 88 0.1757128673922395
109 63 0.032637120043172915
109 77 0.18277871163078113
109 49 0.0661926120312612
109 61 0.031726263819059006
109 75 0.020791075159900863
109 74 0.08201916334644627
109 60 0.019747756293808066
109 48 0.050029207012316154
109 64 0.08660209660909463
109 70 0.22794279352583754
109 58 0.3581523340408477
109 59 0.014962409568349919
109 71 0.06394941726554361
109 65 0.013810706214229806
109 73 0.014590645349722972
109 67 0.17291595591500272
109 66 0.12417420564312887
109 72 0.06633628359623721
109 57 0.2146863536327296
109 94 0.2203845292237641
109 80 0.06531181807763584
109 81 0.22105106614260844
109 95 0.07566182608050194
109 56 0.10244283411171046
109 68 0.34368289471950075
109 54 0.04281328938555537
109 83 0.024639629510049166
109 82 0.03564777398473257
109 55 0.10933919538950664
109 69 0.2693624993390873
109 51 0.034482503363126776
109 79 0.1474859360322672
109 86 0.03706997959714897
109 92 0.23571660416100781
109 93 0.2048921533909673
109 87 0.17097638525161316
109 78 0.26819060741935563
109 50 0.04455469570468247
109 52 0.0554720019963108
109 46 0.13907064726819707
109 91 0.21769792366018725
109 85 0.2124152381973876
109 84 0.5298516828794767
109 90 0.2127889373435034
109 47 0.039765239118803336
109 53 0.03683906493631449
108 76 0.05625984914948839
108 62 0.1273816045117468
108 89 0.07868484459811334
108 88 0.19705471814421505
108 63 0.05486973587978295
108 77 0.1087712140405044
108 49 0.025125008539050364
108 61 0.02406545674109159
108 75 0.025207935491023972
108 74 0.04840512447299504
108 60 0.02258455197425746
108 48 0.03101119465918964
108 64 0.05861214399164815
108 70 0.22362091003124146
108 58 0.5110086046863448
108 59 0.032011899057747095
108 71 0.041760080654486456
108 65 0.023078847119212
108 73 0.023144033577711137
108 67 0.18474376232937245
108 66 0.13630916498966497
108 72 0.062167777946901585
108 57 0.25229606871056726
108 94 0.25886558754060507
108 80 0.042732080536167616
108 81 0.19974060212770808
108 95 0.07221621311443055
108 56 0.22698584358140972
108 68 0.4401063496836849
108 54 0.11451951480215079
108 83 0.04000905872534423
108 82 0.036911931916914956
108 55 0.15817656868956928
108 69 0.27612429255554993
108 51 0.020737018591954787
108 79 0.1405117444285646
108 86 0.023244030449898506
108 92 0.2679141853469669
108 93 0.22627268048485868
108 87 0.19531726038097383
108 78 0.21485407166217568
108 50 0.02792298741799172
108 52 0.05037282565436206
108 46 0.10698657124239158
108 91 0.221390772319981
108 85 0.23105257771353277
108 84 0.057523062322297015
108 90 0.23108389560919732
108 47 0.06742097985875158
108 53 0.024375100008923775
120 76 0.0071801060084603074
120 62 0.1396272244353342
120 89 0.04852498719045925
120 88 0.15126566166457395
120 63 0.02145632942894124
120 77 0.2624699143029055
120 49 0.011649146329654123
120 61 0.002513457537628369
120 75 0.04457496850484419
120 74 0.015087578065575036
120 60 0.004233548423210179
120 48 0.00885536042133736
120 64 0.019170614712641643
120 70 0.08363648242013916
120 58 0.029890348417439677
120 59 0.004088009821120744
120 71 0.024735384657330065
120 65 0.010754019983356969
120 73 0.006689560613831122
120 67 0.11852288271843459
120 66 0.09612116227561732
120 72 0.003425713350430709
120 57 0.04548930845154309
120 94 0.20587991090076307
120 80 0.027044141438514954
120 81 0.06685796246359499
120 95 0.02978520743586885
120 56 0.09465922651644487
120 68 0.1483849521359326
120 54 0.022506080901154385
120 83 0.027735054459523414
120 82 0.005498487262670687
120 55 0.2421778516583413
120 69 0.1006011042797382
120 51 0.04689891318291234
120 79 0.03295473368159052
120 86 0.013601766387574252
120 92 0.21478128595707274
120 93 0.17749060143734585
120 87 0.18127840813414375
120 78 0.15950970091803202
120 50 0.07650354321076827
120 52 0.013317256581920983
120 46 0.05164231002690605
120 91 0.17267522590236833
120 85 0.1810473150928588
120 84 0.08587090928268745
120 90 0.1808073736888672
120 47 0.07833541745003678
120 53 0.3771390234792842
134 76 0.06224785957828898
134 62 0.12317889840233953
134 89 0.017123187257571587
134 88 0.04851523477409099
134 63 0.03167063391695461
134 77 0.05255547641829594
134 49 0.29085316141217143
134 61 0.023152583218051928
134 75 0.3340120848903586
134 74 0.10129248917967647
134 60 0.020966819753505284
134 48 0.264174988909777
134 64 0.026373022352016592
134 70 0.05704629616647147
134 58 0.04318018810169176
134 59 0.00594204900713334
134 71 0.40759629983449286
134 65 0.018511877971958565
134 73 0.2163998213914742
134 67 0.18398000707322454
134 66 0.03261013724791888
134 72 0.021773117986387105
134 57 0.2444811566306397
134 94 0.06892747428034265
134 80 0.4444616835501707
134 81 0.04635708265923377
134 95 0.029092065708653567
134 56 0.07475634257259015
134 68 0.2404994699952605
134 54 0.06366892022477798
134 83 0.28450371357369286
134 82 0.028865330863722477
134 55 0.17240066696669595
134 69 0.09153649884372515
134 51 0.12892018599763802
134 79 0.048367954570911864
134 86 0.13831628003086113
134 92 0.052668373008264116
134 93 0.04789046967211229
134 87 0.10889184736921731
134 78 0.0927945435256427
134 50 0.15579520521146462
134 52 0.5465794901997841
134 46 0.16021248772432786
134 91 0.055857229393205476
134 85 0.040310583657964597
134 84 0.08158379048442918
134 90 0.04880297089030741
134 47 0.15418782673064818
134 53 0.38569852887383715
122 76 0.050433225780630336
122 62 0.06514143183865156
122 89 0.10142774638982278
122 88 0.16582050114570016
122 63 0.0663847443317295
122 77 0.021204710583670044
122 49 0.24365644127498415
122 61 0.017944354700951348
122 75 0.01903290143622416
122 74 0.0802608593404518
122 60 0.025987804902857584
122 48 0.08455572837899006
122 64 0.015876762904536948
122 70 0.11385128842955372
122 58 0.03062074912300153
122 59 0.026281727785705325
122 71 0.5679361189859443
122 65 0.013244151417350095
122 73 0.015702873726400418
122 67 0.40538190060888213
122 66 0.1408737858222074
122 72 0.007965244183313958
122 57 0.4031042059928732
122 94 0.24526237624644334
122 80 0.6231626263991858
122 81 0.09306117492348728
122 95 0.07407688597977845
122 56 0.10888068746895818
122 68 0.44084736235086497
122 54 0.018371277338581654
122 83 0.2984363118851965
122 82 0.01771275662519682
122 55 0.0710825564014173
122 69 0.21821200063129598
122 51 0.13550599644142552
122 79 0.056716389381048705
122 86 0.25275062820207195
122 92 0.25179555898930833
122 93 0.2036110301408396
122 87 0.1526751608759569
122 78 0.25565894934557454
122 50 0.2513574753770913
122 52 0.03289871255917898
122 46 0.05833688444015501
122 91 0.20366579022501655
122 85 0.7850988204099338
122 84 0.038873683746331544
122 90 0.2738331422453788
122 47 0.035727797665376204
122 53 0.02330098571830122
136 76 0.03269882933833004
136 62 0.0883583440000874
136 89 0.01011550500978542
136 88 0.0694885657037523
136 63 0.027345806334486536
136 77 0.3074125896377121
136 49 0.1454482689222509
136 61 0.055148792380329034
136 75 0.01753784268937887
136 74 0.10937453954790381
136 60 0.006306340310946373
136 48 0.14998922202598566
136 64 0.016304501655990275
136 70 0.08842408526084282
136 58 0.07156404569176936
136 59 0.009712762874758057
136 71 0.013155705459251349
136 65 0.005047888086603808
136 73 0.01588305946586449
136 67 0.052071979719627404
136 66 0.019555840218072995
136 72 0.04872302653838259
136 57 0.13385073055356217
136 94 0.10958161552193892
136 80 0.014270289150175391
136 81 0.2946162297780278
136 95 0.07636856611549755
136 56 0.18439071958763875
136 68 0.19854404628668634
136 54 0.06861474429069597
136 83 0.029405000842262247
136 82 0.018823710299592192
136 55 0.03188883722952568
136 69 0.043307234311244794
136 51 0.008030602561229144
136 79 0.4023134500580966
136 86 0.007673288095819991
136 92 0.10679473857383731
136 93 0.09620131126433068
136 87 0.07961896618763026
136 78 0.10836505438219775
136 50 0.008014256365505096
136 52 0.03947541038267405
136 46 0.1497283778131348
136 91 0.11760102924777668
136 85 0.11705860463860017
136 84 0.04256484514685982
136 90 0.1156923902557065
136 47 0.19168458319343828
136 53 0.03132212729098155
137 76 0.07127865978814693
137 62 0.06614621494367162
137 89 0.06174876063265708
137 88 0.14164196091767894
137 63 0.030538615014109732
137 77 0.03028631114610572
137 49 0.028240936943716335
137 61 0.03679418363971142
137 75 0.020295584172035322
137 74 0.02515680987413793
137 60 0.02937343575346235
137 48 0.021946389037669906
137 64 0.027658788537491305
137 70 0.10293333661548248
137 58 0.0668166813865054
137 59 0.05418811088583775
137 71 0.019817331032162558
137 65 0.02339057796146682
137 73 0.021977907945816708
137 67 0.12458206315597892
137 66 0.2146751269065215
137 72 0.02458322241170391
137 57 0.13174426593676436
137 94 0.18262583201707225
137 80 0.018964130703030185
137 81 0.07966341402018051
137 95 0.052348551908947154
137 56 0.12020202473744564
137 68 0.24695695274204318
137 54 0.03186122192650814
137 83 0.024313296976289298
137 82 0.02504137777317436
137 55 0.040611914660532114
137 69 0.12684395404841137
137 51 0.023180364501497797
137 79 0.09897844555436093
137 86 0.024206314895778583
137 92 0.2011072896416949
137 93 0.16446292481496094
137 87 0.12969100998478145
137 78 0.13456169201920196
137 50 0.03208364986653427
137 52 0.055663871079197964
137 46 0.056504694869573185
137 91 0.16338811432214398
137 85 0.16738495041757362
137 84 0.02318362548464932
137 90 0.16657988632462323
137 47 0.039701778829289824
137 53 0.027512087079452838
123 76 0.044225853464494966
123 62 0.060920938690988094
123 89 0.04866387419546793
123 88 0.13824514508697508
123 63 0.028046976472954677
123 77 0.05513932781130934
123 49 0.18916802799815716
123 61 0.038363025293936245
123 75 0.029232875637381722
123 74 0.045607943290471645
123 60 0.03526984042049369
123 48 0.077759650297511
123 64 0.023431255511612264
123 70 0.0963609212638071
123 58 0.05632606027917069
123 59 0.013702992833306102
123 71 0.46667937828647643
123 65 0.031795727641580854
123 73 0.025336850210123718
123 67 0.3059272749481576
123 66 0.10851442797595612
123 72 0.036410873994293866
123 57 0.3876794705187593
123 94 0.6705848135089434
123 80 0.5098272353774274
123 81 0.05773177403667918
123 95 0.06590405557429334
123 56 0.1408030289662417
123 68 0.35005751564551946
123 54 0.026288978447713954
123 83 0.22425841592419926
123 82 0.041156841461178956
123 55 0.036899176896211736
123 69 0.17757166639942712
123 51 0.10757596812905651
123 79 0.04052248177589381
123 86 0.1695306718991928
123 92 0.21469157093702296
123 93 0.19219282135873425
123 87 0.13181347049964554
123 78 0.2483384590260142
123 50 0.1924258626151957
123 52 0.029649208740463937
123 46 0.056301703267384116
123 91 0.20098351915491747
123 85 0.18422135950159851
123 84 0.04758503269478255
123 90 0.19789762470756295
123 47 0.050995875501220124
123 53 0.050506070965844335
127 76 0.09496857188163202
127 62 0.07965368452479943
127 89 0.0756806446829536
127 88 0.21972410895918068
127 63 0.04172142577948684
127 77 0.10286657475947221
127 49 0.15621491492183032
127 61 0.019530672817560837
127 75 0.01984834177939855
127 74 0.07574645714145835
127 60 0.02068152339762039
127 48 0.06569208114354588
127 64 0.02892144289101692
127 70 0.1450812954640236
127 58 0.060719484337802436
127 59 0.030952433956824815
127 71 0.37498573013882663
127 65 0.017582737743146573
127 73 0.013710824226580764
127 67 0.2990578056210123
127 66 0.15151278119500738
127 72 0.07029519969342721
127 57 0.3214473874299606
127 94 0.30782316166866164
127 80 0.4101319417031086
127 81 0.1665690711663816
127 95 0.12035357134269475
127 56 0.22412755246222263
127 68 0.5408313812698387
127 54 0.0988553848086147
127 83 0.04101507923601891
127 82 0.0335717053525222
127 55 0.06963404866396522
127 69 0.2050714711047812
127 51 0.25698969053749443
127 79 0.14511610686556578
127 86 0.15449398077599674
127 92 0.3129204569062144
127 93 0.25869848128960504
127 87 0.3005515704482482
127 78 0.212510737504426
127 50 0.3643668042807854
127 52 0.060146085748646536
127 46 0.16176282880022605
127 91 0.28268142361808196
127 85 0.26401802762042836
127 84 0.03717972488434465
127 90 0.2638904182325485
127 47 0.061187027124556405
127 53 0.03606898017080305
133 76 0.013291852735224555
133 62 0.2516225481840513
133 89 0.017759563373784204
133 88 0.09541266500994719
133 63 0.04807201771126356
133 77 0.27160155756278814
133 49 0.40923602772806145
133 61 0.05685499407461447
133 75 0.014934726133211756
133 74 0.1346995191473685
133 60 0.0068852273180829565
133 48 0.2563063629828441
133 64 0.03142611923758255
133 70 0.10418841986181918
133 58 0.0920321287289011
133 59 0.010323668472029437
133 71 0.2766215582599191
133 65 0.014455620542949424
133 73 0.05433773815625301
133 67 0.1917924839890524
133 66 0.03632784536360806
133 72 0.010922738272174479
133 57 0.3085599794382379
133 94 0.1412603311672096
133 80 0.3038132218632109
133 81 0.19715032049794096
133 95 0.07322875832193526
133 56 0.1628434569108311
133 68 0.2639961580226511
133 54 0.08928054606532422
133 83 0.09812535913206846
133 82 0.16821348336694597
133 55 0.06818252545538567
133 69 0.05776858403804392
133 51 0.056633242942827386
133 79 0.36652430510568124
133 86 0.10558044897392735
133 92 0.1356480503179796
133 93 0.12265641996772196
133 87 0.1029173933212301
133 78 0.12280955290208752
133 50 0.11113743817000057
133 52 0.051800278525514026
133 46 0.06666370789346696
133 91 0.1424993769697084
133 85 0.13264571888612287
133 84 0.12205321425565523
133 90 0.13565074693544701
133 47 0.24420118386476103
133 53 0.3894884110510164
132 76 0.05557951822134127
132 62 0.07099982513657527
132 89 0.1253664151187469
132 88 0.3587903017403992
132 63 0.05292557667972471
132 77 0.13632738325543034
132 49 0.03843795584020061
132 61 0.021580045381791466
132 75 0.022055345915699867
132 74 0.06847731743866114
132 60 0.01762456927934959
132 48 0.03917673031269556
132 64 0.04858132177497268
132 70 0.22217881746399248
132 58 0.055705467822994625
132 59 0.019915154554199344
132 71 0.03928490024735293
132 65 0.014973305294192274
132 73 0.02015960146147959
132 67 0.29666506617884986
132 66 0.2341918335912
132 72 0.06985374307028128
132 57 0.18753311600059924
132 94 0.5785289157592927
132 80 0.041668208026767406
132 81 0.2113855092939572
132 95 0.09377253252679114
132 56 0.3059480759664889
132 68 0.5124092095036133
132 54 0.10920461517920294
132 83 0.20578591287513742
132 82 0.04634018897623193
132 55 0.08603885908161601
132 69 0.27492737879030327
132 51 0.026949084121041106
132 79 0.1455922396882459
132 86 0.024843250612782697
132 92 0.6001463897490216
132 93 0.5033576314501863
132 87 0.33951199907572716
132 78 0.27998654941634904
132 50 0.028203707818588816
132 52 0.13999726937439777
132 46 0.31131101022242935
132 91 0.48225111228485784
132 85 0.4981906936193863
132 84 0.06337470604099311
132 90 0.49878404728273174
132 47 0.08641452565743149
132 53 0.07751218324646407
126 76 0.05872192173937811
126 62 0.07018820439346578
126 89 0.07828522626194187
126 88 0.20250596752711042
126 63 0.02776594103288514
126 77 0.04596266654570433
126 49 0.17709738270779146
126 61 0.04051531173780845
126 75 0.02366428526362878
126 74 0.06241009537796599
126 60 0.045011143819882984
126 48 0.06775816478048018
126 64 0.02902876522456753
126 70 0.12819032106422562
126 58 0.02838486884992901
126 59 0.02472404325504289
126 71 0.41646052933192
126 65 0.02659421339139656
126 73 0.021609237871242984
126 67 0.364096030308685
126 66 0.15891609297729803
126 72 0.02814827206059399
126 57 0.3275684888581095
126 94 0.4860742113180845
126 80 0.4549555239314501
126 81 0.08086441223838858
126 95 0.061884525756539965
126 56 0.11872341142162142
126 68 0.3982102343312067
126 54 0.025928171959410773
126 83 0.349502955508027
126 82 0.027456818367354516
126 55 0.053228058495411894
126 69 0.25554134159100983
126 51 0.10293632946163928
126 79 0.05442059971363035
126 86 0.16114178067752905
126 92 0.4838269710322042
126 93 0.42292768125760927
126 87 0.22835690321006857
126 78 0.3005976841745893
126 50 0.18506976889226706
126 52 0.02750543828871567
126 46 0.06036140833694503
126 91 0.4030203956603109
126 85 0.43002581973442555
126 84 0.01432097231618809
126 90 0.8437012463854638
126 47 0.035536711563435824
126 53 0.041670428797099646
118 76 0.08637313870140609
118 62 0.2080762375579125
118 89 0.01138275097012395
118 88 0.030341429761981953
118 63 0.06125724387648795
118 77 0.04890083733973667
118 49 0.3283113231038002
118 61 0.011895534322675191
118 75 0.019203623320026647
118 74 0.11476175353025905
118 60 0.00830868047511285
118 48 0.16044933976216047
118 64 0.01811480435675228
118 70 0.07664843159740875
118 58 0.32963872488689216
118 59 0.12604317836395523
118 71 0.219051590470994
118 65 0.003979514993836336
118 73 0.04743247002219464
118 67 0.12483059974568905
118 66 0.020407117492785412
118 72 0.014589015364978045
118 57 0.27702072926812793
118 94 0.03544991578199082
118 80 0.2399253718609228
118 81 0.2476997863950399
118 95 0.038352405401108444
118 56 0.2608095687762455
118 68 0.18438069860852957
118 54 0.020744997679772642
118 83 0.17606108577620702
118 82 0.03866126840217879
118 55 0.10246268705953254
118 69 0.09739503093464476
118 51 0.14836369189132084
118 79 0.18207144283258436
118 86 0.08804359813828115
118 92 0.03040444327947643
118 93 0.026817154415608613
118 87 0.10147458049744511
118 78 0.05193407046770693
118 50 0.269170930049057
118 52 0.05232996419812788
118 46 0.16237737715249384
118 91 0.04867777359959587
118 85 0.03581869766656909
118 84 0.14384903390222512
118 90 0.033726703508281386
118 47 0.30477434592646047
118 53 0.28178016904101877
130 76 0.011596293730772811
130 62 0.04010046840533782
130 89 0.07186194209039481
130 88 0.21209623276288736
130 63 0.038717765354238154
130 77 0.03731934231599206
130 49 0.011344546884840018
130 61 0.005844077529093938
130 75 0.013135140399903295
130 74 0.028560500075958645
130 60 0.007855021818204203
130 48 0.01989190414736426
130 64 0.03530290511756913
130 70 0.13205300082852653
130 58 0.04666997851895262
130 59 0.012769477239558444
130 71 0.011485556312547038
130 65 0.0054229738655430515
130 73 0.011715194985894517
130 67 0.16644316207088639
130 66 0.13658839660319355
130 72 0.009377191574319321
130 57 0.06237105505655273
130 94 0.2836576282547516
130 80 0.012993954519162673
130 81 0.12794061977155402
130 95 0.04426615065629935
130 56 0.16898930639865978
130 68 0.23420716638627226
130 54 0.09843490580359984
130 83 0.198027024044982
130 82 0.01113088991913326
130 55 0.054285646516463545
130 69 0.14209141738348263
130 51 0.0056835519698373305
130 79 0.07427739353769172
130 86 0.004218604485410199
130 92 0.2955547432306752
130 93 0.24602766277166752
130 87 0.2092491509163515
130 78 0.14711376295813886
130 50 0.004895254543816674
130 52 0.05927734550071614
130 46 0.2498245855030373
130 91 0.23938642435788665
130 85 0.25059358453746483
130 84 0.05443750606354555
130 90 0.25003880493421937
130 47 0.0531627844662717
130 53 0.02965446568893937
124 76 0.03456957731877765
124 62 0.05224270953813767
124 89 0.06372652096481116
124 88 0.1939356025537027
124 63 0.02159132977739453
124 77 0.03100196890136314
124 49 0.13986799891735563
124 61 0.012161782023096437
124 75 0.014645775827034996
124 74 0.06005595923981537
124 60 0.01534892002312635
124 48 0.056495718618483154
124 64 0.019289519293320234
124 70 0.1117625023920756
124 58 0.03498138728045738
124 59 0.01059203084476823
124 71 0.3400036494824712
124 65 0.014016276788633042
124 73 0.009466161021222358
124 67 0.30044899884064113
124 66 0.12342438883476461
124 72 0.01684058741914496
124 57 0.26279802572055005
124 94 0.27089406910718283
124 80 0.37226157671320315
124 81 0.08050578807408623
124 95 0.08431638910022572
124 56 0.11806771332328393
124 68 0.33586413284453676
124 54 0.022637130187345048
124 83 0.2946040567645274
124 82 0.026227288472366106
124 55 0.03430708980598575
124 69 0.2183108610287531
124 51 0.0941956667228111
124 79 0.04188281057784188
124 86 0.13772440223256308
124 92 0.2785092647728861
124 93 0.22892201723004565
124 87 0.1945345125115693
124 78 0.2554969272494191
124 50 0.1492885121781937
124 52 0.029098236406934236
124 46 0.06123718281029912
124 91 1.0
124 85 0.233961952404673
124 84 0.023508984209767977
124 90 0.23410709569019075
124 47 0.043328260581477374
124 53 0.02833480531637285
125 76 0.04910965540926489
125 62 0.060269601170483064
125 89 0.08076714780701882
125 88 0.20571087271958838
125 63 0.020626108917676328
125 77 0.01486691655575638
125 49 0.14851087543669772
125 61 0.013350879597815932
125 75 0.021905446416865412
125 74 0.05446463551679211
125 60 0.016853813752424285
125 48 0.05555641405159716
125 64 0.016624207257866952
125 70 0.11839524285171033
125 58 0.027111208838572903
125 59 0.008851369059903885
125 71 0.3513106803975902
125 65 0.02842394677276218
125 73 0.021396644429971717
125 67 0.3966196162981237
125 66 0.14270247771637623
125 72 0.008218329568592947
125 57 0.2810300501436558
125 94 0.2893469699910365
125 80 0.38576046537333686
125 81 0.08129833342262058
125 95 0.07330689726873871
125 56 0.3160376381417256
125 68 0.49950135637023085
125 54 0.019637500439321665
125 83 0.3311976495348671
125 82 0.01850693751233956
125 55 0.04682107570979585
125 69 0.23449508652235296
125 51 0.0835199634384182
125 79 0.04692741673874573
125 86 0.14380500732882406
125 92 0.29475242128344703
125 93 0.24447369031870317
125 87 0.18921886297646406
125 78 0.2750211011593307
125 50 0.1526148744241212
125 52 0.017883649780485705
125 46 0.06313096781409569
125 91 0.24904325526633309
125 85 0.253459140183364
125 84 0.017035993629011495
125 90 0.24740375691113972
125 47 0.039224528133993575
125 53 0.02743621235163428
131 76 0.013363898389845502
131 62 0.09561547310265829
131 89 0.11421501188078764
131 88 0.449799559790497
131 63 0.05285867736523188
131 77 0.018034522033215414
131 49 0.01764956480130296
131 61 0.013058077387397102
131 75 0.0110602450218895
131 74 0.041643286222785
131 60 0.014354180037733949
131 48 0.028933260521807752
131 64 0.04851879863530113
131 70 0.26264731949330367
131 58 0.41357177120443445
131 59 0.1139514152628359
131 71 0.019826905217405363
131 65 0.015391324974108472
131 73 0.012409214587073045
131 67 0.27544642616992676
131 66 0.21329887230867567
131 72 0.012734555905615508
131 57 0.31976097508337553
131 94 0.4447837842372512
131 80 0.021220587928212395
131 81 0.20905701733896892
131 95 0.06947282783486025
131 56 0.11825763698989747
131 68 0.425715614659253
131 54 0.10279021042111519
131 83 0.020141031543138843
131 82 0.030967561791212878
131 55 0.08914335856124773
131 69 0.2999244459691638
131 51 0.008935934337829646
131 79 0.09637588552795669
131 86 0.013605063877825993
131 92 0.4635982054273937
131 93 0.38435034590745654
131 87 0.34119084221864604
131 78 0.24752528145795658
131 50 0.014863912526913436
131 52 0.020212821884620855
131 46 0.13742100596593115
131 91 0.3744525317449725
131 85 0.39212438790730175
131 84 0.0258509689462256
131 90 0.3919368124148329
131 47 0.07568478668383621
131 53 0.008832677053196389
119 76 0.05234883539430318
119 62 0.14116322389952304
119 89 0.03967080297578607
119 88 0.09415013260303232
119 63 0.017335796487152277
119 77 0.3055035153669498
119 49 0.08930026154650195
119 61 0.07717508803358593
119 75 0.056387951054795
119 74 0.13477115171570336
119 60 0.031091515280091506
119 48 0.07212802580178451
119 64 0.02058157054754993
119 70 0.16821149031549765
119 58 0.4141981566571128
119 59 0.0917505547315847
119 71 0.02350304701476945
119 65 0.00826190986905441
119 73 0.05266092361676756
119 67 0.0986810946829348
119 66 0.05896042499352165
119 72 0.04652420682528073
119 57 0.14777940955000074
119 94 0.14216591481125995
119 80 0.023861228599043938
119 81 0.11420158371744225
119 95 0.09810745322066637
119 56 0.11864385388810855
119 68 0.19157941043815124
119 54 0.021729057813672847
119 83 0.08311605865143507
119 82 0.03597157818875826
119 55 0.10728124208400922
119 69 0.12345613561908175
119 51 0.03497502861636445
119 79 0.30732122362526665
119 86 0.03180796574254248
119 92 0.1450489990782488
119 93 0.13139377963396637
119 87 0.11551153406885604
119 78 0.139483813389735
119 50 0.032138133682779596
119 52 0.09403069977344489
119 46 0.08757086340867126
119 91 0.15906358239973836
119 85 0.164423368246309
119 84 0.07992435133709141
119 90 0.1604878625528931
119 47 0.024442996511688173
119 53 0.06600459470752981
