114 76 0.05491841781564635
114 62 0.12039682227022713
114 89 0.043194208965927454
114 88 0.18694480526127555
114 63 0.07418283156259688
114 77 0.0
114 49 0.013856000921974962
114 61 0.0
114 75 0.0
114 74 0.11964152800607084
114 60 0.0
114 48 0.027925581155349197
114 64 0.047841237154067615
114 70 0.15666925355991257
114 58 0.3195585020954987
114 59 0.0042112980595542665
114 71 0.03019889176584551
114 65 0.0
114 73 0.0
114 67 0.1510103872719344
114 66 0.11952175615374691
114 72 0.0
114 57 0.1864026459626683
114 94 0.2116505597292746
114 80 0.03412045401454563
114 81 0.1464366490404473
114 95 0.0214753657818648
114 56 0.09179259915099941
114 68 0.27605438252277026
114 54 0.06367752092503606
114 83 0.005303940780937294
114 82 0.04154490439519873
114 55 0.09006205606796998
114 69 0.17455115760540202
114 51 0.0
114 79 0.02166220005257557
114 86 0.0
114 92 0.20689089611972078
114 93 0.18378266035137392
114 87 0.1937785087781212
114 78 0.15789419729418075
114 50 0.010303695341121744
114 52 0.0
114 46 0.10045550089396185
114 91 0.18295423396077803
114 85 0.15857535001462694
114 84 0.0
114 90 0.16521608754776396
114 47 0.09571662464406254
114 53 0.0
100 76 0.0
100 62 0.04071613631420367
100 89 0.005151258509865059
100 88 0.13017974365988585
100 63 0.1573239195711935
100 77 0.0
100 49 0.14888199873507058
100 61 0.0
100 75 0.0
100 74 0.0
100 60 0.0
100 48 0.04641993391822521
100 64 0.08644817402944488
100 70 0.09906778848025286
100 58 0.12345644002150255
100 59 0.0
100 71 0.37662310368165336
100 65 0.0
100 73 0.0
100 67 0.14380104565843987
100 66 0.09451650016320037
100 72 0.0
100 57 0.20860555217016746
100 94 0.1619406035931248
100 80 0.4147598051118222
100 81 0.09402015810824496
100 95 0.021787604580384534
100 56 0.06554629776756118
100 68 0.22188529468576168
100 54 0.022748685160716722
100 83 0.02848663547039884
100 82 0.021591730397443963
100 55 0.12465650998038355
100 69 0.12451410131265953
100 51 0.07399383122510873
100 79 0.00014205842361099397
100 86 0.13873138923379846
100 92 0.15430105919934975
100 93 0.13438609825563474
100 87 0.1350558439127716
100 78 0.11697179410472083
100 50 0.1467575523820072
100 52 0.0
100 46 0.09147871678349045
100 91 0.13731140763116575
100 85 0.11463288405822265
100 84 0.0
100 90 0.12120588120540118
100 47 0.05503982968796817
100 53 0.0
128 76 0.01725264537227804
128 62 0.05049377369460565
128 89 0.08685763788250132
128 88 0.2447110512836626
128 63 0.0662772725889973
128 77 0.04813459147141007
128 49 0.021262649003753478
128 61 0.0
128 75 0.0
128 74 0.016744258571495398
128 60 0.0
128 48 0.029400455357545256
128 64 0.0414556641365344
128 70 0.15005361912580778
128 58 0.135617736632235
128 59 0.008786434076337488
128 71 0.03181245334889607
128 65 0.0
128 73 0.0
128 67 0.2058479117992566
128 66 0.1628331733560238
128 72 0.03619039752295448
128 57 0.189175176196495
128 94 0.36413749782568966
128 80 0.03663585523950839
128 81 0.13253331560549095
128 95 0.06031051678317273
128 56 0.1411353180639755
128 68 0.46685492919284993
128 54 0.05518721241400175
128 83 0.005110627351214661
128 82 0.04408003970165227
128 55 0.047530951156603295
128 69 0.19805832559170328
128 51 0.0
128 79 0.07811071141431959
128 86 0.0
128 92 0.3808217224860614
128 93 0.3071917762010038
128 87 0.227058157843453
128 78 0.20269954501917842
128 50 0.015631212215138565
128 52 0.0
128 46 0.09354130778860098
128 91 0.3006095310601237
128 85 0.3160938327391312
128 84 0.0
128 90 0.3184306960664836
128 47 0.09351208997393899
128 53 0.0
129 76 0.05245450858840082
129 62 0.1789170425545115
129 89 0.12082316821154132
129 88 0.3721368299000642
129 63 0.21849955320309705
129 77 0.05225404754777581
129 49 0.12044545949474114
129 61 0.050290237375683715
129 75 0.03521369681282104
129 74 0.07580969220621218
129 60 0.049397053760121205
129 48 0.14223528181746975
129 64 0.16638038845036585
129 70 0.2913512469289135
129 58 0.35828222191654646
129 59 0.08260572990417579
129 71 0.13917301784907418
129 65 0.050854578006421416
129 73 0.046295371742319395
129 67 0.32263391733624197
129 66 0.2719363581523448
129 72 0.060209809945512546
129 57 0.4185804858598034
129 94 0.4350404702882635
129 80 0.14736887473460447
129 81 0.308803521027704
129 95 0.0852012876275426
129 56 0.23488081371026592
129 68 0.5113523737761989
129 54 0.19215678408537187
129 83 0.09306066012713667
129 82 0.16991722881782165
129 55 0.17509840443342917
129 69 0.3291453804090471
129 51 0.04185852091774751
129 79 0.11372643038596969
129 86 0.07781798449978582
129 92 0.415995722375365
129 93 0.36449280157219044
129 87 0.37122474176665515
129 78 0.31154080147350804
129 50 0.10503409567167851
129 52 0.015587682069404918
129 46 0.25297423058863655
129 91 0.3589043424203058
129 85 0.3452893428197903
129 84 0.05747812962263472
129 90 0.34784204685570574
129 47 0.25888923767218847
129 53 0.05974843292185355
101 76 0.0
101 62 0.014390224490697698
101 89 0.0
101 88 0.1108280483234054
101 63 0.009600189536492235
101 77 0.0
101 49 0.07545288581767812
101 61 0.0
101 75 0.0
101 74 0.0
101 60 0.0
101 48 0.017978495266721496
101 64 0.0
101 70 0.08495194018694582
101 58 0.07618049837756374
101 59 0.006711425334212789
101 71 0.14586657315813417
101 65 0.0
101 73 0.0
101 67 0.09697575155051655
101 66 0.09497936420890765
101 72 0.0
101 57 0.12080106096425387
101 94 0.1355112401329893
101 80 0.1606369626929085
101 81 0.07888793890397394
101 95 0.008438365003097303
101 56 0.05847117156059234
101 68 0.19910054548022582
101 54 0.0030781875256583047
101 83 0.011032907583875415
101 82 0.005862807277425566
101 55 0.04827961363746027
101 69 0.10847853938722822
101 51 0.028657898281171643
101 79 0.0
101 86 0.05373083100633801
101 92 0.1374214395346825
101 93 0.11406199563650063
101 87 0.11124041055886125
101 78 0.10836149065362714
101 50 0.09191307392002596
101 52 0.0
101 46 0.034517718386878886
101 91 0.11737239929542094
101 85 0.0984795000277254
101 84 0.02920343955280144
101 90 0.10280888030705913
101 47 0.03225474203933741
101 53 0.0
115 76 0.028042874353327495
115 62 0.017010173585799072
115 89 0.0
115 88 0.06486159728717995
115 63 0.0
115 77 0.0
115 49 0.0
115 61 0.0
115 75 0.0
115 74 0.07629267270160871
115 60 0.0
115 48 0.0
115 64 0.06869713898964672
115 70 0.038470507545891895
115 58 0.021687000108759465
115 59 0.0
115 71 0.0
115 65 0.0
115 73 0.0
115 67 0.05460875383247715
115 66 0.1216487508016327
115 72 0.06059825198559246
115 57 0.07079770110311268
115 94 0.09345032875023095
115 80 0.0
115 81 0.040273524412107464
115 95 0.0
115 56 0.15473112056171695
115 68 0.13286488120345136
115 54 0.0
115 83 0.14752639697276848
115 82 0.018509457204396555
115 55 0.11711582909303908
115 69 0.05176043168469276
115 51 0.0
115 79 0.0
115 86 0.0
115 92 0.08691889720985566
115 93 0.07202086673472008
115 87 0.06809530788185038
115 78 0.05323796312304453
115 50 0.0
115 52 0.6599105373089266
115 46 0.4404261721876301
115 91 0.07100322596635726
115 85 0.059286357427682956
115 84 0.03390116963372907
115 90 0.059724658021163314
115 47 0.18330490381205305
115 53 0.16131417367974743
103 76 0.04198431270824911
103 62 0.08044377188318662
103 89 0.04845853112573389
103 88 0.19061756959347628
103 63 0.061140549633737176
103 77 0.0
103 49 0.040548171424399024
103 61 0.01979241647432349
103 75 0.0
103 74 0.023598211370474423
103 60 0.011767442624028457
103 48 0.03975123864661436
103 64 0.044273527803348575
103 70 0.1731665072799493
103 58 0.5318973038011225
103 59 0.053992478642362965
103 71 0.049346910361309636
103 65 0.005878851544442884
103 73 0.002645607013693499
103 67 0.17346746685530345
103 66 0.20351854233804556
103 72 0.013927722466251166
103 57 0.22395663873983845
103 94 0.21891403024847994
103 80 0.05290874154852289
103 81 0.16435579502453093
103 95 0.0420096643052956
103 56 0.12811438913055423
103 68 0.3168786174420837
103 54 0.05427517322839807
103 83 0.025183444634023618
103 82 0.055638497082673044
103 55 0.08221889820323222
103 69 0.20458829283951285
103 51 0.00669175697736496
103 79 0.04724388853937311
103 86 0.019801650766060365
103 92 0.2244815828205906
103 93 0.1961338207348864
103 87 0.1939164138231264
103 78 0.19397567379779973
103 50 0.0443182578944475
103 52 0.0009648884567667881
103 46 0.09268765548098279
103 91 0.20101201892476234
103 85 0.17603573843442055
103 84 0.008269570943595941
103 90 0.1822626304735936
103 47 0.08896371041595595
103 53 0.011296083963622389
117 76 0.10850599833892259
117 62 0.19341242855188662
117 89 0.0
117 88 0.09407931592019866
117 63 0.012296957050941151
117 77 0.28601005790790124
117 49 0.13011834191053867
117 61 0.06151125646846263
117 75 0.6087427999406362
117 74 0.2806390917785696
117 60 0.0
117 48 0.3601611225148739
117 64 0.09101540580308376
117 70 0.14879940658535667
117 58 0.45708052206571237
117 59 0.0
117 71 0.039832503482719085
117 65 0.0
117 73 0.3376955089173537
117 67 0.07552137693761425
117 66 0.05447660822351384
117 72 0.08028535942752224
117 57 0.1300476559644466
117 94 0.11695549203627054
117 80 0.040210432618445986
117 81 0.15169031965786414
117 95 0.05088181334692083
117 56 0.20287167636113132
117 68 0.1714267140257708
117 54 0.00454705152340476
117 83 0.582098646945713
117 82 0.024522793575244436
117 55 0.0970391100116758
117 69 0.15140983572588435
117 51 0.08608328756994386
117 79 0.32443437767171107
117 86 0.0
117 92 0.1128709818092667
117 93 0.09535825337135032
117 87 0.1448456173422054
117 78 0.17180647778222843
117 50 0.0
117 52 0.0
117 46 0.2266611758997813
117 91 0.11806495684232218
117 85 0.11173180081806876
117 84 0.07650752564634933
117 90 0.112557827525291
117 47 0.03050855743418173
117 53 0.017887195023524483
116 76 0.07528161555329402
116 62 0.13492236610335373
116 89 0.10043932364321898
116 88 0.30162153800641645
116 63 0.1342659521902507
116 77 0.032067674067644186
116 49 0.08507440303544231
116 61 0.06239690874895743
116 75 0.029301448643010986
116 74 0.05921930685675575
116 60 0.04379800504650754
116 48 0.0919182219436932
116 64 0.10658133738317947
116 70 0.2606868074310759
116 58 0.4037311398326772
116 59 0.09302032492455431
116 71 0.09284323340654754
116 65 0.03694833502308735
116 73 0.03522609139927982
116 67 0.2661763973362196
116 66 0.24903606969998276
116 72 0.05216885402082026
116 57 0.3126881013928057
116 94 0.3386753566184223
116 80 0.09706748028368062
116 81 0.24990138980533605
116 95 0.08467205821665831
116 56 0.19828887548359106
116 68 0.44434281462361963
116 54 0.12275687112738981
116 83 0.18734000378753796
116 82 0.1945198041914676
116 55 0.1398493202130411
116 69 0.30038391467510067
116 51 0.03229135692312815
116 79 0.09351442706468027
116 86 0.051299619325455154
116 92 0.34140224271543534
116 93 0.3033498517382178
116 87 0.30526830200665533
116 78 0.2878510185973811
116 50 0.0830217723159097
116 52 0.025302686985826724
116 46 0.1900535638869708
116 91 0.3037838727248291
116 85 0.27441376283480284
116 84 0.047117785878183674
116 90 0.28244824747727
116 47 0.16785597478524827
116 53 0.044882012211175715
102 76 0.0
102 62 0.04793437963990611
102 89 0.0
102 88 0.06203009858042559
102 63 0.0
102 77 0.0
102 49 0.0
102 61 0.0
102 75 0.0
102 74 0.0
102 60 0.0
102 48 0.0
102 64 0.0
102 70 0.05784582614944685
102 58 0.3169439559207737
102 59 0.0
102 71 0.0
102 65 0.0
102 73 0.0
102 67 0.05264224511353641
102 66 0.032349281275589295
102 72 0.0
102 57 0.09785370743263355
102 94 0.0828733274749548
102 80 0.0
102 81 0.046603990787990705
102 95 0.0
102 56 0.017617770338794803
102 68 0.13802395435648346
102 54 0.0
102 83 0.0
102 82 0.0
102 55 0.0
102 69 0.06979874612810666
102 51 0.0
102 79 0.0
102 86 0.0
102 92 0.0776156485520818
102 93 0.06292210673801621
102 87 0.06589372518644175
102 78 0.056177433388399214
102 50 0.0
102 52 0.0
102 46 0.01234661173189204
102 91 0.06360649570896466
102 85 0.05064651361350138
102 84 0.0
102 90 0.05356661269076312
102 47 0.011360059016953486
102 53 0.0
106 76 0.02817990011691373
106 62 0.05675835276237137
106 89 0.0
106 88 0.11337789977501668
106 63 0.019339515375622486
106 77 0.0
106 49 0.0
106 61 0.0
106 75 0.0
106 74 0.0
106 60 0.0
106 48 0.0
106 64 0.0015185433944366888
106 70 0.09042066623043718
106 58 0.3752884045061567
106 59 0.0
106 71 0.0015476514710579675
106 65 0.0
106 73 0.0
106 67 0.09452794404670431
106 66 0.0832409446329713
106 72 0.05911219789093665
106 57 0.130175530470578
106 94 0.13431105479338393
106 80 0.004423133870407436
106 81 0.08560036584797308
106 95 0.0
106 56 0.05515655911692072
106 68 0.19986929828338695
106 54 0.010757102621536618
106 83 0.0
106 82 0.03611109763959049
106 55 0.08645781038148093
106 69 0.11556429096121718
106 51 0.0
106 79 0.0
106 86 0.0
106 92 0.13440524189964287
106 93 0.11310402132263525
106 87 0.11524167381348716
106 78 0.1069947524344967
106 50 0.0
106 52 0.0
106 46 0.04068669613197087
106 91 0.11476690593242639
106 85 0.09455996975758066
106 84 0.0
106 90 0.09966567121611135
106 47 0.03919558981187338
106 53 0.0
112 76 0.03588631354399173
112 62 0.08913337976712886
112 89 0.055455629358532585
112 88 0.21080986974828386
112 63 0.0814796991215247
112 77 0.0
112 49 0.04196561504987741
112 61 0.016726107976021296
112 75 0.0013637849235892952
112 74 0.030834518383417754
112 60 0.011236815348080353
112 48 0.04594335186034632
112 64 0.057171601972788706
112 70 0.18842513941189803
112 58 0.38873985838515457
112 59 0.05284810709351723
112 71 0.0568883940175854
112 65 0.006823515381885817
112 73 0.00423294416010192
112 67 0.18203931405183715
112 66 0.16584851522913518
112 72 0.021254388076657367
112 57 0.2278797604704212
112 94 0.23087475395087714
112 80 0.05978183187559384
112 81 0.17939704697775566
112 95 0.047555022259020335
112 56 0.13208884369330337
112 68 0.33007781726625984
112 54 0.06992830866086407
112 83 0.029841930628554156
112 82 0.06388471806536108
112 55 0.1791134314859228
112 69 0.22879830608929536
112 51 0.0032181918996693204
112 79 0.048001748246697236
112 86 0.01504075982331371
112 92 0.23862488586803637
112 93 0.21050795979174797
112 87 0.21436996267577685
112 78 0.20946022878056697
112 50 0.043720280715261815
112 52 0.0
112 46 0.11132423510038716
112 91 0.2101887067439478
112 85 0.18895484094430057
112 84 0.01608106341643889
112 90 0.19252609880657967
112 47 0.10446608530885021
112 53 0.010900376994967834
113 76 0.04328225047458111
113 62 0.12372586548767621
113 89 0.0864909034194085
113 88 0.2929630337266004
113 63 0.14237453066947492
113 77 0.0464842732085968
113 49 0.07592854941388795
113 61 0.03197253090781232
113 75 0.01594815519739802
113 74 0.050387140114165244
113 60 0.028860853375300116
113 48 0.08916775890522895
113 64 0.10956684102453412
113 70 0.23635435781483055
113 58 0.31027845866969556
113 59 0.06562736065165053
113 71 0.0898718935467351
113 65 0.023611896840741324
113 73 0.022185341716781055
113 67 0.2525609139785735
113 66 0.22124025460725166
113 72 0.035758492402449854
113 57 0.30279650320110757
113 94 0.3516528637098316
113 80 0.09537483797299799
113 81 0.237740743919456
113 95 0.06650348913885633
113 56 0.24948581627983768
113 68 0.41646342899831523
113 54 0.1284045117160301
113 83 0.14397593320758612
113 82 0.1073544855121963
113 55 0.12708275289720858
113 69 0.27051924498771446
113 51 0.019837908128508427
113 79 0.08080798781684674
113 86 0.04135505919642456
113 92 0.3677650614802641
113 93 0.2966595543008414
113 87 0.29685556042708944
113 78 0.2575660853822729
113 50 0.06927734902497906
113 52 0.003428398503298638
113 46 0.17964885914094947
113 91 0.29030298468839616
113 85 0.3052563994300345
113 84 0.03333670339077874
113 90 0.30751314224303455
113 47 0.17489806065414804
113 53 0.0318996380916986
107 76 0.0
107 62 0.0
107 89 0.0
107 88 0.04064719905467763
107 63 0.0
107 77 0.0
107 49 0.0
107 61 0.0
107 75 0.0
107 74 0.0
107 60 0.0
107 48 0.0
107 64 0.0
107 70 0.01690679701934735
107 58 0.003678200015328939
107 59 0.0
107 71 0.0
107 65 0.0
107 73 0.0
107 67 0.05539049182882817
107 66 0.14444533185524477
107 72 0.0
107 57 0.06026432603474448
107 94 0.05387784819043192
107 80 0.0
107 81 0.014415127256547297
107 95 0.0
107 56 0.4509176918080107
107 68 0.361975860547594
107 54 0.0
107 83 0.0
107 82 0.0
107 55 0.0
107 69 0.03460033307031795
107 51 0.0
107 79 0.0
107 86 0.0
107 92 0.056638262335902204
107 93 0.04292089677989693
107 87 0.040105121236181276
107 78 0.035819091753371085
107 50 0.0
107 52 0.0
107 46 0.0
107 91 0.04716321751091251
107 85 0.02773705146204876
107 84 0.0
107 90 0.031942442308073735
107 47 0.0
107 53 0.0
139 76 0.051941004809432464
139 62 0.02672688680532692
139 89 0.0328283655277572
139 88 0.13758315468999902
139 63 0.028807279629636313
139 77 0.0
139 49 0.007642923868598037
139 61 0.03753573625183035
139 75 0.0
139 74 0.013845926365314898
139 60 0.0
139 48 0.007522695038289506
139 64 0.012877798793278883
139 70 0.11066757472557082
139 58 0.08736675604770583
139 59 0.06456293605969578
139 71 0.011780233184906522
139 65 0.0
139 73 0.0
139 67 0.11967157484479746
139 66 0.18363571141291837
139 72 0.0
139 57 0.14497023448248375
139 94 0.19559808521624486
139 80 0.015391573460852154
139 81 0.09841075202861536
139 95 0.016321659190135174
139 56 0.07184963160951725
139 68 0.22858094962725645
139 54 0.03750924524236148
139 83 0.015779807285116743
139 82 0.05324778834247416
139 55 0.022409585956416282
139 69 0.12459266218505866
139 51 0.0
139 79 0.029522412173023517
139 86 0.0
139 92 0.20456009109691514
139 93 0.1711224938016207
139 87 0.13856310790832588
139 78 0.12609921072524333
139 50 0.006620902293105649
139 52 0.0
139 46 0.05502198684303811
139 91 0.16147375379961557
139 85 0.16475905023396356
139 84 0.0
139 90 0.16597710431304763
139 47 0.054391774147305644
139 53 0.0
111 76 0.1668625847120112
111 62 0.21575056357336414
111 89 0.17719386974907336
111 88 0.428054101536208
111 63 0.20236236159736723
111 77 0.07327976301491475
111 49 0.15186177722211247
111 61 0.12674822169156588
111 75 0.08574803909113937
111 74 0.13037472866050406
111 60 0.11083663444671832
111 48 0.1548961667310833
111 64 0.16785488486506317
111 70 0.38349341720149216
111 58 0.4150970617145956
111 59 0.19625531400608337
111 71 0.15512688751203738
111 65 0.10007659231225613
111 73 0.09312161505504403
111 67 0.3782591919186659
111 66 0.38325219836391533
111 72 0.116926435770113
111 57 0.4301203654817983
111 94 0.4584594873687526
111 80 0.15789709558669873
111 81 0.3760950734985944
111 95 0.16787400527349106
111 56 0.31227350037607043
111 68 0.6161355023438831
111 54 0.18525424062553514
111 83 0.1320631793867028
111 82 0.18139335696273137
111 55 0.23188388882983924
111 69 0.44864544142000506
111 51 0.09126031219142573
111 79 0.17284890253161056
111 86 0.11049090220721422
111 92 0.4825703107745857
111 93 0.42868979245873423
111 87 0.4248875770068602
111 78 0.43392346256166076
111 50 0.15666336392592545
111 52 0.09294924684405904
111 46 0.2552357359830917
111 91 0.42806803707958585
111 85 0.398157548098954
111 84 0.10935335578538104
111 90 0.4026124643456508
111 47 0.24319240208391824
111 53 0.10062784686513873
105 76 0.03242814365611169
105 62 0.058375071590034244
105 89 0.03678046601303169
105 88 0.17487392697291188
105 63 0.053979669846225195
105 77 0.0
105 49 0.10959579420299007
105 61 0.016869076003790826
105 75 0.0
105 74 0.013902879938871751
105 60 0.007851773857764754
105 48 0.036357964125559715
105 64 0.036286019226677006
105 70 0.13980839660060465
105 58 0.12315591595648882
105 59 0.048269273514387326
105 71 0.27724176538384143
105 65 0.0
105 73 0.0
105 67 0.16390900644679687
105 66 0.15650965058508803
105 72 0.005867584154787511
105 57 0.20101439168244367
105 94 0.21023781483508458
105 80 0.3053151531475238
105 81 0.1335816435546281
105 95 0.03515916824707239
105 56 0.21374534694014297
105 68 0.28824375919867373
105 54 0.044398977756235164
105 83 0.15214424025267795
105 82 0.050047145723607196
105 55 0.05017825714326554
105 69 0.1671688266346501
105 51 0.054468725353883383
105 79 0.035898209099203195
105 86 0.10212367454186222
105 92 0.2071907974754384
105 93 0.17944560790492553
105 87 0.17520228763114137
105 78 0.16878663100610275
105 50 0.1080319356621068
105 52 0.0
105 46 0.08229368332366636
105 91 0.18438416656039214
105 85 0.16079838798910662
105 84 0.0022275737654692124
105 90 0.16560072666425352
105 47 0.08307454613236862
105 53 0.010242677331189012
104 76 0.0
104 62 0.09267291355459721
104 89 0.0
104 88 0.11621399468366891
104 63 0.03177612815644346
104 77 0.0
104 49 0.0
104 61 0.0
104 75 0.0
104 74 0.0
104 60 0.0
104 48 2.1687073593040784e-05
104 64 0.010456166173964873
104 70 0.11183499789739759
104 58 0.6127568573818617
104 59 0.0
104 71 0.008177700926442932
104 65 0.0
104 73 0.0
104 67 0.09692964663771196
104 66 0.07032218153206767
104 72 0.0
104 57 0.1891833844106273
104 94 0.13860442574635318
104 80 0.01163675413893761
104 81 0.0971677854243322
104 95 0.0
104 56 0.055979116092056094
104 68 0.20779712558411034
104 54 0.022376008027266178
104 83 0.0
104 82 0.01568586819566467
104 55 0.07058253805521453
104 69 0.12957913629629064
104 51 0.0
104 79 0.0
104 86 0.0
104 92 0.1334200744257096
104 93 0.11619207661781437
104 87 0.12189332417581178
104 78 0.10606886515575568
104 50 0.0
104 52 0.0
104 46 0.0514161557513909
104 91 0.11649290329539913
104 85 0.09579111090347628
104 84 0.0
104 90 0.10234439457443396
104 47 0.049664635803811516
104 53 0.0
110 76 0.013083005647657533
110 62 0.0975379871428969
110 89 0.15089595837669173
110 88 0.20848864603923334
110 63 0.04079986588844173
110 77 0.2019367077324568
110 49 0.03351899753349069
110 61 0.0
110 75 0.0
110 74 0.03585507509431719
110 60 0.0686261154835244
110 48 0.04172773656099403
110 64 0.017879258009363644
110 70 0.1350460801407405
110 58 0.2643867585825932
110 59 0.0
110 71 0.1536082851007745
110 65 0.0
110 73 0.0
110 67 0.11383942830956048
110 66 0.08951151786922062
110 72 0.1100656565619979
110 57 0.16937669468617078
110 94 0.1932153813278057
110 80 0.15506571411860753
110 81 0.16615653469878922
110 95 0.05879228081388815
110 56 0.11388330266048508
110 68 0.2745909838677946
110 54 0.037628674230223196
110 83 0.0
110 82 0.11356401467749434
110 55 0.07861077601818435
110 69 0.3269124459418766
110 51 0.0
110 79 0.13177882155988638
110 86 0.0
110 92 0.20206821535111086
110 93 0.2731157389594611
110 87 0.14717525971507145
110 78 0.22130913757257076
110 50 0.0
110 52 0.0
110 46 0.08989742284083696
110 91 0.18227064386151515
110 85 0.1844784073496719
110 84 0.0
110 90 0.1858422454894043
110 47 0.062458024397443024
110 53 0.010346399122481975
138 76 0.07975802187614923
138 62 0.10302944737580623
138 89 0.08584443399848862
138 88 0.27599122798398373
138 63 0.10378185190972683
138 77 0.041952314051887436
138 49 0.07883289652772066
138 61 0.05260612078355656
138 75 0.01984359854737057
138 74 0.03954061485624869
138 60 0.03947558167345927
138 48 0.07781350983258015
138 64 0.0848383309139058
138 70 0.2264194429052625
138 58 0.15835114704575465
138 59 0.0961329423778527
138 71 0.07852800492035164
138 65 0.022504350923555752
138 73 0.026827700887198887
138 67 0.2482389945904781
138 66 0.24741478157895103
138 72 0.09502126339059425
138 57 0.26444326065626755
138 94 0.3156630672161636
138 80 0.0829966885945982
138 81 0.21240069532885136
138 95 0.07992908086568448
138 56 0.1773126512720617
138 68 0.4083590327309079
138 54 0.0967219155606314
138 83 0.0578972968230792
138 82 0.09583061456444614
138 55 0.09375357257001446
138 69 0.25526663225624074
138 51 0.029257786014733535
138 79 0.08224815834765778
138 86 0.0478717570960552
138 92 0.3182836466134499
138 93 0.2776149846247872
138 87 0.27812648945161567
138 78 0.2636059053750098
138 50 0.07787356888410854
138 52 0.02386272540966291
138 46 0.14699589967381227
138 91 0.2845631825887521
138 85 0.24829561078676254
138 84 0.03499250964792175
138 90 0.257311025247519
138 47 0.14344498181486462
138 53 0.07618167143507139
140 76 0.06332730893277247
140 62 0.020704961351647025
140 89 0.024849978971602835
140 88 0.11980817842466107
140 63 0.0275874203635431
140 77 0.0
140 49 0.043241576397478124
140 61 0.028413301775653155
140 75 0.0
140 74 0.01563365568296747
140 60 0.0
140 48 0.0
140 64 0.0
140 70 0.11569878253768415
140 58 0.09736148128673705
140 59 0.017735972624805814
140 71 0.0014731077239707735
140 65 0.0
140 73 0.0
140 67 0.10312445595540229
140 66 0.16108164155919363
140 72 0.0
140 57 0.1273596698646746
140 94 0.14074933194445235
140 80 0.004034076106430834
140 81 0.09193580607011873
140 95 0.012354952223058005
140 56 0.06532189610904642
140 68 0.21212646079427872
140 54 0.006179234004185449
140 83 0.0
140 82 0.056644361263639295
140 55 0.023180749887512113
140 69 0.12742687084350623
140 51 0.0
140 79 0.012462439495298738
140 86 0.0
140 92 0.1473880415831059
140 93 0.12301604289903295
140 87 0.12032501073498904
140 78 0.15005963049405946
140 50 0.04262454807935486
140 52 0.0
140 46 0.03614749609987013
140 91 0.12738177845515924
140 85 0.10722784179362066
140 84 0.011830169021746148
140 90 0.11170313811776339
140 47 0.034409093860605776
140 53 0.0
135 76 0.06104220267571718
135 62 0.17869320929881466
135 89 0.042433264173036646
135 88 0.21821131892148854
135 63 0.1016113512795154
135 77 0.19029558665168858
135 49 0.3009824762559485
135 61 0.0
135 75 0.3318136652916525
135 74 0.15841805479486917
135 60 0.0
135 48 0.3298686760004219
135 64 0.07183013709820157
135 70 0.15955426174439152
135 58 0.1618945804176859
135 59 0.0159979034594655
135 71 0.1815201725300907
135 65 0.0
135 73 0.2117049387198242
135 67 0.19404446272796497
135 66 0.1547755523459387
135 72 0.02586179302212794
135 57 0.24655480660535156
135 94 0.27471947920093664
135 80 0.19790829351286232
135 81 0.17706414259942743
135 95 0.0867401162825959
135 56 0.26068779145697096
135 68 0.3211635728086778
135 54 0.08817367734808844
135 83 0.47266826714096283
135 82 0.07821257182217692
135 55 0.061195012370739585
135 69 0.1789771124815523
135 51 0.11583335430408156
135 79 0.16134807210905033
135 86 0.058866336222991734
135 92 0.24710267692741478
135 93 0.2177736729987445
135 87 0.22245910924989815
135 78 0.17760315564764567
135 50 0.07467274022463621
135 52 0.0
135 46 0.24714229381373387
135 91 0.2173568733526408
135 85 0.18732645872115278
135 84 0.10325180017188088
135 90 0.19929271546434607
135 47 0.13645408643459203
135 53 0.2460004384681812
121 76 0.09305576811683916
121 62 0.06922643666415268
121 89 0.05884420317072332
121 88 0.2600563694688649
121 63 0.09267014280007423
121 77 0.039828598324514214
121 49 0.11978290772367885
121 61 0.0
121 75 0.0
121 74 0.0581542191699006
121 60 0.053549304843927226
121 48 0.08263611004223828
121 64 0.06789528809053996
121 70 0.12899676605295982
121 58 0.07928284219208573
121 59 0.0
121 71 0.32528138559652864
121 65 0.05326859137529666
121 73 0.0
121 67 0.28661875399485953
121 66 0.13035415245011187
121 72 0.029945466702514405
121 57 0.31475594381544403
121 94 0.3263585458793473
121 80 0.35617553438882227
121 81 0.07624068849202541
121 95 0.07512783505777164
121 56 0.14565699136151997
121 68 0.33144439950578125
121 54 0.08211732844731608
121 83 0.3096537042852406
121 82 0.018293409998943765
121 55 0.13090588988843838
121 69 0.3337897748410578
121 51 0.08359538075353429
121 79 0.05809973738627508
121 86 0.11161624196448522
121 92 0.46628155976195546
121 93 0.2837215183570041
121 87 0.16628805996740853
121 78 0.45928146795983354
121 50 0.11807368589944937
121 52 0.0
121 46 0.09096607593811702
121 91 0.2694215509802215
121 85 0.27638411790867223
121 84 0.0
121 90 0.2784274096230554
121 47 0.1527209774807215
121 53 0.014945388514419594
109 76 0.03530331072541926
109 62 0.06691861905950448
109 89 0.032268890518623174
109 88 0.14072953240166985
109 63 0.03503742826341034
109 77 0.16209979774698913
109 49 0.032843180186530235
109 61 0.0
109 75 0.0
109 74 0.06268836190547747
109 60 0.0
109 48 0.020480357153667868
109 64 0.05158412602850099
109 70 0.17378214366063077
109 58 0.25905613502864616
109 59 0.004458892028640596
109 71 0.01366910986788758
109 65 0.0
109 73 0.0
109 67 0.13121535645738294
109 66 0.09884241935088953
109 72 0.045502737282884086
109 57 0.15180175097812326
109 94 0.18931973062195115
109 80 0.01617604834091984
109 81 0.17038783939619773
109 95 0.044881406216382355
109 56 0.0738921315891126
109 68 0.2703545340390336
109 54 0.02519638178347379
109 83 0.0
109 82 0.017444828531956467
109 55 0.06728222825962409
109 69 0.21595414414989073
109 51 0.0
109 79 0.13263767038660856
109 86 0.0
109 92 0.19799407187271043
109 93 0.16541125577452215
109 87 0.14488214157085286
109 78 0.23197012719938825
109 50 0.0010813736266743756
109 52 0.0
109 46 0.09368682777736237
109 91 0.17859566334217947
109 85 0.180758913420835
109 84 0.4765767850107427
109 90 0.18209525355820766
109 47 0.053943214953064506
109 53 0.010137792764294953
108 76 0.15353019132136764
108 62 0.2394044449652773
108 89 0.18744913482618247
108 88 0.46044060206471144
108 63 0.24134112125270513
108 77 0.09295342641919166
108 49 0.172206775829173
108 61 0.12542122544159834
108 75 0.09056357359421179
108 74 0.13643731174296814
108 60 0.11357625401098861
108 48 0.1821711692065884
108 64 0.1987269989839752
108 70 0.40027074222345327
108 58 0.4586799133539978
108 59 0.1854304178555585
108 71 0.1809040254166948
108 65 0.10629676220590223
108 73 0.10050263029729578
108 67 0.4096018492783171
108 66 0.3921588135088065
108 72 0.12111848314791392
108 57 0.4907660816403728
108 94 0.5098075259938157
108 80 0.1865148458429405
108 81 0.4001264413313344
108 95 0.16729899509856289
108 56 0.32751462146892574
108 68 0.6517004082926425
108 54 0.22083342122435867
108 83 0.14623182011460584
108 82 0.2115987831246683
108 55 0.2449798663006002
108 69 0.4575433195280162
108 51 0.09891916318225363
108 79 0.18315321997253767
108 86 0.12750424065560667
108 92 0.5122380688305083
108 93 0.45842428979696437
108 87 0.45914713743095403
108 78 0.44088949920308834
108 50 0.1690128829884564
108 52 0.08952946823713265
108 46 0.2942852106424119
108 91 0.4579667580214416
108 85 0.41928862382035087
108 84 0.11467694533181876
108 90 0.42941624456568306
108 47 0.28884436092339644
108 53 0.11219598426723261
120 76 0.0
120 62 0.13731583917762197
120 89 0.041823975292207334
120 88 0.11783406977361416
120 63 0.0
120 77 0.2645444804080416
120 49 0.0
120 61 0.0
120 75 0.040366674312399695
120 74 0.0036819906565061095
120 60 0.0
120 48 0.0
120 64 0.0
120 70 0.06725327337301215
120 58 0.029042873277069815
120 59 0.0
120 71 0.0
120 65 0.0
120 73 0.0
120 67 0.09912056310685201
120 66 0.07840796486322693
120 72 0.0
120 57 0.06604710875424337
120 94 0.17534068486446913
120 80 0.0
120 81 0.038937084017065526
120 95 0.020794110816112744
120 56 0.07317978763379353
120 68 0.12134448548403873
120 54 0.0
120 83 0.02051116828786676
120 82 0.0
120 55 0.23213123362969595
120 69 0.08522928405171906
120 51 0.03995820933554884
120 79 0.020975018213400802
120 86 0.0
120 92 0.18337452756358766
120 93 0.14791999380849458
120 87 0.150043966222502
120 78 0.14645210225409244
120 50 0.06604344468721826
120 52 0.0
120 46 0.026355905683398295
120 91 0.14475048949257208
120 85 0.1522065413335854
120 84 0.08798367873538852
120 90 0.15333179544418735
120 47 0.05919391090683197
120 53 0.38466493413763053
134 76 0.05002386139348314
134 62 0.10524865572675025
134 89 0.007932858720369876
134 88 0.14583904406301007
134 63 0.05260221796734875
134 77 0.0
134 49 0.2768782656534877
134 61 0.0
134 75 0.3407399503352811
134 74 0.09383071393003348
134 60 0.0
134 48 0.2581292618501197
134 64 0.028754444343496666
134 70 0.10454466445465628
134 58 0.12592645841530425
134 59 0.0
134 71 0.35051068151821496
134 65 0.0
134 73 0.2174001189544782
134 67 0.1440621492630937
134 66 0.09567353015010838
134 72 0.0
134 57 0.18179290022712596
134 94 0.19417180986744126
134 80 0.38395711007528244
134 81 0.09640394945617377
134 95 0.018987183152435583
134 56 0.06809519925820133
134 68 0.23782775284381613
134 54 0.04121479722511785
134 83 0.2789873226860641
134 82 0.038980961591435874
134 55 0.16383919924843565
134 69 0.12494663676343382
134 51 0.11266777659105384
134 79 0.012677237276240996
134 86 0.12089985783684826
134 92 0.17054832585230284
134 93 0.15003230554397246
134 87 0.15250580243794956
134 78 0.118426135262934
134 50 0.12789439590752583
134 52 0.48938487253232454
134 46 0.10940406895153314
134 91 0.1510118042459853
134 85 0.12550692728242127
134 84 0.05574770490722841
134 90 0.13549392220239642
134 47 0.12324532394302182
134 53 0.36223539650707043
122 76 0.024908557670971915
122 62 0.04464620309107665
122 89 0.0508654602984355
122 88 0.148155850800904
122 63 0.052869047683186204
122 77 0.0
122 49 0.20708285298971596
122 61 0.0
122 75 0.0
122 74 0.030747656056419076
122 60 0.0
122 48 0.06456638433828182
122 64 0.02733342126550945
122 70 0.1027070514215028
122 58 0.10589401785410821
122 59 0.0
122 71 0.5238523627763904
122 65 0.0
122 73 0.0
122 67 0.347763666248014
122 66 0.10414292038704531
122 72 0.0
122 57 0.35001307451652636
122 94 0.2132457420023366
122 80 0.5768974387619
122 81 0.10456552419570742
122 95 0.05559417158111521
122 56 0.08202900413831464
122 68 0.3924380437600806
122 54 0.039214636754828
122 83 0.28747876290874813
122 82 0.03412661497111025
122 55 0.03250424043019276
122 69 0.2017254587944487
122 51 0.10291945167260574
122 79 0.02550938663143975
122 86 0.1929641738144826
122 92 0.22301633659553016
122 93 0.17989726035948303
122 87 0.152933137997874
122 78 0.2375691206368743
122 50 0.20412791944802688
122 52 0.0
122 46 0.07469698832057795
122 91 0.17604257426565983
122 85 0.6893371965737461
122 84 0.0
122 90 0.186478982429662
122 47 0.07661255568193673
122 53 0.0
136 76 0.018206162193142583
136 62 0.07669695618086532
136 89 0.0
136 88 0.10546641072884239
136 63 0.02088356105767758
136 77 0.28101283089980417
136 49 0.13959552186371021
136 61 0.049512227186850846
136 75 0.0
136 74 0.10366712172101288
136 60 0.0
136 48 0.1450113246113221
136 64 0.0
136 70 0.06885222449246944
136 58 0.07172777710710491
136 59 0.0
136 71 0.0
136 65 0.0
136 73 0.0
136 67 0.08517806713783073
136 66 0.07389062354217953
136 72 0.03819056341330289
136 57 0.12522331322335883
136 94 0.13424690233033187
136 80 0.0
136 81 0.2808111307677307
136 95 0.05902931706056079
136 56 0.16623321209878272
136 68 0.17977601952558112
136 54 0.052363636048038655
136 83 0.0
136 82 0.006899466889160641
136 55 0.013838061554712969
136 69 0.08581285493550131
136 51 0.0
136 79 0.39394476160756586
136 86 0.0
136 92 0.1253069166918944
136 93 0.10306088414699603
136 87 0.10311624449531134
136 78 0.09133988084354189
136 50 0.0
136 52 0.0
136 46 0.12708352358999492
136 91 0.10427234751227366
136 85 0.0899362266959467
136 84 0.0254297955457482
136 90 0.09060111999090605
136 47 0.17160623866702618
136 53 0.014397931607759165
137 76 0.165006373061107
137 62 0.14924660359379402
137 89 0.1369417185554217
137 88 0.34690109964053945
137 63 0.13042943754651354
137 77 0.04994680410472736
137 49 0.12090723785268484
137 61 0.11822438007295014
137 75 0.05774240161685858
137 74 0.08934174125373302
137 60 0.0936536375807303
137 48 0.11151972561399168
137 64 0.1119642526330403
137 70 0.30194323905723996
137 58 0.21777833111894918
137 59 0.19218880604332272
137 71 0.10351584549245522
137 65 0.07424390551051915
137 73 0.06735861081148295
137 67 0.3115100144198933
137 66 0.3560408431052233
137 72 0.08202179745389838
137 57 0.3294367877444399
137 94 0.3768035778449679
137 80 0.10502757733994347
137 81 0.29975632776815614
137 95 0.1414576745984028
137 56 0.26542970776893543
137 68 0.5142345992572122
137 54 0.12045717110444981
137 83 0.09661685672772971
137 82 0.1295888269054028
137 55 0.1512888560851035
137 69 0.3520656087897964
137 51 0.07231793438755735
137 79 0.1453403052140786
137 86 0.09031637827498065
137 92 0.4087606776730941
137 93 0.35152690703351114
137 87 0.3343403916063305
137 78 0.36538405638283583
137 50 0.12905904312014987
137 52 0.08712945056796967
137 46 0.18186651121133307
137 91 0.3561803538588623
137 85 0.33252502878928547
137 84 0.07570628974678406
137 90 0.3343410845985329
137 47 0.17335585009007282
137 53 0.07459341675656536
123 76 0.01767632253576415
123 62 0.044241473376814576
123 89 0.03609660157934688
123 88 0.15966284447324391
123 63 0.05718322787941038
123 77 0.0
123 49 0.14695605218997976
123 61 0.0
123 75 0.0
123 74 0.02182003040286034
123 60 0.0
123 48 0.04581944284400046
123 64 0.03484672815202413
123 70 0.1123680355407
123 58 0.11568548349050128
123 59 0.0
123 71 0.3717510844214347
123 65 0.0
123 73 0.0
123 67 0.24678999129618828
123 66 0.11185591800922147
123 72 0.0
123 57 0.29603318873182344
123 94 0.6093407070390424
123 80 0.4093944471740963
123 81 0.10714869107727826
123 95 0.039452324817732615
123 56 0.10685216053010177
123 68 0.2784930997787827
123 54 0.047102312093663
123 83 0.20400889535565203
123 82 0.04522897216331762
123 55 0.033179776000107866
123 69 0.14315418501654908
123 51 0.07303664254671373
123 79 0.01810269995329067
123 86 0.13693675158747043
123 92 0.18516352320764135
123 93 0.1643103205596625
123 87 0.16704052239014552
123 78 0.21869059069785207
123 50 0.14485908780349835
123 52 0.0
123 46 0.08388171186521122
123 91 0.1694028626800277
123 85 0.13681100923065287
123 84 0.0
123 90 0.14830570804190324
123 47 0.08799679837003083
123 53 0.0
127 76 0.12987152799943377
127 62 0.18567064986338103
127 89 0.15053481879128772
127 88 0.4003789672746861
127 63 0.1928730123694261
127 77 0.08028134606001616
127 49 0.15263088076212356
127 61 0.10593114829355516
127 75 0.06675473348307553
127 74 0.1014238654130363
127 60 0.09303640416753425
127 48 0.15208450083974992
127 64 0.15928812761927913
127 70 0.32787938455541066
127 58 0.29207085915383585
127 59 0.157917744580876
127 71 0.3174864354956263
127 65 0.07609740740011195
127 73 0.07623880861962505
127 67 0.36289114336543526
127 66 0.350811889995992
127 72 0.09259618955057453
127 57 0.41625520610746763
127 94 0.4568469380535553
127 80 0.34963498209371174
127 81 0.3269061364853719
127 95 0.14181710060135078
127 56 0.27562651560141377
127 68 0.5690403775853631
127 54 0.17673149093397064
127 83 0.11888121827516082
127 82 0.1769244026303542
127 55 0.17965166995933154
127 69 0.37111343683594383
127 51 0.2222164581520799
127 79 0.15002270682306645
127 86 0.11694804123441405
127 92 0.4504943022291532
127 93 0.4019341061173789
127 87 0.40136960872044314
127 78 0.3740416958677669
127 50 0.33506377028342765
127 52 0.07062784923652217
127 46 0.24405024744687714
127 91 0.4100520647241533
127 85 0.36284943989791646
127 84 0.08732102945492652
127 90 0.3752798207527019
127 47 0.24465610142089073
127 53 0.09614856771011282
133 76 0.0
133 62 0.23543403416246667
133 89 0.009348469808922066
133 88 0.16154778731002412
133 63 0.07910801226027674
133 77 0.24789245496109935
133 49 0.4160377863010203
133 61 0.05331342710548695
133 75 0.0
133 74 0.12288673453127472
133 60 0.0
133 48 0.2436793394928487
133 64 0.044708952851424184
133 70 0.10407725974237661
133 58 0.13804516168071063
133 59 0.0
133 71 0.25410944143560527
133 65 0.0
133 73 0.04394020451528193
133 67 0.15838859691147733
133 66 0.100316375950988
133 72 0.0
133 57 0.2466683243217238
133 94 0.21447475217926426
133 80 0.2798404595380105
133 81 0.1507485609829015
133 95 0.05880081148522521
133 56 0.13148805827083243
133 68 0.24641130983002502
133 54 0.06053605474681559
133 83 0.07765892260286458
133 82 0.14280869625683185
133 55 0.03677730405067223
133 69 0.12168199801516943
133 51 0.04992399812568572
133 79 0.35992288767347597
133 86 0.09360274365319925
133 92 0.18228391680011746
133 93 0.15860844341202998
133 87 0.1608413797653781
133 78 0.11542469365697831
133 50 0.09901803500023873
133 52 0.0
133 46 0.09780183186919708
133 91 0.15673790285309808
133 85 0.1308287542420938
133 84 0.11370377474424778
133 90 0.14226829385459105
133 47 0.20327361824624848
133 53 0.3911627163831927
132 76 0.065750377416508
132 62 0.15308017509359353
132 89 0.11490665699304034
132 88 0.3539591689350308
132 63 0.18109423441255285
132 77 0.05654557603818751
132 49 0.11402472016472676
132 61 0.05643626548305525
132 75 0.03333384964380685
132 74 0.05956415200106391
132 60 0.049987431939637256
132 48 0.12608081046273512
132 64 0.14470250600834889
132 70 0.277215562508371
132 58 0.2554722743608675
132 59 0.09115496600446965
132 71 0.12295965492371924
132 65 0.039378829906896395
132 73 0.04328945056396294
132 67 0.31234428067421266
132 66 0.2762959168137929
132 72 0.05790944118596024
132 57 0.3625361529350207
132 94 0.5178560211198135
132 80 0.13025453133862994
132 81 0.2732662249249024
132 95 0.090677256257005
132 56 0.2686147281473203
132 68 0.48978535231901105
132 54 0.16555413496804666
132 83 0.17513884840847496
132 82 0.14932857657474985
132 55 0.1391434686162451
132 69 0.30717769399549766
132 51 0.04017789302722041
132 79 0.10804058695258244
132 86 0.071209200725243
132 92 0.541583394020654
132 93 0.446371103866436
132 87 0.35741066014211015
132 78 0.30503077858058925
132 50 0.10023200234533275
132 52 0.02607117621535064
132 46 0.23532544325266697
132 91 0.4275100932890135
132 85 0.44171067392215735
132 84 0.05540925772088381
132 90 0.4449762152528568
132 47 0.22632441843525852
132 53 0.061081060675080234
126 76 0.03194206557898454
126 62 0.04358294090245166
126 89 0.06522850058280662
126 88 0.18377353264969878
126 63 0.0453616216340937
126 77 0.0
126 49 0.13277874531830783
126 61 0.0
126 75 0.0
126 74 0.039429968572559114
126 60 0.0
126 48 0.041399098855386327
126 64 0.023804204701380158
126 70 0.10488792972829926
126 58 0.10053494002697057
126 59 0.0
126 71 0.33588710246779513
126 65 0.0
126 73 0.0
126 67 0.31771543422477
126 66 0.12228474089431171
126 72 0.0
126 57 0.2628048407027697
126 94 0.41341657720649194
126 80 0.3698988930771318
126 81 0.09568904675801396
126 95 0.05186144151952195
126 56 0.10519179248256351
126 68 0.3462501866159203
126 54 0.03431896397710683
126 83 0.3432495597202203
126 82 0.02881494358996725
126 55 0.02843859627549533
126 69 0.2347945920540198
126 51 0.06599057075293172
126 79 0.03271255250602919
126 86 0.12372603776973876
126 92 0.43235869410909344
126 93 0.36352295099491694
126 87 0.19800853149834535
126 78 0.280199649194456
126 50 0.1308840816003805
126 52 0.0
126 46 0.06548620710138624
126 91 0.3412913093229841
126 85 0.34672207470990357
126 84 0.0
126 90 0.7898842933242091
126 47 0.06727491740886533
126 53 0.0
118 76 0.07415815219677199
118 62 0.20431758958608826
118 89 0.0
118 88 0.10347821656017504
118 63 0.040128063149698544
118 77 0.0
118 49 0.3308498295335302
118 61 0.0
118 75 0.0
118 74 0.10424389391854
118 60 0.0
118 48 0.1555500404582843
118 64 0.004921740865796803
118 70 0.06725298294585311
118 58 0.26741636622075404
118 59 0.1235821018541162
118 71 0.18613115137747727
118 65 0.0
118 73 0.032185505630902764
118 67 0.10497536019807535
118 66 0.05084416431198176
118 72 0.0
118 57 0.25175485476260673
118 94 0.1383206220254016
118 80 0.2049787156334832
118 81 0.23466779566160345
118 95 0.010767666366352235
118 56 0.24581092653603037
118 68 0.1779079646894684
118 54 0.01731963292324052
118 83 0.15501144872895184
118 82 0.023764259646539117
118 55 0.09050001626586231
118 69 0.08523427230408114
118 51 0.13027770823122753
118 79 0.15461925433878937
118 86 0.0685625309702468
118 92 0.11834180870423387
118 93 0.1032758834714644
118 87 0.10972555235296486
118 78 0.07384352329241747
118 50 0.2584368685830368
118 52 0.0
118 46 0.13807940485454667
118 91 0.10562851894525381
118 85 0.07985043882690995
118 84 0.10895201600781504
118 90 0.08892078515791194
118 47 0.2971708547805268
118 53 0.2751645853063369
130 76 0.0
130 62 0.028003522605480058
130 89 0.0546499038833172
130 88 0.1539695962021082
130 63 0.027846855974308152
130 77 0.0
130 49 0.0
130 61 0.0
130 75 0.0
130 74 0.004811126490762319
130 60 0.0
130 48 0.0
130 64 0.009930301264657784
130 70 0.10094682407084057
130 58 0.07712436047794949
130 59 0.0
130 71 0.0
130 65 0.0
130 73 0.0
130 67 0.12951732131639418
130 66 0.10245290442920302
130 72 0.0
130 57 0.12239907421842985
130 94 0.2291114488216437
130 80 0.0018354489332473994
130 81 0.08405985167342087
130 95 0.027170926472198577
130 56 0.1506904618830059
130 68 0.19639344955105176
130 54 0.0624422390294641
130 83 0.1876085085993061
130 82 0.006664668691224604
130 55 0.037305595295251154
130 69 0.11136608007556448
130 51 0.0
130 79 0.04914643058592878
130 86 0.0
130 92 0.23960898589823837
130 93 0.1932818051745859
130 87 0.15088414236148717
130 78 0.11397578816465521
130 50 0.0
130 52 0.0
130 46 0.21764198499708431
130 91 0.18914032639327072
130 85 0.1988828846654952
130 84 0.0431119311883553
130 90 0.20035321426852934
130 47 0.04923993804465952
130 53 0.0
124 76 0.028099156238814142
124 62 0.03833953263719799
124 89 0.05738094252444824
124 88 0.16166397234749152
124 63 0.044505428419666926
124 77 0.0
124 49 0.11680430311142899
124 61 0.0
124 75 0.0
124 74 0.03468619913362221
124 60 0.0
124 48 0.03641842585311598
124 64 0.023819048108214308
124 70 0.09645417653852724
124 58 0.09156521719344035
124 59 0.0
124 71 0.29547695178031236
124 65 0.0
124 73 0.0
124 67 0.2794914938637583
124 66 0.1075728190312425
124 72 0.0
124 57 0.23118712410641096
124 94 0.24056091488462833
124 80 0.3253968270598359
124 81 0.09447481346943083
124 95 0.045622057359557315
124 56 0.09253630153314713
124 68 0.30459326643673595
124 54 0.035899839899582425
124 83 0.3019536411517597
124 82 0.029228758580410026
124 55 0.02220219285211974
124 69 0.20654675289675783
124 51 0.0580513290003112
124 79 0.028776946862261968
124 86 0.10884071531017889
124 92 0.25158304903012335
124 93 0.20294074400248135
124 87 0.15195089778218407
124 78 0.2464891852816194
124 50 0.11513758397899218
124 52 0.0
124 46 0.07056409807548769
124 91 1.0
124 85 0.20882172818552702
124 84 0.0
124 90 0.21036553508084793
124 47 0.07311927974383885
124 53 0.0
125 76 0.03062205846772144
125 62 0.04178187416245835
125 89 0.06253293024113821
125 88 0.17617908421430573
125 63 0.05242146397664539
125 77 0.0
125 49 0.12729165846691545
125 61 0.0
125 75 0.0
125 74 0.037800523576775845
125 60 0.0
125 48 0.03968827947353188
125 64 0.02985373149393914
125 70 0.10612642788925011
125 58 0.10892618700784032
125 59 0.0
125 71 0.32200655480118595
125 65 0.0
125 73 0.0
125 67 0.37246578502654815
125 66 0.11723131918680457
125 72 0.0
125 57 0.251944420366326
125 94 0.262159843450036
125 80 0.3546128068313064
125 81 0.1062749024012203
125 95 0.049718265417248615
125 56 0.21136288233701817
125 68 0.4565904646957586
125 54 0.042148839440691956
125 83 0.32906475821925785
125 82 0.03488854980006302
125 55 0.03403254633418647
125 69 0.2250916963401829
125 51 0.06326350783163173
125 79 0.03136070499232497
125 86 0.118613054412397
125 92 0.2741716075533365
125 93 0.22116191943666424
125 87 0.15941373254825225
125 78 0.2686203877157163
125 50 0.1254752918013479
125 52 0.0
125 46 0.07704222075591097
125 91 0.21642304918576527
125 85 0.2275709318628879
125 84 0.0
125 90 0.2292533505308938
125 47 0.0790683428127085
125 53 0.0
131 76 0.02710465812146251
131 62 0.11511283980904402
131 89 0.09010769014838768
131 88 0.38531364655391015
131 63 0.14379457069824825
131 77 0.012474508938860512
131 49 0.06691425223060536
131 61 0.019679421957351763
131 75 0.006202886063772381
131 74 0.043880553092599826
131 60 0.018526867873934733
131 48 0.08382671926553831
131 64 0.10640225620908361
131 70 0.21744918732291096
131 58 0.3333164234332658
131 59 0.10101557639118444
131 71 0.08220708295501024
131 65 0.01655972450884624
131 73 0.01297192269757659
131 67 0.236438268750556
131 66 0.20292315738037414
131 72 0.025525831732917406
131 57 0.29445741649838314
131 94 0.3777628499392652
131 80 0.08788274694973214
131 81 0.22982206252058723
131 95 0.05414753099512642
131 56 0.16630499819364702
131 68 0.3928058645581143
131 54 0.12636152673945336
131 83 0.04903209200266874
131 82 0.10284459129749902
131 55 0.12048303150518416
131 69 0.2541084066291433
131 51 0.010790662561811909
131 79 0.07042862140570241
131 86 0.03404165602380125
131 92 0.3950713674480719
131 93 0.3186863246672456
131 87 0.2824355710780697
131 78 0.23680614122638993
131 50 0.05906189335383415
131 52 0.0
131 46 0.17446931384040953
131 91 0.31185778407951387
131 85 0.32792147970687635
131 84 0.02339765702191536
131 90 0.33034578414058746
131 47 0.17446697229046704
131 53 0.021360328183235272
119 76 0.0
119 62 0.09423992340156852
119 89 0.0
119 88 0.05618640561558895
119 63 0.0
119 77 0.19934423275753263
119 49 0.04038930736866312
119 61 0.04287231825464683
119 75 0.0
119 74 0.09554382999944974
119 60 0.0
119 48 0.025185972716452752
119 64 0.0
119 70 0.10371070079670298
119 58 0.3185774886593061
119 59 0.05689913110990083
119 71 0.0
119 65 0.0
119 73 0.0
119 67 0.03989236971384856
119 66 0.027655139774055662
119 72 0.0
119 57 0.09064104384922048
119 94 0.07018411343341366
119 80 0.0
119 81 0.06853629645905458
119 95 0.03546377395657926
119 56 0.0377097614690829
119 68 0.12061024081791523
119 54 0.0
119 83 0.0
119 82 0.0
119 55 0.0676346387055394
119 69 0.062083613799206495
119 51 0.0
119 79 0.226125341780675
119 86 0.0
119 92 0.07074798172036055
119 93 0.06306835226657308
119 87 0.05733843959167522
119 78 0.0752816244381472
119 50 0.0
119 52 0.0
119 46 0.0008139957036262385
119 91 0.08228930272397157
119 85 0.07787519876614817
119 84 0.022019495985780527
119 90 0.07845092558286565
119 47 0.0005453720020662939
119 53 0.012467076137920405
