114 76 0.16899466320908055
114 62 0.2429160075676048
114 89 0.15405340332928522
114 88 0.3227894159471789
114 63 0.18578485997815963
114 77 0.07898230031851133
114 49 0.1282772687063342
114 61 0.06821942364436115
114 75 0.09878415947037837
114 74 0.2339349078219678
114 60 0.09042626106745127
114 48 0.12152844733944784
114 64 0.14178655640856855
114 70 0.32276159362152645
114 58 0.6099189298125599
114 59 0.13284625484678464
114 71 0.1456244305088263
114 65 0.07496889550081715
114 73 0.09040106404550868
114 67 0.30314093485079313
114 66 0.2644267656373679
114 72 0.1348216632747988
114 57 0.3615986796590822
114 94 0.37595252842669824
114 80 0.14879687844004522
114 81 0.3100302483393661
114 95 0.14466408349411214
114 56 0.2060508319622447
114 68 0.48758088639253705
114 54 0.14534069937332716
114 83 0.11938549215309414
114 82 0.043388611810575795
114 55 0.2531257815487867
114 69 0.355104700683847
114 51 0.09842221005206621
114 79 0.14007033983795003
114 86 0.10247506710752459
114 92 0.3812902421782113
114 93 0.34712875959211786
114 87 0.34004911712328395
114 78 0.2921265564005481
114 50 0.14033365191466357
114 52 0.087254558246954
114 46 0.1997809051963179
114 91 0.3607490915205569
114 85 0.3569435756025639
114 84 0.08273073851391241
114 90 0.36168171600095134
114 47 0.19434969470372535
114 53 0.12079142107526555
100 76 0.10443462787555464
100 62 0.15167826825433817
100 89 0.09779159342980016
100 88 0.18732130209566683
100 63 0.25020867966163113
100 77 0.10434112704807816
100 49 0.22112733057367193
100 61 0.08298644946351227
100 75 0.08578361725882688
100 74 0.11527989576775766
100 60 0.08434902110736114
100 48 0.14417728900951005
100 64 0.15621836262015956
100 70 0.19774006404720665
100 58 0.2684318807297536
100 59 0.08607460876753195
100 71 0.41562373177190826
100 65 0.07767324821951391
100 73 0.06066933379056541
100 67 0.30826347333151005
100 66 0.1747722915072248
100 72 0.07596801180727719
100 57 0.3877293478215258
100 94 0.2220455471028287
100 80 0.441410590147986
100 81 0.17720753678123255
100 95 0.11612808252367716
100 56 0.204266248932007
100 68 0.4082129525215704
100 54 0.1389319566926046
100 83 0.11940790730259222
100 82 0.10171206431955528
100 55 0.269510564378213
100 69 0.2258711919899325
100 51 0.15585020120873277
100 79 0.09228550311653277
100 86 0.21184363058747144
100 92 0.21061049493171616
100 93 0.20835252052629852
100 87 0.21487809526412457
100 78 0.1952492136373016
100 50 0.24718626176792607
100 52 0.08430076218660762
100 46 0.2068175713972989
100 91 0.22875025396732915
100 85 0.2257856281176334
100 84 0.1076391660114264
100 90 0.21470061436557542
100 47 0.12457178815516619
100 53 0.10050861572209162
128 76 0.10422628092420247
128 62 0.09809114609374603
128 89 0.15083434216854405
128 88 0.33723822120288083
128 63 0.09343713752396003
128 77 0.10199667975500815
128 49 0.0954739117568624
128 61 0.07656900191011068
128 75 0.06573688907970088
128 74 0.07487493650609822
128 60 0.07243756986477878
128 48 0.08236911754498472
128 64 0.09241860614174281
128 70 0.259901774545624
128 58 0.12819304109703894
128 59 0.05838004585708351
128 71 0.11143334128428996
128 65 0.04194412213817683
128 73 0.07896606367046655
128 67 0.32574661238445357
128 66 0.24789629509457584
128 72 0.09027389667751298
128 57 0.22354654709856378
128 94 0.4539846309670075
128 80 0.11664563431948231
128 81 0.26595160908481447
128 95 0.15192837853443897
128 56 0.25715050558609115
128 68 0.5537644316731407
128 54 0.1310205952230272
128 83 0.08225531504852623
128 82 0.057047200715459934
128 55 0.17228616203160854
128 69 0.3007064010837608
128 51 0.09592216259942556
128 79 0.16071938833180532
128 86 0.07493358115678214
128 92 0.4523562241632775
128 93 0.4018727690044075
128 87 0.3821539724773743
128 78 0.29553957116548735
128 50 0.13011180771414338
128 52 0.11073164552497985
128 46 0.18936031530727257
128 91 0.3728957374810593
128 85 0.39789433737688906
128 84 0.07964744917024516
128 90 0.40499279926691345
128 47 0.13555681111528653
128 53 0.06917148488317112
129 76 0.09792328906734059
129 62 0.2703511159271025
129 89 0.20481552019775395
129 88 0.4636299076540551
129 63 0.16117882399338404
129 77 0.13512994867402
129 49 0.14035353522692684
129 61 0.12398077080548682
129 75 0.09951166891853104
129 74 0.18204922427869835
129 60 0.09636094125336855
129 48 0.17580128805195322
129 64 0.20142277656010374
129 70 0.37091444157629805
129 58 0.7079030096196619
129 59 0.09914012567997098
129 71 0.1660809101512378
129 65 0.12748752878876868
129 73 0.10488627892614882
129 67 0.43791637615881956
129 66 0.3522751670694731
129 72 0.1071206553158261
129 57 0.5985730618977839
129 94 0.5801832096859604
129 80 0.17654379350205138
129 81 0.38004105282182055
129 95 0.18518601759218606
129 56 0.30743668378125966
129 68 0.6699550483421887
129 54 0.2506475266064391
129 83 0.13982669315460675
129 82 0.325997105077792
129 55 0.2130059804390166
129 69 0.45015891335484814
129 51 0.13319347506282253
129 79 0.17833904806307005
129 86 0.11025116479444044
129 92 0.5748067462251846
129 93 0.5262683911469147
129 87 0.4427563860039176
129 78 0.4173172334676587
129 50 0.11027957678079561
129 52 0.11515184374302319
129 46 0.28495964963894316
129 91 0.5222718192967002
129 85 0.4967102451837009
129 84 0.15001410964795886
129 90 0.503955546817525
129 47 0.2186886610263656
129 53 0.1576412599254595
101 76 0.038618264148535725
101 62 0.13701178801400324
101 89 0.11306981313823138
101 88 0.18257024099400848
101 63 0.08535772748931678
101 77 0.12079362242269384
101 49 0.12757429971125628
101 61 0.07076115502219629
101 75 0.05627232733412785
101 74 0.04522849161957604
101 60 0.05741660033859908
101 48 0.0878128205637044
101 64 0.08231065434221488
101 70 0.11905483947675646
101 58 0.16539233216957802
101 59 0.06755299987310182
101 71 0.19348283685548576
101 65 0.061436020017911624
101 73 0.06482641221779362
101 67 0.2043395361054051
101 66 0.12999044925424913
101 72 0.04600265755038266
101 57 0.27109685583965853
101 94 0.2097013394965146
101 80 0.21381065453581716
101 81 0.17574974321975534
101 95 0.017121145903865792
101 56 0.17579555418784645
101 68 0.2796695097960573
101 54 0.06876979250767606
101 83 0.0697773040584879
101 82 0.09557741171664856
101 55 0.1246623334227502
101 69 0.13667680015624828
101 51 0.10094911019494214
101 79 0.14025157167403995
101 86 0.12469644424186303
101 92 0.20436650916933888
101 93 0.1913475916933762
101 87 0.17813581576193305
101 78 0.1445950976745708
101 50 0.13866648344559399
101 52 0.051112338661704754
101 46 0.14499500610185262
101 91 0.2439321195446717
101 85 0.18018038903511238
101 84 0.08792519864488775
101 90 0.1853936081415464
101 47 0.05706583865678766
101 53 0.06099702002450175
115 76 0.05584621166826417
115 62 0.06322585338484793
115 89 0.09554198719600532
115 88 0.12113895266391937
115 63 0.034582705021626525
115 77 0.11510568979837038
115 49 0.06506194550684405
115 61 0.059605151334988504
115 75 0.0652863312845458
115 74 0.1410486014509016
115 60 0.05323019678924726
115 48 0.07121904499732237
115 64 0.13139912975912077
115 70 0.0898368734453123
115 58 0.1414226963493701
115 59 0.06411181305676597
115 71 0.10674620465360364
115 65 0.031311245543719335
115 73 0.022626447184990045
115 67 0.14367117129936596
115 66 0.24012354282111462
115 72 0.13939254300314635
115 57 0.13795253201648913
115 94 0.22522845707927486
115 80 0.11074829826180459
115 81 0.09889825424297825
115 95 0.08798063300988386
115 56 0.25638241763693564
115 68 0.2295799984094192
115 54 0.10362224926311304
115 83 0.1548044934990934
115 82 0.08351353752857163
115 55 0.1570080055898383
115 69 0.12072932276820575
115 51 0.09634732966133239
115 79 0.10901698918280456
115 86 0.08567377207236399
115 92 0.21699915306484618
115 93 0.2097736127875361
115 87 0.1797548810993268
115 78 0.11945417068636138
115 50 0.07208399870567628
115 52 0.6282113021079779
115 46 0.44768746969245543
115 91 0.20542762093943992
115 85 0.20907302591798932
115 84 0.053561063435628
115 90 0.21492777485947834
115 47 0.27783842064930936
115 53 0.24267037001740874
103 76 0.14493101243065082
103 62 0.30248195933113453
103 89 0.17288222883546858
103 88 0.2831365651675717
103 63 0.19497264118653768
103 77 0.19276496286299452
103 49 0.17592290053582085
103 61 0.153591845851827
103 75 0.1513188050742426
103 74 0.1663235711885544
103 60 0.13509143540981236
103 48 0.17136446906105257
103 64 0.1940507964415204
103 70 0.37982562772620376
103 58 0.9849494276647609
103 59 0.144559606888298
103 71 0.20549444605209896
103 65 0.16056202762419045
103 73 0.15380564779467593
103 67 0.3172873219292892
103 66 0.3843964611623034
103 72 0.15469865805379468
103 57 0.5217391807543341
103 94 0.3385615081161596
103 80 0.21271896139374535
103 81 0.34912958412020306
103 95 0.18093578916566674
103 56 0.2557606406768986
103 68 0.5495387732681754
103 54 0.199717913973257
103 83 0.16839762771159275
103 82 0.20906496992572068
103 55 0.21471398851206905
103 69 0.40156761792132223
103 51 0.14707161352783593
103 79 0.15556281677559128
103 86 0.14736609050016097
103 92 0.3223407935656041
103 93 0.316677285991367
103 87 0.26357397757502293
103 78 0.3240924249960513
103 50 0.18047460323156841
103 52 0.15629686915103183
103 46 0.2559974843975843
103 91 0.33185302340209966
103 85 0.2855380099584561
103 84 0.1764206055998219
103 90 0.2959927329420432
103 47 0.2086329665661045
103 53 0.1810765465630194
117 76 0.2151504167267802
117 62 0.27932424458019744
117 89 0.1055396749814337
117 88 0.1723098573742779
117 63 0.12036950515646738
117 77 0.36180399520243045
117 49 0.23590014047910862
117 61 0.12797790846244583
117 75 0.4739530068167568
117 74 0.337526737199089
117 60 0.09208083027567514
117 48 0.36821644116370567
117 64 0.1877796507625984
117 70 0.3017229962355584
117 58 0.7299844356215447
117 59 0.0950532500394392
117 71 0.1488526567317105
117 65 0.07589365350015193
117 73 0.37514219944377636
117 67 0.23302695701775675
117 66 0.1803470471492995
117 72 0.17033915292268434
117 57 0.3498451384101139
117 94 0.31363218520859737
117 80 0.15254827353861355
117 81 0.2818336066465993
117 95 0.18867885958389335
117 56 0.3053148867877215
117 68 0.40100948248570156
117 54 0.15687976975995765
117 83 0.53668630525375
117 82 0.13623987117835254
117 55 0.19967733673196286
117 69 0.3421106078455435
117 51 0.16915674693580401
117 79 0.3711767266768847
117 86 0.079764336910598
117 92 0.3087702159953862
117 93 0.2881818681430982
117 87 0.34679933157452997
117 78 0.34118301490242164
117 50 0.09426471261734286
117 52 0.17130649815349938
117 46 0.38319346790942344
117 91 0.318188415569686
117 85 0.2995623668024271
117 84 0.15432093505899463
117 90 0.31130627703591357
117 47 0.1451024767978576
117 53 0.13809312869566875
116 76 0.1732417338262667
116 62 0.322652097140953
116 89 0.20514839000326138
116 88 0.44497363809980583
116 63 0.18289036562801872
116 77 0.17040717756892204
116 49 0.17609855201088298
116 61 0.19331574175751431
116 75 0.15180166605446155
116 74 0.15593301087565625
116 60 0.1454466564855037
116 48 0.16290751893028219
116 64 0.19365614595845337
116 70 0.548434920554006
116 58 0.9677410379290903
116 59 0.19676084775235883
116 71 0.16234649969780912
116 65 0.13762057355740775
116 73 0.1432728830774906
116 67 0.42475106261379064
116 66 0.41326840030365297
116 72 0.16099791026756954
116 57 0.6239799168305101
116 94 0.5499896607934582
116 80 0.169523478988954
116 81 0.4549774520120117
116 95 0.18959442592008524
116 56 0.42416081518999715
116 68 0.687517317488618
116 54 0.18911045789958508
116 83 0.3221079165728667
116 82 0.421806288705817
116 55 0.313270733017217
116 69 0.47890227704368526
116 51 0.12921433339858743
116 79 0.2129464662961375
116 86 0.16496559686018558
116 92 0.5301093437314616
116 93 0.5080396266598168
116 87 0.38053903901474584
116 78 0.41662588665243916
116 50 0.1876996129878039
116 52 0.14446529909315972
116 46 0.42164864045261596
116 91 0.5014510955109882
116 85 0.44501327141114877
116 84 0.22033074730632077
116 90 0.45767207356870887
116 47 0.21019135841485903
116 53 0.14617795312856513
102 76 0.11720911959627434
102 62 0.19988083110757549
102 89 0.13454584291756888
102 88 0.197238980624047
102 63 0.14756963611247753
102 77 0.12805680766280875
102 49 0.13167478335086677
102 61 0.09333372451798873
102 75 0.10207965801817755
102 74 0.1071880576572548
102 60 0.11088895659305795
102 48 0.12087275082021191
102 64 0.12367492310232304
102 70 0.272789772305103
102 58 0.6277570284240629
102 59 0.11706776559692506
102 71 0.1716900243518569
102 65 0.08386430632633357
102 73 0.09676790442079142
102 67 0.21700701245396606
102 66 0.17213716926133021
102 72 0.12153459521116909
102 57 0.33197134411084817
102 94 0.21045987655492387
102 80 0.18011277904201753
102 81 0.21809476411779594
102 95 0.10703344368949974
102 56 0.17871106201033088
102 68 0.36076223096601456
102 54 0.1328319266038217
102 83 0.13432830695678577
102 82 0.08288425154788903
102 55 0.17556039005521593
102 69 0.25462312393596476
102 51 0.1089255671976301
102 79 0.12710243213405475
102 86 0.1323279861777093
102 92 0.20110630702706778
102 93 0.20028805585123655
102 87 0.20963892309660553
102 78 0.19051064190854017
102 50 0.13120273280260997
102 52 0.10342703725832585
102 46 0.16117254221620061
102 91 0.21140060126697183
102 85 0.2017417786870764
102 84 0.10387739579260916
102 90 0.201480719360221
102 47 0.1739070456494916
102 53 0.12332723592036658
106 76 0.09659965659072679
106 62 0.13572735026891872
106 89 0.07955688641513928
106 88 0.1792375988835122
106 63 0.0714328493598603
106 77 0.061405760826960504
106 49 0.0975114740493181
106 61 0.07667436602417962
106 75 0.05924892112198932
106 74 0.07551199352317606
106 60 0.0737975699343435
106 48 0.09910698477777699
106 64 0.0933686206427105
106 70 0.21215045041927239
106 58 0.525723618063276
106 59 0.07344600758466313
106 71 0.12306180739389241
106 65 0.05702858476269787
106 73 0.05992907646018111
106 67 0.1696618235483241
106 66 0.13804903161610504
106 72 0.1457730927592087
106 57 0.2791327338405747
106 94 0.1744058351425666
106 80 0.12549399864065836
106 81 0.19393955568765364
106 95 0.11363132449359951
106 56 0.16474003334764076
106 68 0.30804251475964306
106 54 0.10589133080768737
106 83 0.07853238227447515
106 82 0.08793347645678959
106 55 0.18754900203177122
106 69 0.2256103437137333
106 51 0.08627094460810018
106 79 0.1022252614655738
106 86 0.093968634268928
106 92 0.17964293056914402
106 93 0.1740536711737439
106 87 0.19547309948833552
106 78 0.16231041888127584
106 50 0.08341353496866111
106 52 0.08125311115208844
106 46 0.12161866250683853
106 91 0.1356140230196335
106 85 0.17600949313904848
106 84 0.07628387081555527
106 90 0.17909119245250638
106 47 0.15255671477658417
106 53 0.09655402628037321
112 76 0.14927606983641367
112 62 0.2705632597363921
112 89 0.17180626716121936
112 88 0.2914908997996432
112 63 0.18138987845950527
112 77 0.14591790791215647
112 49 0.15503605828834272
112 61 0.13143462432979847
112 75 0.13529825902428888
112 74 0.1489913246002437
112 60 0.12967848040901073
112 48 0.1579109774476112
112 64 0.1825092079447064
112 70 0.3297700350352561
112 58 0.7949082410586561
112 59 0.13820125396096722
112 71 0.17988131872301763
112 65 0.13199109192513653
112 73 0.12341291122578922
112 67 0.2778492035902906
112 66 0.23600836989135823
112 72 0.13085980570542344
112 57 0.45456754768573365
112 94 0.2884354636296367
112 80 0.18785363638598307
112 81 0.3001089037475539
112 95 0.16810353660915447
112 56 0.2952007210861386
112 68 0.47985164362786714
112 54 0.18256925675066396
112 83 0.17485051211975006
112 82 0.14093938769830872
112 55 0.35403994717356635
112 69 0.36071365069336014
112 51 0.13780494345171557
112 79 0.16881050264178418
112 86 0.15226832961987932
112 92 0.2936629089386994
112 93 0.279791603656709
112 87 0.2905624577091835
112 78 0.2894843432568647
112 50 0.15823812757967987
112 52 0.1450464401752354
112 46 0.23270888471403192
112 91 0.29804532505703685
112 85 0.2666765171174981
112 84 0.1332910347802024
112 90 0.27057073774823637
112 47 0.2007471273364038
112 53 0.14584160561376258
113 76 0.13967089081806966
113 62 0.2717662382779367
113 89 0.20632302507568187
113 88 0.47983103627267343
113 63 0.17436460094844977
113 77 0.20729546440852936
113 49 0.1726337142802533
113 61 0.13940255517462807
113 75 0.12821875922697276
113 74 0.1092280792970549
113 60 0.11341475929669581
113 48 0.15615500046054584
113 64 0.17941624975344164
113 70 0.4334877064922298
113 58 0.6012662739909517
113 59 0.1251043370941971
113 71 0.19397685838942094
113 65 0.1165854599177269
113 73 0.1310266502099004
113 67 0.4316845129929593
113 66 0.36660858550178177
113 72 0.14341191437044712
113 57 0.44691360327782653
113 94 0.5799077444194702
113 80 0.19940939683203515
113 81 0.3909617567059722
113 95 0.2205123882107372
113 56 0.42252323139814996
113 68 0.6863042346143652
113 54 0.20779830075918812
113 83 0.2681390417493591
113 82 0.2034458109725241
113 55 0.30247787737632703
113 69 0.4770672610768347
113 51 0.12469345054433395
113 79 0.2371807609877614
113 86 0.11773251361726296
113 92 0.5725814009091711
113 93 0.5258684560283463
113 87 0.42074023811528827
113 78 0.43661263738848544
113 50 0.18296434213131182
113 52 0.14923939693610416
113 46 0.3928124017026886
113 91 0.48907338579659754
113 85 0.49823692538761977
113 84 0.18896488229989067
113 90 0.5042830205504796
113 47 0.20780690769429402
113 53 0.14790213436956445
107 76 0.079937494068333
107 62 0.1398226924563844
107 89 0.08084465470153268
107 88 0.19844207999572638
107 63 0.07389292286991936
107 77 0.05418238024542554
107 49 0.09408735075137502
107 61 0.056412715785593176
107 75 0.04663094746537641
107 74 0.03483468997551592
107 60 0.07583712413139937
107 48 0.07144961120195603
107 64 0.08124287284277759
107 70 0.11226945125211017
107 58 0.10393276001466056
107 59 0.0565039152054749
107 71 0.10493623365322945
107 65 0.06252418491793918
107 73 0.06420769641752266
107 67 0.20029847145473853
107 66 0.2101393773068781
107 72 0.02500917520718232
107 57 0.20753073070069522
107 94 0.14422895489385001
107 80 0.11419742667459755
107 81 0.10053901856293453
107 95 0.0834653661028179
107 56 0.5570781362872006
107 68 0.4940250016065778
107 54 0.06965003676747517
107 83 0.10450838011487998
107 82 0.04946930045544984
107 55 0.13475569487818734
107 69 0.12617696709412213
107 51 0.04680136114609801
107 79 0.08669617374684871
107 86 0.08419414061031008
107 92 0.15055162559155652
107 93 0.1703191093823933
107 87 0.1576428399225917
107 78 0.10480523939555
107 50 0.09161953359039789
107 52 0.05150039459204933
107 46 0.11171276084294464
107 91 0.13463801989080948
107 85 0.12909539704004308
107 84 0.05730920967092487
107 90 0.13296660676412758
107 47 0.052943421720185874
107 53 0.05513936280194126
139 76 0.1391247160821653
139 62 0.09145732793127934
139 89 0.0997314752483831
139 88 0.24568560463222197
139 63 0.08866736008906846
139 77 0.08508027990934933
139 49 0.08973977071728544
139 61 0.11095725603278304
139 75 0.05374052132875495
139 74 0.10864118851066078
139 60 0.06780885341980672
139 48 0.0723444250344546
139 64 0.08386960744183669
139 70 0.2054266573042978
139 58 0.15192187824882625
139 59 0.10323631021459419
139 71 0.11050104228135181
139 65 0.05877665742122312
139 73 0.05012980161001837
139 67 0.2035225316999717
139 66 0.2904609904229861
139 72 0.06392412345219164
139 57 0.26747457640365907
139 94 0.31641112325695375
139 80 0.11549928506004062
139 81 0.16366498457730944
139 95 0.07037782412956584
139 56 0.1512637123952236
139 68 0.32744501328882447
139 54 0.11005502715812963
139 83 0.08160958753161363
139 82 0.10305210900990303
139 55 0.12202045412869181
139 69 0.18552139677863838
139 51 0.07764099968046997
139 79 0.11846126700761041
139 86 0.09101346197226909
139 92 0.31473075224993613
139 93 0.2895406643162571
139 87 0.23374472305926636
139 78 0.1839342403329788
139 50 0.09961083855213476
139 52 0.1142892871444013
139 46 0.16408411404031656
139 91 0.2807653274219176
139 85 0.28237674534033574
139 84 0.06300494726478531
139 90 0.28369477854327757
139 47 0.10544571730729026
139 53 0.08067650315662633
111 76 0.1830852000210771
111 62 0.3290758625880662
111 89 0.24908059569715982
111 88 0.4267632540071576
111 63 0.2196592189245895
111 77 0.16858810035126115
111 49 0.17535928653308328
111 61 0.1516934735772721
111 75 0.1664760979307401
111 74 0.19132135719102478
111 60 0.15653048147304388
111 48 0.1820881980534655
111 64 0.2279681710334996
111 70 0.49618169299274983
111 58 0.8142158607047189
111 59 0.16352564361545657
111 71 0.19779693475287224
111 65 0.15357715792183002
111 73 0.15933820839028132
111 67 0.4610011611751672
111 66 0.3698682376677028
111 72 0.1495154011925374
111 57 0.5491448982747248
111 94 0.5034378807307731
111 80 0.2055179435186375
111 81 0.3835907428805572
111 95 0.2247646623618199
111 56 0.37216268369914807
111 68 0.7387663066715515
111 54 0.2330754739141703
111 83 0.2009600899998008
111 82 0.18589642270440254
111 55 0.4107716985124434
111 69 0.5831979542292287
111 51 0.16403393559394683
111 79 0.21909231446537747
111 86 0.1360186636478728
111 92 0.512572779726051
111 93 0.47379765124767237
111 87 0.43499594423190463
111 78 0.538677858032699
111 50 0.221127312672801
111 52 0.17203510950706064
111 46 0.29378795693679177
111 91 0.5000931471154615
111 85 0.43572109247144397
111 84 0.1785864292655829
111 90 0.4496949489403991
111 47 0.24017816335039663
111 53 0.166227111021375
105 76 0.11645534053929689
105 62 0.15757157616021178
105 89 0.11668547398325153
105 88 0.21503296466021454
105 63 0.11341743009233729
105 77 0.11868015998655403
105 49 0.21922081135006788
105 61 0.11227695146523681
105 75 0.10109138610185053
105 74 0.13594364165040584
105 60 0.11791423524114734
105 48 0.1646939072464944
105 64 0.12930576933169385
105 70 0.18828325729603684
105 58 0.2244619951007015
105 59 0.10525411117922562
105 71 0.38427260705252186
105 65 0.10534286959034382
105 73 0.09950635978680461
105 67 0.3175969909541233
105 66 0.23269792040409615
105 72 0.10768849014840798
105 57 0.43363497518604954
105 94 0.24109643080436527
105 80 0.405715448595316
105 81 0.17766996963365353
105 95 0.14183078435237956
105 56 0.3730703814554934
105 68 0.502614841070343
105 54 0.1372833074318101
105 83 0.20523705525046892
105 82 0.12732696395128887
105 55 0.16396066224180586
105 69 0.24050930858169806
105 51 0.17142589546526868
105 79 0.14180597340767126
105 86 0.22903204360107537
105 92 0.2242775940211996
105 93 0.22432645783730373
105 87 0.23508839787894245
105 78 0.22745138325444872
105 50 0.21501498482934403
105 52 0.10379663769956073
105 46 0.16126585925704348
105 91 0.21949267331798145
105 85 0.2423656041198556
105 84 0.12433600284810832
105 90 0.23137696220768147
105 47 0.15667611618333763
105 53 0.12519896922220466
104 76 0.13475220863812976
104 62 0.25235567333576714
104 89 0.11993462877813774
104 88 0.23792811306701517
104 63 0.1624597934902344
104 77 0.11278996937837753
104 49 0.14915499729949885
104 61 0.1146845513363304
104 75 0.11905534649840735
104 74 0.12821273637511296
104 60 0.11138575614394067
104 48 0.14406339730443646
104 64 0.1498996929106463
104 70 0.3617346086695128
104 58 0.9999999999999999
104 59 0.11639713778077986
104 71 0.17187577140901744
104 65 0.09695633854283375
104 73 0.11655319889559547
104 67 0.2448053734141874
104 66 0.21194007922255598
104 72 0.15096200708118213
104 57 0.43971402128268666
104 94 0.2566976743152524
104 80 0.1745733262162064
104 81 0.30853064842010963
104 95 0.15603672669152133
104 56 0.1865965087379821
104 68 0.4495613521786033
104 54 0.16371638641015057
104 83 0.12454738881370814
104 82 0.10556998687696494
104 55 0.2614859088532781
104 69 0.36886165993913816
104 51 0.1101113058327694
104 79 0.13223568889915002
104 86 0.11659862426485752
104 92 0.2537175022731503
104 93 0.2459202611283612
104 87 0.24222144798987064
104 78 0.25910092129231055
104 50 0.14538750978341156
104 52 0.11062248466583356
104 46 0.17407046837785564
104 91 0.2320629586616832
104 85 0.2345026500199561
104 84 0.13714713335857542
104 90 0.240811898083057
104 47 0.2047637702136801
104 53 0.14292672724932493
110 76 0.02499177012259518
110 62 0.24210794153367735
110 89 0.2101439804518958
110 88 0.40913998154557135
110 63 0.08544160251959627
110 77 0.28001052722744585
110 49 0.10029974880162705
110 61 0.08280924245974788
110 75 0.09125535382004553
110 74 0.1099371346516868
110 60 0.11992244240464368
110 48 0.13339123749483567
110 64 0.11487819695664614
110 70 0.26024427442460624
110 58 0.48335708748554074
110 59 0.07184314418713389
110 71 0.23068694135163878
110 65 0.09342644837512774
110 73 0.07973236540482598
110 67 0.2561823183601919
110 66 0.20842837472323664
110 72 0.18397036140757317
110 57 0.33269980644137864
110 94 0.319930358549293
110 80 0.23899103973384533
110 81 0.3734059689410001
110 95 0.1329165568746148
110 56 0.24732433045911661
110 68 0.4798491353592754
110 54 0.15591131834466282
110 83 0.08088886881664259
110 82 0.24466521961611742
110 55 0.18495300277573762
110 69 0.3971207592693736
110 51 0.10850631854575629
110 79 0.2038181461381213
110 86 0.05887397463944344
110 92 0.3388071660288948
110 93 0.4096280851081681
110 87 0.2780075937705449
110 78 0.321634921304995
110 50 0.08708962310876991
110 52 0.08179308527703025
110 46 0.23875084608872074
110 91 0.3335500254910411
110 85 0.3283094269366159
110 84 0.07926437153027516
110 90 0.32723494572892275
110 47 0.1302334879618442
110 53 0.10666853678251875
138 76 0.0986385722063798
138 62 0.17622253299474225
138 89 0.12291197234878046
138 88 0.29478895705855196
138 63 0.10399190148429588
138 77 0.15549082370535613
138 49 0.11397859151564688
138 61 0.09304953151141018
138 75 0.07309731366318481
138 74 0.11077247742750312
138 60 0.0843025356585004
138 48 0.12853971714288054
138 64 0.11306551474035188
138 70 0.27609012978845204
138 58 0.2707112263862102
138 59 0.0763438577374348
138 71 0.13728529147559632
138 65 0.07941746645264647
138 73 0.07467523727368239
138 67 0.28971240507481616
138 66 0.3259330957724251
138 72 0.1604937060866741
138 57 0.352796227083115
138 94 0.3655318810172349
138 80 0.14603323262533613
138 81 0.2579358674598695
138 95 0.11207326034316491
138 56 0.22178835872611716
138 68 0.4983567476028381
138 54 0.12925827966415043
138 83 0.10742171037684324
138 82 0.18271602359201597
138 55 0.11305858735593463
138 69 0.26019088432172055
138 51 0.07344799327164736
138 79 0.09180117657376813
138 86 0.11007461075724348
138 92 0.35249849885323936
138 93 0.3370564496770957
138 87 0.2762914079196232
138 78 0.27244000321734707
138 50 0.0691529041758199
138 52 0.05980293620186608
138 46 0.19049831533649447
138 91 0.3394577138283238
138 85 0.28977503591621695
138 84 0.11367684310612124
138 90 0.30269239274967086
138 47 0.19051524074881232
138 53 0.1616796574220507
140 76 0.16992087172198092
140 62 0.13405899731126122
140 89 0.10099569504589204
140 88 0.17961448774724886
140 63 0.1233851234665885
140 77 0.09843439479797007
140 49 0.14413591796844397
140 61 0.07806277697474773
140 75 0.07549670217348475
140 74 0.0592707839677413
140 60 0.04417437194839968
140 48 0.10451845249039908
140 64 0.09064934489527998
140 70 0.26618533238884856
140 58 0.23026305188294882
140 59 0.11550562745028094
140 71 0.12144708499615255
140 65 0.048445912028964894
140 73 0.09002096208107843
140 67 0.234501150630232
140 66 0.27384354887119894
140 72 0.043648498139702646
140 57 0.30153914221754696
140 94 0.27707189298535284
140 80 0.12657648575699126
140 81 0.2192896869575469
140 95 0.1121236695384058
140 56 0.14579951553438666
140 68 0.3647652379832934
140 54 0.10788979851710098
140 83 0.09125777682326104
140 82 0.1461666408831937
140 55 0.14859215420086758
140 69 0.28654892911401747
140 51 0.07685365801823765
140 79 0.09406114199421005
140 86 0.04896336812768309
140 92 0.2734894840389208
140 93 0.24566054048551567
140 87 0.2308836035200651
140 78 0.3003935079368543
140 50 0.14955726845517855
140 52 0.03574093481578847
140 46 0.1067675052534381
140 91 0.2632290929125323
140 85 0.2327887493293853
140 84 0.10791827122225985
140 90 0.24078552860319327
140 47 0.12291087013015597
140 53 0.10329224451722421
135 76 0.1496638410836213
135 62 0.2819516595431513
135 89 0.12105892537421123
135 88 0.2695627594712327
135 63 0.13910115792856947
135 77 0.2675027229575394
135 49 0.2970317378292783
135 61 0.0901112629278739
135 75 0.29140826070725845
135 74 0.20513320872521768
135 60 0.0722540344890319
135 48 0.3092893498204182
135 64 0.11770172157722703
135 70 0.24231374409777504
135 58 0.23817061903327114
135 59 0.06401240357246238
135 71 0.24766854696614488
135 65 0.061289904995705496
135 73 0.2310063498346338
135 67 0.3330028090895434
135 66 0.20732948368792004
135 72 0.09116033528463428
135 57 0.3770926380929099
135 94 0.35402302866303176
135 80 0.2656710359550922
135 81 0.28173577649257
135 95 0.15998365352267985
135 56 0.34081497700485064
135 68 0.4944641528717907
135 54 0.14620272785055738
135 83 0.475766940128984
135 82 0.07212377080584739
135 55 0.18348388060661047
135 69 0.2732719627337594
135 51 0.15084738583754143
135 79 0.20222070743124246
135 86 0.13715458069580966
135 92 0.3532406915377816
135 93 0.316632240787462
135 87 0.3253330456073986
135 78 0.31219882700170937
135 50 0.16957863758309843
135 52 0.06765529168342921
135 46 0.36015519482052394
135 91 0.3678689805307568
135 85 0.3374585683674715
135 84 0.18328757673023507
135 90 0.3364099357182397
135 47 0.22951669225913446
135 53 0.2805983804684249
121 76 0.1121973228132614
121 62 0.1974940532704303
121 89 0.1595931718877034
121 88 0.35614672307150586
121 63 0.18666102212212357
121 77 0.15063828840854088
121 49 0.1568810600574625
121 61 0.0833536943841342
121 75 0.06299225079766052
121 74 0.11917809258513029
121 60 0.0958705554153344
121 48 0.1442942680752549
121 64 0.14283099311288877
121 70 0.19667934223774555
121 58 0.16972613813057214
121 59 0.06678601013290625
121 71 0.3548833370242523
121 65 0.10829970588630763
121 73 0.054725676693326064
121 67 0.39909734836974586
121 66 0.23244216310221136
121 72 0.08991760696003702
121 57 0.450734999392536
121 94 0.5508464987949698
121 80 0.38574897687445125
121 81 0.23387262326277297
121 95 0.11824345616717351
121 56 0.2552477525943031
121 68 0.47418182150354926
121 54 0.1546635207563281
121 83 0.2871099584398005
121 82 0.1281878421979142
121 55 0.24419439050605374
121 69 0.38625796718214367
121 51 0.1417188053096223
121 79 0.13106349347508028
121 86 0.15941619857221373
121 92 0.44602678073095814
121 93 0.38390778863932795
121 87 0.3068553709235259
121 78 0.4549966120977207
121 50 0.17073710554348487
121 52 0.060244937615668515
121 46 0.2185233240377138
121 91 0.41216408084839706
121 85 0.3557137019390263
121 84 0.07913291874288561
121 90 0.37354975188818335
121 47 0.2241553296437065
121 53 0.10762633096501922
109 76 0.13221977669836896
109 62 0.22332876597515022
109 89 0.09469484214843327
109 88 0.25909747031278546
109 63 0.16247163890627933
109 77 0.18679289416036318
109 49 0.16373234267170783
109 61 0.11320577979469754
109 75 0.09157324330194916
109 74 0.17366951215954787
109 60 0.07200311252542327
109 48 0.12246614128123365
109 64 0.15412329858306661
109 70 0.36089737816197576
109 58 0.5998193292668395
109 59 0.06998646266203565
109 71 0.1351000259308522
109 65 0.10171448461690175
109 73 0.05885262063076252
109 67 0.29538725625661727
109 66 0.21970133468736533
109 72 0.16952238947934617
109 57 0.41703670522990655
109 94 0.3763062753242842
109 80 0.1389073638333373
109 81 0.38375781626877936
109 95 0.15541162623737087
109 56 0.16351787313501606
109 68 0.5112263309392879
109 54 0.12748097257413812
109 83 0.11316240863963592
109 82 0.1051686100569524
109 55 0.19973257081290138
109 69 0.3976601490249704
109 51 0.064230817990557
109 79 0.13209367406787015
109 86 0.10456509967916143
109 92 0.3632340468442109
109 93 0.33990064730566394
109 87 0.3019766936710178
109 78 0.40576525140460873
109 50 0.17232645382714035
109 52 0.1122024128090917
109 46 0.2647571853315773
109 91 0.363800949965702
109 85 0.34296608893370506
109 84 0.536601941544825
109 90 0.34933765770136493
109 47 0.10920142200416352
109 53 0.09804267347367787
108 76 0.2119003991935305
108 62 0.3640184959669371
108 89 0.2455296880801612
108 88 0.4867564381738154
108 63 0.26926136437214104
108 77 0.23040514201673742
108 49 0.1893399606448064
108 61 0.18372992468890706
108 75 0.19046155117970048
108 74 0.22789430084659654
108 60 0.17277095796878003
108 48 0.20360597280311404
108 64 0.2491788796359251
108 70 0.4779504737140896
108 58 0.9485590067444869
108 59 0.15875691414792611
108 71 0.22973344667301193
108 65 0.169695279559509
108 73 0.18352489394624538
108 67 0.44951043946756253
108 66 0.40591584298268946
108 72 0.2018787704291308
108 57 0.6212694730622801
108 94 0.5546784054820566
108 80 0.24068555338122008
108 81 0.4742912427737347
108 95 0.24135789937422927
108 56 0.4101424605811669
108 68 0.7957023098452393
108 54 0.29155146560117373
108 83 0.20739277430048444
108 82 0.23439498789575539
108 55 0.391799783073651
108 69 0.5447429769474884
108 51 0.1899001259095764
108 79 0.2998528267642353
108 86 0.1570179720883031
108 92 0.5536117269127836
108 93 0.5091180618283234
108 87 0.47376598431558403
108 78 0.4710125696175348
108 50 0.23351563512664533
108 52 0.1802760883973433
108 46 0.34291034127349235
108 91 0.5349377109969448
108 85 0.4689689630567617
108 84 0.19904774195195846
108 90 0.4789253378769833
108 47 0.2580441647921422
108 53 0.1899515433775021
120 76 0.044823413669607265
120 62 0.1277284649063139
120 89 0.09064205506612608
120 88 0.22338347232216615
120 63 0.04797505076019898
120 77 0.24366291037643
120 49 0.05715566115892229
120 61 0.022903076976578507
120 75 0.08704340869199378
120 74 0.06036501534586153
120 60 0.047432122704207186
120 48 0.06758443501708708
120 64 0.08280884533061841
120 70 0.14457440533787433
120 58 0.12270311690967958
120 59 0.07094253883515084
120 71 0.1302138930844149
120 65 0.020503040466835543
120 73 0.047419814495204715
120 67 0.2213422890678209
120 66 0.19633940908418182
120 72 0.05540341731707657
120 57 0.17046890195023504
120 94 0.2834678568548999
120 80 0.13662643529753654
120 81 0.148881378097723
120 95 0.05042055404674839
120 56 0.14734752273630952
120 68 0.2722988528096721
120 54 0.08895808192807518
120 83 0.07483150508142353
120 82 0.07051865733381982
120 55 0.26423907159743243
120 69 0.16503813374819445
120 51 0.10696518320245645
120 79 0.07497068794008471
120 86 0.0682847148943527
120 92 0.2628091098400941
120 93 0.25100572523816655
120 87 0.21337687436132516
120 78 0.19298253357252015
120 50 0.11170669383307825
120 52 0.019307917513003647
120 46 0.10692340632690156
120 91 0.24773513370989703
120 85 0.2303113580446774
120 84 0.08540630704440433
120 90 0.2304766960544733
120 47 0.11527679866421293
120 53 0.3523576592768247
134 76 0.16845696480559597
134 62 0.14996250247929904
134 89 0.07838826214210334
134 88 0.1895614827364352
134 63 0.08333869338427011
134 77 0.11642548788256084
134 49 0.27962329021319865
134 61 0.06677593292609726
134 75 0.31537079490110753
134 74 0.1465846255512258
134 60 0.09991634574984783
134 48 0.2679507104546043
134 64 0.12472977868945058
134 70 0.19696845637678193
134 58 0.2339900293686897
134 59 0.0562792870505526
134 71 0.3980835177785385
134 65 0.03633704632294704
134 73 0.24967315696736025
134 67 0.3104521852512641
134 66 0.17030471256808155
134 72 0.10713834189959673
134 57 0.3968529653410556
134 94 0.2789414388000056
134 80 0.4266513416506208
134 81 0.0631230112124436
134 95 0.14791455291275546
134 56 0.11667887873060791
134 68 0.4017514017265619
134 54 0.13735221155897542
134 83 0.29232656658158956
134 82 0.04988049725908972
134 55 0.2372181264935939
134 69 0.19459861550763224
134 51 0.1560434785168166
134 79 0.06042981824261079
134 86 0.15919671147776557
134 92 0.1933518270267493
134 93 0.20539092751923135
134 87 0.18105449015980812
134 78 0.17303789650302748
134 50 0.16274057269572445
134 52 0.47518403454481806
134 46 0.1926665093839778
134 91 0.16386558464918594
134 85 0.19036023672217187
134 84 0.12610852141191298
134 90 0.17834671865247476
134 47 0.2860593021273632
134 53 0.4233072924452664
122 76 0.11408616186990286
122 62 0.08829106770991926
122 89 0.15472527152633123
122 88 0.20113293305819732
122 63 0.187832089207785
122 77 0.14672211827038906
122 49 0.27058166878756756
122 61 0.08044775913835556
122 75 0.07129714285149469
122 74 0.16948614809735563
122 60 0.07995741489723587
122 48 0.14651574471281403
122 64 0.10656814345540074
122 70 0.23846946247285275
122 58 0.21415356122539694
122 59 0.08666964882652947
122 71 0.5419137932344282
122 65 0.057086754208594936
122 73 0.05239283891645488
122 67 0.48178618820117736
122 66 0.2615576824037658
122 72 0.06733908302450825
122 57 0.530272386387674
122 94 0.3639273004373782
122 80 0.5777598469447157
122 81 0.20820114128923398
122 95 0.07272538705485468
122 56 0.16319143188046817
122 68 0.539269699649856
122 54 0.11310770554532247
122 83 0.2946515718667281
122 82 0.10425760449242881
122 55 0.14727976885110985
122 69 0.30077198407592987
122 51 0.20057896668353048
122 79 0.11629316409760133
122 86 0.296080944526138
122 92 0.37296869479352046
122 93 0.35007346256851374
122 87 0.27320835070485716
122 78 0.3248545408132563
122 50 0.3022831715103802
122 52 0.0963003372329991
122 46 0.18118483643579172
122 91 0.34609147036180915
122 85 0.5641695177204477
122 84 0.15001877378776873
122 90 0.5245920756713842
122 47 0.11515810186022139
122 53 0.12054137145541065
136 76 0.0
136 62 0.10850977139031909
136 89 0.09760005640129873
136 88 0.16346711971395922
136 63 0.11255607576691634
136 77 0.2448276873335294
136 49 0.19049702223004622
136 61 0.057559183887164356
136 75 0.024087561044459582
136 74 0.028230158009908857
136 60 0.05440396744565862
136 48 0.17165124707660312
136 64 0.041675270824961225
136 70 0.1415666067093223
136 58 0.09551712914373243
136 59 0.08843054523797117
136 71 0.05609601740568801
136 65 0.050840120043643355
136 73 0.06302424363488099
136 67 0.16390866666358367
136 66 0.10846975286375704
136 72 0.08232146063161158
136 57 0.1853422999775288
136 94 0.21295746568162988
136 80 0.06400051138938276
136 81 0.3909137817841235
136 95 0.06253108918627137
136 56 0.2799959491539655
136 68 0.3117428296035847
136 54 0.07856747738066225
136 83 0.04287204604769623
136 82 0.07760515898010248
136 55 0.12112712293103818
136 69 0.12101998498946548
136 51 0.07521194173099607
136 79 0.49571304943029126
136 86 0.06722666321640439
136 92 0.19943312266224494
136 93 0.1815928570623155
136 87 0.16357195233178487
136 78 0.17076112449358455
136 50 0.09816153845575369
136 52 0.055162988178670574
136 46 0.1863565796727641
136 91 0.22345374011685945
136 85 0.16709573954646903
136 84 0.021642419508295235
136 90 0.1852171827961731
136 47 0.207885435988156
136 53 0.02571222728972669
137 76 0.11814232449937617
137 62 0.1467725700678249
137 89 0.12457375862383535
137 88 0.28692861709810524
137 63 0.11657643134748065
137 77 0.13541309392794937
137 49 0.09731438470363885
137 61 0.09471951338641875
137 75 0.09134119060875458
137 74 0.10894810401899074
137 60 0.07710544800429178
137 48 0.09628125784471415
137 64 0.12214255906443316
137 70 0.2262942687526282
137 58 0.1997492422889278
137 59 0.09967883880022213
137 71 0.12290249094787753
137 65 0.07510003929071404
137 73 0.10275552830599613
137 67 0.26213384605336587
137 66 0.31932769542593076
137 72 0.09762415498952576
137 57 0.286156948772469
137 94 0.3470329914134391
137 80 0.13007224375917237
137 81 0.198899956165229
137 95 0.1220788055557282
137 56 0.21145166330575235
137 68 0.42433184188001544
137 54 0.14075201249675084
137 83 0.11403614507073692
137 82 0.1384287651956691
137 55 0.15189909809566468
137 69 0.2546104691525782
137 51 0.11900735612250082
137 79 0.196948185016367
137 86 0.07788487237119052
137 92 0.347073712614821
137 93 0.3111927505604358
137 87 0.2600027943363744
137 78 0.2708907425849959
137 50 0.14638538929044012
137 52 0.11919318881888821
137 46 0.18320260143269226
137 91 0.31282577987912674
137 85 0.3141381855627218
137 84 0.0991615333000136
137 90 0.31511476173028474
137 47 0.13472284322543499
137 53 0.11289054490963947
123 76 0.11672945963980447
123 62 0.1635960759150928
123 89 0.08614006710293526
123 88 0.319789998425767
123 63 0.06907885202494554
123 77 0.09991270585024685
123 49 0.2223134448335625
123 61 0.09222920092007582
123 75 0.07502544220690197
123 74 0.10541022698712157
123 60 0.10283138477498115
123 48 0.14146141673526919
123 64 0.11982123715395103
123 70 0.2048538663826271
123 58 0.1833617747779668
123 59 0.06808452233902504
123 71 0.39860210858395717
123 65 0.09419000714555051
123 73 0.06493478587641119
123 67 0.3573362447451078
123 66 0.21121028717254253
123 72 0.08728997088620895
123 57 0.5070746479624388
123 94 0.6351899791437993
123 80 0.431073378286043
123 81 0.17315530659543507
123 95 0.15831816594258563
123 56 0.23657623490719173
123 68 0.47233644805104436
123 54 0.12791013510546267
123 83 0.23968680763407366
123 82 0.12122144055711012
123 55 0.14085414910933314
123 69 0.2727262422622547
123 51 0.15683196035831942
123 79 0.1400113297506157
123 86 0.23606673694974628
123 92 0.39808880422168236
123 93 0.3506829396789321
123 87 0.27536351784711616
123 78 0.32866592015904383
123 50 0.23591164667504397
123 52 0.1023412230928818
123 46 0.15706469987611368
123 91 0.2421945826004591
123 85 0.24758740055686124
123 84 0.08030053250452818
123 90 0.2740011167160449
123 47 0.16523563880831282
123 53 0.10562294081532592
127 76 0.22305266536575236
127 62 0.20217457863728838
127 89 0.19395064057047035
127 88 0.42002562828279594
127 63 0.18737492456556465
127 77 0.17878275160660564
127 49 0.31217182294401746
127 61 0.1248896026011969
127 75 0.10393649850782682
127 74 0.1494362528227431
127 60 0.1376532603268096
127 48 0.21816987578174254
127 64 0.1544387402399714
127 70 0.3476600779926873
127 58 0.22255482359921472
127 59 0.16384849054553496
127 71 0.44871802656375126
127 65 0.09477751448726555
127 73 0.0969957834530153
127 67 0.4866858959670315
127 66 0.347772507311792
127 72 0.16979284634647973
127 57 0.5359476558002602
127 94 0.5121240472592893
127 80 0.47152680540340164
127 81 0.37921049808952556
127 95 0.20757500542293103
127 56 0.4000696302650227
127 68 0.7594251499985877
127 54 0.20710159305538178
127 83 0.1592318525843062
127 82 0.11204328845996818
127 55 0.2417347755592817
127 69 0.39165362185412367
127 51 0.28889920936504887
127 79 0.2957684553026934
127 86 0.28486045031374085
127 92 0.4980073282579124
127 93 0.46664362670468484
127 87 0.5397258972485268
127 78 0.3774490287625203
127 50 0.3983611715049203
127 52 0.1318692052809272
127 46 0.31498048204143075
127 91 0.4542022391053967
127 85 0.4823856200085913
127 84 0.1476630331978451
127 90 0.4784676960084826
127 47 0.24766834032997803
127 53 0.16040280368890125
133 76 0.05834282754152398
133 62 0.2728369260647496
133 89 0.06637342887301978
133 88 0.18517917258781835
133 63 0.10555950392773926
133 77 0.2670889759575185
133 49 0.3392130700037095
133 61 0.08649443673169668
133 75 0.08559802246981703
133 74 0.15802366426888537
133 60 0.044621839459452944
133 48 0.2383898602245179
133 64 0.09980378196422478
133 70 0.18503891659880384
133 58 0.25019551668659445
133 59 0.0646527459210316
133 71 0.2845387139980682
133 65 0.049704987386679444
133 73 0.07319022266255576
133 67 0.2736173633584681
133 66 0.13976855554976828
133 72 0.07447188512789299
133 57 0.4056073585148733
133 94 0.24224400834013965
133 80 0.3056149377391716
133 81 0.23578967423648012
133 95 0.1251869143149715
133 56 0.17541519883414347
133 68 0.36853657713416876
133 54 0.1377705681531069
133 83 0.11844858480573507
133 82 0.19999229253579723
133 55 0.09608355066589008
133 69 0.1603206312832431
133 51 0.08489684501444647
133 79 0.2998551395680511
133 86 0.11633799707558408
133 92 0.22950317483298122
133 93 0.2300308772548599
133 87 0.15931122445983859
133 78 0.1910807556346574
133 50 0.1502023134154227
133 52 0.05405094313565989
133 46 0.12775429292055634
133 91 0.25146072338199693
133 85 0.24362541937312254
133 84 0.13418914448316477
133 90 0.23411530833473204
133 47 0.28222245803538804
133 53 0.3778566436630204
132 76 0.14442077222549385
132 62 0.19513397500090213
132 89 0.21872280542684552
132 88 0.5133129090633494
132 63 0.1575763884404005
132 77 0.18272894206856494
132 49 0.12638256326145514
132 61 0.12117176640392854
132 75 0.10362785591742052
132 74 0.17854872984025594
132 60 0.11801730095480789
132 48 0.12988384167792644
132 64 0.148082358153683
132 70 0.37550670585185164
132 58 0.24858356850457974
132 59 0.09170789199640964
132 71 0.1589526748339877
132 65 0.1018716497265522
132 73 0.06828306228787365
132 67 0.4139854545243039
132 66 0.34570389644942723
132 72 0.14631873826942157
132 57 0.37322331435331635
132 94 0.6411685919467243
132 80 0.1654549463245119
132 81 0.3203997425679398
132 95 0.15465830730644156
132 56 0.4284345367001865
132 68 0.6682842621923678
132 54 0.18759267481560463
132 83 0.25960601962380175
132 82 0.06996170757048906
132 55 0.24640755108212253
132 69 0.3859535744099841
132 51 0.09627378426494067
132 79 0.19592837617060105
132 86 0.17223659616590692
132 92 0.6473648903797775
132 93 0.5963141178400962
132 87 0.47803334009119836
132 78 0.3826031100294307
132 50 0.1406880497611192
132 52 0.14822430334121298
132 46 0.42933822743219435
132 91 0.5715662219125343
132 85 0.5647325325653397
132 84 0.13168285090601733
132 90 0.5740232021440675
132 47 0.1987570550776739
132 53 0.11281935680596453
126 76 0.09585691503452731
126 62 0.1250588600127447
126 89 0.1492157536356932
126 88 0.2659761145372664
126 63 0.13577207695218252
126 77 0.15307390175053892
126 49 0.19564310287573666
126 61 0.07449972861092075
126 75 0.07790813688328221
126 74 0.1198793640300585
126 60 0.08195545220654282
126 48 0.12249552695753224
126 64 0.09972637914996466
126 70 0.21281846224844708
126 58 0.2101896454918004
126 59 0.07257064943745425
126 71 0.3695346574036078
126 65 0.06996831245204985
126 73 0.07631290607990954
126 67 0.42972803740571464
126 66 0.2416084872441879
126 72 0.07789470959491046
126 57 0.4408044104484212
126 94 0.4891210002716565
126 80 0.4021913697634454
126 81 0.20159127919372802
126 95 0.055486519515881266
126 56 0.16119073441210485
126 68 0.48961953974221784
126 54 0.10380722606666284
126 83 0.3109075429859415
126 82 0.11089827802844705
126 55 0.12810220492274815
126 69 0.29274489635174883
126 51 0.14983637525316598
126 79 0.12709913989230365
126 86 0.1813479674631695
126 92 0.48870428725131454
126 93 0.45086252140479144
126 87 0.2976089544586943
126 78 0.33952899705452344
126 50 0.2152786258892025
126 52 0.07733381559386218
126 46 0.16655170515673506
126 91 0.5001617891294701
126 85 0.5937389166292568
126 84 0.07316646125868259
126 90 0.5889880789158178
126 47 0.11534819829034078
126 53 0.10858440735064748
118 76 0.17271437419930408
118 62 0.27042900564128414
118 89 0.1309409377477731
118 88 0.19542669735807694
118 63 0.11143079884674142
118 77 0.06928025682659136
118 49 0.3303122883337234
118 61 0.04938246723793041
118 75 0.06612530852738721
118 74 0.12068691638511912
118 60 0.0768582888294509
118 48 0.21872386117137246
118 64 0.0946678847176352
118 70 0.18526936481512563
118 58 0.4567671932788699
118 59 0.23630852456111234
118 71 0.267179203410056
118 65 0.08370769172963236
118 73 0.07217363543187941
118 67 0.2745758639009612
118 66 0.14685626878572028
118 72 0.03732536758587471
118 57 0.4288697211778032
118 94 0.21320137445260204
118 80 0.2878705083902962
118 81 0.4420475224446444
118 95 0.11819693846570155
118 56 0.3562906456575934
118 68 0.3746546976701321
118 54 0.10876127816786912
118 83 0.16781150460928804
118 82 0.12123525858883062
118 55 0.18946057777296021
118 69 0.23171250473088245
118 51 0.18498558504293638
118 79 0.24637160328634158
118 86 0.1352046323492212
118 92 0.20978709578422333
118 93 0.20675200764345042
118 87 0.3011282764316281
118 78 0.18765566053933427
118 50 0.2905727927639965
118 52 0.08244683135064398
118 46 0.255591295598337
118 91 0.21897664285192947
118 85 0.21981724714138381
118 84 0.17784740996463144
118 90 0.21852057365339528
118 47 0.3869737168351906
118 53 0.3170506600729287
130 76 0.051354507397127325
130 62 0.12576743943606222
130 89 0.10390059389352528
130 88 0.31048523295362784
130 63 0.10320603394475626
130 77 0.10808726999813253
130 49 0.10312783634856997
130 61 0.066396037846667
130 75 0.06560843109989442
130 74 0.033402824021217914
130 60 0.047817602829160755
130 48 0.08216541592683263
130 64 0.09779278732047549
130 70 0.2218459322084312
130 58 0.14306677139814028
130 59 0.06067507967883207
130 71 0.12196072608037785
130 65 0.04495489085240573
130 73 0.06337395034719168
130 67 0.24426226066382625
130 66 0.21958680045947918
130 72 0.07440211553248846
130 57 0.1794777251284742
130 94 0.34173599004360944
130 80 0.12571104544706563
130 81 0.1995733117386993
130 95 0.10923666399434714
130 56 0.22672640869431115
130 68 0.35886981569567444
130 54 0.12906618955435925
130 83 0.19526772646826063
130 82 0.090448877987257
130 55 0.12792189686914035
130 69 0.22734179653563
130 51 0.044699727956668656
130 79 0.139616619989444
130 86 0.0430537916132632
130 92 0.33556888437470433
130 93 0.3095423455705345
130 87 0.2237054881229743
130 78 0.21340248857063754
130 50 0.08591259664902107
130 52 0.07411175498898448
130 46 0.28423411138943533
130 91 0.2700460817639099
130 85 0.2960118127961326
130 84 0.10204436407858239
130 90 0.2923655660160455
130 47 0.12421383678151132
130 53 0.09807812620020419
124 76 0.10232421736323233
124 62 0.16817733785955238
124 89 0.08423077100360599
124 88 0.38914422220945266
124 63 0.04885235747659733
124 77 0.048080835194368204
124 49 0.17839948389181445
124 61 0.07985085366575015
124 75 0.06957471155105996
124 74 0.0886557666607207
124 60 0.08065018405685112
124 48 0.11522050763587116
124 64 0.11087035440369487
124 70 0.21605140514498566
124 58 0.21028493786233968
124 59 0.06163193080226187
124 71 0.33087019385794186
124 65 0.05691087500733766
124 73 0.07884144915827787
124 67 0.35152042595763966
124 66 0.21325392669745571
124 72 0.11968476941117102
124 57 0.37742417233328984
124 94 0.3424431535549287
124 80 0.3563343037641291
124 81 0.1767480830437222
124 95 0.23428291612451943
124 56 0.1920492421740723
124 68 0.45462720135784296
124 54 0.11769718177244176
124 83 0.2869721698089292
124 82 0.0804256271181675
124 55 0.11770986062868155
124 69 0.2985603463007153
124 51 0.10522933318668107
124 79 0.10285085105353563
124 86 0.12504570785673158
124 92 0.3829296252861387
124 93 0.3389227352772318
124 87 0.27487929135700306
124 78 0.3111460699621931
124 50 0.17072472425509247
124 52 0.12323907955626162
124 46 0.1579033357192356
124 91 0.7709813536107185
124 85 0.29306254639212603
124 84 0.05330224918606161
124 90 0.314624809141509
124 47 0.19700374759865422
124 53 0.1199420641000144
125 76 0.09889161349828612
125 62 0.18027596625402634
125 89 0.16469836385154493
125 88 0.326772251954476
125 63 0.14236318487233846
125 77 0.10070904799049313
125 49 0.2012948019245437
125 61 0.077641546505379
125 75 0.08910033501112245
125 74 0.10429934076758222
125 60 0.09067777640652229
125 48 0.13277889989110564
125 64 0.10258403167776559
125 70 0.2419248729165948
125 58 0.18348342037961607
125 59 0.07367718732167972
125 71 0.350364212495858
125 65 0.08005327449456098
125 73 0.09860314871591466
125 67 0.4524786268156047
125 66 0.2536648802876523
125 72 0.05067781658811221
125 57 0.44523847889275164
125 94 0.35534718041020164
125 80 0.3819565078562211
125 81 0.21832753691449255
125 95 0.09753289276198152
125 56 0.3777026094420124
125 68 0.6274494013997178
125 54 0.11191956126036212
125 83 0.325608654410758
125 82 0.1010033780624273
125 55 0.17488457497207607
125 69 0.31154561966171085
125 51 0.138315212355544
125 79 0.12699535651788457
125 86 0.189633928764329
125 92 0.350339594300796
125 93 0.3205443404834307
125 87 0.3132192835897565
125 78 0.34040737835409784
125 50 0.21301899470048047
125 52 0.0048002228875519415
125 46 0.1570626621071805
125 91 0.42191955083194704
125 85 0.3785943382066519
125 84 0.10982280864610376
125 90 0.3757849103334575
125 47 0.11818787493139929
125 53 0.08882915044934027
131 76 0.1245427552624538
131 62 0.2310500427695772
131 89 0.21825862960003273
131 88 0.5690136107783025
131 63 0.1651800064937819
131 77 0.07609011526450671
131 49 0.09554775105027861
131 61 0.07643293857648048
131 75 0.07848097371174917
131 74 0.1944440123322004
131 60 0.12932847065578917
131 48 0.15182776710949597
131 64 0.14796059604471487
131 70 0.3901049357050511
131 58 0.7475975606407966
131 59 0.1965484700042358
131 71 0.14101483472549625
131 65 0.1044644760716957
131 73 0.0690104299763015
131 67 0.4204880340969648
131 66 0.3157108618091936
131 72 0.08276170347918321
131 57 0.6061406314812918
131 94 0.5378070889867593
131 80 0.15003185941269231
131 81 0.3648816686401974
131 95 0.109174465186691
131 56 0.2633290483212504
131 68 0.6174701281378948
131 54 0.1954298887611114
131 83 0.11169948108324484
131 82 0.08511334103486905
131 55 0.2163426823815793
131 69 0.40914106037902265
131 51 0.10561774956518119
131 79 0.14899084911490873
131 86 0.16506872681402762
131 92 0.5466145017002978
131 93 0.5025755987900038
131 87 0.5393278755959544
131 78 0.3555950511657785
131 50 0.06904777744353516
131 52 0.07306285667707482
131 46 0.2525043736724636
131 91 0.549002139636147
131 85 0.4847520928685144
131 84 0.0934812902873368
131 90 0.4882455067693974
131 47 0.21822885486198887
131 53 0.08602387817387858
119 76 0.06510422439498545
119 62 0.1847974587324844
119 89 0.11464047345611555
119 88 0.29110060436345664
119 63 0.09379462266901537
119 77 0.3152238848377331
119 49 0.09584060512988753
119 61 0.19658261604324376
119 75 0.08896981487119253
119 74 0.15201147210365729
119 60 0.09099576088784347
119 48 0.12856460391858027
119 64 0.1018788240870318
119 70 0.2947169166210154
119 58 0.5641823822641492
119 59 0.04239586427006034
119 71 0.15803595153721817
119 65 0.06837122775820251
119 73 0.04240111119234394
119 67 0.20402193085014925
119 66 0.1635653705142673
119 72 0.057411798338329184
119 57 0.2562162983902564
119 94 0.22955064730251057
119 80 0.16168532001406055
119 81 0.0625268982309739
119 95 0.04008079473381698
119 56 0.1975078092244642
119 68 0.3340777199445735
119 54 0.096965409433515
119 83 0.09326035086238754
119 82 0.07294247217647748
119 55 0.2179990999956575
119 69 0.19807819486331613
119 51 0.09488743281795467
119 79 0.37092156510050456
119 86 0.1754611828178956
119 92 0.23688213445794726
119 93 0.23046451096212495
119 87 0.22608060774753128
119 78 0.1716117308650773
119 50 0.039068307654038986
119 52 0.09508648712777062
119 46 0.15824493219118008
119 91 0.2509788199924937
119 85 0.23868656235310715
119 84 0.11148508619078001
119 90 0.2244456158139587
119 47 0.1511584474960549
119 53 0.08983001237187578
