114 76 0.04544824176962825
114 62 0.11691294019971298
114 89 0.06573258292420223
114 88 0.20237844777819286
114 63 0.06008956646203434
114 77 0.050218464480308575
114 49 0.024780130440097276
114 61 0.008265832166277617
114 75 0.023738943544103427
114 74 0.09406392594324967
114 60 0.015587045754824183
114 48 0.03249247129619787
114 64 0.07425780483983715
114 70 0.20516059537473808
114 58 0.4288889986385999
114 59 0.015762749269617668
114 71 0.038248026181262884
114 65 0.0017813919835835273
114 73 0.01623622817033392
114 67 0.16687106167707946
114 66 0.13968329710016117
114 72 0.015137623580308401
114 57 0.19131815856434758
114 94 0.2712408660086155
114 80 0.04214890552068465
114 81 0.16386243580493398
114 95 0.03476281086522193
114 56 0.09699816936164561
114 68 0.29641419473564934
114 54 0.09150404236851553
114 83 0.047332973264500866
114 82 0.02613438384258164
114 55 0.12465081804173558
114 69 0.23167346829163118
114 51 0.01572312497415225
114 79 0.05467589984476687
114 86 0.014038639446998666
114 92 0.285245924475826
114 93 0.23403357821027568
114 87 0.16881038289235534
114 78 0.18321064770103263
114 50 0.02717286546995644
114 52 0.027331492009522812
114 46 0.1151080406405319
114 91 0.22680869882777893
114 85 0.2364060213708662
114 84 0.056940002976416076
114 90 0.2384792030607261
114 47 0.07653504209103798
114 53 0.01332025498680231
100 76 0.009020590661255004
100 62 0.04769627943461552
100 89 0.01726796403314701
100 88 0.047458076183340955
100 63 0.12822674741597428
100 77 0.03515704894651073
100 49 0.1172220634420674
100 61 0.007865092838692397
100 75 0.01661920986145954
100 74 0.016188674128905622
100 60 0.02026967214942281
100 48 0.04648972936480866
100 64 0.09907856853553254
100 70 0.04603611694748247
100 58 0.13711781862130704
100 59 0.010601849702053232
100 71 0.2957634932674922
100 65 0.011305438528268333
100 73 0.011366692996257852
100 67 0.1360991578730525
100 66 0.03367935307263609
100 72 0.00795881573020403
100 57 0.19439582927115073
100 94 0.1490736394402459
100 80 0.325765231580427
100 81 0.04123956703097824
100 95 0.0270588779604662
100 56 0.07221361304411152
100 68 0.19249437788786317
100 54 0.05892634677839733
100 83 0.050027765610907896
100 82 0.011348517447419368
100 55 0.11643473969134938
100 69 0.07518585947014864
100 51 0.07288417942499534
100 79 0.029285531849708404
100 86 0.10885107823890688
100 92 0.06652932094153766
100 93 0.06230495707858548
100 87 0.04004656317104313
100 78 0.06710663544643028
100 50 0.13490308068399157
100 52 0.05528505779036244
100 46 0.1039722539509347
100 91 0.11848036375972393
100 85 0.11151579275667257
100 84 0.06359614066282637
100 90 0.10839502912332716
100 47 0.03888413898365367
100 53 0.033033054866637504
128 76 0.0260099124845779
128 62 0.030021047807314932
128 89 0.08608740806905774
128 88 0.25735504407445337
128 63 0.051227749186285185
128 77 0.060382471555051415
128 49 0.02399607638719599
128 61 0.0105306326131816
128 75 0.015051981900685865
128 74 0.025955075152291437
128 60 0.01343675199199719
128 48 0.038765060433138626
128 64 0.057502842790803574
128 70 0.16150988753101375
128 58 0.09736587330375765
128 59 0.019380725196451676
128 71 0.033433078622786855
128 65 0.004836008251542803
128 73 0.01029478890251527
128 67 0.2058560363410971
128 66 0.17557292865764987
128 72 0.027257958208829036
128 57 0.1283128497240155
128 94 0.3571731483478021
128 80 0.03684288609977457
128 81 0.1774465406050229
128 95 0.05475061017204928
128 56 0.13582760268853344
128 68 0.39521784995781545
128 54 0.1002800348961343
128 83 0.030012079331132813
128 82 0.025775837985824918
128 55 0.06373896742513518
128 69 0.19363446820054053
128 51 0.010125628337583709
128 79 0.07283862022869589
128 86 0.012271350530982217
128 92 0.374897909835657
128 93 0.30580847534115563
128 87 0.22567860118467342
128 78 0.19832453526038668
128 50 0.01839531504449933
128 52 0.0368946101368435
128 46 0.13064072829388235
128 91 0.29735057082481914
128 85 0.3108691886865971
128 84 0.01596198359368249
128 90 0.3134479757366543
128 47 0.08710295543688068
128 53 0.02204468494100062
129 76 0.018192492051493883
129 62 0.13150920932009028
129 89 0.10703614671893949
129 88 0.3432788328469716
129 63 0.12731316843917853
129 77 0.0643578545082231
129 49 0.07566679052480912
129 61 0.01214045522851638
129 75 0.030422823369866264
129 74 0.03458738693261046
129 60 0.013206694213389575
129 48 0.12223780505387122
129 64 0.12279112769415555
129 70 0.3208112729170234
129 58 0.5236126832004825
129 59 0.014357901925568142
129 71 0.08585877572225115
129 65 0.003974150688547215
129 73 0.020807661507818445
129 67 0.3035715671385835
129 66 0.23108551535250105
129 72 0.012303954512377036
129 57 0.3894310089548982
129 94 0.44324885440546014
129 80 0.094615429535855
129 81 0.23945010885881418
129 95 0.061854789672262836
129 56 0.19605208805898694
129 68 0.5210649613294661
129 54 0.18344894407229845
129 83 0.06065993132850252
129 82 0.16268257384426155
129 55 0.14772666461079262
129 69 0.36563506562693826
129 51 0.021189564492042845
129 79 0.11279614928498659
129 86 0.031513793418073935
129 92 0.46555399974949896
129 93 0.3805261563293563
129 87 0.2913222714507802
129 78 0.2954187593283238
129 50 0.038495261873287376
129 52 0.035026881137141516
129 46 0.20122070138309112
129 91 0.37328790840346165
129 85 0.3859725019947795
129 84 0.06450497136997624
129 90 0.38923786553095857
129 47 0.25000434786414305
129 53 0.028849513188601156
101 76 0.007793282731088605
101 62 0.019397438343370002
101 89 0.00917491893875337
101 88 0.04440173078639295
101 63 0.01591601366524048
101 77 0.023854461661762513
101 49 0.060505905470848775
101 61 0.004099155662342577
101 75 0.007771019231540624
101 74 0.008790021377951374
101 60 0.009214671972164148
101 48 0.020635849994701208
101 64 0.02329205046686625
101 70 0.040995347223703835
101 58 0.08217493946150731
101 59 0.0214024966434061
101 71 0.11875343843372467
101 65 0.005286339179572649
101 73 0.005314981314351153
101 67 0.06235008436226854
101 66 0.026477226375254917
101 72 0.003721483188146704
101 57 0.08471637209649577
101 94 0.10242458791399199
101 80 0.1308018976208863
101 81 0.03748270644190095
101 95 0.011615270877742237
101 56 0.04504362686584645
101 68 0.10706219892514345
101 54 0.02870158601330404
101 83 0.023197760772126222
101 82 0.006633103203200749
101 55 0.04933784119104859
101 69 0.06095057674559993
101 51 0.030557418783979662
101 79 0.013919053872649481
101 86 0.04370115550168653
101 92 0.07724063300955232
101 93 0.06700750109723727
101 87 0.02479961059112272
101 78 0.05328497494794278
101 50 0.07688939293465369
101 52 0.04308480476179223
101 46 0.033778539342636985
101 91 0.08515144525275156
101 85 0.07885054341927203
101 84 0.047052901109204626
101 90 0.07763998060142395
101 47 0.019336080311193396
101 53 0.025743352299846006
115 76 0.03731617830359961
115 62 0.11851963348978722
115 89 0.023914136576402623
115 88 0.10149151517067347
115 63 0.04496890464933451
115 77 0.1997028115404359
115 49 0.131997302761014
115 61 0.005822195695591378
115 75 0.02184181802319979
115 74 0.11882436961065301
115 60 0.006275069613690523
115 48 0.0829728394555104
115 64 0.10309043950400376
115 70 0.135027274455266
115 58 0.06578403300180469
115 59 0.009659753021875064
115 71 0.060653193162921185
115 65 0.004010611820803547
115 73 0.014938690949777789
115 67 0.1269377012867665
115 66 0.2117902552197976
115 72 0.06120235576572768
115 57 0.05538559364549349
115 94 0.22941076257853038
115 80 0.06683915389610809
115 81 0.07601184630558125
115 95 0.04129192308682421
115 56 0.2563138259929259
115 68 0.17452611961274647
115 54 0.04955631651542275
115 83 0.2269127290740296
115 82 0.021337241608565163
115 55 0.1666226968205985
115 69 0.05677686515933027
115 51 0.011805649685029451
115 79 0.11652638536825871
115 86 0.022262281093620093
115 92 0.24169698659197453
115 93 0.21363512811532215
115 87 0.0839201167114053
115 78 0.07812961740829316
115 50 0.02745576763562811
115 52 0.7519795840626897
115 46 0.5439296258027329
115 91 0.21716600226858912
115 85 0.20584401491920826
115 84 0.07573090664497915
115 90 0.20775373026754418
115 47 0.26995350434963616
115 53 0.311165310245653
103 76 0.03088090830826022
103 62 0.13921135828657966
103 89 0.02870685242750054
103 88 0.11279354807063474
103 63 0.09899349215811065
103 77 0.041109597981565923
103 49 0.027172156512466503
103 61 0.02060785755305948
103 75 0.01738276064482623
103 74 0.01693244443542659
103 60 0.015227540571780135
103 48 0.05736811114545255
103 64 0.14487053503061956
103 70 0.19430211048068263
103 58 0.9100501337445444
103 59 0.023441059639092723
103 71 0.04217032201184932
103 65 0.009732442503220126
103 73 0.011888922838346097
103 67 0.10667505665822627
103 66 0.20684476502974325
103 72 0.008324474509178906
103 57 0.28506835714572054
103 94 0.1172488238206236
103 80 0.046471232524020356
103 81 0.16302088099261697
103 95 0.018704904877227146
103 56 0.08022240873323416
103 68 0.3006857173819245
103 54 0.17851644825729804
103 83 0.03465940863527389
103 82 0.027578497700112822
103 55 0.12881733317019517
103 69 0.23814858208067163
103 51 0.019849725487576825
103 79 0.030631022457959928
103 86 0.01547828751430319
103 92 0.12374949167959058
103 93 0.10264117534184322
103 87 0.08262078827481534
103 78 0.16408362732401655
103 50 0.03276419846013251
103 52 0.07425021901503129
103 46 0.15065953869840565
103 91 0.10163099218773733
103 85 0.10246052353837279
103 84 0.05321439468143414
103 90 0.10345086623964345
103 47 0.11779889242089867
103 53 0.04436481857148293
117 76 0.10392716703274123
117 62 0.21195822893691646
117 89 0.046022465107941585
117 88 0.1257557648778453
117 63 0.03766920159535485
117 77 0.32388459071970044
117 49 0.1532901140275978
117 61 0.04793313969469307
117 75 0.4338854616110673
117 74 0.23745088397529246
117 60 0.002601461439145275
117 48 0.27465456079922934
117 64 0.10909288259865013
117 70 0.21862027728410902
117 58 0.5184758940314418
117 59 0.020194281727895752
117 71 0.05762160942431941
117 65 0.0
117 73 0.2501189019708061
117 67 0.13058101528342714
117 66 0.0737818238006667
117 72 0.06095496209038757
117 57 0.1949867401794274
117 94 0.20280469017735953
117 80 0.06131367387967538
117 81 0.15939240805367594
117 95 0.06755935362872169
117 56 0.2673540402333405
117 68 0.27308141109976114
117 54 0.06792943587393126
117 83 0.49058084970598864
117 82 0.040665046012029665
117 55 0.14411219037629858
117 69 0.20548006829212767
117 51 0.06502025682141799
117 79 0.3208986977749828
117 86 0.01785252149352748
117 92 0.21350473964612726
117 93 0.1859081878040312
117 87 0.18387631411129074
117 78 0.2098067627458849
117 50 0.028143171483863846
117 52 0.1905529225377306
117 46 0.28378965827852887
117 91 0.21147147422153445
117 85 0.20583014752261425
117 84 0.12271284211912441
117 90 0.20766905618607112
117 47 0.08519564703038573
117 53 0.12446216435473607
116 76 0.08151719689741396
116 62 0.12422673345013155
116 89 0.0661571441036741
116 88 0.1870757239903143
116 63 0.051575704592011745
116 77 0.11331893977913518
116 49 0.05591684529027324
116 61 0.06406468493322487
116 75 0.05356738685129184
116 74 0.055028290074943004
116 60 0.009758968977074692
116 48 0.04487378020814574
116 64 0.07468223829145347
116 70 0.2573731715708174
116 58 0.5163199763947307
116 59 0.042156648464898
116 71 0.044242481048779536
116 65 0.002060582177512524
116 73 0.036637363991800495
116 67 0.16607114444235266
116 66 0.19205227485522733
116 72 0.01315012590081624
116 57 0.25440315833456095
116 94 0.24307838767356169
116 80 0.04875472906466512
116 81 0.15405471222769493
116 95 0.043547057493668245
116 56 0.21934469048053507
116 68 0.3465719355080292
116 54 0.09202704970253357
116 83 0.21788870636973667
116 82 0.15156084501931852
116 55 0.13387385494561993
116 69 0.2679386325451191
116 51 0.018187345286782453
116 79 0.11062131004972954
116 86 0.016238857313603194
116 92 0.25524981165804195
116 93 0.21156970415427265
116 87 0.15471600500211413
116 78 0.20839033006511276
116 50 0.031431556229809324
116 52 0.09592547785332639
116 46 0.2014940845271149
116 91 0.2158827365007488
116 85 0.22026597571923168
116 84 0.09139007407568381
116 90 0.22212735883187845
116 47 0.07242284832084597
116 53 0.05731587701423611
102 76 0.005049363934824316
102 62 0.0760142786362551
102 89 0.01492922818304862
102 88 0.05865918672118195
102 63 0.05148235728029435
102 77 0.01912372857083744
102 49 0.03852474498792152
102 61 0.004416194985002758
102 75 0.00904004368898774
102 74 0.008805853142962825
102 60 0.0007336413785949403
102 48 0.029834744992818643
102 64 0.0753410803199217
102 70 0.10541241105877944
102 58 0.49718995395553167
102 59 0.0027989104692561356
102 71 0.09376918473962848
102 65 0.0
102 73 0.006182929401702467
102 67 0.05660810044761086
102 66 0.04481390082515366
102 72 0.0043292095420551235
102 57 0.15563442562352897
102 94 0.06097618850526708
102 80 0.10333261354747716
102 81 0.08766787360809972
102 95 0.00972763537066948
102 56 0.05475030254293552
102 68 0.15195038375625763
102 54 0.09283890657087415
102 83 0.018024902643448137
102 82 0.009259564177700977
102 55 0.06699248430968044
102 69 0.12890753410258138
102 51 0.018251407527932084
102 79 0.015929908195608744
102 86 0.03441724729950975
102 92 0.06435691281329872
102 93 0.0533793640917149
102 87 0.04296760168789644
102 78 0.08662674024130124
102 50 0.03950757334395713
102 52 0.010408124581966813
102 46 0.07835169797391746
102 91 0.052854010263655674
102 85 0.0532854146765883
102 84 0.027674571527071146
102 90 0.05380045031847995
102 47 0.06126225607991936
102 53 0.008422032455876277
106 76 0.0273378716163106
106 62 0.07257779476693291
106 89 0.020346817329969374
106 88 0.06268646677981987
106 63 0.03850288527743598
106 77 0.0414255005049996
106 49 0.02044127228268247
106 61 0.004634525994632363
106 75 0.01958239121707951
106 74 0.019075091579005013
106 60 0.0010367075590144575
106 48 0.022312959709398283
106 64 0.05634646751784188
106 70 0.10471109415809884
106 58 0.47545488748165776
106 59 0.017337627090433266
106 71 0.034755973818062766
106 65 0.0
106 73 0.013393358105029118
106 67 0.06154523196132105
106 66 0.04200887716974423
106 72 0.04442770635134739
106 57 0.14853570744175637
106 94 0.0696320496191187
106 80 0.03830070210144758
106 81 0.08547838728910684
106 95 0.010038229266444335
106 56 0.060041870031930934
106 68 0.1557224908565122
106 54 0.06943283015420867
106 83 0.039045242186578025
106 82 0.03607247670511425
106 55 0.10136676457050023
106 69 0.13273643974545113
106 51 0.014287600550939597
106 79 0.03450710030512051
106 86 0.012756908885931909
106 92 0.07349268388531408
106 93 0.06136573123911689
106 87 0.04893906604891933
106 78 0.08550866664713677
106 50 0.024691977472505608
106 52 0.02254590513190305
106 46 0.058598063448364476
106 91 0.059221859012963673
106 85 0.0605229802542719
106 84 0.051741369430933326
106 90 0.0611079713287272
106 47 0.04581712536665247
106 53 0.01098795503591854
112 76 0.021508064766921534
112 62 0.10355660150878972
112 89 0.041172524368390584
112 88 0.11726606395924824
112 63 0.0779119877389181
112 77 0.08382600587378641
112 49 0.04136365739815276
112 61 0.0078018850123649786
112 75 0.03962568034603656
112 74 0.03859914109068416
112 60 0.001939343867463958
112 48 0.045151084932234964
112 64 0.11401912492397477
112 70 0.1633073242012298
112 58 0.6768977154822593
112 59 0.022669582134897684
112 71 0.08161184918981054
112 65 0.0
112 73 0.02710194690457382
112 67 0.10634516325445431
112 66 0.07858499497740531
112 72 0.018976442964923
112 57 0.21206274551297183
112 94 0.13025899853200473
112 80 0.08993536305815483
112 81 0.13868609210107036
112 95 0.020312721758179414
112 56 0.11361220392638602
112 68 0.25044722352011206
112 54 0.14049985534001858
112 83 0.07900946665642546
112 82 0.027425696992030263
112 55 0.2075876780899129
112 69 0.21080258014697276
112 51 0.02757094350973581
112 79 0.06982637162139452
112 86 0.029954992185710377
112 92 0.13748099409243522
112 93 0.11479539578563239
112 87 0.09154913243963403
112 78 0.15143420561592524
112 50 0.04764838669802751
112 52 0.04562245846103036
112 46 0.11857531112321217
112 91 0.11078490563509369
112 85 0.1132188818111302
112 84 0.09984590264898037
112 90 0.11431321052794263
112 47 0.09271261839410952
112 53 0.02223452637031252
113 76 0.03774067176013747
113 62 0.11192557823566247
113 89 0.10314217909149363
113 88 0.31346605564092855
113 63 0.07910393149228098
113 77 0.13615092669833698
113 49 0.05358270136472616
113 61 0.015505520098668138
113 75 0.05133131666569209
113 74 0.05958943617773663
113 60 0.02074851864345191
113 48 0.05393333501487049
113 64 0.09746080393805509
113 70 0.26089716834631804
113 58 0.4343993625799684
113 59 0.02098240437842415
113 71 0.04959817542021985
113 65 0.005159552716659646
113 73 0.03510800588574879
113 67 0.255973857343164
113 66 0.21526397117310797
113 72 0.03421538700428782
113 57 0.26418691521820314
113 94 0.4266400987759351
113 80 0.05465664554500062
113 81 0.23821774106366067
113 95 0.06385830875876253
113 56 0.2514267198104647
113 68 0.48024869817785387
113 54 0.1200958949978696
113 83 0.18771802780126276
113 82 0.035861595205720784
113 55 0.1548297047294716
113 69 0.31660124415669966
113 51 0.017446834204597847
113 79 0.12528821010774227
113 86 0.01820462312626628
113 92 0.4482875900859043
113 93 0.36685615673614513
113 87 0.2633069416136574
113 78 0.2584363253460006
113 50 0.030151797400168726
113 52 0.10686086744723707
113 46 0.2340169760682531
113 91 0.35605338304458567
113 85 0.37161746154075354
113 84 0.08279978237048388
113 90 0.37479802119404765
113 47 0.11609363078865999
113 53 0.0638498183517575
107 76 0.011241196337002046
107 62 0.020593715469102464
107 89 0.009452917653194212
107 88 0.056708968805875205
107 63 0.011046637415334806
107 77 0.02589828550951072
107 49 0.062290028460864594
107 61 0.008704544504333223
107 75 0.02440552215374968
107 74 0.009323499976713293
107 60 0.008085130987533398
107 48 0.022666160622072454
107 64 0.006867162218002515
107 70 0.025971006012338968
107 58 0.02605879090956409
107 59 0.01244613578767112
107 71 0.11987671780258434
107 65 0.027679028247153528
107 73 0.024789359387931864
107 67 0.1431895531309491
107 66 0.13855719580798145
107 72 0.003881057847775149
107 57 0.11977321946509521
107 94 0.03868388559170054
107 80 0.132102828753713
107 81 0.028543833693705306
107 95 0.03461932570564498
107 56 0.7993356397211153
107 68 0.6117847340152521
107 54 0.008462047914059356
107 83 0.03243295506835092
107 82 0.013327760386693338
107 55 0.025732622867613283
107 69 0.03237423987931709
107 51 0.03088899592871029
107 79 0.012736222001058714
107 86 0.04399981351572366
107 92 0.0419768883775002
107 93 0.15254080260608902
107 87 0.044483477501438926
107 78 0.038261823623572125
107 50 0.06366958419208149
107 52 0.039423486922247675
107 46 0.03090806170271905
107 91 0.04304311074215038
107 85 0.033760774534043206
107 84 0.009714148765080977
107 90 0.0340654734678659
107 47 0.019036484752015692
107 53 0.036016330884083694
139 76 0.05750302466461683
139 62 0.03141009461083048
139 89 0.03605387633893008
139 88 0.1008519601302377
139 63 0.027455499482677434
139 77 0.05366838377576329
139 49 0.03547312051993484
139 61 0.04007765117699538
139 75 0.006951956374345536
139 74 0.027985787501422887
139 60 0.0069915983197925
139 48 0.022298224829756477
139 64 0.023067223299684997
139 70 0.1273172218403789
139 58 0.06190680190454796
139 59 0.057454682010013795
139 71 0.024573928295863384
139 65 0.0044685698476544106
139 73 0.004754784041437213
139 67 0.09536164077500803
139 66 0.1764676557989195
139 72 0.007069710521847794
139 57 0.0955149519797773
139 94 0.18373152797147688
139 80 0.027080199566529004
139 81 0.065129722046784
139 95 0.02099275539065651
139 56 0.07789500170746325
139 68 0.17926999206112285
139 54 0.047612229288711075
139 83 0.046829393685480655
139 82 0.05542200095077582
139 55 0.039403846518116806
139 69 0.09619067787727198
139 51 0.00911383599426921
139 79 0.048820395220572396
139 86 0.009019668557720906
139 92 0.1928019509280839
139 93 0.16077777113477154
139 87 0.09732935125876382
139 78 0.0905598017638692
139 50 0.015043408607147868
139 52 0.09693330621525545
139 46 0.09799146140488488
139 91 0.15408479923610618
139 85 0.15690025366285354
139 84 0.014949975993108239
139 90 0.1581947687591646
139 47 0.0478605036087173
139 53 0.05791805870502852
111 76 0.0397515640626839
111 62 0.122884770337586
111 89 0.07228186607795392
111 88 0.24126564186442037
111 63 0.09315762612825954
111 77 0.08538733404069179
111 49 0.04213408947002313
111 61 0.026527541273647856
111 75 0.04036374116871502
111 74 0.041443719613009855
111 60 0.009098330956951353
111 48 0.050819883539386546
111 64 0.11512282793295782
111 70 0.31234998704903183
111 58 0.5896555996782833
111 59 0.05832719713925843
111 71 0.07070081667473874
111 65 0.0019210900925134555
111 73 0.0276067429119584
111 67 0.22838358831697525
111 66 0.18280994387575727
111 72 0.022186192377683628
111 57 0.2777003381712934
111 94 0.2936592891233779
111 80 0.07791152484931749
111 81 0.23068631743659157
111 95 0.03748055920556789
111 56 0.17020367292353653
111 68 0.5147123580306646
111 54 0.1418598913269976
111 83 0.0804810828268128
111 82 0.040516470702744736
111 55 0.20195575117992978
111 69 0.4344424933652253
111 51 0.02906392531429812
111 79 0.10330314139059346
111 86 0.025950182872214178
111 92 0.30896646294175634
111 93 0.2549844849600734
111 87 0.20611433030741094
111 78 0.3894367046621166
111 50 0.050228573129869544
111 52 0.046472214198479286
111 46 0.15745033471483943
111 91 0.24722994037814736
111 85 0.25513012534314483
111 84 0.10525261337189734
111 90 0.25739641337506824
111 47 0.11503842668474676
111 53 0.023650074824207987
105 76 0.019822204485343525
105 62 0.042714026005530994
105 89 0.012876645296883718
105 88 0.04278202195995673
105 63 0.031500490701243555
105 77 0.02439333954373797
105 49 0.11049171616055456
105 61 0.00832006529428267
105 75 0.010932659033836917
105 74 0.017232130381843347
105 60 0.021442212982820757
105 48 0.0426934531636661
105 64 0.026465694186830924
105 70 0.0356334781114714
105 58 0.17748500595748998
105 59 0.03119367918946478
105 71 0.27515409242710676
105 65 0.012399053636620416
105 73 0.011104602153077237
105 67 0.12912160257798963
105 66 0.08450805817411026
105 72 0.006029533621941974
105 57 0.23187658429326125
105 94 0.20541253953102118
105 80 0.3030968817942232
105 81 0.02686003002180004
105 95 0.02501779190735008
105 56 0.40219999441131876
105 68 0.3639041580415078
105 54 0.029109557685513224
105 83 0.10724423814743579
105 82 0.014915752968574544
105 55 0.030025595705587868
105 69 0.07513262921044189
105 51 0.06411329385505685
105 79 0.014233488563163532
105 86 0.1012091385327812
105 92 0.06686441098916339
105 93 0.06833193623697863
105 87 0.03610076688287178
105 78 0.08881658668418922
105 50 0.11657329266979154
105 52 0.04405810060323964
105 46 0.0377689770306365
105 91 0.12994138895805651
105 85 0.1632232846215365
105 84 0.03343465182219535
105 90 0.11466536230126559
105 47 0.043480734200412874
105 53 0.0263249006642145
104 76 0.01507165998528709
104 62 0.14073816208625978
104 89 0.02885142362834474
104 88 0.09895370924988484
104 63 0.08684692881998911
104 77 0.058740619955610106
104 49 0.028985359064552088
104 61 0.009825354887749424
104 75 0.027767481051091183
104 74 0.027048139223461207
104 60 0.0016294848176242605
104 48 0.050329008064780564
104 64 0.12709482986844134
104 70 0.22452765877492603
104 58 0.9207972525404737
104 59 0.007687857288754152
104 71 0.05171822968694245
104 65 0.0
104 73 0.01899154261955037
104 67 0.10760768703884424
104 66 0.07559773601504982
104 72 0.013297639708495651
104 57 0.3012626054064922
104 94 0.11554306181438838
104 80 0.05699292210377873
104 81 0.15944737612771048
104 95 0.01640980136212035
104 56 0.0908673149735029
104 68 0.2896020681640454
104 54 0.15661236852051597
104 83 0.05536545616581576
104 82 0.02246215797340835
104 55 0.1548624071097854
104 69 0.24579303162537397
104 51 0.021260500736847626
104 79 0.04893045201828204
104 86 0.018982772495793
104 92 0.12194915650931286
104 93 0.10114792865954561
104 87 0.07646515609120591
104 78 0.1645388556850611
104 50 0.03674261492521265
104 52 0.03196969086103185
104 46 0.1321735191692681
104 91 0.10015244187498495
104 85 0.10096990501875244
104 84 0.07699315353826289
104 90 0.10194583999380517
104 47 0.1033448947210733
104 53 0.018737727395674836
110 76 0.02474916891888676
110 62 0.09958458667707815
110 89 0.12689531314370503
110 88 0.20946195995547245
110 63 0.03353621519537879
110 77 0.18595993946272424
110 49 0.052552716820305795
110 61 0.00764833283167185
110 75 0.03130500911475008
110 74 0.05175384682999107
110 60 0.04628114798556689
110 48 0.05096637260889626
110 64 0.041443562829141925
110 70 0.16131098077619152
110 58 0.3207786293042636
110 59 0.00939775818401635
110 71 0.11535848813927564
110 65 0.0022336069610659065
110 73 0.021411031620559087
110 67 0.12985513876170496
110 66 0.09137764247238185
110 72 0.0825105475168284
110 57 0.17419309164385344
110 94 0.20431732777626843
110 80 0.11869877907375097
110 81 0.1683139758506702
110 95 0.05090757440336942
110 56 0.13064467964440524
110 68 0.29340854480619183
110 54 0.07338020952479847
110 83 0.06241891753609561
110 82 0.08980568835005841
110 55 0.11724456872126862
110 69 0.3202536091621512
110 51 0.009980428103837188
110 79 0.13330072431707093
110 86 0.0089111822177078
110 92 0.2145426944630284
110 93 0.25432040215196405
110 87 0.14814835359114645
110 78 0.22602727976805087
110 50 0.017248277975527762
110 52 0.05742868861067305
110 46 0.10520110344953548
110 91 0.1858725060720215
110 85 0.18781656903304444
110 84 0.03614329892261364
110 90 0.1893833362060877
110 47 0.08547620128182859
110 53 0.040448652445570346
138 76 0.04254436609985472
138 62 0.0631732817421195
138 89 0.052276282473311314
138 88 0.16006032328447006
138 63 0.047534408615020854
138 77 0.05279392030961705
138 49 0.02218422822639865
138 61 0.011650439586978006
138 75 0.009087708573946432
138 74 0.030324484131810034
138 60 0.01159013048881545
138 48 0.025799343244987963
138 64 0.049600189973007955
138 70 0.1553253362292878
138 58 0.07745688894775542
138 59 0.034218866057702024
138 71 0.05552853349449065
138 65 0.006609606540552537
138 73 0.006215529755061261
138 67 0.17975008686422883
138 66 0.216968407173115
138 72 0.07159533489361694
138 57 0.1149966122962894
138 94 0.21593846441642717
138 80 0.06119183512554742
138 81 0.1204238593176932
138 95 0.039688614854547166
138 56 0.122735892746346
138 68 0.35513369755025204
138 54 0.06111974215458763
138 83 0.035612066279860854
138 82 0.026649228271318853
138 55 0.0381176449034544
138 69 0.15017279149416832
138 51 0.013480570305701864
138 79 0.04254598619116451
138 86 0.020381314765247377
138 92 0.22700521293990356
138 93 0.1860434796365502
138 87 0.16318564325587462
138 78 0.1657473380564221
138 50 0.024010582820218646
138 52 0.05042564937597438
138 46 0.10944827855209618
138 91 0.18041364453933773
138 85 0.18815595337402125
138 84 0.009637126600244642
138 90 0.1897889725506824
138 47 0.08022419277515438
138 53 0.0753005158238691
140 76 0.062296910921292484
140 62 0.03402725820341057
140 89 0.0301072470728906
140 88 0.08446111321392089
140 63 0.02936924815645066
140 77 0.03450023717330103
140 49 0.04266358148122637
140 61 0.03336232406933197
140 75 0.016308726102852347
140 74 0.025156016121988423
140 60 0.005841883266421724
140 48 0.013661935622245061
140 64 0.01460547607671353
140 70 0.1257779624140336
140 58 0.10828827309418476
140 59 0.03192616258051817
140 71 0.02993171615823366
140 65 0.0037337475958749977
140 73 0.011154337920786017
140 67 0.09563756676035076
140 66 0.15814068891938013
140 72 0.007257046664852107
140 57 0.11960187503169335
140 94 0.12455983400713184
140 80 0.03298442305091742
140 81 0.0653156359887136
140 95 0.01781135953036063
140 56 0.0505362096002437
140 68 0.1891267076957304
140 54 0.017997570822602088
140 83 0.032517895969979754
140 82 0.05568780859521322
140 55 0.03611725692134328
140 69 0.1422172367191011
140 51 0.0076151351311345705
140 79 0.036127862109539
140 86 0.010986202769888168
140 92 0.13087129979797815
140 93 0.10707707158014479
140 87 0.08798874494052697
140 78 0.14532248952361768
140 50 0.03821619582294439
140 52 0.02848530331916578
140 46 0.036321779357912684
140 91 0.10505982932574029
140 85 0.11072698143904569
140 84 0.024309259225003002
140 90 0.10941723269054572
140 47 0.026596826177615274
140 53 0.01702008870105308
135 76 0.06180459154453365
135 62 0.16888145332874094
135 89 0.05467768023668278
135 88 0.18857658658973386
135 63 0.08874351176357413
135 77 0.2128216705405471
135 49 0.24455293745060194
135 61 0.007413900657451969
135 75 0.24392842703219514
135 74 0.13989331398144078
135 60 0.010550654055185599
135 48 0.24375716457011953
135 64 0.07455943038079299
135 70 0.15099827202167654
135 58 0.1536999384592178
135 59 0.01306351791272839
135 71 0.1745443367891344
135 65 0.006181657938360757
135 73 0.15779901675063288
135 67 0.23177273775893453
135 66 0.12003056301330167
135 72 0.027987434595274835
135 57 0.20840835828191218
135 94 0.26804457273739934
135 80 0.19108598482312827
135 81 0.17342392361264003
135 95 0.07624934049631202
135 56 0.24970597693679453
135 68 0.379044486017962
135 54 0.10303300945208953
135 83 0.37434201263055955
135 82 0.030797551076766266
135 55 0.07609882157156025
135 69 0.186996266975257
135 51 0.08894775895375993
135 79 0.17881394200348663
135 86 0.059464399338189394
135 92 0.2818667576086653
135 93 0.23577060641809597
135 87 0.19932235781698482
135 78 0.21208871872898885
135 50 0.08109333977403449
135 52 0.18059408573407615
135 46 0.2881259431528887
135 91 0.23741813123199063
135 85 0.2419300953621955
135 84 0.1112580948115451
135 90 0.24403423311731223
135 47 0.16985224289023992
135 53 0.25376863809312683
121 76 0.12050845488959011
121 62 0.1085217909787516
121 89 0.06291600290253727
121 88 0.3537481568478104
121 63 0.15070034830741816
121 77 0.13413845167023195
121 49 0.12942948255227144
121 61 0.025806360263166003
121 75 0.010002579590827856
121 74 0.06947783101503013
121 60 0.10183366520267065
121 48 0.10500554088792081
121 64 0.09978253168561788
121 70 0.15702281712552124
121 58 0.04848341070037039
121 59 0.006716869115988247
121 71 0.35404537452213625
121 65 0.07637692822290534
121 73 0.007777240419292883
121 67 0.28948498464964084
121 66 0.20971357172295121
121 72 0.05056683602235629
121 57 0.3043764630621499
121 94 0.40636165295431087
121 80 0.38705549823451674
121 81 0.09577623947124621
121 95 0.09360436699620966
121 56 0.1879115944268311
121 68 0.4189239228646969
121 54 0.12203985313387451
121 83 0.20848976738087788
121 82 0.051653061521814564
121 55 0.2410099543465321
121 69 0.37415087240444445
121 51 0.1075631045017166
121 79 0.0758939673561396
121 86 0.11835996053425378
121 92 0.6403333740844539
121 93 0.42713097588207366
121 87 0.20022263374489496
121 78 0.4680558184280226
121 50 0.14655373044280354
121 52 0.0280177388315212
121 46 0.11795830595462528
121 91 0.3467688876067463
121 85 0.41531843407524044
121 84 0.028799533686900677
121 90 0.4189602966895198
121 47 0.24580015138938108
121 53 0.14508763484807846
109 76 0.03725564767843151
109 62 0.0894935285623289
109 89 0.05601426008048546
109 88 0.1553541501841142
109 63 0.043867605229864604
109 77 0.1597326360041909
109 49 0.056592787706388425
109 61 0.007710433623090263
109 75 0.030072880855259984
109 74 0.06646410283978614
109 60 0.00411832959871071
109 48 0.03733583972104425
109 64 0.08776976494826416
109 70 0.20040431648669108
109 58 0.4194755138633121
109 59 0.01098118645117234
109 71 0.0903471918251279
109 65 0.001239285331054843
109 73 0.02056831865319257
109 67 0.17137773649901536
109 66 0.1075356814082715
109 72 0.04397867843935348
109 57 0.23954542946061527
109 94 0.20287126691153234
109 80 0.09956161487261234
109 81 0.1891674921925274
109 95 0.04202768616906355
109 56 0.1044481214540984
109 68 0.3466524492112659
109 54 0.07046438104552752
109 83 0.05996218251515712
109 82 0.030384533658965124
109 55 0.10950333267472692
109 69 0.25690191510762145
109 51 0.03714022212278481
109 79 0.13163877392560794
109 86 0.03316123151220654
109 92 0.21303869142803109
109 93 0.18911894606910618
109 87 0.14052502773125683
109 78 0.24803422491423963
109 50 0.06418611191641596
109 52 0.08947222231545858
109 46 0.14024644765221936
109 91 0.18296514131153815
109 85 0.18594104292010022
109 84 0.4170805559407409
109 90 0.18749469419231002
109 47 0.055974724062682765
109 53 0.059471108232959785
108 76 0.04694523303609936
108 62 0.12799935583437033
108 89 0.07678185623677306
108 88 0.2686288532387907
108 63 0.10231845235093442
108 77 0.14456361822087557
108 49 0.05612425884093529
108 61 0.02395527270310284
108 75 0.05376608550549587
108 74 0.06064754296725257
108 60 0.014547799762551786
108 48 0.08792164074709354
108 64 0.14173388123575675
108 70 0.2827643771729508
108 58 0.6818925980493236
108 59 0.0471439208191374
108 71 0.06314286076144504
108 65 0.004520746996026961
108 73 0.03677326374996799
108 67 0.23050743197548346
108 66 0.1796488347783216
108 72 0.04039000648380563
108 57 0.30653279112453463
108 94 0.3279501376075312
108 80 0.06958274029428668
108 81 0.258775569262387
108 95 0.05277569439166992
108 56 0.21767827709954463
108 68 0.5246457571201817
108 54 0.20642763307576906
108 83 0.10720395720392703
108 82 0.058461252014653416
108 55 0.192412767397582
108 69 0.3727760531557897
108 51 0.02595697582595917
108 79 0.15393060013036525
108 86 0.02317609415139492
108 92 0.3450106006755146
108 93 0.2846256118589636
108 87 0.2253305901234608
108 78 0.30511513266475776
108 50 0.044859111231718055
108 52 0.06418307881969859
108 46 0.18764808512609094
108 91 0.2760106572456735
108 85 0.2849179133742013
108 84 0.09400105152242898
108 90 0.287441801164478
108 47 0.1768803799545004
108 53 0.03834965990630508
120 76 0.015480752625332467
120 62 0.09740818643583367
120 89 0.0438271746439112
120 88 0.13162801279085837
120 63 0.02818374962356944
120 77 0.1830471867304197
120 49 0.018984463017903797
120 61 0.006114931655300165
120 75 0.03137311995674831
120 74 0.011000572093879099
120 60 0.01660630472422983
120 48 0.01521094477980621
120 64 0.03163609078287136
120 70 0.07978461273339876
120 58 0.038205200913217205
120 59 0.007475770424377692
120 71 0.044871109841986376
120 65 0.010613657875851307
120 73 0.007555184805115217
120 67 0.10487678137535711
120 66 0.0899667829125985
120 72 0.007774722252493704
120 57 0.045098803811911475
120 94 0.18342013487811265
120 80 0.049447471102826476
120 81 0.07864159213918459
120 95 0.023954180070402023
120 56 0.07207842811366688
120 68 0.13709042905163127
120 54 0.03898351422606383
120 83 0.022046607122347517
120 82 0.010114129679530875
120 55 0.17635554436900389
120 69 0.09245730371065837
120 51 0.045339726292346824
120 79 0.026700406729031456
120 86 0.016469590605094037
120 92 0.1949473042930347
120 93 0.1557424212799372
120 87 0.13905779950062117
120 78 0.13321618528241888
120 50 0.07489044578845935
120 52 0.012895134821329993
120 46 0.06256508885174888
120 91 0.17423560722606973
120 85 0.1651127500614123
120 84 0.05972599659118524
120 90 0.1594879807988072
120 47 0.07188455821985532
120 53 0.260361649720826
134 76 0.03940183704721109
134 62 0.10644204035424808
134 89 0.03184359298251342
134 88 0.10579877466932422
134 63 0.07789985524277875
134 77 0.08110160323824317
134 49 0.21777715548222332
134 61 0.0066589099735204355
134 75 0.2199836436646848
134 74 0.08552051748595174
134 60 0.01716113525981225
134 48 0.19533476364434033
134 64 0.06544894064054663
134 70 0.10079703321152252
134 58 0.07450348365030281
134 59 0.008975960508878625
134 71 0.31133916729852024
134 65 0.009571647648017365
134 73 0.14117893338321502
134 67 0.19874486739671599
134 66 0.07508172630038525
134 72 0.010262994651253535
134 57 0.2060428027624232
134 94 0.21298071472983748
134 80 0.34172751446330935
134 81 0.07053908381528032
134 95 0.03304355944182848
134 56 0.09302959630352266
134 68 0.2893672300176447
134 54 0.09357801321000131
134 83 0.22204976412626584
134 82 0.023675555506839516
134 55 0.13774144842571123
134 69 0.13432790546672718
134 51 0.09136640145087531
134 79 0.05483951290212989
134 86 0.10967795016529908
134 92 0.1483144956825636
134 93 0.12416098930372203
134 87 0.12613543137068453
134 78 0.1290745167905171
134 50 0.1205904276175766
134 52 0.43665658987897626
134 46 0.17971177046254294
134 91 0.11900742964670663
134 85 0.12188520569326144
134 84 0.07074508030316737
134 90 0.12306329965259971
134 47 0.14478517017680592
134 53 0.30230653814553055
122 76 0.028688820420145006
122 62 0.058223517291320546
122 89 0.05433846004246656
122 88 0.16161487225086868
122 63 0.056432059021068556
122 77 0.044161286984047296
122 49 0.22097007198514806
122 61 0.014842831498637299
122 75 0.01467339700312735
122 74 0.02717372249939895
122 60 0.029374382500615928
122 48 0.07859312050169712
122 64 0.047412392097302594
122 70 0.11233374836234268
122 58 0.08434457296143713
122 59 0.007034572587967261
122 71 0.5559056937375753
122 65 0.016641535779182648
122 73 0.014904172484440814
122 67 0.375219796867008
122 66 0.1377562102880769
122 72 0.006990682253430164
122 57 0.3731011773899064
122 94 0.34004644865344846
122 80 0.6123754054709396
122 81 0.07670452560538414
122 95 0.06069394477784761
122 56 0.09237799041810345
122 68 0.4446324549284468
122 54 0.05214878374327138
122 83 0.1914274054924919
122 82 0.02680262944349364
122 55 0.05513980363431291
122 69 0.19190465544368168
122 51 0.11450397421918006
122 79 0.03932762942806051
122 86 0.20444893672897926
122 92 0.23967646646418267
122 93 0.19838036355493988
122 87 0.15342245136845922
122 78 0.22044959254167967
122 50 0.22883436072637828
122 52 0.04383111372671725
122 46 0.08666757175812582
122 91 0.278784627339494
122 85 0.9801201970916926
122 84 0.04266862569457726
122 90 0.2676541976647266
122 47 0.08513843732869447
122 53 0.056842335641710234
136 76 0.02691609931873705
136 62 0.08508754823125135
136 89 0.0187403267783937
136 88 0.08429061542688743
136 63 0.04393552371616058
136 77 0.22945334257881406
136 49 0.11377481620995307
136 61 0.03402449504025469
136 75 0.029700712265204154
136 74 0.09039942339409648
136 60 0.002633905251900326
136 48 0.12816669359542432
136 64 0.03929201878551773
136 70 0.09392043787380021
136 58 0.10656959940416516
136 59 0.008223102299020651
136 71 0.029629694423853742
136 65 0.0015851864518518638
136 73 0.020313774295110595
136 67 0.07316302027639822
136 66 0.04335049762024465
136 72 0.027559263896775682
136 57 0.13464490195497095
136 94 0.11707688942018182
136 80 0.0326515984108368
136 81 0.21701397941360084
136 95 0.050225735331822854
136 56 0.1584502327149984
136 68 0.1916578246486561
136 54 0.07946588636323652
136 83 0.05922011722946858
136 82 0.028049191788457842
136 55 0.04345802183678306
136 69 0.06696371436670563
136 51 0.006242223127282981
136 79 0.2859217585771683
136 86 0.010875348049855724
136 92 0.12313004443630182
136 93 0.10584225941031591
136 87 0.07733883556711582
136 78 0.09837258276112004
136 50 0.012483816819564661
136 52 0.07014581876657072
136 46 0.13034700759427986
136 91 0.11797754845795072
136 85 0.11587126342865256
136 84 0.046574618280214405
136 90 0.11687003580838826
136 47 0.18351765809414325
136 53 0.0504494972489135
137 76 0.05403432435983167
137 62 0.05123639078781177
137 89 0.04807948630209369
137 88 0.14789071541874294
137 63 0.042992262713974924
137 77 0.03974154931906328
137 49 0.026267919200516604
137 61 0.02642194783162949
137 75 0.009218902661605105
137 74 0.016321555397246876
137 60 0.011276629967906668
137 48 0.03931598721457767
137 64 0.04825855836595068
137 70 0.1221121446002966
137 58 0.11285204523541019
137 59 0.08667398603702167
137 71 0.02761520895329929
137 65 0.004860908288435786
137 73 0.00630525982825797
137 67 0.1545656357842969
137 66 0.19688020646274845
137 72 0.01050672707524665
137 57 0.12669134653655012
137 94 0.19843118169398294
137 80 0.030431657508035753
137 81 0.10248233896739208
137 95 0.027980273523017116
137 56 0.10840567665301477
137 68 0.2853498295794008
137 54 0.05946651909365966
137 83 0.027748798935066682
137 82 0.03535921313658898
137 55 0.049394220945208414
137 69 0.1432198700469023
137 51 0.009914026732119163
137 79 0.07504455881985916
137 86 0.010135946882896013
137 92 0.20866405086483522
137 93 0.1711692734052242
137 87 0.13673648288457768
137 78 0.17187420471903717
137 50 0.01636421317733118
137 52 0.07177931397578498
137 46 0.08360676344482537
137 91 0.16774306141395406
137 85 0.1729393994208349
137 84 0.011070488180365795
137 90 0.17445337784521564
137 47 0.08063295948048582
137 53 0.042888442404143495
123 76 0.021918750947363272
123 62 0.05688695109158107
123 89 0.050178437248810645
123 88 0.15590536511955028
123 63 0.0703940620398722
123 77 0.043224662001701525
123 49 0.19904131098348227
123 61 0.014528027113624983
123 75 0.017479734328581437
123 74 0.03125964252823914
123 60 0.027735985005445926
123 48 0.06537451159507124
123 64 0.05914281577977177
123 70 0.11404627858929384
123 58 0.0643513192616809
123 59 0.005367079476289727
123 71 0.5005318814758251
123 65 0.01982428637197628
123 73 0.01775464640940702
123 67 0.30856580541950046
123 66 0.10797201584692219
123 72 0.0058866790914271355
123 57 0.3709293150643543
123 94 0.9376545855454554
123 80 0.5514198576388724
123 81 0.07421116470473839
123 95 0.04900140296500895
123 56 0.11791837842034832
123 68 0.3857483359355916
123 54 0.06505105044558437
123 83 0.15998703881681536
123 82 0.021394372531024608
123 55 0.047906662071466544
123 69 0.17506200282322756
123 51 0.1034397237811757
123 79 0.03432226817729589
123 86 0.18400592131729493
123 92 0.22786434197161615
123 93 0.18789454024999888
123 87 0.13348328770771786
123 78 0.21437192576716094
123 50 0.20701075731949484
123 52 0.03344127421585995
123 46 0.09788962260679264
123 91 0.2818321372372511
123 85 0.2353356351201261
123 84 0.03255434532562389
123 90 0.22678835471079137
123 47 0.06977123866638649
123 53 0.062499414048674116
127 76 0.07280259919123003
127 62 0.08126914415549694
127 89 0.07770785287347415
127 88 0.23655812737042678
127 63 0.08297459976556479
127 77 0.0899309450082859
127 49 0.14229187763212514
127 61 0.020131569046380735
127 75 0.020941593238860967
127 74 0.04610006807731322
127 60 0.023377074246417287
127 48 0.10092884171054725
127 64 0.0723978146563353
127 70 0.1613888195396825
127 58 0.13677819489516985
127 59 0.05180733368409478
127 71 0.35737811880867976
127 65 0.013696693668008977
127 73 0.014322983052922136
127 67 0.2792240349176103
127 66 0.1625555236901596
127 72 0.039073941439975335
127 57 0.3076231637285003
127 94 0.3213342313926205
127 80 0.39368945095434277
127 81 0.19466903779201994
127 95 0.06668734663199632
127 56 0.19731149143451976
127 68 0.4903082895626339
127 54 0.13098234494303243
127 83 0.05599398447477516
127 82 0.05168225637490659
127 55 0.08470847991618152
127 69 0.2119126354009216
127 51 0.21335250926494964
127 79 0.12446938361138607
127 86 0.13142017696229727
127 92 0.33767494651832136
127 93 0.2764267364409212
127 87 0.25080752077487717
127 78 0.2079300461295504
127 50 0.33334868197557177
127 52 0.0892457306844425
127 46 0.1781883941640633
127 91 0.45975049656568384
127 85 0.27991457932306596
127 84 0.06711792694714355
127 90 0.2823177648295653
127 47 0.15915095459188594
127 53 0.0533246999486046
133 76 0.013189307401071923
133 62 0.19645915876306475
133 89 0.03812608691770761
133 88 0.15709191043072832
133 63 0.09559134541067008
133 77 0.2069253911743455
133 49 0.30349782068465336
133 61 0.036022302771226214
133 75 0.024299502755091212
133 74 0.09653416834948285
133 60 0.011367290961596124
133 48 0.23626722287230362
133 64 0.08548838438512615
133 70 0.14666758832350046
133 58 0.1607112846605877
133 59 0.006727693773342411
133 71 0.22722470096636754
133 65 0.006340122733703171
133 73 0.0426734218290071
133 67 0.21434934263201236
133 66 0.09431849312898925
133 72 0.00758518158325816
133 57 0.3199487258285294
133 94 0.20651702937082567
133 80 0.2502892229702545
133 81 0.19928113499406985
133 95 0.06030681580722109
133 56 0.17084718660610435
133 68 0.32254498627343847
133 54 0.13877494723815073
133 83 0.0944975654887227
133 82 0.14570380080472745
133 55 0.09137123310203822
133 69 0.12774290928295712
133 51 0.046036423085258724
133 79 0.2685179251068814
133 86 0.08359900900011968
133 92 0.21559753542018262
133 93 0.1828224988886776
133 87 0.13301282225628297
133 78 0.1509613911761247
133 50 0.09181337989596478
133 52 0.10826194573365555
133 46 0.10523661756323023
133 91 0.19476123464778017
133 85 0.19350027315644652
133 84 0.09318782838081253
133 90 0.19524007233315238
133 47 0.2984281046352263
133 53 0.296622053490486
132 76 0.042414688528197575
132 62 0.08677608881572198
132 89 0.11098892345622934
132 88 0.3381983057681551
132 63 0.12351142375274121
132 77 0.1583006085415715
132 49 0.08247078672559102
132 61 0.01294963114761813
132 75 0.03836730648607303
132 74 0.06773550327556249
132 60 0.01934729156966572
132 48 0.06703593689113856
132 64 0.10377030633021506
132 70 0.24423598214606151
132 58 0.11989772152741571
132 59 0.02383268431122032
132 71 0.09312982952193391
132 65 0.005946890883452488
132 73 0.026241283283381323
132 67 0.32306125668063845
132 66 0.232464172356808
132 72 0.04099764578923583
132 57 0.22033273064494674
132 94 0.5298583421086109
132 80 0.10262805110712907
132 81 0.2352264839827059
132 95 0.07655010128852423
132 56 0.2620924076492355
132 68 0.5459231597824685
132 54 0.14870020401915196
132 83 0.19096656794740297
132 82 0.03753795895606457
132 55 0.09652932311055573
132 69 0.2961850562459173
132 51 0.028205540133504722
132 79 0.12721246050410584
132 86 0.03418257695764079
132 92 0.5562800854052969
132 93 0.46152938048731745
132 87 0.2997054613796965
132 78 0.2898055454572009
132 50 0.05124124444013542
132 52 0.22535840958768352
132 46 0.316214572413709
132 91 0.4421749295720938
132 85 0.45515774624217425
132 84 0.0645505149009809
132 90 0.45896189467377674
132 47 0.1277494612406342
132 53 0.13465259884137873
126 76 0.028282346383929
126 62 0.06160188505688678
126 89 0.05805737678175381
126 88 0.17335847960003856
126 63 0.04741213935186893
126 77 0.05122657922613194
126 49 0.19262048786823305
126 61 0.03857612387077988
126 75 0.008940415442496255
126 74 0.031984121928562745
126 60 0.09941718422057808
126 48 0.059502897365274116
126 64 0.039834147116331736
126 70 0.11582479525664585
126 58 0.05661122326843146
126 59 0.00784289248006921
126 71 0.4836981972800546
126 65 0.010139590950571861
126 73 0.009081025600896811
126 67 0.3403118416664592
126 66 0.14955366115450255
126 72 0.005259468220664101
126 57 0.33023708842603305
126 94 0.43842946074556866
126 80 0.5328848339460706
126 81 0.09022055752403306
126 95 0.058409813043529095
126 56 0.1019779833269148
126 68 0.4170365649802347
126 54 0.04381348908327752
126 83 0.22761209320615308
126 82 0.021436201035502145
126 55 0.06184261959381134
126 69 0.2005538800530452
126 51 0.10116349561654767
126 79 0.038752896572345236
126 86 0.17779931019387105
126 92 0.46037811125315814
126 93 0.3975584936460103
126 87 0.19885424186895018
126 78 0.23905314369673394
126 50 0.20265195939984398
126 52 0.03271466354275547
126 46 0.08121942849397291
126 91 0.3698339963103312
126 85 0.36428516343035655
126 84 0.030737632521280936
126 90 1.0
126 47 0.07147324794933277
126 53 0.0659364481655691
118 76 0.06389428126996452
118 62 0.1701009080093978
118 89 0.023160243904271197
118 88 0.057058868226567645
118 63 0.06532754652984844
118 77 0.07764882267992648
118 49 0.23448885353551777
118 61 0.005767508983016048
118 75 0.03670564277383789
118 74 0.09756487473938363
118 60 0.008345686835247695
118 48 0.13210981248668363
118 64 0.037144407190953466
118 70 0.09455713851885418
118 58 0.3199618636424964
118 59 0.08343900155657252
118 71 0.18109561930432785
118 65 0.004654818726052154
118 73 0.044188786631750035
118 67 0.11457233706613065
118 66 0.040981058884414584
118 72 0.005984182155735471
118 57 0.22474253813151795
118 94 0.07360948392181127
118 80 0.1994848823913542
118 81 0.18689307270827465
118 95 0.025200420757980124
118 56 0.2197586020562947
118 68 0.18299493613740458
118 54 0.04577112690962565
118 83 0.16509933426473639
118 82 0.04060681056646226
118 55 0.09722819854001298
118 69 0.10669866279261893
118 51 0.11136926550635598
118 79 0.15636039960981254
118 86 0.06661473324223768
118 92 0.07769064047974589
118 93 0.06655555426390702
118 87 0.08585041911588281
118 78 0.07262203956298088
118 50 0.20956030366852685
118 52 0.0833340574540875
118 46 0.14720647429057426
118 91 0.1393591225326624
118 85 0.07024201254253204
118 84 0.12429886575162444
118 90 0.07092094392060574
118 47 0.25350050647488975
118 53 0.21294788101198567
130 76 0.015149874998164295
130 62 0.05382926490842149
130 89 0.07164082377219236
130 88 0.21864546055492573
130 63 0.058116018230230125
130 77 0.059045456871432804
130 49 0.036986720943832416
130 61 0.004727623235583692
130 75 0.02791158156092878
130 74 0.030041204506593464
130 60 0.01524350642231713
130 48 0.030979539187925384
130 64 0.06523488369102662
130 70 0.14214627122702567
130 58 0.10906503098416216
130 59 0.015415337422129888
130 71 0.026676448653293924
130 65 0.002171078017558989
130 73 0.01909010002809039
130 67 0.17186495439389027
130 66 0.1503969180458672
130 72 0.007081244925062374
130 57 0.08649036172820793
130 94 0.2961057717098191
130 80 0.029397153949499683
130 81 0.16266878726215486
130 95 0.03765439693246794
130 56 0.14850456596696374
130 68 0.24554553865464704
130 54 0.11740991628769869
130 83 0.1668929176507891
130 82 0.014938618206896265
130 55 0.06284674076273422
130 69 0.15247726726683117
130 51 0.008079297975442434
130 79 0.07832514559475941
130 86 0.009791382242711047
130 92 0.31121534030413145
130 93 0.2548951344981709
130 87 0.19275471044539172
130 78 0.15622338063188465
130 50 0.014677729286685898
130 52 0.10106934756788334
130 46 0.22583549249918483
130 91 0.24727196442337318
130 85 0.25796930830252296
130 84 0.055161724815594365
130 90 0.2601947332776864
130 47 0.07459722765744509
130 53 0.060389360832451736
124 76 0.03829608867846898
124 62 0.05120046071936639
124 89 0.05340426448659992
124 88 0.16024888982477434
124 63 0.04741213935186893
124 77 0.04309088097556997
124 49 0.1493045714060648
124 61 0.014483062635363655
124 75 0.008940415442496255
124 74 0.035461349589103075
124 60 0.01766381992435527
124 48 0.05383240376429525
124 64 0.039834147116331736
124 70 0.10834255496181627
124 58 0.05661122326843146
124 59 0.00784289248006921
124 71 0.37465635983566037
124 65 0.010139590950571861
124 73 0.009081025600896811
124 67 0.2970983312554111
124 66 0.12859405491117776
124 72 0.004692075138355803
124 57 0.27195553133333505
124 94 0.26983796637664514
124 80 0.41273940258392167
124 81 0.08588862534610342
124 95 0.04805452766312383
124 56 0.09445359613924693
124 68 0.34565395704795643
124 54 0.04381348908327752
124 83 0.19665825783184335
124 82 0.021436201035502145
124 55 0.05258788655163557
124 69 0.18320813335381572
124 51 0.130644090946608
124 79 0.0364193279802167
124 86 0.1377448746400959
124 92 0.23944160820804533
124 93 0.19589922304506738
124 87 0.17116473224371653
124 78 0.20456222340605787
124 50 0.2270967120124603
124 52 0.03271466354275547
124 46 0.07828721107732309
124 91 0.9859189964027435
124 85 0.2280890853278228
124 84 0.028638749488449453
124 90 0.21919349110686182
124 47 0.07039229409233372
124 53 0.05546455927326467
125 76 0.028144215890684873
125 62 0.05359619748255039
125 89 0.057796160864384646
125 88 0.18383084361162974
125 63 0.05068309712956015
125 77 0.036246220291606984
125 49 0.16265468164211133
125 61 0.012182537624982684
125 75 0.03415700749733597
125 74 0.035462155313377125
125 60 0.018882444731316866
125 48 0.05799535658753865
125 64 0.04258230012332584
125 70 0.11695482871462629
125 58 0.060516824736448496
125 59 0.008383972686699201
125 71 0.35870452842358913
125 65 0.038738477685540534
125 73 0.0346942109713335
125 67 0.37528551265699867
125 66 0.14356178669851088
125 72 0.005015780836455916
125 57 0.26700672321648566
125 94 0.2914203204227269
125 80 0.3951491847853442
125 81 0.09247277588033907
125 95 0.07793167395294794
125 56 0.3621336500342697
125 68 0.4677852154826433
125 54 0.0468361764128061
125 83 0.24050675666665605
125 82 0.022915081960508607
125 55 0.050129232912390506
125 69 0.19839448995089892
125 51 0.08074233495320338
125 79 0.039286730629237
125 86 0.13191054651878031
125 92 0.259062830918817
125 93 0.34462531814699204
125 87 0.15374243291974882
125 78 0.2202598509594227
125 50 0.1635084614002655
125 52 0.03497164423636154
125 46 0.08413410323268578
125 91 0.24191873764480612
125 85 0.24639982524683812
125 84 0.030614533362857146
125 90 0.2369095611495628
125 47 0.07541301757761926
125 53 0.050407038058194936
131 76 0.016287525356178015
131 62 0.10331871586704522
131 89 0.09588002560560183
131 88 0.39341187169508657
131 63 0.08869743800703217
131 77 0.03970105067864399
131 49 0.027805865622560905
131 61 0.010869207572569317
131 75 0.018767220592168288
131 74 0.02365538466362825
131 60 0.015889082567535698
131 48 0.04796171994868162
131 64 0.10961099287479806
131 70 0.2940860439452997
131 58 0.479279106905888
131 59 0.07596412488933614
131 71 0.03294904192737108
131 65 0.00355801063019677
131 73 0.01283582292073486
131 67 0.2702191016926919
131 66 0.2106992631109843
131 72 0.00898748205879149
131 57 0.32946626691034236
131 94 0.40721041318171386
131 80 0.0363094829681479
131 81 0.21905526934870956
131 95 0.05081978119744664
131 56 0.1337009516148553
131 68 0.47804599655766156
131 54 0.16559113296442665
131 83 0.0374198771267031
131 82 0.03857662864307658
131 55 0.13357600877466524
131 69 0.33543775407087295
131 51 0.011471934213466595
131 79 0.07964059128831827
131 86 0.01209368864030437
131 92 0.4276316491459935
131 93 0.3504308171860274
131 87 0.28806450660241245
131 78 0.27104366896030874
131 50 0.01982591409628641
131 52 0.027144580454753264
131 46 0.18244616639763261
131 91 0.3407408153929027
131 85 0.3536891838649273
131 84 0.04154466553779057
131 90 0.3566659136725977
131 47 0.11660184715320279
131 53 0.016219001143018275
119 76 0.047519866674368305
119 62 0.17263997777588208
119 89 0.055240920244680844
119 88 0.13598000740437644
119 63 0.031905760085167725
119 77 0.30340366850724476
119 49 0.11533710463389049
119 61 0.03917704970567887
119 75 0.08754888305063953
119 74 0.14193237959787142
119 60 0.0018236581577832367
119 48 0.08827403117865554
119 64 0.04669200402299507
119 70 0.21800334828882384
119 58 0.452579688658816
119 59 0.057976899170699425
119 71 0.028800848408504734
119 65 0.0
119 73 0.05987897644337861
119 67 0.13965554140585043
119 66 0.07847106741042724
119 72 0.012684585202910229
119 57 0.1952321576887226
119 94 0.21497300115606888
119 80 0.03173821918895019
119 81 0.1239982324400486
119 95 0.06590668396136162
119 56 0.19888070409206376
119 68 0.2850342430730679
119 54 0.05753613540834114
119 83 0.17456332599949076
119 82 0.031357396936441975
119 55 0.14401824856671375
119 69 0.17569099022555046
119 51 0.013162696107115318
119 79 0.28835243688502304
119 86 0.021428441820258465
119 92 0.2265125807670582
119 93 0.19614133819969087
119 87 0.13849092609765112
119 78 0.17419354066315212
119 50 0.033780343745737976
119 52 0.10079815022499453
119 46 0.1451388084017498
119 91 0.2185949252319739
119 85 0.2137136723925646
119 84 0.10589803652908661
119 90 0.21567440340349595
119 47 0.04193456458966384
119 53 0.05651710748760806
