114 76 0.05491841781564635
114 62 0.12039682227022713
114 89 0.043194208965927454
114 88 0.20300140243631248
114 63 0.07281227033115852
114 77 0.015403106904998368
114 49 0.025521753039131498
114 61 0.0
114 75 0.0
114 74 0.11964152800607084
114 60 0.0
114 48 0.040423669598567295
114 64 0.06800826481836372
114 70 0.1969185057000092
114 58 0.3785269697593287
114 59 0.0008180869125216234
114 71 0.05149443540579328
114 65 0.0
114 73 0.0
114 67 0.17648016055614504
114 66 0.13606589390747137
114 72 0.0026614308304792195
114 57 0.2418208268762887
114 94 0.2256196854252448
114 80 0.05734156326067232
114 81 0.1874001365152507
114 95 0.034802828865967396
114 56 0.1139871685338451
114 68 0.33667168527288177
114 54 0.08475211713394502
114 83 0.026764765665888784
114 82 0.03360442148379299
114 55 0.11625527405716725
114 69 0.21666903719641978
114 51 0.0023912629028225996
114 79 0.044871327790807256
114 86 0.00289551706842274
114 92 0.22493954488170298
114 93 0.20696982746274456
114 87 0.22091725646217314
114 78 0.18089393599820902
114 50 0.027192309417243765
114 52 0.0
114 46 0.1329753088202535
114 91 0.21797904699649773
114 85 0.191406687311924
114 84 0.021477426657628126
114 90 0.19697625020176807
114 47 0.09865850562933272
114 53 0.009075883896370304
100 76 0.0
100 62 0.0519024133587616
100 89 0.006845906671693325
100 88 0.12351458125138723
100 63 0.1573239195711935
100 77 0.018677637024488297
100 49 0.14888199873507058
100 61 0.0
100 75 0.0
100 74 0.0036741103630348604
100 60 0.0
100 48 0.04641993391822521
100 64 0.08644817402944488
100 70 0.11449790917919819
100 58 0.249859724416789
100 59 0.0
100 71 0.37662310368165336
100 65 0.0
100 73 0.0
100 67 0.14380104565843987
100 66 0.09186960751855879
100 72 0.0
100 57 0.20860555217016746
100 94 0.1684584901893944
100 80 0.4147598051118222
100 81 0.10233139764916613
100 95 0.021787604580384534
100 56 0.07654979667198221
100 68 0.2613639606401015
100 54 0.029538396812322294
100 83 0.02848663547039884
100 82 0.009079345994220306
100 55 0.12465650998038355
100 69 0.1329325385736656
100 51 0.07399383122510873
100 79 0.011893381104676082
100 86 0.13873138923379846
100 92 0.14999367097954744
100 93 0.1455416449057336
100 87 0.1405034730591867
100 78 0.11038736474910366
100 50 0.1467575523820072
100 52 0.0
100 46 0.09147871678349045
100 91 0.16233516036864049
100 85 0.14090937167998902
100 84 0.010976402441160563
100 90 0.14513288166470378
100 47 0.05304870836827933
100 53 0.019686634899695236
128 76 0.01725264537227804
128 62 0.010126964057148274
128 89 0.08685763788250132
128 88 0.2447110512836626
128 63 0.0026125904926917742
128 77 0.04813459147141007
128 49 0.0
128 61 0.0
128 75 0.0
128 74 0.016744258571495398
128 60 0.0
128 48 0.0
128 64 0.0
128 70 0.15005361912580778
128 58 0.121038000209469
128 59 0.0
128 71 0.01269091708731189
128 65 0.0
128 73 0.0
128 67 0.2058479117992566
128 66 0.1628331733560238
128 72 0.03619039752295448
128 57 0.12703392121606188
128 94 0.36413749782568966
128 80 0.019615548735532097
128 81 0.12896649549730274
128 95 0.06031051678317273
128 56 0.1411353180639755
128 68 0.46685492919284993
128 54 0.04962117955205967
128 83 0.0
128 82 0.0
128 55 0.046178203744922645
128 69 0.19805832559170328
128 51 0.0
128 79 0.07811071141431959
128 86 0.0
128 92 0.3808217224860614
128 93 0.3071917762010038
128 87 0.227058157843453
128 78 0.20269954501917842
128 50 0.0
128 52 0.0
128 46 0.07644175344216311
128 91 0.3006095310601237
128 85 0.3160938327391312
128 84 0.0
128 90 0.3184306960664836
128 47 0.026783099197965912
128 53 0.0
129 76 0.03810764099079775
129 62 0.14508688884752108
129 89 0.09488010709807013
129 88 0.2786795320965426
129 63 0.13659973596469902
129 77 0.05468351803802525
129 49 0.07764674314145446
129 61 0.026494156378586868
129 75 0.023037041982646084
129 74 0.0604147183554138
129 60 0.025801743562783662
129 48 0.091651443167099
129 64 0.11771080079977228
129 70 0.251326309251545
129 58 0.4390344228606497
129 59 0.03427691038469062
129 71 0.11150975610043914
129 65 0.022486879671377816
129 73 0.023045955034105302
129 67 0.2544313901323256
129 66 0.203140172629101
129 72 0.033345599572781576
129 57 0.350355114323154
129 94 0.3977704855255468
129 80 0.12037581429082275
129 81 0.25266312662293366
129 95 0.06174866457967711
129 56 0.1887832850929851
129 68 0.44124991102325367
129 54 0.13781694164483796
129 83 0.06799440051050021
129 82 0.13728875159538387
129 55 0.16425542469557347
129 69 0.276604589263974
129 51 0.03350227932850867
129 79 0.08852184530203745
129 86 0.04857609895242569
129 92 0.415995722375365
129 93 0.3355650618201943
129 87 0.28917432891031947
129 78 0.24195052506757642
129 50 0.07367191212306767
129 52 0.021616932785497874
129 46 0.1981522671603288
129 91 0.3283748579516835
129 85 0.3452893428197903
129 84 0.05424328438952861
129 90 0.34784204685570574
129 47 0.16938784414894859
129 53 0.0469769733420065
101 76 0.0
101 62 0.005936572432964041
101 89 0.0
101 88 0.0512437770578292
101 63 0.0
101 77 0.0
101 49 0.07545288581767812
101 61 0.0
101 75 0.0
101 74 0.0
101 60 0.0
101 48 0.017978495266721496
101 64 0.0
101 70 0.04103245131295421
101 58 0.12210575340618837
101 59 0.0
101 71 0.14586657315813417
101 65 0.0
101 73 0.0
101 67 0.05799955856762214
101 66 0.030380596162771806
101 72 0.0
101 57 0.10020915777181678
101 94 0.07997822866159059
101 80 0.1606369626929085
101 81 0.03237171829846449
101 95 0.008438365003097303
101 56 0.039270362661689734
101 68 0.15139192150248282
101 54 0.0
101 83 0.011032907583875415
101 82 0.0
101 55 0.04827961363746027
101 69 0.05412975367295762
101 51 0.028657898281171643
101 79 0.0
101 86 0.05373083100633801
101 92 0.07065360094017051
101 93 0.06454258656626163
101 87 0.059627857522258444
101 78 0.04100356666431473
101 50 0.09191307392002596
101 52 0.0
101 46 0.008269094543679023
101 91 0.07608474655614475
101 85 0.05716483126791824
101 84 0.02920343955280144
101 90 0.06071063090545187
101 47 0.0
101 53 0.0
115 76 0.028042874353327495
115 62 0.017010173585799072
115 89 0.0
115 88 0.04165514734828783
115 63 0.0
115 77 0.023957108813119868
115 49 0.0
115 61 0.0
115 75 0.0
115 74 0.07629267270160871
115 60 0.0
115 48 0.0
115 64 0.06869713898964672
115 70 0.023421885485353025
115 58 0.036886260379747945
115 59 0.0
115 71 0.0
115 65 0.0
115 73 0.0
115 67 0.052298073844385506
115 66 0.1216487508016327
115 72 0.06059825198559246
115 57 0.05389933067363731
115 94 0.08691803208771463
115 80 0.0
115 81 0.040273524412107464
115 95 0.0
115 56 0.15473112056171695
115 68 0.13108994252823497
115 54 0.0
115 83 0.14752639697276848
115 82 0.018509457204396555
115 55 0.11711582909303908
115 69 0.019893561449105257
115 51 0.0
115 79 0.0002163480936072104
115 86 0.0
115 92 0.07936297677421864
115 93 0.07202086673472008
115 87 0.052952970543542977
115 78 0.023365912422473836
115 50 0.0
115 52 0.6599105373089266
115 46 0.4404261721876301
115 91 0.08004015670361972
115 85 0.07025102114931556
115 84 0.03390116963372907
115 90 0.0730988888856414
115 47 0.18330490381205305
115 53 0.16131417367974743
103 76 0.1047515406352366
103 62 0.20133590599878037
103 89 0.11617042101015101
103 88 0.2641809417439967
103 63 0.124999948964298
103 77 0.1102999844007095
103 49 0.1145816427776404
103 61 0.07874525242785115
103 75 0.0720082008054478
103 74 0.09904632484545783
103 60 0.07500343699181312
103 48 0.11314598330960114
103 64 0.13326563461248733
103 70 0.3048639590603464
103 58 0.6687000063291887
103 59 0.07680298822194713
103 71 0.15424909362143363
103 65 0.0747155164614006
103 73 0.06922644528818475
103 67 0.27936775973708017
103 66 0.23438149816408355
103 72 0.08065865056016912
103 57 0.43038450164739317
103 94 0.31111724661983386
103 80 0.1647019647268098
103 81 0.2759121462903897
103 95 0.10268388561496432
103 56 0.22458565695704008
103 68 0.49351480055830965
103 54 0.14683177160774963
103 83 0.10147395603785556
103 82 0.11420928413833169
103 55 0.21938668002585682
103 69 0.32358451562365453
103 51 0.09532593324335784
103 79 0.11870252324936133
103 86 0.10195182402118214
103 92 0.30322645006684934
103 93 0.2887206009288161
103 87 0.28443944710200914
103 78 0.2725859148310159
103 50 0.12451561523154445
103 52 0.09334372575852658
103 46 0.19327227052002516
103 91 0.3110498778682225
103 85 0.26915744784735873
103 84 0.08851045029184978
103 90 0.2827221542708136
103 47 0.16576808292717837
103 53 0.11053843158978341
117 76 0.10850599833892259
117 62 0.19341242855188662
117 89 0.030085789844938843
117 88 0.14593496467915723
117 63 0.0187699209053172
117 77 0.28601005790790124
117 49 0.13011834191053867
117 61 0.06151125646846263
117 75 0.6087427999406362
117 74 0.2806390917785696
117 60 0.0
117 48 0.3601611225148739
117 64 0.09101540580308376
117 70 0.16992322801804965
117 58 0.45708052206571237
117 59 0.0
117 71 0.042623917282587444
117 65 0.0
117 73 0.3376955089173537
117 67 0.1456179862930574
117 66 0.11860816918304945
117 72 0.08028535942752224
117 57 0.21732200708525024
117 94 0.1857192629327486
117 80 0.04808212602195483
117 81 0.15169031965786414
117 95 0.05088181334692083
117 56 0.20287167636113132
117 68 0.2932189717220236
117 54 0.04648492457268673
117 83 0.582098646945713
117 82 0.024522793575244436
117 55 0.10053875799117437
117 69 0.17632794323308976
117 51 0.08608328756994386
117 79 0.32443437767171107
117 86 0.008627251734244279
117 92 0.18168953317008632
117 93 0.16551568110955567
117 87 0.16840682969558524
117 78 0.17180647778222843
117 50 0.025246291546902548
117 52 0.0952646858648282
117 46 0.2266611758997813
117 91 0.18010849532471335
117 85 0.16967913060749595
117 84 0.07650752564634933
117 90 0.17162703613558866
117 47 0.07537177728684841
117 53 0.0506726265881226
116 76 0.11241274009171741
116 62 0.2013336755820372
116 89 0.12882887835138712
116 88 0.3211336218230249
116 63 0.1326220622266068
116 77 0.13082450509971866
116 49 0.11747125719528811
116 61 0.07788265274851894
116 75 0.07738528392633326
116 74 0.10226395165448963
116 60 0.06912091307521687
116 48 0.1237760235204641
116 64 0.13972754390563294
116 70 0.3399191754238307
116 58 0.6153769212594796
116 59 0.08787139048172841
116 71 0.12943590367611152
116 65 0.05896273917509196
116 73 0.07427812417825201
116 67 0.30842735453075093
116 66 0.2714851214673392
116 72 0.08768549906003738
116 57 0.41028585076871066
116 94 0.36524677414085166
116 80 0.13682969004268797
116 81 0.30308241973909955
116 95 0.12196187565193004
116 56 0.25685289009618467
116 68 0.5364047099660707
116 54 0.1560026127973494
116 83 0.18734000378753796
116 82 0.1945198041914676
116 55 0.22154039878912946
116 69 0.35961055586333796
116 51 0.08060321447861675
116 79 0.15512908530358452
116 86 0.08636027347611647
116 92 0.3671317947798012
116 93 0.3401460000645186
116 87 0.34582971313171684
116 78 0.3172295450460969
116 50 0.11342865924727376
116 52 0.11629773238891232
116 46 0.24590116850235116
116 91 0.3570137415782322
116 85 0.32794084372942056
116 84 0.10818954309426243
116 90 0.3358332940158503
116 47 0.18198892748605316
116 53 0.10650363911347162
102 76 0.014270595518071694
102 62 0.09907974680060365
102 89 0.02850861023007549
102 88 0.11558606287536215
102 63 0.04703969843637413
102 77 0.02652515637787127
102 49 0.041582246381079754
102 61 0.006761182622888148
102 75 0.00794435804102818
102 74 0.02931308516031781
102 60 0.005165928577779436
102 48 0.037090969977026676
102 64 0.048895125297889044
102 70 0.1569772185815783
102 58 0.4536826116911363
102 59 0.007414530532411562
102 71 0.08460802419914351
102 65 0.005138837104880806
102 73 0.005192645840505383
102 67 0.1340895781562777
102 66 0.0860219774262864
102 72 0.013090432018829659
102 57 0.2566038383671104
102 94 0.1411402976000311
102 80 0.09256536502300108
102 81 0.13564008527214005
102 95 0.02931852431669843
102 56 0.0955143596304199
102 68 0.2766909743022536
102 54 0.05771169560588332
102 83 0.02705526581563842
102 82 0.03298991849773666
102 55 0.09302774953404491
102 69 0.16944218170811132
102 51 0.022911119384198854
102 79 0.032264461260390565
102 86 0.030748949378381865
102 92 0.130443309501577
102 93 0.12259373987158588
102 87 0.12766969528041994
102 78 0.12258119960828064
102 50 0.04376093429567516
102 52 0.013212250692146973
102 46 0.08508430055699921
102 91 0.13218669658265916
102 85 0.11912875268851693
102 84 0.02284466707154517
102 90 0.11850771772619095
102 47 0.06609239743472922
102 53 0.02503173632278903
106 76 0.02817990011691373
106 62 0.05675835276237137
106 89 0.0
106 88 0.07507882502432352
106 63 0.0
106 77 0.0
106 49 0.0
106 61 0.0
106 75 0.0
106 74 0.0
106 60 0.0
106 48 0.0
106 64 0.0
106 70 0.0893956303705023
106 58 0.3752884045061567
106 59 0.0
106 71 0.00597151615777769
106 65 0.0
106 73 0.0
106 67 0.07343055469813278
106 66 0.04353349845381996
106 72 0.05911219789093665
106 57 0.15074529061230701
106 94 0.09416580623685011
106 80 0.011329078085957067
106 81 0.07535612463654622
106 95 0.0
106 56 0.03467263598464795
106 68 0.19238873029017775
106 54 0.002424183445624145
106 83 0.0
106 82 0.03611109763959049
106 55 0.08645781038148093
106 69 0.10312130330516613
106 51 0.0
106 79 0.0
106 86 0.0
106 92 0.08949540100515815
106 93 0.07996957135453198
106 87 0.0864300568729235
106 78 0.07339098039674943
106 50 0.0
106 52 0.0
106 46 0.03028932596171515
106 91 0.09126511618463609
106 85 0.06854122487088356
106 84 0.0
106 90 0.07377752977111535
106 47 0.012267849269802636
106 53 0.0
112 76 0.07477072814968404
112 62 0.17492137737072833
112 89 0.09063330142045208
112 88 0.24656115101136722
112 63 0.10862086660804424
112 77 0.07669063461076844
112 49 0.09097770795580286
112 61 0.05493806703795431
112 75 0.05624948451306659
112 74 0.0828512337171606
112 60 0.04794754715573234
112 48 0.09480041424969243
112 64 0.11311501445923149
112 70 0.28408706254244864
112 58 0.6196257098807186
112 59 0.061893987248243576
112 71 0.12776797734837828
112 65 0.04184200705596702
112 73 0.05079222733918137
112 67 0.23719054373958254
112 66 0.18944560225660256
112 72 0.06768242334348624
112 57 0.3625422903341089
112 94 0.26591210819088024
112 80 0.13441903110209674
112 81 0.2533817206899594
112 95 0.0974868988680192
112 56 0.1877097435860564
112 68 0.44136082090874595
112 54 0.12788147994517562
112 83 0.0880151808467367
112 82 0.08795979839227124
112 55 0.18517067376039426
112 69 0.3110153724941777
112 51 0.06335686575136489
112 79 0.10037533751716508
112 86 0.06645847034957902
112 92 0.26734794652406363
112 93 0.2496212441496493
112 87 0.2639097257091011
112 78 0.252085963797332
112 50 0.0932272321704443
112 52 0.0634139428853885
112 46 0.18498940117185397
112 91 0.2624205324563871
112 85 0.23670436742636447
112 84 0.0926753470345253
112 90 0.23846134909875022
112 47 0.139178953902959
112 53 0.06995779946119493
113 76 0.0669375984662886
113 62 0.1591409004730835
113 89 0.0987906409334165
113 88 0.2964489332566264
113 63 0.12847630546670444
113 77 0.09681402437919678
113 49 0.09435065756952529
113 61 0.046754178891631984
113 75 0.046689504643901904
113 74 0.08083683082618869
113 60 0.04391383855156081
113 48 0.10261130238862308
113 64 0.12377567239116735
113 70 0.2788718545000829
113 58 0.46072713002089044
113 59 0.05416789499562591
113 71 0.12429434197924048
113 65 0.03229173649078348
113 73 0.04323266227005492
113 67 0.2766304732679176
113 66 0.23002408312405892
113 72 0.054414613763907174
113 57 0.34982748692679655
113 94 0.3516528637098316
113 80 0.1331402455396925
113 81 0.26338545231170823
113 95 0.09219313011094636
113 56 0.24948581627983768
113 68 0.4705919077284626
113 54 0.1414315124888169
113 83 0.14397593320758612
113 82 0.09239766018822232
113 55 0.1823131498151316
113 69 0.3003877960385098
113 51 0.05555437845020916
113 79 0.12019422732045168
113 86 0.06265057043740455
113 92 0.3677650614802641
113 93 0.3131749964946171
113 87 0.31649376575688215
113 78 0.26846774334214535
113 50 0.09033677359853216
113 52 0.0695063423570898
113 46 0.22047095107014975
113 91 0.32635954293071767
113 85 0.3052563994300345
113 84 0.07800252665658092
113 90 0.30751314224303455
113 47 0.17167206860845907
113 53 0.07781584443780738
107 76 0.0
107 62 0.0
107 89 0.0
107 88 0.049060283146791915
107 63 0.0
107 77 0.0
107 49 0.0
107 61 0.0
107 75 0.0
107 74 0.0
107 60 0.0
107 48 0.0
107 64 0.0
107 70 0.000951991741288169
107 58 0.027768817003364366
107 59 0.0
107 71 0.0023317083509500347
107 65 0.0
107 73 0.0
107 67 0.06151540401495741
107 66 0.14444533185524477
107 72 0.0
107 57 0.08123219394708815
107 94 0.04751586778964802
107 80 0.011112409861910602
107 81 0.0
107 95 0.0
107 56 0.4509176918080107
107 68 0.361975860547594
107 54 0.0
107 83 0.0
107 82 0.0
107 55 0.006086906859253213
107 69 0.017846845998100345
107 51 0.0
107 79 0.0
107 86 0.0
107 92 0.04501431777155194
107 93 0.06063538070362171
107 87 0.036900450029695483
107 78 0.011679585756823277
107 50 0.0
107 52 0.0
107 46 0.0
107 91 0.06299220051376633
107 85 0.025564517796917693
107 84 0.0
107 90 0.03266347238404314
107 47 0.0
107 53 0.0
139 76 0.051941004809432464
139 62 0.0038275468440005928
139 89 0.0328283655277572
139 88 0.09249001050534249
139 63 0.0
139 77 0.0
139 49 0.0
139 61 0.03753573625183035
139 75 0.0
139 74 0.013845926365314898
139 60 0.0
139 48 0.0
139 64 0.0
139 70 0.11066757472557082
139 58 0.09327767213349974
139 59 0.06456293605969578
139 71 0.0
139 65 0.0
139 73 0.0
139 67 0.07780145369383713
139 66 0.18363571141291837
139 72 0.0
139 57 0.10035070311131897
139 94 0.19559808521624486
139 80 0.005620470802945879
139 81 0.0487436609863441
139 95 0.016321659190135174
139 56 0.05678305911535784
139 68 0.165712095373729
139 54 0.03750924524236148
139 83 0.015779807285116743
139 82 0.05324778834247416
139 55 0.022409585956416282
139 69 0.06689794719346495
139 51 0.0
139 79 0.029522412173023517
139 86 0.0
139 92 0.20456009109691514
139 93 0.1711224938016207
139 87 0.09063656888328227
139 78 0.06846560687777724
139 50 0.0
139 52 0.0
139 46 0.037096030280512726
139 91 0.16147375379961557
139 85 0.16475905023396356
139 84 0.0
139 90 0.16597710431304763
139 47 0.00941222963644145
139 53 0.0
111 76 0.13266982991132165
111 62 0.23643749171235157
111 89 0.1509552148329105
111 88 0.37407549375002463
111 63 0.17092688987811716
111 77 0.1137944768008616
111 49 0.13513174924795476
111 61 0.09907849376444473
111 75 0.09145482386900852
111 74 0.12801985915922998
111 60 0.08809861564285061
111 48 0.14560384675616583
111 64 0.17052409113857186
111 70 0.39527985609624516
111 58 0.7128984456604032
111 59 0.11760632614240613
111 71 0.16242577497520355
111 65 0.08016929731001834
111 73 0.08692807983256177
111 67 0.3447477909903829
111 66 0.3052711192528812
111 72 0.10836648764748584
111 57 0.46431113397901286
111 94 0.4010296728544172
111 80 0.16858481017008642
111 81 0.3645836182451156
111 95 0.1497878396390761
111 56 0.28243827601717264
111 68 0.6023593058417979
111 54 0.190683499979364
111 83 0.13621229982745198
111 82 0.13982277160956066
111 55 0.26454499862687586
111 69 0.4340491690361884
111 51 0.09755134184693462
111 79 0.16309608277714172
111 86 0.1017764233322622
111 92 0.4125318385864421
111 93 0.3815690226456867
111 87 0.39151756710824503
111 78 0.3753069631545772
111 50 0.13922859786177244
111 52 0.10412582750837722
111 46 0.27089995191036254
111 91 0.39384319491066017
111 85 0.3634711374078599
111 84 0.13969477677834058
111 90 0.36808542674533806
111 47 0.21201328612714898
111 53 0.10763740662317148
105 76 0.029533837902693982
105 62 0.076474002478708
105 89 0.03647675241839787
105 88 0.14665727492111463
105 63 0.05036290170166363
105 77 0.04515829753891318
105 49 0.10959579420299007
105 61 0.018807141122540186
105 75 0.012718987082371638
105 74 0.03092345373370274
105 60 0.020223654505910897
105 48 0.047108508604619445
105 64 0.03906259339637263
105 70 0.12180597766501798
105 58 0.19350235031445606
105 59 0.015259485765108327
105 71 0.27724176538384143
105 65 0.008836102302585955
105 73 0.009496265596461578
105 67 0.1850466002222223
105 66 0.12071685538313598
105 72 0.013510749956509832
105 57 0.24208437382630404
105 94 0.19310202429367562
105 80 0.3053151531475238
105 81 0.10527223270343204
105 95 0.040460728566749676
105 56 0.21374534694014297
105 68 0.3196349138445509
105 54 0.044850340418475076
105 83 0.15214424025267795
105 82 0.034668501396626375
105 55 0.07669244689678618
105 69 0.14075021434374604
105 51 0.054468725353883383
105 79 0.040459964831922456
105 86 0.10212367454186222
105 92 0.16890670399247545
105 93 0.17057454451740411
105 87 0.1532069852105863
105 78 0.12660470072065538
105 50 0.1080319356621068
105 52 0.014748663297055958
105 46 0.08014863051852675
105 91 0.18037238820771
105 85 0.1672465264655776
105 84 0.033012528436201644
105 90 0.16372820802160665
105 47 0.07274354273878404
105 53 0.05005565511980169
104 76 0.03835239503215133
104 62 0.14455943691303466
104 89 0.05837799114613364
104 88 0.18185751227176947
104 63 0.0758149076720514
104 77 0.040402227248050815
104 49 0.05035109996885313
104 61 0.023936418197253895
104 75 0.024085561590669907
104 74 0.04873724448179803
104 60 0.020498055718546362
104 48 0.05923866325256204
104 64 0.08415324697442694
104 70 0.23501850140127278
104 58 0.6366663215822895
104 59 0.02046764463958143
104 71 0.07554346264693444
104 65 0.02337332154536658
104 73 0.020825898146134184
104 67 0.180636146345424
104 66 0.13962140259723257
104 72 0.03109428529637482
104 57 0.3378294161463447
104 94 0.2046527136516887
104 80 0.08184095415803107
104 81 0.21332771587116733
104 95 0.04686136259554181
104 56 0.13318437783562498
104 68 0.36676075400847713
104 54 0.0985574770887528
104 83 0.046123960726175355
104 82 0.061060817734083034
104 55 0.15998302770630946
104 69 0.252829325292883
104 51 0.03565080329534326
104 79 0.055815716171200166
104 86 0.03966479406656246
104 92 0.2010589907781155
104 93 0.18808802617759163
104 87 0.20046328154625165
104 78 0.19154762843714487
104 50 0.057384817841845986
104 52 0.025241091455057006
104 46 0.13311838314306854
104 91 0.20470099649306994
104 85 0.1699686153760377
104 84 0.045389205725551766
104 90 0.18094262916188936
104 47 0.10206371973590192
104 53 0.03967908120742246
110 76 0.013083005647657533
110 62 0.0975379871428969
110 89 0.15089595837669173
110 88 0.20848864603923334
110 63 0.026287378084629352
110 77 0.2019367077324568
110 49 0.03351899753349069
110 61 0.0
110 75 0.0
110 74 0.03585507509431719
110 60 0.0686261154835244
110 48 0.04172773656099403
110 64 0.019591586598088656
110 70 0.1350460801407405
110 58 0.2643867585825932
110 59 0.0
110 71 0.1536082851007745
110 65 0.0
110 73 0.0
110 67 0.12315172081872941
110 66 0.08786774111650192
110 72 0.1100656565619979
110 57 0.16951668178003093
110 94 0.1932153813278057
110 80 0.15506571411860753
110 81 0.16615653469878922
110 95 0.05879228081388815
110 56 0.11388330266048508
110 68 0.2745909838677946
110 54 0.037628674230223196
110 83 0.0030126365968054097
110 82 0.11356401467749434
110 55 0.07861077601818435
110 69 0.3269124459418766
110 51 0.0
110 79 0.13177882155988638
110 86 0.0
110 92 0.20206821535111086
110 93 0.2731157389594611
110 87 0.14820324416975011
110 78 0.22130913757257076
110 50 0.0052283601251193745
110 52 0.0
110 46 0.08989742284083696
110 91 0.18227064386151515
110 85 0.1844784073496719
110 84 0.0
110 90 0.1858422454894043
110 47 0.062458024397443024
110 53 0.010346399122481975
138 76 0.029590237257009558
138 62 0.06315208476367748
138 89 0.03785093828433255
138 88 0.15795533138573198
138 63 0.02837161360075472
138 77 0.041952314051887436
138 49 0.0127324743371353
138 61 0.0
138 75 0.0
138 74 0.02782801996267622
138 60 0.0
138 48 0.011572909873012169
138 64 0.021222903899901904
138 70 0.12631234770325844
138 58 0.1170853532705426
138 59 0.0
138 71 0.045559464034494436
138 65 0.0
138 73 0.0
138 67 0.15599094543983666
138 66 0.1781060870190811
138 72 0.09502126339059425
138 57 0.16866010053664462
138 94 0.20223764268321276
138 80 0.054267904579945486
138 81 0.10735524017186374
138 95 0.03374560634388945
138 56 0.12284890093044953
138 68 0.28056238995850336
138 54 0.0316576049151079
138 83 0.027183756700456356
138 82 0.018649532578186204
138 55 0.041789046194745494
138 69 0.13399876195019236
138 51 0.0
138 79 0.03403919090095778
138 86 0.0
138 92 0.19160969162579283
138 93 0.17509830387266523
138 87 0.17509848350824908
138 78 0.13480006715732074
138 50 0.01687833315600594
138 52 0.0
138 46 0.06962221362930701
138 91 0.19272936962222448
138 85 0.15327474713537187
138 84 0.0
138 90 0.16386394195947568
138 47 0.06399227673193555
138 53 0.07618167143507139
140 76 0.06332730893277247
140 62 0.020704961351647025
140 89 0.024849978971602835
140 88 0.08614887514377934
140 63 0.0275874203635431
140 77 0.0
140 49 0.043241576397478124
140 61 0.028413301775653155
140 75 0.0
140 74 0.01563365568296747
140 60 0.0
140 48 0.0
140 64 0.0
140 70 0.11569878253768415
140 58 0.1924961762305361
140 59 0.017735972624805814
140 71 0.019228720437073223
140 65 0.0
140 73 0.0
140 67 0.09573585256753767
140 66 0.16108164155919363
140 72 0.0
140 57 0.14760814011808193
140 94 0.12044559702797095
140 80 0.025969948503678925
140 81 0.07055305013681586
140 95 0.012354952223058005
140 56 0.049780179691145766
140 68 0.21251648592185812
140 54 0.0
140 83 0.0
140 82 0.056644361263639295
140 55 0.029049484772633263
140 69 0.12742687084350623
140 51 0.0
140 79 0.012462439495298738
140 86 0.0
140 92 0.11570694059125856
140 93 0.1034601857106814
140 87 0.09797523232869944
140 78 0.15005963049405946
140 50 0.04262454807935486
140 52 0.0
140 46 0.024422977133441874
140 91 0.11614839730252366
140 85 0.09876041137903749
140 84 0.011830169021746148
140 90 0.10294307501168899
140 47 0.014643148542309858
140 53 0.0
135 76 0.06104220267571718
135 62 0.17869320929881466
135 89 0.031034395959362304
135 88 0.13802650436109987
135 63 0.0237268926626317
135 77 0.19029558665168858
135 49 0.3009824762559485
135 61 0.0
135 75 0.3318136652916525
135 74 0.15841805479486917
135 60 0.0
135 48 0.3298686760004219
135 64 0.021897538914095543
135 70 0.11070193507746212
135 58 0.16150359523399954
135 59 0.0
135 71 0.1815201725300907
135 65 0.0
135 73 0.2117049387198242
135 67 0.17315970491463945
135 66 0.10488979000747699
135 72 0.02586179302212794
135 57 0.17488569268383297
135 94 0.1981240169836898
135 80 0.19790829351286232
135 81 0.17706414259942743
135 95 0.0867401162825959
135 56 0.26068779145697096
135 68 0.2975026078818556
135 54 0.03545947994285682
135 83 0.47266826714096283
135 82 0.012789688398457455
135 55 0.04842477251345885
135 69 0.12363633173386362
135 51 0.11583335430408156
135 79 0.16134807210905033
135 86 0.058866336222991734
135 92 0.1904195132013583
135 93 0.1622002763796636
135 87 0.16463604055286263
135 78 0.17760315564764567
135 50 0.07467274022463621
135 52 0.030822765079158695
135 46 0.24714229381373387
135 91 0.174618394030997
135 85 0.17384371145480754
135 84 0.10325180017188088
135 90 0.17512892790610365
135 47 0.13504737573136008
135 53 0.2460004384681812
121 76 0.09305576811683916
121 62 0.06922643666415268
121 89 0.05884420317072332
121 88 0.2600563694688649
121 63 0.09267014280007423
121 77 0.039828598324514214
121 49 0.11978290772367885
121 61 0.0
121 75 0.0
121 74 0.0581542191699006
121 60 0.053549304843927226
121 48 0.08263611004223828
121 64 0.06789528809053996
121 70 0.12899676605295982
121 58 0.08769308630737224
121 59 0.0
121 71 0.32528138559652864
121 65 0.05326859137529666
121 73 0.0
121 67 0.28661875399485953
121 66 0.13035415245011187
121 72 0.029945466702514405
121 57 0.31475594381544403
121 94 0.3263585458793473
121 80 0.35617553438882227
121 81 0.06009404089150813
121 95 0.07512783505777164
121 56 0.14565699136151997
121 68 0.33144439950578125
121 54 0.08211732844731608
121 83 0.3096537042852406
121 82 0.018293409998943765
121 55 0.13090588988843838
121 69 0.3337897748410578
121 51 0.08359538075353429
121 79 0.05809973738627508
121 86 0.11161624196448522
121 92 0.46628155976195546
121 93 0.2837215183570041
121 87 0.16628805996740853
121 78 0.45928146795983354
121 50 0.11807368589944937
121 52 0.0
121 46 0.09096607593811702
121 91 0.2694215509802215
121 85 0.27638411790867223
121 84 0.0
121 90 0.2784274096230554
121 47 0.1527209774807215
121 53 0.014945388514419594
109 76 0.03530331072541926
109 62 0.07954516316245565
109 89 0.032268890518623174
109 88 0.16734475991960376
109 63 0.034204350393198385
109 77 0.16209979774698913
109 49 0.032843180186530235
109 61 0.0
109 75 0.0
109 74 0.06268836190547747
109 60 0.0
109 48 0.026458685092187878
109 64 0.05158412602850099
109 70 0.17512297278861444
109 58 0.3665284697827446
109 59 0.0
109 71 0.06641202560798815
109 65 0.0
109 73 0.0
109 67 0.15357551983265302
109 66 0.11725079376684214
109 72 0.045502737282884086
109 57 0.22246428493645887
109 94 0.18931973062195115
109 80 0.07232284120200533
109 81 0.17038783939619773
109 95 0.044881406216382355
109 56 0.10510853344646624
109 68 0.31052673060072505
109 54 0.05406619739337813
109 83 0.021825858361382525
109 82 0.013898601705882405
109 55 0.10356375810611154
109 69 0.21595414414989073
109 51 0.004791030389263651
109 79 0.13263767038660856
109 86 0.006736321454615085
109 92 0.19799407187271043
109 93 0.17211827258869625
109 87 0.17958503697377448
109 78 0.23197012719938825
109 50 0.0332443485008374
109 52 0.01217142965615596
109 46 0.1123790481983108
109 91 0.1848632927492807
109 85 0.180758913420835
109 84 0.4765767850107427
109 90 0.18209525355820766
109 47 0.07095800908761524
109 53 0.01708229236386872
108 76 0.15061661773631013
108 62 0.27875535502472926
108 89 0.1822260121442157
108 88 0.4201663644585399
108 63 0.2152682966689286
108 77 0.1538330405540744
108 49 0.1693019291793423
108 61 0.12102956341081778
108 75 0.11533754080778935
108 74 0.15783391685778037
108 60 0.11378299896954407
108 48 0.1831427837678523
108 64 0.21281821046645538
108 70 0.43615231792569303
108 58 0.7987691161057148
108 59 0.1364153895854789
108 71 0.19833326521595723
108 65 0.1083905636168575
108 73 0.11281325633264991
108 67 0.39461988905921297
108 66 0.34576776962275785
108 72 0.13103289684959912
108 57 0.5436800214598019
108 94 0.46406766715259384
108 80 0.2071950459331116
108 81 0.4116871879545864
108 95 0.17342954359364643
108 56 0.31910281903872645
108 68 0.6649380275137146
108 54 0.23552719958905638
108 83 0.16490518675272553
108 82 0.18232245079251863
108 55 0.3040753572204652
108 69 0.46879829747839297
108 51 0.12853190460941544
108 79 0.1957039319538281
108 86 0.13660956929212903
108 92 0.4630860288745229
108 93 0.43126503737409405
108 87 0.4423974825021794
108 78 0.4091570261436991
108 50 0.17091731870477272
108 52 0.13431137431719706
108 46 0.3181165087326446
108 91 0.4498373817223333
108 85 0.4050091717665376
108 84 0.15182428104274065
108 90 0.4167777106397568
108 47 0.2667636888966014
108 53 0.1443504711613328
120 76 0.0
120 62 0.13731583917762197
120 89 0.041823975292207334
120 88 0.11783406977361416
120 63 0.0
120 77 0.2645444804080416
120 49 0.0
120 61 0.0
120 75 0.040366674312399695
120 74 0.0036819906565061095
120 60 0.0
120 48 0.0
120 64 0.0
120 70 0.06725327337301215
120 58 0.02533118253911376
120 59 0.0
120 71 0.005192655727788015
120 65 0.0
120 73 0.0
120 67 0.09912056310685201
120 66 0.07840796486322693
120 72 0.0
120 57 0.06111828018960052
120 94 0.17534068486446913
120 80 0.013503228666594258
120 81 0.038937084017065526
120 95 0.020794110816112744
120 56 0.07317978763379353
120 68 0.12134448548403873
120 54 0.0
120 83 0.02051116828786676
120 82 0.0
120 55 0.23213123362969595
120 69 0.08522928405171906
120 51 0.03995820933554884
120 79 0.020975018213400802
120 86 0.0
120 92 0.18337452756358766
120 93 0.14791999380849458
120 87 0.150043966222502
120 78 0.14645210225409244
120 50 0.06604344468721826
120 52 0.0
120 46 0.026355905683398295
120 91 0.14475048949257208
120 85 0.1522065413335854
120 84 0.08798367873538852
120 90 0.15333179544418735
120 47 0.05919391090683197
120 53 0.38466493413763053
134 76 0.05002386139348314
134 62 0.10524865572675025
134 89 0.0
134 88 0.08766748790861656
134 63 0.0
134 77 0.025238287015805723
134 49 0.2768782656534877
134 61 0.0
134 75 0.3407399503352811
134 74 0.09383071393003348
134 60 0.0
134 48 0.2581292618501197
134 64 0.0
134 70 0.07655033961995593
134 58 0.15901360967030762
134 59 0.0
134 71 0.35051068151821496
134 65 0.0
134 73 0.2174001189544782
134 67 0.1440621492630937
134 66 0.06794697443252729
134 72 0.0
134 57 0.18179290022712596
134 94 0.15840980058217996
134 80 0.38395711007528244
134 81 0.055660774545747124
134 95 0.018987183152435583
134 56 0.04990918844577319
134 68 0.21583340302644471
134 54 0.036413393113342366
134 83 0.2789873226860641
134 82 0.0
134 55 0.16383919924843565
134 69 0.08599315611471348
134 51 0.11266777659105384
134 79 0.012677237276240996
134 86 0.12089985783684826
134 92 0.12661686652892112
134 93 0.12208863537400427
134 87 0.10887459015543077
134 78 0.07463158372605452
134 50 0.12789439590752583
134 52 0.48938487253232454
134 46 0.10940406895153314
134 91 0.13709824842437648
134 85 0.12124923233646992
134 84 0.05574770490722841
134 90 0.1271282170757574
134 47 0.12324532394302182
134 53 0.36223539650707043
122 76 0.024908557670971915
122 62 0.04464620309107665
122 89 0.0508654602984355
122 88 0.14330737707253768
122 63 0.04641044686944542
122 77 0.014935465461336894
122 49 0.20708285298971596
122 61 0.0
122 75 0.0
122 74 0.030747656056419076
122 60 0.0
122 48 0.06456638433828182
122 64 0.01041293155700515
122 70 0.09140584321551466
122 58 0.11876071098653647
122 59 0.0
122 71 0.5238523627763904
122 65 0.0
122 73 0.0
122 67 0.347763666248014
122 66 0.09888183417080385
122 72 0.0
122 57 0.35001307451652636
122 94 0.2132457420023366
122 80 0.5768974387619
122 81 0.09209337140286059
122 95 0.05559417158111521
122 56 0.08202900413831464
122 68 0.3924380437600806
122 54 0.01910376887031867
122 83 0.28747876290874813
122 82 0.005510164174230114
122 55 0.05973798064709468
122 69 0.2017254587944487
122 51 0.10291945167260574
122 79 0.02550938663143975
122 86 0.1929641738144826
122 92 0.22301633659553016
122 93 0.17989726035948303
122 87 0.13619766051676274
122 78 0.2375691206368743
122 50 0.20412791944802688
122 52 0.0
122 46 0.06359785985394245
122 91 0.17604257426565983
122 85 0.6893371965737461
122 84 0.006287430940076458
122 90 0.186478982429662
122 47 0.045725894983992765
122 53 0.016546174835416524
136 76 0.018206162193142583
136 62 0.07669695618086532
136 89 0.0
136 88 0.04036297078199356
136 63 0.0
136 77 0.28101283089980417
136 49 0.13959552186371021
136 61 0.049512227186850846
136 75 0.0
136 74 0.10366712172101288
136 60 0.0
136 48 0.1450113246113221
136 64 0.0
136 70 0.06885222449246944
136 58 0.05002124003091153
136 59 0.0
136 71 0.0
136 65 0.0
136 73 0.0
136 67 0.030035197671166664
136 66 0.0017759977968450358
136 72 0.03819056341330289
136 57 0.09244464377522528
136 94 0.07674503267110917
136 80 0.0
136 81 0.2808111307677307
136 95 0.05902931706056079
136 56 0.16623321209878272
136 68 0.17062964617687498
136 54 0.052363636048038655
136 83 0.0
136 82 0.0
136 55 0.013838061554712969
136 69 0.02222291439197109
136 51 0.0
136 79 0.39394476160756586
136 86 0.0
136 92 0.08026137299392139
136 93 0.07283614959133784
136 87 0.05410435050522044
136 78 0.09133988084354189
136 50 0.0
136 52 0.0
136 46 0.12708352358999492
136 91 0.09503397104203043
136 85 0.0899362266959467
136 84 0.0254297955457482
136 90 0.09060111999090605
136 47 0.17160623866702618
136 53 0.014397931607759165
137 76 0.024354994648516405
137 62 0.04405894130014177
137 89 0.03213390387888268
137 88 0.1601275124934845
137 63 0.030320036618570037
137 77 0.008280289699962987
137 49 0.015618037887649414
137 61 0.0
137 75 0.0
137 74 0.0028289212828879473
137 60 0.0
137 48 0.013383388054567569
137 64 0.020173656869314008
137 70 0.13724321926924643
137 58 0.16414021611746055
137 59 0.011193585048879254
137 71 0.031584318161931635
137 65 0.0
137 73 0.0
137 67 0.15308994074677712
137 66 0.15120480865025332
137 72 0.0
137 57 0.17975354929781084
137 94 0.20321871528154978
137 80 0.03771960744950426
137 81 0.1269580538061123
137 95 0.01622377269474317
137 56 0.10734504523322144
137 68 0.287318522942142
137 54 0.02916159611155776
137 83 0.0066039468499572845
137 82 0.014422322053699324
137 55 0.058960757526446264
137 69 0.1538182687593554
137 51 0.0
137 79 0.06952849200534962
137 86 0.0
137 92 0.20481696299251034
137 93 0.18065312133486838
137 87 0.16745911906391475
137 78 0.1506304728588327
137 50 0.01705607500226492
137 52 0.0019207238127894322
137 46 0.08189148609183358
137 91 0.18944272627901532
137 85 0.1755782832114675
137 84 0.0
137 90 0.178748530063219
137 47 0.06203235755773936
137 53 0.0030583828164058163
123 76 0.01767632253576415
123 62 0.03805603771113592
123 89 0.03609660157934688
123 88 0.12772913562556432
123 63 0.021880060836844413
123 77 0.03331610446376072
123 49 0.14695605218997976
123 61 0.0
123 75 0.0
123 74 0.02182003040286034
123 60 0.0
123 48 0.04581944284400046
123 64 0.015168612210099658
123 70 0.09413864070585047
123 58 0.1403324023000174
123 59 0.0
123 71 0.3717510844214347
123 65 0.0
123 73 0.0
123 67 0.24678999129618828
123 66 0.09813080934758273
123 72 0.0
123 57 0.29603318873182344
123 94 0.6093407070390424
123 80 0.4093944471740963
123 81 0.07958047101846058
123 95 0.039452324817732615
123 56 0.10685216053010177
123 68 0.2784930997787827
123 54 0.023002657811104416
123 83 0.20400889535565203
123 82 0.02191471033516578
123 55 0.04541095353415997
123 69 0.14315418501654908
123 51 0.07303664254671373
123 79 0.01810269995329067
123 86 0.13693675158747043
123 92 0.1669366180984938
123 93 0.16807197034732763
123 87 0.1516669380527092
123 78 0.21869059069785207
123 50 0.14485908780349835
123 52 0.0
123 46 0.05900902789765775
123 91 0.19308141140553586
123 85 0.15102373959851956
123 84 0.011670094690100052
123 90 0.16424634805270338
123 47 0.06537842389867193
123 53 0.0337125767502785
127 76 0.07190539020337834
127 62 0.13334780635838747
127 89 0.09082520700847185
127 88 0.29898179512019607
127 63 0.11723793556574476
127 77 0.10022217177233948
127 49 0.12550482067031132
127 61 0.051998153319934175
127 75 0.04431321537896908
127 74 0.08217216354164784
127 60 0.05069346396947288
127 48 0.10400862067593888
127 64 0.10448394920459456
127 70 0.2464641868356897
127 58 0.29071725247402835
127 59 0.05713451315612457
127 71 0.3174864354956263
127 65 0.026417444931291403
127 73 0.038321728388468576
127 67 0.29962825359544515
127 66 0.24273175614422632
127 72 0.05252496697237804
127 57 0.34971416157304086
127 94 0.36486300752054773
127 80 0.34963498209371174
127 81 0.2325349934470594
127 95 0.10318058063495011
127 56 0.2001077312799459
127 68 0.5073678536459013
127 54 0.11936412397384136
127 83 0.08747881775575732
127 82 0.1001876009419902
127 55 0.15450969609379406
127 69 0.26789334993620584
127 51 0.2222164581520799
127 79 0.13121363864871635
127 86 0.11694804123441405
127 92 0.33879192304312244
127 93 0.32321385570011485
127 87 0.32623868409337187
127 78 0.2595822677540205
127 50 0.33506377028342765
127 52 0.056512710883643666
127 46 0.1916857077693213
127 91 0.3547486720360089
127 85 0.29938503741060685
127 84 0.07719430971903633
127 90 0.31158857324080624
127 47 0.17306303587650357
127 53 0.09623409020091969
133 76 0.0
133 62 0.23543403416246667
133 89 0.0
133 88 0.06207454327606343
133 63 0.0
133 77 0.24789245496109935
133 49 0.4160377863010203
133 61 0.05331342710548695
133 75 0.0
133 74 0.12288673453127472
133 60 0.0
133 48 0.2436793394928487
133 64 0.0
133 70 0.074138213126166
133 58 0.09535306131058444
133 59 0.0
133 71 0.25410944143560527
133 65 0.0
133 73 0.04394020451528193
133 67 0.15838859691147733
133 66 0.03304512929096299
133 72 0.0
133 57 0.2466683243217238
133 94 0.11860507518963531
133 80 0.2798404595380105
133 81 0.1507485609829015
133 95 0.05880081148522521
133 56 0.13148805827083243
133 68 0.21195294605212606
133 54 0.05638374704676505
133 83 0.07765892260286458
133 82 0.14280869625683185
133 55 0.03510287882348617
133 69 0.04234548501769213
133 51 0.04992399812568572
133 79 0.35992288767347597
133 86 0.09360274365319925
133 92 0.09111930775955686
133 93 0.0826866408660991
133 87 0.0723697926417763
133 78 0.09236172788402251
133 50 0.09901803500023873
133 52 0.0
133 46 0.0361314953477402
133 91 0.10233000968778487
133 85 0.09684089645174145
133 84 0.11370377474424778
133 90 0.09755683556875915
133 47 0.20327361824624848
133 53 0.3911627163831927
132 76 0.036411327060445337
132 62 0.09535061305078213
132 89 0.10203504418022355
132 88 0.28747158612458446
132 63 0.08695467809352989
132 77 0.08191635519627741
132 49 0.06242710740059569
132 61 0.00814473007332625
132 75 0.007586842599595495
132 74 0.036696298463193354
132 60 0.005451378628296394
132 48 0.06773779869148468
132 64 0.08249679482513982
132 70 0.20045150250455923
132 58 0.22597961459124544
132 59 0.019126606142741143
132 71 0.0771205717471465
132 65 0.0
132 73 0.007194287393312182
132 67 0.24181754520261234
132 66 0.19256770604954604
132 72 0.042514267025657165
132 57 0.24278747190723282
132 94 0.5178560211198135
132 80 0.08560938057229275
132 81 0.1847066432174878
132 95 0.07084910889273555
132 56 0.2686147281473203
132 68 0.44505077120392145
132 54 0.0976603568313956
132 83 0.17513884840847496
132 82 0.06048009659473065
132 55 0.11051498451096006
132 69 0.232666815431345
132 51 0.019196449829843226
132 79 0.09178696326862402
132 86 0.025812758886425938
132 92 0.541583394020654
132 93 0.446371103866436
132 87 0.2676310209389442
132 78 0.23811903633992143
132 50 0.04900296975181715
132 52 0.07174203027732341
132 46 0.23532544325266697
132 91 0.4275100932890135
132 85 0.44171067392215735
132 84 0.0402464367813961
132 90 0.4449762152528568
132 47 0.14987725715665765
132 53 0.061277669367011484
126 76 0.03194206557898454
126 62 0.04358294090245166
126 89 0.06522850058280662
126 88 0.18377353264969878
126 63 0.00867116290953135
126 77 0.0
126 49 0.13277874531830783
126 61 0.0
126 75 0.0
126 74 0.039429968572559114
126 60 0.0
126 48 0.041399098855386327
126 64 0.0
126 70 0.10488792972829926
126 58 0.10572119085674844
126 59 0.0
126 71 0.33588710246779513
126 65 0.0
126 73 0.0
126 67 0.31771543422477
126 66 0.12228474089431171
126 72 0.0
126 57 0.2628048407027697
126 94 0.41341657720649194
126 80 0.3698988930771318
126 81 0.06072611677286375
126 95 0.05186144151952195
126 56 0.10519179248256351
126 68 0.3462501866159203
126 54 0.004755026749713495
126 83 0.3432495597202203
126 82 0.0
126 55 0.02673496660204159
126 69 0.2347945920540198
126 51 0.06599057075293172
126 79 0.03271255250602919
126 86 0.12372603776973876
126 92 0.43235869410909344
126 93 0.36352295099491694
126 87 0.19800853149834535
126 78 0.280199649194456
126 50 0.1308840816003805
126 52 0.0
126 46 0.041104562567735266
126 91 0.3412913093229841
126 85 0.34672207470990357
126 84 0.0
126 90 0.7898842933242091
126 47 0.026580154759021195
126 53 0.0
118 76 0.07415815219677199
118 62 0.20431758958608826
118 89 0.002120648864332178
118 88 0.12323434706631547
118 63 0.040128063149698544
118 77 0.02909663991434825
118 49 0.3308498295335302
118 61 0.0
118 75 0.0
118 74 0.10424389391854
118 60 0.0
118 48 0.1555500404582843
118 64 0.01848788287252357
118 70 0.11361836088397873
118 58 0.2695944082430806
118 59 0.1235821018541162
118 71 0.18613115137747727
118 65 0.0
118 73 0.032185505630902764
118 67 0.12586857525967782
118 66 0.08066142120980335
118 72 0.0
118 57 0.25175485476260673
118 94 0.16122244396018096
118 80 0.2049787156334832
118 81 0.23466779566160345
118 95 0.010767666366352235
118 56 0.24581092653603037
118 68 0.25086962848709865
118 54 0.028452255043920627
118 83 0.15501144872895184
118 82 0.023764259646539117
118 55 0.09050001626586231
118 69 0.12813046448856613
118 51 0.13027770823122753
118 79 0.15461925433878937
118 86 0.0685625309702468
118 92 0.14327156539089808
118 93 0.13796145128025805
118 87 0.14189744328864895
118 78 0.10466970615019247
118 50 0.2584368685830368
118 52 0.0039424396866455935
118 46 0.13807940485454667
118 91 0.1584392611617093
118 85 0.1253828459692989
118 84 0.10895201600781504
118 90 0.1327233255805147
118 47 0.2971708547805268
118 53 0.2751645853063369
130 76 0.0
130 62 0.028003522605480058
130 89 0.0546499038833172
130 88 0.1539695962021082
130 63 0.0
130 77 0.0
130 49 0.0
130 61 0.0
130 75 0.0
130 74 0.004811126490762319
130 60 0.0
130 48 0.0
130 64 0.0
130 70 0.10094682407084057
130 58 0.09389847759688981
130 59 0.0
130 71 0.0
130 65 0.0
130 73 0.0
130 67 0.12951732131639418
130 66 0.10245290442920302
130 72 0.0
130 57 0.09137138410602143
130 94 0.2291114488216437
130 80 0.0
130 81 0.0811443501679174
130 95 0.027170926472198577
130 56 0.1506904618830059
130 68 0.1875792133800569
130 54 0.0624422390294641
130 83 0.1876085085993061
130 82 0.0
130 55 0.037305595295251154
130 69 0.11136608007556448
130 51 0.0
130 79 0.04914643058592878
130 86 0.0
130 92 0.23960898589823837
130 93 0.1932818051745859
130 87 0.15088414236148717
130 78 0.11397578816465521
130 50 0.0
130 52 0.0
130 46 0.21764198499708431
130 91 0.18914032639327072
130 85 0.1988828846654952
130 84 0.0431119311883553
130 90 0.20035321426852934
130 47 0.01519672570725207
130 53 0.0
124 76 0.028099156238814142
124 62 0.03833953263719799
124 89 0.05738094252444824
124 88 0.16166397234749152
124 63 0.004937398395344711
124 77 0.0
124 49 0.11680430311142899
124 61 0.0
124 75 0.0
124 74 0.03468619913362221
124 60 0.0
124 48 0.03641842585311598
124 64 0.0
124 70 0.09226899612091216
124 58 0.09998263388482495
124 59 0.0
124 71 0.29547695178031236
124 65 0.0
124 73 0.0
124 67 0.2794914938637583
124 66 0.1075728190312425
124 72 0.0
124 57 0.23118712410641096
124 94 0.24056091488462833
124 80 0.3253968270598359
124 81 0.06526154259622644
124 95 0.045622057359557315
124 56 0.09253630153314713
124 68 0.30459326643673595
124 54 0.008448985263847797
124 83 0.3019536411517597
124 82 0.0
124 55 0.022206037373598365
124 69 0.20654675289675783
124 51 0.0580513290003112
124 79 0.028776946862261968
124 86 0.10884071531017889
124 92 0.25158304903012335
124 93 0.20294074400248135
124 87 0.14157948100039927
124 78 0.2464891852816194
124 50 0.11513758397899218
124 52 0.0
124 46 0.04877724628272567
124 91 1.0
124 85 0.20882172818552702
124 84 0.0
124 90 0.21036553508084793
124 47 0.039876608247948274
124 53 0.0
125 76 0.03062205846772144
125 62 0.04178187416245835
125 89 0.06253293024113821
125 88 0.17617908421430573
125 63 0.020645659759369557
125 77 0.0
125 49 0.12729165846691545
125 61 0.0
125 75 0.0
125 74 0.037800523576775845
125 60 0.0
125 48 0.03968827947353188
125 64 0.013131881227809686
125 70 0.10055343192368286
125 58 0.12365723864978503
125 59 0.0
125 71 0.32200655480118595
125 65 0.0
125 73 0.0
125 67 0.37246578502654815
125 66 0.11723131918680457
125 72 0.0
125 57 0.251944420366326
125 94 0.262159843450036
125 80 0.3546128068313064
125 81 0.07908573254268432
125 95 0.049718265417248615
125 56 0.21136288233701817
125 68 0.4565904646957586
125 54 0.022237064298328932
125 83 0.32906475821925785
125 82 0.0
125 55 0.05245265573419713
125 69 0.2250916963401829
125 51 0.06326350783163173
125 79 0.03136070499232497
125 86 0.118613054412397
125 92 0.2741716075533365
125 93 0.22116191943666424
125 87 0.15429129288356286
125 78 0.2686203877157163
125 50 0.1254752918013479
125 52 0.0
125 46 0.054724286893426746
125 91 0.21642304918576527
125 85 0.2275709318628879
125 84 0.0
125 90 0.2292533505308938
125 47 0.043594852411692635
125 53 0.0021726558563356646
131 76 0.009051669062834666
131 62 0.09924654555346091
131 89 0.09010769014838768
131 88 0.38531364655391015
131 63 0.09988922676707968
131 77 0.014248083512698628
131 49 0.038959636809429266
131 61 0.0
131 75 0.0
131 74 0.03693777764246552
131 60 0.00037992155520158444
131 48 0.054411871001350455
131 64 0.08602875862329627
131 70 0.21650233327178386
131 58 0.34878925673045
131 59 0.10101557639118444
131 71 0.07178369952639713
131 65 0.0
131 73 0.0
131 67 0.2293146783083843
131 66 0.16892608972963158
131 72 0.004407455480210473
131 57 0.2702454441131208
131 94 0.3777628499392652
131 80 0.0793239629186557
131 81 0.20500620599795183
131 95 0.04479988526290666
131 56 0.13271955585790363
131 68 0.36255265693529654
131 54 0.1045562422756933
131 83 0.03079261157644251
131 82 0.051659649098659124
131 55 0.12308309989795746
131 69 0.2541084066291433
131 51 0.00820199322216024
131 79 0.06311155558957447
131 86 0.017152914083858245
131 92 0.3950713674480719
131 93 0.3186863246672456
131 87 0.2686499994338086
131 78 0.2059596824726061
131 50 0.03991031368666629
131 52 0.0
131 46 0.14877178334173102
131 91 0.31185778407951387
131 85 0.32792147970687635
131 84 0.019216129466006794
131 90 0.33034578414058746
131 47 0.12759966117614308
131 53 0.014343974466882639
119 76 0.0
119 62 0.09423992340156852
119 89 0.0
119 88 0.09126053846537889
119 63 0.0
119 77 0.19934423275753263
119 49 0.04038930736866312
119 61 0.04287231825464683
119 75 0.0
119 74 0.09554382999944974
119 60 0.0
119 48 0.025185972716452752
119 64 0.0
119 70 0.10383061259555063
119 58 0.3185774886593061
119 59 0.05689913110990083
119 71 0.004195872071334053
119 65 0.0
119 73 0.0
119 67 0.08896141102790656
119 66 0.0649552751340718
119 72 0.0
119 57 0.15298782625516627
119 94 0.12170060802724621
119 80 0.00929007087936036
119 81 0.0812908597867761
119 95 0.03546377395657926
119 56 0.07639005553644818
119 68 0.2135062263933457
119 54 0.002149801946629004
119 83 0.013317934851306404
119 82 0.0
119 55 0.0676346387055394
119 69 0.11078717921799118
119 51 0.0
119 79 0.226125341780675
119 86 0.0
119 92 0.11759202239373867
119 93 0.10583340549918924
119 87 0.11270495704741787
119 78 0.0885784518932661
119 50 0.0
119 52 0.02551932012314642
119 46 0.07701682278894867
119 91 0.12192967513764824
119 85 0.10489133149060435
119 84 0.022019495985780527
119 90 0.10851066002219373
119 47 0.022691134689581158
119 53 0.012467076137920405
