114 76 0.09767654072019236
114 62 0.20806608224256845
114 89 0.1207443692747473
114 88 0.31379413606769496
114 63 0.122887947412553
114 77 0.04285581962745108
114 49 0.07376683266596468
114 61 0.04602447212465419
114 75 0.042306862886967
114 74 0.1653301075885676
114 60 0.046711674757829696
114 48 0.08522298671451721
114 64 0.10143930726671814
114 70 0.30927267576022144
114 58 0.477337265704916
114 59 0.06591363449575184
114 71 0.08707402961146732
114 65 0.04427586980068976
114 73 0.044389462173834215
114 67 0.2811041344602208
114 66 0.22574047890244994
114 72 0.054520619688616295
114 57 0.31552541793027045
114 94 0.38226961709899976
114 80 0.09026716121076896
114 81 0.24588624299837936
114 95 0.09065258151293631
114 56 0.18736463008867407
114 68 0.44956550151739744
114 54 0.11433399946275495
114 83 0.06680331870299595
114 82 0.09631251905910305
114 55 0.19178237334968334
114 69 0.33130874678389516
114 51 0.042453175380608
114 79 0.09688095265842678
114 86 0.05230534811118667
114 92 0.38514993094503047
114 93 0.33651940384397133
114 87 0.30704795860044665
114 78 0.27847942744503107
114 50 0.07087436826498324
114 52 0.02797772112792843
114 46 0.16644383879762956
114 91 0.33317953830885344
114 85 0.3195990247941597
114 84 0.052680685418951684
114 90 0.3259525002914044
114 47 0.1485923023490855
114 53 0.049073745072020336
100 76 0.050917779009547304
100 62 0.12060028181689347
100 89 0.06667899718175166
100 88 0.16848342649501283
100 63 0.21677481571792712
100 77 0.03944650674033187
100 49 0.19033624586694864
100 61 0.04456946060347114
100 75 0.03352208402132967
100 74 0.0482241993502657
100 60 0.041967511679136316
100 48 0.1061489347684164
100 64 0.14329266578833016
100 70 0.1431505206529415
100 58 0.1630089772990229
100 59 0.06091854652620857
100 71 0.3909685216612172
100 65 0.036700824390179604
100 73 0.03623840352843685
100 67 0.2733684067254767
100 66 0.13944463467662457
100 72 0.045148076938203274
100 57 0.3572395050470341
100 94 0.1943447029563094
100 80 0.42573287576787594
100 81 0.1390404882168133
100 95 0.0777950902469869
100 56 0.16900717101204774
100 68 0.3864975097612776
100 54 0.08100769976038663
100 83 0.0784305690815246
100 82 0.08006564948060485
100 55 0.18970687140810247
100 69 0.18568425931553822
100 51 0.09984086808669868
100 79 0.06260025660127402
100 86 0.16489159457490518
100 92 0.18812420483311476
100 93 0.171908450229369
100 87 0.1724537905518405
100 78 0.18005411900152776
100 50 0.18827465554758074
100 52 0.030198650327480814
100 46 0.18259701518870125
100 91 0.17429038304398578
100 85 0.15582439789475752
100 84 0.042488837414279806
100 90 0.16117646004798034
100 47 0.10730076038992506
100 53 0.046627759620269105
128 76 0.07092340061646935
128 62 0.11184501412379808
128 89 0.15250424636964777
128 88 0.40683953085306673
128 63 0.11645084694905529
128 77 0.0871650936504747
128 49 0.07979769499453633
128 61 0.05033682956464616
128 75 0.03950462673073868
128 74 0.07145204532959944
128 60 0.0478942375439711
128 48 0.08642390286001221
128 64 0.09623985518899272
128 70 0.2922573234446827
128 58 0.1729113116325098
128 59 0.06963893845876723
128 71 0.08838787194049474
128 65 0.04308683568321556
128 73 0.043918178447239276
128 67 0.3535122468906377
128 66 0.29903292239387624
128 72 0.08093522561531973
128 57 0.2919832124988241
128 94 0.5342064916014878
128 80 0.09231532636204581
128 81 0.2754107759495219
128 95 0.11891392433333324
128 56 0.25245101541340165
128 68 0.6630578262394629
128 54 0.14782480636539486
128 83 0.06664591326560405
128 82 0.09837675268391062
128 55 0.1387872538923578
128 69 0.3492646124227718
128 51 0.044115547129491034
128 79 0.14211118584201676
128 86 0.05884130182672628
128 92 0.5384351393124754
128 93 0.45696866342814196
128 87 0.3952024655080931
128 78 0.34922527618189103
128 50 0.07521229825242001
128 52 0.03219586611533376
128 46 0.20089327314088376
128 91 0.4525103390462724
128 85 0.4439346345528895
128 84 0.04974271338145714
128 90 0.45268545794108156
128 47 0.15505648272388728
128 53 0.05206478438034565
129 76 0.1051956629889831
129 62 0.2847652460925998
129 89 0.23812095207174694
129 88 0.5831568623529859
129 63 0.2403978210172998
129 77 0.10503243761025499
129 49 0.16055728675960235
129 61 0.10343340540883797
129 75 0.09115733403055272
129 74 0.13101389206165803
129 60 0.10270613075502459
129 48 0.17829964702047418
129 64 0.19795979725360283
129 70 0.4853410766037113
129 58 0.6399931412831119
129 59 0.12974629139552038
129 71 0.17580619894474167
129 65 0.10389291970097372
129 73 0.10018058653720316
129 67 0.5217979766296542
129 66 0.42874180531458084
129 72 0.11151041620594634
129 57 0.62042757214971
129 94 0.740600808267539
129 80 0.1824796744488512
129 81 0.44175577676364414
129 95 0.17027004309077345
129 56 0.3530852844370442
129 68 0.7896969215307016
129 54 0.26308411959128375
129 83 0.13825921709866132
129 82 0.31262701892933986
129 55 0.246131957748434
129 69 0.5483574671726569
129 51 0.09656788127566505
129 79 0.20919661272167478
129 86 0.12584787026367666
129 92 0.7315352227043315
129 93 0.6325066183929882
129 87 0.5667127087121696
129 78 0.4927414096680993
129 50 0.14800858558112012
129 52 0.07517685383638151
129 46 0.3364604598835669
129 91 0.6221015935331182
129 85 0.6066978260686678
129 84 0.10928614582465582
129 90 0.6200356029038119
129 47 0.2912323081629611
129 53 0.11113474001875179
101 76 0.058160997378735646
101 62 0.07903567754850391
101 89 0.06098398791340909
101 88 0.1787545274546818
101 63 0.07030153874639086
101 77 0.032186862667885924
101 49 0.12195974694569671
101 61 0.04629514119600173
101 75 0.029268009010645163
101 74 0.04096705035321083
101 60 0.04012217890347147
101 48 0.07215759876449557
101 64 0.05936094140052342
101 70 0.131656692842036
101 58 0.12451454738144636
101 59 0.06794936283479205
101 71 0.18418950298360717
101 65 0.03317646288359119
101 73 0.03256829073568132
101 67 0.1867961692046782
101 66 0.13982152167134676
101 72 0.039898782529867866
101 57 0.22663266998529427
101 94 0.22231392571157907
101 80 0.19864479145833586
101 81 0.1267190805113172
101 95 0.06553922522023528
101 56 0.14207061827953432
101 68 0.2801190361409552
101 54 0.06499099937693284
101 83 0.05710341505985958
101 82 0.06725837568196379
101 55 0.11186637304621873
101 69 0.15926184299104795
101 51 0.05864610948443688
101 79 0.05965781606172407
101 86 0.08932577604035448
101 92 0.22613683090127537
101 93 0.20232822265058203
101 87 0.15306207674731281
101 78 0.15936451763743337
101 50 0.1363070030222496
101 52 0.03306542093241083
101 46 0.09059063367916999
101 91 0.19891039514522493
101 85 0.18133532080411555
101 84 0.06090982627641281
101 90 0.18514635751544906
101 47 0.08874800545461423
101 53 0.04022993534266009
115 76 0.049470672958465134
115 62 0.062084001526259786
115 89 0.03678598864640878
115 88 0.11529813350122396
115 63 0.049535411946686536
115 77 0.02081001583101602
115 49 0.038852518801900604
115 61 0.021480384577687806
115 75 0.00988316475057055
115 74 0.07800018932438633
115 60 0.01762662326152928
115 48 0.03781550188529462
115 64 0.09721079998557206
115 70 0.10891464141063772
115 58 0.08014322283182704
115 59 0.03388895392025146
115 71 0.04290451658140157
115 65 0.010918050140064361
115 73 0.012962505450064027
115 67 0.10694975692534385
115 66 0.1968731639476983
115 72 0.06825343126243058
115 57 0.1201316053344638
115 94 0.2003666681944181
115 80 0.04557627494522992
115 81 0.11896946905572539
115 95 0.03108361096424722
115 56 0.20060543789546548
115 68 0.18639226328966443
115 54 0.046813877218692596
115 83 0.14913981289565653
115 82 0.06017226114029209
115 55 0.13790831635695888
115 69 0.1046305109518556
115 51 0.014085621794134223
115 79 0.03554587602146911
115 86 0.024034238562600757
115 92 0.19787958186102314
115 93 0.17706789779669288
115 87 0.11793118197221539
115 78 0.10583359075157732
115 50 0.03578539021304908
115 52 0.5519288591687908
115 46 0.4295756701177222
115 91 0.17130911403270183
115 85 0.15498044957033769
115 84 0.045065088770927936
115 90 0.15972568943549592
115 47 0.21664825270592866
115 53 0.15422307648856853
103 76 0.09667030722627139
103 62 0.1916746479416248
103 89 0.10194193881047069
103 88 0.217694919145833
103 63 0.11226827088750364
103 77 0.06229815876095551
103 49 0.09550092935497924
103 61 0.07860055833054548
103 75 0.0612978405884613
103 74 0.08169942637666384
103 60 0.07206622431775767
103 48 0.09485202693449445
103 64 0.09853430034793718
103 70 0.28253051079564956
103 58 0.6822826372004973
103 59 0.10644795492435087
103 71 0.10266530149844541
103 65 0.06727143972449444
103 73 0.06463877074599489
103 67 0.22421394079025056
103 66 0.3646125926429593
103 72 0.07382523192494797
103 57 0.37855630616713015
103 94 0.240735308902705
103 80 0.10556552212328404
103 81 0.2486131150910055
103 95 0.09669094976118167
103 56 0.18347671879969657
103 68 0.4471111285075988
103 54 0.10667813895774685
103 83 0.08299020237487185
103 82 0.10778822524557971
103 55 0.12943131372856992
103 69 0.3206572753117969
103 51 0.06793334787754379
103 79 0.10095291622753166
103 86 0.07860807735150452
103 92 0.24526868792905443
103 93 0.222186525988274
103 87 0.22038100267143815
103 78 0.24386248068553285
103 50 0.09857072181934765
103 52 0.06327024585889562
103 46 0.1379554981094465
103 91 0.2261585982900488
103 85 0.20582166484135378
103 84 0.06921808271378473
103 90 0.21089191095113152
103 47 0.1349232762786845
103 53 0.07168242058401655
117 76 0.11868103649042429
117 62 0.22908448454764901
117 89 0.05010732262799725
117 88 0.1799189943984641
117 63 0.0724973813775287
117 77 0.25605375759578025
117 49 0.15163960086198966
117 61 0.07506064837886568
117 75 0.5150511209505868
117 74 0.2626308912662578
117 60 0.023781870031819835
117 48 0.3432517672511691
117 64 0.1319428498258035
117 70 0.24313196190036804
117 58 0.5366215524847595
117 59 0.03911722025810646
117 71 0.08764159772369348
117 65 0.022521283725383784
117 73 0.29655911360226805
117 67 0.1705820699278509
117 66 0.10684215737880387
117 72 0.09547685078144921
117 57 0.26021770261231336
117 94 0.23534925088354827
117 80 0.09037943627317666
117 81 0.24121975760547684
117 95 0.08174004400133403
117 56 0.2572005311493007
117 68 0.31869679887296565
117 54 0.06618702171416221
117 83 0.5125613978572952
117 82 0.0799273320346959
117 55 0.15423846110415557
117 69 0.263988729929661
117 51 0.09039545864985146
117 79 0.31038384951555903
117 86 0.029309787623883143
117 92 0.2355804952287004
117 93 0.2138095574849445
117 87 0.2604667516986625
117 78 0.269676378295732
117 50 0.04337494255190738
117 52 0.01659436648049098
117 46 0.27571906317132344
117 91 0.23539032320728587
117 85 0.21772056808816004
117 84 0.09024694454953129
117 90 0.2222705513268744
117 47 0.08732617484545198
117 53 0.04273126058427679
116 76 0.18002662883642276
116 62 0.24483244479957406
116 89 0.1887022844082718
116 88 0.43327018411049945
116 63 0.1718106213097747
116 77 0.0885956853806868
116 49 0.13175640820200535
116 61 0.15556893879412959
116 75 0.08634328665435935
116 74 0.11461575170377755
116 60 0.09814710599916475
116 48 0.13732898694229626
116 64 0.14926842696254664
116 70 0.47391529750777134
116 58 0.6314431481991074
116 59 0.16994059783219156
116 71 0.13808217741702
116 65 0.092569762989036
116 73 0.09116742632111721
116 67 0.40007499759968745
116 66 0.3880389568822654
116 72 0.10496306879096201
116 57 0.511847550229138
116 94 0.5245379294689724
116 80 0.1415217699393868
116 81 0.3470338101673743
116 95 0.1535210589594266
116 56 0.3768372418126782
116 68 0.6481425127629614
116 54 0.16243935340935445
116 83 0.2717497322021175
116 82 0.3130182238458835
116 55 0.2690060267260087
116 69 0.4671401229617121
116 51 0.08877781911942978
116 79 0.16091315796255315
116 86 0.10425529454259953
116 92 0.5352936811518934
116 93 0.46664161231651996
116 87 0.4206864148537611
116 78 0.407325940888577
116 50 0.13008505388029099
116 52 0.08308729544578837
116 46 0.36086882583900026
116 91 0.4636276415255966
116 85 0.447634556418721
116 84 0.13590388145569599
116 90 0.4553721368470587
116 47 0.2094838843069537
116 53 0.09902975870537013
102 76 0.02629171443783046
102 62 0.10215190143688022
102 89 0.04089475041654833
102 88 0.11299258601261418
102 63 0.05928140086305295
102 77 0.020132582609340394
102 49 0.04116097280492262
102 61 0.021867722120862826
102 75 0.017144636435249078
102 74 0.031419002189522705
102 60 0.020605889150548645
102 48 0.04277006178648507
102 64 0.04697306745600635
102 70 0.1513170852783594
102 58 0.41740798241566507
102 59 0.03500560584162571
102 71 0.053377225303952475
102 65 0.019676309701025935
102 73 0.018919741722864564
102 67 0.11755411402301844
102 66 0.08882498401660208
102 72 0.024842716884570293
102 57 0.2213795146691643
102 94 0.12996418268602122
102 80 0.05606488272989807
102 81 0.13159720572093403
102 95 0.035747733490269246
102 56 0.08676606178717274
102 68 0.2346394284813804
102 54 0.053530463791827965
102 83 0.032143813842377356
102 82 0.05061284566836949
102 55 0.0615142342641479
102 69 0.1738923688227312
102 51 0.020340301200298894
102 79 0.039077728416252316
102 86 0.028723775756731712
102 92 0.12568311824208123
102 93 0.11371890354991233
102 87 0.11613854352168133
102 78 0.1221903119467703
102 50 0.039889070464181026
102 52 0.012932876714558533
102 46 0.07253781269564712
102 91 0.11427616718893095
102 85 0.1037235032935348
102 84 0.022929915229723014
102 90 0.10610119362339931
102 47 0.07173451226365948
102 53 0.023706474741649747
106 76 0.07231758074822559
106 62 0.12585660729526607
106 89 0.06061948033036088
106 88 0.15480252708991185
106 63 0.07823178366424993
106 77 0.028217565045103116
106 49 0.056563138881955854
106 61 0.039231187951558694
106 75 0.027900567630742057
106 74 0.042437071385423714
106 60 0.035434177138587125
106 48 0.05819704280409868
106 64 0.06372105932670946
106 70 0.19188111252300313
106 58 0.4668051069882441
106 59 0.05876592760105648
106 71 0.06374476057467104
106 65 0.031609801529855625
106 73 0.030696628064677794
106 67 0.15390639794134808
106 66 0.1302635149136554
106 72 0.08754476405176173
106 57 0.2628247291388788
106 94 0.17184734609906654
106 80 0.06608612177979833
106 81 0.16908705093454313
106 95 0.05456708205515359
106 56 0.1356279970820472
106 68 0.2959995081881375
106 54 0.07124355508968015
106 83 0.04642403330869632
106 82 0.09938951875763816
106 55 0.15231025842533197
106 69 0.22120321209638477
106 51 0.031398416464303774
106 79 0.056110037974258675
106 86 0.041163261089964015
106 92 0.17192403793924893
106 93 0.15457952159230495
106 87 0.1563201048813061
106 78 0.16613872641371705
106 50 0.05670001813474629
106 52 0.02579988289870544
106 46 0.09561372308181086
106 91 0.15593352519004874
106 85 0.13948002978873064
106 84 0.0363298606901262
106 90 0.14363734660022295
106 47 0.0943995899362258
106 53 0.036955297796563286
112 76 0.09170501212471861
112 62 0.18293341207064115
112 89 0.1076393252227283
112 88 0.23413649716955814
112 63 0.12882942096331845
112 77 0.05830402139187041
112 49 0.09665508266014305
112 61 0.07610381699681278
112 75 0.06359504726004217
112 74 0.08759158850999121
112 60 0.07163416112078999
112 48 0.09989395438975134
112 64 0.10903655572185783
112 70 0.273680260261732
112 58 0.5877565465283645
112 59 0.10551615052543503
112 71 0.1088059536776763
112 65 0.06804063214291295
112 73 0.06593125983057382
112 67 0.22568053933044996
112 66 0.19752671954583595
112 72 0.07979096853562133
112 57 0.34576198307373984
112 94 0.250474326769194
112 80 0.11116193511290287
112 81 0.24678367859443454
112 95 0.10120625682212307
112 56 0.21633912806304464
112 68 0.4045584360717203
112 54 0.11942370264072098
112 83 0.08678337404745459
112 82 0.11450270970987
112 55 0.2894901583793426
112 69 0.31572018371517707
112 51 0.06510499792198776
112 79 0.10157000340499402
112 86 0.07473152246189313
112 92 0.2567848707702846
112 93 0.2338906670229936
112 87 0.237035302416624
112 78 0.2501638446539852
112 50 0.09808381897159806
112 52 0.05955763029316427
112 46 0.15313033087038116
112 91 0.2336307152664092
112 85 0.21634104253900144
112 84 0.07557858954011624
112 90 0.21924893883290264
112 47 0.14754608321006188
112 53 0.07136021623137787
113 76 0.11129347595694077
113 62 0.22291844817315973
113 89 0.20120881371453067
113 88 0.4934540574020153
113 63 0.1784130303818253
113 77 0.11992759568516356
113 49 0.12430939796743556
113 61 0.0885182150739964
113 75 0.07547036903840997
113 74 0.11667887023063944
113 60 0.08598453200949958
113 48 0.13508942273705085
113 64 0.1516993729510237
113 70 0.41087184183902986
113 58 0.5325616162834468
113 59 0.11592165623058844
113 71 0.13566276428599647
113 65 0.08171056976921731
113 73 0.0805489974274865
113 67 0.4419461668211011
113 66 0.37067052190555544
113 72 0.12005863482761879
113 57 0.4599137995113555
113 94 0.621787036706684
113 80 0.14014353613719566
113 81 0.3690725092167695
113 95 0.16405918867055896
113 56 0.41102475477792155
113 68 0.7398690005358229
113 54 0.16703794409373388
113 83 0.22786601118250072
113 82 0.14989796273557224
113 55 0.2501651196919754
113 69 0.4919210701893121
113 51 0.07863759990460904
113 79 0.17611921197858368
113 86 0.09615793762835251
113 92 0.6275345093762623
113 93 0.5413095719249048
113 87 0.4727175072656589
113 78 0.44526666913604723
113 50 0.11889365883384137
113 52 0.06527615862424449
113 46 0.3492138529137895
113 91 0.5350945818403565
113 85 0.523389396460386
113 84 0.11656867981964446
113 90 0.5325045032584467
113 47 0.2207616997618763
113 53 0.08845886210705699
107 76 0.029485708991829562
107 62 0.03682333354132519
107 89 0.029714702263196724
107 88 0.09558156259127455
107 63 0.031552096556757
107 77 0.007355305949346608
107 49 0.028942449548685023
107 61 0.01887752435502385
107 75 0.007489003965770347
107 74 0.015870169270474493
107 60 0.014954200802412665
107 48 0.025249259781902234
107 64 0.025524095239759986
107 70 0.07625094302906693
107 58 0.0654795594760049
107 59 0.03396765774367275
107 71 0.034145660801068234
107 65 0.011611342305531042
107 73 0.009708594960657319
107 67 0.13363755631236113
107 66 0.20562352329421998
107 72 0.012752241227423605
107 57 0.14870849532218755
107 94 0.10635461709236084
107 80 0.03631771980126336
107 81 0.07422210121806204
107 95 0.029101943083341297
107 56 0.44071010762223595
107 68 0.44605831656724615
107 54 0.02919331829560512
107 83 0.020183777449753332
107 82 0.030741496883550545
107 55 0.03856141718141526
107 69 0.09065790267543337
107 51 0.012958800941320459
107 79 0.02827549044523875
107 86 0.02048883491030315
107 92 0.10860228398531471
107 93 0.097432920696342
107 87 0.0951401757913849
107 78 0.09165027678961954
107 50 0.031604946286778124
107 52 0.009573858252002104
107 46 0.046216064275514945
107 91 0.10088722985210463
107 85 0.08506947643394394
107 84 0.01054054844243818
107 90 0.08849371543520088
107 47 0.046103761877663435
107 53 0.015549891455602788
139 76 0.10691508083119879
139 62 0.0873635295482332
139 89 0.09696788685053943
139 88 0.24982163321937348
139 63 0.08594090959339955
139 77 0.04020819286722735
139 49 0.06870783540674497
139 61 0.08134942746427705
139 75 0.034563133727390616
139 74 0.05752195710686292
139 60 0.04462541158654795
139 48 0.06860993909582136
139 64 0.07297033169784224
139 70 0.2381393091853559
139 58 0.13362295637235308
139 59 0.12473765223878015
139 71 0.07207663903044595
139 65 0.037745561566853714
139 73 0.038478573221713885
139 67 0.22327697578480482
139 66 0.3051384184711868
139 72 0.04676734085689899
139 57 0.23662945939301927
139 94 0.35786240955873083
139 80 0.07501717242495601
139 81 0.18230504901888026
139 95 0.07878601594521621
139 56 0.16722373882482117
139 68 0.3636739037567799
139 54 0.11065386636231793
139 83 0.06867744602647151
139 82 0.123959901373087
139 55 0.09884313733309555
139 69 0.21840579168802055
139 51 0.04054627551590048
139 79 0.09202472500268397
139 86 0.0526359592297696
139 92 0.3634054220407885
139 93 0.3150217105620141
139 87 0.249110395389473
139 78 0.22090896537287716
139 50 0.0678756544592274
139 52 0.036144159186148744
139 46 0.13749167014397307
139 91 0.3107448023450629
139 85 0.2936351103280773
139 84 0.0433951266734402
139 90 0.3000682441440704
139 47 0.11298278077709263
139 53 0.047148407077141435
111 76 0.19835242550287666
111 62 0.29834491343528713
111 89 0.23992208372321797
111 88 0.5044446431244437
111 63 0.22725811465223514
111 77 0.12215262395392475
111 49 0.1861380197703356
111 61 0.1656893101363165
111 75 0.13230491628104718
111 74 0.17156121912129085
111 60 0.15273330209553942
111 48 0.18860877107076346
111 64 0.1991604057856715
111 70 0.5233621945580815
111 58 0.6457817874570901
111 59 0.2222854518700427
111 71 0.18879663543949174
111 65 0.14397193905437988
111 73 0.13830884964153325
111 67 0.4835799111598162
111 66 0.466163732126657
111 72 0.15769192210613425
111 57 0.5331065195204888
111 94 0.5747925935258895
111 80 0.19105227703813618
111 81 0.4292122221255196
111 95 0.21566122891816536
111 56 0.4017042319152959
111 68 0.8153688024213439
111 54 0.21332782916513437
111 83 0.17001701381382817
111 82 0.21018410509725408
111 55 0.37694335448412486
111 69 0.6496944993208134
111 51 0.1367932840039714
111 79 0.2474126541120097
111 86 0.15245178966022663
111 92 0.6007939367746982
111 93 0.5288139167226966
111 87 0.5057673795010709
111 78 0.6293042627336294
111 50 0.19004771117860386
111 52 0.13816849884603258
111 46 0.2912048141226774
111 91 0.5257949177311374
111 85 0.5073513499373937
111 84 0.15152554262017756
111 90 0.5118708492870323
111 47 0.26820669240301365
111 53 0.1444207980091619
105 76 0.09962306034242482
105 62 0.12670024924769754
105 89 0.0924330756673619
105 88 0.20487565999560509
105 63 0.10643752536360311
105 77 0.06103296993092602
105 49 0.18774321045359627
105 61 0.07622022869659166
105 75 0.05518983413688236
105 74 0.08062581623739791
105 60 0.06887789148583591
105 48 0.11991269191749228
105 64 0.09203047242978592
105 70 0.1763235560183703
105 58 0.16276427561446746
105 59 0.10178783582271429
105 71 0.33599561219266527
105 65 0.05974701538221899
105 73 0.059470535506230965
105 67 0.29386151500340524
105 66 0.25197107742442415
105 72 0.06726226525379347
105 57 0.3870386533347251
105 94 0.23367070152383593
105 80 0.36291884455517875
105 81 0.17125342308378633
105 95 0.10417220372586393
105 56 0.3289461855561636
105 68 0.5145042636173447
105 54 0.09863644795730507
105 83 0.20307632223059044
105 82 0.10323546805975421
105 55 0.10334222551777487
105 69 0.240863741470409
105 51 0.10971944060961923
105 79 0.0917146980791491
105 86 0.16336565024739724
105 92 0.23118966799748264
105 93 0.20859815065625337
105 87 0.2051430276229088
105 78 0.2565804475455799
105 50 0.18724696015733455
105 52 0.058991137140339406
105 46 0.12949220750407855
105 91 0.21261937146002904
105 85 0.19341465403521574
105 84 0.0642983872228454
105 90 0.19732495773605394
105 47 0.13012802495412995
105 53 0.07082468435757974
104 76 0.03929121692133458
104 62 0.1668227108414325
104 89 0.06219579184193591
104 88 0.15711181703537644
104 63 0.08835829415681759
104 77 0.030678864632993352
104 49 0.05635880535912863
104 61 0.03309284275755575
104 75 0.029653683032554307
104 74 0.04855585264699647
104 60 0.03288087289752775
104 48 0.06250224424369366
104 64 0.07099851762267571
104 70 0.23587558341153692
104 58 0.727262342463481
104 59 0.047851682705389254
104 71 0.06914327756313403
104 65 0.03403798378065484
104 73 0.031741692281164996
104 67 0.1650069501930222
104 66 0.11974441357972648
104 72 0.040508079552445425
104 57 0.3439759368705688
104 94 0.17534322289204504
104 80 0.07195981123415864
104 81 0.20185626399478246
104 95 0.05090928259242494
104 56 0.140718784514273
104 68 0.34723621416479955
104 54 0.08070424744835175
104 83 0.04837406798834651
104 82 0.07525680187812898
104 55 0.1547992974141732
104 69 0.27152518195077147
104 51 0.03129043908196791
104 79 0.05646897887516711
104 86 0.04106093415504117
104 92 0.17112186543958705
104 93 0.15709397025283484
104 87 0.16173621040570169
104 78 0.1758467142015732
104 50 0.055504612033261236
104 52 0.02107158816685606
104 46 0.10435018431369819
104 91 0.15733891833964048
104 85 0.14048248632182872
104 84 0.03734886159987255
104 90 0.1458184967793598
104 47 0.1029240094025956
104 53 0.03686436045291072
110 76 0.056956538791700845
110 62 0.16788860454493032
110 89 0.19145659622048294
110 88 0.347304806431175
110 63 0.09570587154269329
110 77 0.19511190915325785
110 49 0.08799739347974551
110 61 0.03767030190381088
110 75 0.03214953266342799
110 74 0.0803810140040484
110 60 0.09294951726356461
110 48 0.09981193386868786
110 64 0.07704276927569631
110 70 0.2601588033966829
110 58 0.3903453109675503
110 59 0.055565430715261155
110 71 0.20053007311251397
110 65 0.03408898254167597
110 73 0.03363309908406367
110 67 0.2456868933003091
110 66 0.18564089613969845
110 72 0.1349962717587379
110 57 0.31545659575615503
110 94 0.35192199173351857
110 80 0.20449650170361378
110 81 0.2818881015074305
110 95 0.10741648637563456
110 56 0.20726844693705615
110 68 0.4681340502244506
110 54 0.11766506291994655
110 83 0.0528119017840116
110 82 0.17045819784855595
110 55 0.16135898155320283
110 69 0.44050563339798954
110 51 0.03274010369037575
110 79 0.16792681499466305
110 86 0.041783240475072286
110 92 0.3577852075890263
110 93 0.3997998038623434
110 87 0.3017566188819163
110 78 0.34320642573358817
110 50 0.06016281881865873
110 52 0.022654215712985815
110 46 0.18692820401442137
110 91 0.3254379529300945
110 85 0.31043770454361397
110 84 0.04217998801993522
110 90 0.31572647108674323
110 47 0.16113248532261396
110 53 0.04899394191433265
138 76 0.15152139267170572
138 62 0.19779787852587874
138 89 0.1632035278646704
138 88 0.3740424340740388
138 63 0.1469889462453829
138 77 0.11928488720996665
138 49 0.12667426226293232
138 61 0.105319113201039
138 75 0.07864223332749763
138 74 0.11733948851628366
138 60 0.09462757327655745
138 48 0.12584422676643112
138 64 0.1315641865048383
138 70 0.33241833922755204
138 58 0.19142198838521512
138 59 0.14076082255959432
138 71 0.12642600430752848
138 65 0.08080875063654495
138 73 0.08432903783543409
138 67 0.36558885757989457
138 66 0.40896490270411257
138 72 0.17238207293924726
138 57 0.3533964738365283
138 94 0.44872189679958535
138 80 0.13006462946316635
138 81 0.2811936414164644
138 95 0.15504418622355745
138 56 0.30689109408815274
138 68 0.6232066886833022
138 54 0.1412403939043289
138 83 0.13176182336115252
138 82 0.1557000318792195
138 55 0.15055599720297122
138 69 0.3480858966931778
138 51 0.08630773436442465
138 79 0.1571715459812473
138 86 0.10146415812588742
138 92 0.45677584860586584
138 93 0.39753492007345786
138 87 0.3838966164553796
138 78 0.35669812257504513
138 50 0.12589312984206716
138 52 0.08191480690192982
138 46 0.2314174779373361
138 91 0.4008568790914134
138 85 0.3768203838001485
138 84 0.09097723240757458
138 90 0.3849903846497088
138 47 0.2194233686015245
138 53 0.15742686774633147
140 76 0.11837665323430992
140 62 0.09519538920509536
140 89 0.08586236894461131
140 88 0.2170455266277645
140 63 0.09553264025643615
140 77 0.0318198888276634
140 49 0.09519318152759008
140 61 0.07193605295438939
140 75 0.03275726437000823
140 74 0.06006813012199538
140 60 0.04237798917894431
140 48 0.058686936382763816
140 64 0.06157447081074313
140 70 0.23638554661104996
140 58 0.14176116022151197
140 59 0.08720018968736615
140 71 0.06368406333738136
140 65 0.03683317338714401
140 73 0.03549483215293253
140 67 0.20839096786549333
140 66 0.27927722569228725
140 72 0.044049563070050146
140 57 0.260869421098579
140 94 0.26191808196556754
140 80 0.06576933154128561
140 81 0.1706531528190784
140 95 0.07350766779900395
140 56 0.13991569333689635
140 68 0.3714810880565393
140 54 0.06751602610697377
140 83 0.04955065271618331
140 82 0.1158717512503312
140 55 0.09695263130928553
140 69 0.26527207748532255
140 51 0.03826180326057557
140 79 0.07435629852910612
140 86 0.04683135120882709
140 92 0.2712103569903615
140 93 0.23421285048110757
140 87 0.21984696491880273
140 78 0.28221687101923015
140 50 0.09767392410443587
140 52 0.034736562977230934
140 46 0.10466844862283033
140 91 0.23623427023641763
140 85 0.22343110573944713
140 84 0.04982552442866367
140 90 0.2276195038528547
140 47 0.1024253681480153
140 53 0.04140089462303145
135 76 0.1100234538529585
135 62 0.27135425927928325
135 89 0.12230561915971477
135 88 0.33361345627838185
135 63 0.14522161636277586
135 77 0.22464258553686525
135 49 0.34916991335666225
135 61 0.06084235417176578
135 75 0.3194906269142795
135 74 0.19148710542780928
135 60 0.05854906385899353
135 48 0.3794435791105963
135 64 0.12097226622191215
135 70 0.2619033999813861
135 58 0.21022380311159639
135 59 0.07551087655494183
135 71 0.2627800745676369
135 65 0.05336051954805962
135 73 0.228379900606698
135 67 0.3614805358170322
135 66 0.2358841046221233
135 72 0.08514085629297534
135 57 0.395733893497515
135 94 0.43443108272161357
135 80 0.2817957888767174
135 81 0.334079443401741
135 95 0.14869020556428142
135 56 0.37110045106835265
135 68 0.5662334503356
135 54 0.16315286931486034
135 83 0.47041113352599395
135 82 0.1261691629444774
135 55 0.13990769658913732
135 69 0.30888754687098885
135 51 0.1489250145665802
135 79 0.22355950758055443
135 86 0.1250129819183446
135 92 0.4187369773475506
135 93 0.36934025111924773
135 87 0.3776767656990878
135 78 0.35025702429736266
135 50 0.15394240315081667
135 52 0.042763511050401964
135 46 0.37387294139164096
135 91 0.37932557553118484
135 85 0.3565673540902258
135 84 0.14690313332253452
135 90 0.36735736457868584
135 47 0.28355461915016045
135 53 0.27023846301619087
121 76 0.11170030911225634
121 62 0.13047576566567262
121 89 0.103032218274254
121 88 0.36744740982824403
121 63 0.15965347703651753
121 77 0.06407141136402231
121 49 0.15615448424952444
121 61 0.03243798559822189
121 75 0.022727702072520978
121 74 0.08418381942110079
121 60 0.07422848322453203
121 48 0.12838252697551633
121 64 0.12258579416680762
121 70 0.22860022009315933
121 58 0.1270406304671685
121 59 0.04611487641705264
121 71 0.3361225624609358
121 65 0.06987266522708176
121 73 0.02615750054131291
121 67 0.3747948936812757
121 66 0.2297423390865161
121 72 0.05747963393107888
121 57 0.4257597827416285
121 94 0.44978202145807866
121 80 0.3651274536657459
121 81 0.16917019660639915
121 95 0.10750850691550988
121 56 0.21925428269867708
121 68 0.48795893510484195
121 54 0.14274188731554954
121 83 0.29723894069018886
121 82 0.0862984630237859
121 55 0.17827892638219964
121 69 0.4114458147506841
121 51 0.09640895584099814
121 79 0.09998793158192006
121 86 0.1324202819298143
121 92 0.5534060765164681
121 93 0.38857321784724075
121 87 0.2932004284441212
121 78 0.5107105197647664
121 50 0.15157039746572423
121 52 0.017735400771694193
121 46 0.17527855356916067
121 91 0.37809413098334216
121 85 0.36662791222516283
121 84 0.03157727672835542
121 90 0.3739835773247483
121 47 0.2269923858558125
121 53 0.047907180038839176
109 76 0.084571662443726
109 62 0.14656548117677087
109 89 0.09782766336475401
109 88 0.2742412131171095
109 63 0.09101380738494787
109 77 0.1629174324437834
109 49 0.08818669385707806
109 61 0.043538233817456334
109 75 0.03557454863061399
109 74 0.10838927524065
109 60 0.04137953739664654
109 48 0.08205281790412365
109 64 0.11592535833018294
109 70 0.2986281693198284
109 58 0.40480697235513596
109 59 0.06611523785593029
109 71 0.07361465664717783
109 65 0.03874422499544666
109 73 0.036891609652908386
109 67 0.26221138732386184
109 66 0.21556638851954693
109 72 0.08529727921609864
109 57 0.3045450023331168
109 94 0.3438427072164839
109 80 0.0756559310036916
109 81 0.2927585503839891
109 95 0.10214654786822834
109 56 0.18195433817468717
109 68 0.4707032612781429
109 54 0.08300073644728867
109 83 0.05430137342922087
109 82 0.0880059699275365
109 55 0.1586269194854818
109 69 0.36003104351223336
109 51 0.03702093369325413
109 79 0.1746324934142614
109 86 0.04388143466974423
109 92 0.3556166318881572
109 93 0.3120070425325365
109 87 0.28087877063538824
109 78 0.36060615691053743
109 50 0.06336509389477835
109 52 0.030606099003617576
109 46 0.18689690265440442
109 91 0.32296653946415704
109 85 0.3090370950830539
109 84 0.43306410235933235
109 90 0.3131825373713032
109 47 0.11251171315760775
109 53 0.05034591067183866
108 76 0.20266845920663876
108 62 0.326742125160191
108 89 0.253306216927797
108 88 0.5449974366566499
108 63 0.25899656511245667
108 77 0.18050134214783875
108 49 0.2027039324908302
108 61 0.16460880359601351
108 75 0.13622596468322026
108 74 0.18494133252910236
108 60 0.15496403700319936
108 48 0.21081743862523963
108 64 0.22429802107228836
108 70 0.5105177221629764
108 58 0.7185099618861934
108 59 0.21347128145393968
108 71 0.20978566694350545
108 65 0.14903671165795374
108 73 0.1443188404335381
108 67 0.499876994464795
108 66 0.45339739720853034
108 72 0.1929310418067418
108 57 0.6080996822377351
108 94 0.6377061087584964
108 80 0.21435427681498978
108 81 0.5002660839813925
108 95 0.23275673162539912
108 56 0.47922073180988173
108 68 0.8809242940014959
108 54 0.28593491472472976
108 83 0.181553827858388
108 82 0.2347788697933963
108 55 0.3531217569145734
108 69 0.5911344075537176
108 51 0.14302950252154348
108 79 0.2928950696924359
108 86 0.16630489848877644
108 92 0.6470212108228093
108 93 0.570828351716458
108 87 0.5417880140574372
108 78 0.5353695979127364
108 50 0.2001033056213078
108 52 0.1353839445179681
108 46 0.345262308002381
108 91 0.5675616015149888
108 85 0.542876363497714
108 84 0.1558602747815955
108 90 0.552150293397691
108 47 0.3065481815330642
108 53 0.15384015252685002
120 76 0.014369555976760956
120 62 0.15597112291013007
120 89 0.06489241910109336
120 88 0.20591748389415976
120 63 0.051694733503194285
120 77 0.2270330309701421
120 49 0.03212089480411415
120 61 0.012102745254769731
120 75 0.03872695009667146
120 74 0.02249872088301308
120 60 0.0117192694683321
120 48 0.03402776743926772
120 64 0.03972746970115587
120 70 0.13907652095459933
120 58 0.08613274169308535
120 59 0.022987867466905454
120 71 0.04414393930686783
120 65 0.008021975297285683
120 73 0.0077814909478599315
120 67 0.17927904066431127
120 66 0.14724018749840595
120 72 0.012046744101566226
120 57 0.13652740216572512
120 94 0.2733938430710369
120 80 0.04723472337311596
120 81 0.1173473104301452
120 95 0.04210656078547817
120 56 0.1258975940932518
120 68 0.2573661953878636
120 54 0.04648784187029342
120 83 0.03932768932527428
120 82 0.039701238842529796
120 55 0.23380507233002173
120 69 0.16648434635864295
120 51 0.04297053305805565
120 79 0.04671865252873056
120 86 0.019360528563306972
120 92 0.2731785800028973
120 93 0.23286999693363705
120 87 0.23544748277162741
120 78 0.21342171022876075
120 50 0.08456943056285393
120 52 0.0
120 46 0.0872748144394458
120 91 0.23174595225124528
120 85 0.22460323286334027
120 84 0.08294184049432228
120 90 0.22950036111698305
120 47 0.11363462922716196
120 53 0.32745995859004584
134 76 0.08159244407196209
134 62 0.18099138167934659
134 89 0.06894391482566548
134 88 0.18123401000461958
134 63 0.10531593533340142
134 77 0.04947783391146596
134 49 0.30418307806597344
134 61 0.0421570973289456
134 75 0.31062497250192517
134 74 0.11898892715065701
134 60 0.040749810678203296
134 48 0.2900687640835778
134 64 0.0858978884678813
134 70 0.16501791397113877
134 58 0.16502018948536992
134 59 0.0516417733198436
134 71 0.3818616600577067
134 65 0.035623377855094146
134 73 0.21450153751924575
134 67 0.28799559933254687
134 66 0.1403867462072423
134 72 0.04677944933480355
134 57 0.35796656908305774
134 94 0.22058895887045246
134 80 0.4142419090258458
134 81 0.1553530749288752
134 95 0.07044075302065908
134 56 0.1539056007312087
134 68 0.40923157396358356
134 54 0.12569333039016314
134 83 0.2888121167159332
134 82 0.09422482893300373
134 55 0.22001249069749731
134 69 0.21164316573417385
134 51 0.13027136511505352
134 79 0.07305830957207253
134 86 0.15503561622447426
134 92 0.201353539792421
134 93 0.1846483726718025
134 87 0.23727923415627827
134 78 0.20744508808201642
134 50 0.17633721299425045
134 52 0.42594675516066116
134 46 0.21593916302243352
134 91 0.1854459293745959
134 85 0.1646785863098131
134 84 0.09044986806986513
134 90 0.17281049574759108
134 47 0.22801917542867042
134 53 0.34720090421269345
122 76 0.06757701072416962
122 62 0.1285695912660152
122 89 0.11273757363688569
122 88 0.2998084845272995
122 63 0.10553320139810705
122 77 0.0465436961923259
122 49 0.24718382895878102
122 61 0.044988541902436535
122 75 0.034693020470700386
122 74 0.07635356818835867
122 60 0.043869619631225876
122 48 0.13173110203374144
122 64 0.08474082059393341
122 70 0.21271295770998008
122 58 0.14870877711692176
122 59 0.058981148201646766
122 71 0.5232746618594535
122 65 0.037999784590220353
122 73 0.03843017976435209
122 67 0.45458434266785036
122 66 0.2249283147404605
122 72 0.045056402938742524
122 57 0.48999112605818274
122 94 0.3921025718059821
122 80 0.5715745237319501
122 81 0.1861854330179651
122 95 0.10534321095665015
122 56 0.18824770225867937
122 68 0.5756201497183282
122 54 0.09441509890728411
122 83 0.29485485408075723
122 82 0.09027217776892663
122 55 0.10471781990685432
122 69 0.3269011769837872
122 51 0.12714050445447417
122 79 0.0886992146073972
122 86 0.21758917836215289
122 92 0.3853687181804633
122 93 0.33290231467184356
122 87 0.28920153345728905
122 78 0.3533688393077232
122 50 0.24159312927717413
122 52 0.02781824768023103
122 46 0.14940616747993818
122 91 0.33145708963491727
122 85 0.7327227314272082
122 84 0.044449947658216166
122 90 0.32887157742797885
122 47 0.13448788368804646
122 53 0.05067783162991005
136 76 0.05177571980930096
136 62 0.13230007089051027
136 89 0.05163262042592934
136 88 0.18122614227264913
136 63 0.0794890226790759
136 77 0.2531924648062439
136 49 0.16690142701254365
136 61 0.07077798273538219
136 75 0.018642522119905997
136 74 0.1177973028645659
136 60 0.027184623854546536
136 48 0.17512564975255007
136 64 0.06200523612039413
136 70 0.17320730227239078
136 58 0.1443932044079577
136 59 0.04769011836691109
136 71 0.05808023910216642
136 65 0.02500632263773911
136 73 0.023271429474598815
136 67 0.1562969728527449
136 66 0.12265001706633148
136 72 0.05960309660327712
136 57 0.23972069390568218
136 94 0.23428474378050546
136 80 0.061187896959199295
136 81 0.3521305114746455
136 95 0.09096061602044507
136 56 0.2360085020903381
136 68 0.34780235759002676
136 54 0.11282666988038068
136 83 0.039816251286965226
136 82 0.06810247564876867
136 55 0.07867746952489375
136 69 0.15045269800195063
136 51 0.024908857984220795
136 79 0.37175246857995337
136 86 0.038548993868445125
136 92 0.229868541220807
136 93 0.20570872455889475
136 87 0.19050143651549703
136 78 0.2054405327158914
136 50 0.05020529189277351
136 52 0.017469565304910617
136 46 0.19795994751199833
136 91 0.22476973196422229
136 85 0.20350260560615946
136 84 0.04689910921208881
136 90 0.20946867135623604
136 47 0.23816957025921653
136 53 0.042072711345914726
137 76 0.21667205690980398
137 62 0.21739266351250358
137 89 0.2001543912077032
137 88 0.4186656140625765
137 63 0.16868673971280146
137 77 0.10315376490839484
137 49 0.16093328973319085
137 61 0.15874877310190705
137 75 0.1095013292648387
137 74 0.13753453666536875
137 60 0.13874204892043684
137 48 0.15328950899806743
137 64 0.1536514650709921
137 70 0.35041539742136973
137 58 0.23981056602019524
137 59 0.21897429824013248
137 71 0.1467723505514379
137 65 0.12293767686745931
137 73 0.11733132646940359
137 67 0.37814128035731015
137 66 0.47550929776825107
137 72 0.12927082446663005
137 57 0.39341857362093635
137 94 0.4789897710200401
137 80 0.14800327803027233
137 81 0.33092013196284925
137 95 0.19067525055924425
137 56 0.3366368204097243
137 68 0.6218902832657989
137 54 0.16056682293642924
137 83 0.14115484976200812
137 82 0.1680022725972453
137 55 0.19563199782554103
137 69 0.40247330122394115
137 51 0.12136945510733956
137 79 0.23744147838506258
137 86 0.13602468592363937
137 92 0.5100367978941367
137 93 0.4412538942228309
137 87 0.39927976980344615
137 78 0.4145673095405054
137 50 0.16757089621247712
137 52 0.13342973041341666
137 46 0.2270575930352395
137 91 0.44306012475467954
137 85 0.4284632759538449
137 84 0.12412842305966439
137 90 0.43064595676891837
137 47 0.20971790365529724
137 53 0.12322226635840201
123 76 0.06385131188634233
123 62 0.12430617232281706
123 89 0.10365290319132688
123 88 0.27529752173222716
123 63 0.10904602211495543
123 77 0.05529891084461577
123 49 0.2055520339049632
123 61 0.04923685087599272
123 75 0.03864754424406833
123 74 0.06807144372007293
123 60 0.04748734011082814
123 48 0.12323325477353043
123 64 0.09085852984170391
123 70 0.20124224987670336
123 58 0.15668147685856348
123 59 0.06001048834840281
123 71 0.40880127283373724
123 65 0.04074481158453239
123 73 0.04275384960248513
123 67 0.383041535381917
123 66 0.20866417899596845
123 72 0.0506869222845463
123 57 0.4602402186907045
123 94 0.7292533760055236
123 80 0.4452229844083845
123 81 0.17709329539581403
123 95 0.09628936031872723
123 56 0.21310118243852447
123 68 0.49692835926262147
123 54 0.10083763762328041
123 83 0.23272428873717843
123 82 0.09931227080555309
123 55 0.10069000239576373
123 69 0.28575066093594076
123 51 0.1067206973150585
123 79 0.0847629701981506
123 86 0.17683373591376303
123 92 0.3421197757993577
123 93 0.3002245073624448
123 87 0.2710171214277039
123 78 0.3452440989025739
123 50 0.19918383554567717
123 52 0.03119621007699644
123 46 0.14930678087071933
123 91 0.30214375101858104
123 85 0.28084555275742223
123 84 0.04936449779091809
123 90 0.2909958783348755
123 47 0.14096387596740415
123 53 0.05799692366370743
127 76 0.22678141743714614
127 62 0.2591415540406041
127 89 0.23526022921572676
127 88 0.5299331996469181
127 63 0.21953141316060645
127 77 0.18349610880740785
127 49 0.2889565476918166
127 61 0.14873901057287017
127 75 0.11683961942584523
127 74 0.18036276172487567
127 60 0.13823946668641177
127 48 0.2181819157932127
127 64 0.192184924706893
127 70 0.4221924592035287
127 58 0.3003032482258221
127 59 0.1910690904792153
127 71 0.45597182310010603
127 65 0.12444689056283936
127 73 0.12456202648917925
127 67 0.5756510395883078
127 66 0.44224876984692973
127 72 0.17971626360914889
127 57 0.6218676233976179
127 94 0.6449393087710805
127 80 0.4880069055539262
127 81 0.431012625070881
127 95 0.2376717847165093
127 56 0.4498511400594743
127 68 0.938949861096443
127 54 0.2637490884963566
127 83 0.17883676918113772
127 82 0.20654525955826553
127 55 0.2430357326412503
127 69 0.5096997648665367
127 51 0.31232101803252876
127 79 0.29148124673580433
127 86 0.2502933567721218
127 92 0.6494099598982057
127 93 0.5673125896983147
127 87 0.5849611168571395
127 78 0.515482817446399
127 50 0.4584079180152005
127 52 0.11999330347209046
127 46 0.366504753462055
127 91 0.5701181768646046
127 85 0.5406331879956289
127 84 0.13358572349956604
127 90 0.5521053034480341
127 47 0.27335825810650605
127 53 0.14077354548454693
133 76 0.03286297120220427
133 62 0.2940814791296572
133 89 0.0700965759878528
133 88 0.22941358145042312
133 63 0.12689827521577624
133 77 0.2488070757272863
133 49 0.4204729903121194
133 61 0.08099904200711186
133 75 0.029593327106012035
133 74 0.1454921803300641
133 60 0.03767851335594277
133 48 0.2885281134829919
133 64 0.09888884514206778
133 70 0.20759651334770723
133 58 0.20019662035442537
133 59 0.04754963125886677
133 71 0.30267232565543944
133 65 0.03809227471552365
133 73 0.07227931212011054
133 67 0.30505457702089783
133 66 0.1441671828539856
133 72 0.04206410167604638
133 57 0.43570166737756355
133 94 0.30440777482964754
133 80 0.3293721560683962
133 81 0.2810183720292454
133 95 0.0976701310193693
133 56 0.23415000175289055
133 68 0.4357076269334123
133 54 0.1576865203915235
133 83 0.12476781008126347
133 82 0.22204606709606103
133 55 0.1210130159890927
133 69 0.1762822050380885
133 51 0.07769838244843688
133 79 0.3601909310211622
133 86 0.1365260229144497
133 92 0.28127938536767927
133 93 0.255491478366699
133 87 0.24088631220375362
133 78 0.23167465482274083
133 50 0.15209194362363093
133 52 0.020775340385756097
133 46 0.16220373843581115
133 91 0.2734306028318036
133 85 0.2478645718194978
133 84 0.13321239811306038
133 90 0.2577621689438887
133 47 0.3160842099746648
133 53 0.36724493147002757
132 76 0.14566974138899444
132 62 0.21325978493924685
132 89 0.23912934018542084
132 88 0.5847695023354533
132 63 0.20994054459598865
132 77 0.15432405482986108
132 49 0.1553292005160795
132 61 0.10843780807166663
132 75 0.08962666869450554
132 74 0.14086464600393714
132 60 0.10318684611818776
132 48 0.16514587062181715
132 64 0.18030858402742114
132 70 0.43173826215504063
132 58 0.2705028548670566
132 59 0.1367075058836462
132 71 0.16260447009164072
132 65 0.09454879316202498
132 73 0.0977330155716265
132 67 0.5137107870229144
132 66 0.4432134804687518
132 72 0.1442545781345663
132 57 0.4463286458556397
132 94 0.8217218326441064
132 80 0.16854432235362443
132 81 0.408352027165155
132 95 0.19400740935255337
132 56 0.45907525273643845
132 68 0.8236747890628285
132 54 0.24475121665927363
132 83 0.2774440119702374
132 82 0.18407536144146566
132 55 0.2199530216202268
132 69 0.5020529137891557
132 51 0.09519943021367094
132 79 0.22517193719323997
132 86 0.12046666885333589
132 92 0.8235877030523487
132 93 0.7111458840763761
132 87 0.5706943389329886
132 78 0.5047442583982267
132 50 0.14409848165551414
132 52 0.08371303771045087
132 46 0.4405090133780747
132 91 0.6960519622077223
132 85 0.6752100687694189
132 84 0.14037222353309736
132 90 0.6888427662481655
132 47 0.266069810966204
132 53 0.11221983200992049
126 76 0.07330279415339198
126 62 0.12422689439753323
126 89 0.11967556997766235
126 88 0.3238314856712124
126 63 0.09942028062151508
126 77 0.04716700979457189
126 49 0.1855036664189474
126 61 0.046375824830651474
126 75 0.033571617999945985
126 74 0.08079389508381879
126 60 0.045583756795735814
126 48 0.10917311591885415
126 64 0.08186715642210098
126 70 0.2258797294513672
126 58 0.14434514862712244
126 59 0.05755261022705793
126 71 0.37334413738001737
126 65 0.03769992143751005
126 73 0.03690122373548327
126 67 0.42554877515082995
126 66 0.2424137596135324
126 72 0.04488571792050383
126 57 0.4138354202228225
126 94 0.5540634539453279
126 80 0.40644963134709516
126 81 0.18984561403615874
126 95 0.09824489985087058
126 56 0.20053637425440873
126 68 0.5305608209397208
126 54 0.09042879792441333
126 83 0.33798052966965975
126 82 0.08594714997219698
126 55 0.10585945120989355
126 69 0.34885447562946503
126 51 0.09680950321581548
126 79 0.09161072770274288
126 86 0.15909063444321953
126 92 0.5541737529622013
126 93 0.4819725228466447
126 87 0.3410439078804741
126 78 0.38325395948656704
126 50 0.1822342363328113
126 52 0.02651544069364964
126 46 0.1492761072002646
126 91 0.46551460727901056
126 85 0.4554045181523736
126 84 0.04058692824378868
126 90 0.8225758052179066
126 47 0.12960157560789473
126 53 0.05043076494647622
118 76 0.07986301371739433
118 62 0.24174646745075445
118 89 0.04884430387250868
118 88 0.14674171119775908
118 63 0.11839850648287806
118 77 0.029723049514371075
118 49 0.324032035978857
118 61 0.02125356425353414
118 75 0.018554971029122125
118 74 0.11981196129797138
118 60 0.02264399470011838
118 48 0.18656060248358558
118 64 0.06649211246709115
118 70 0.15698599416966313
118 58 0.37731147667144693
118 59 0.13055674768117376
118 71 0.22394705114654784
118 65 0.021093020066668383
118 73 0.047741533649906076
118 67 0.21814265048899528
118 66 0.10388444035150213
118 72 0.028150813306702827
118 57 0.3812293530783334
118 94 0.175112135745673
118 80 0.24373135125543918
118 81 0.31083292515719313
118 95 0.04674965100436526
118 56 0.29157313025049497
118 68 0.3286166981983917
118 54 0.07658709461520735
118 83 0.16718460917432976
118 82 0.09053256702777876
118 55 0.14756474264691155
118 69 0.18871340524524247
118 51 0.13074920426932918
118 79 0.17160733606983408
118 86 0.09419204880325793
118 92 0.15884438935110418
118 93 0.14657696150409788
118 87 0.20200319744995263
118 78 0.14542632331324273
118 50 0.2607916097343188
118 52 0.009528656551290593
118 46 0.2138373597573513
118 91 0.14849259466164505
118 85 0.12750279596024822
118 84 0.11509355526333423
118 90 0.13488832439237583
118 47 0.34639044361464444
118 53 0.2557849753862068
130 76 0.03800917905313783
130 62 0.0965307247550511
130 89 0.1028416399172938
130 88 0.2879806648115442
130 63 0.08515888474512362
130 77 0.03001253931172515
130 49 0.05502058163685605
130 61 0.03328772829909646
130 75 0.02303695107364384
130 74 0.042601255829910284
130 60 0.03114000250000004
130 48 0.0604265671639872
130 64 0.0705703321821843
130 70 0.21252151039795059
130 58 0.1252830869855605
130 59 0.0498026912616584
130 71 0.06096790452917464
130 65 0.026445844184649514
130 73 0.02646795607537747
130 67 0.24886469394478875
130 66 0.21261096683050906
130 72 0.0321897125992143
130 57 0.18862622249820024
130 94 0.37302491702898477
130 80 0.06397909962437509
130 81 0.19700208744567968
130 95 0.07164225994712746
130 56 0.22690781185852177
130 68 0.37513428113146996
130 54 0.13032892918181768
130 83 0.1983835035049016
130 82 0.06791129124374319
130 55 0.1027854194442066
130 69 0.23557729381602893
130 51 0.026105845103417263
130 79 0.09687228994809799
130 86 0.03758551971865434
130 92 0.37589633025827307
130 93 0.32009204514876194
130 87 0.2871971674594736
130 78 0.23514317249632094
130 50 0.051030807239806436
130 52 0.01856212418068487
130 46 0.2827855968528965
130 91 0.316690335563291
130 85 0.3100684437978207
130 84 0.0668164079755552
130 90 0.31571793881075993
130 47 0.11291558519603412
130 53 0.03225821671924878
124 76 0.06377869823048402
124 62 0.11771956268403841
124 89 0.11289606995441773
124 88 0.31142693666411075
124 63 0.09872312539747147
124 77 0.045438312870700714
124 49 0.16849647645269597
124 61 0.039944525104256556
124 75 0.031596203214387275
124 74 0.0746050383287499
124 60 0.03915793449149721
124 48 0.10524689823803605
124 64 0.08187924266436816
124 70 0.2161524066653287
124 58 0.13704155286596476
124 59 0.052252758527118665
124 71 0.33121107223114266
124 65 0.03163908293319129
124 73 0.034896852164110204
124 67 0.39281617406414765
124 66 0.22709887537770568
124 72 0.04165256308126178
124 57 0.3823513290370544
124 94 0.4086272964508372
124 80 0.36064504908732187
124 81 0.18290811118128386
124 95 0.09609935338327064
124 56 0.1884183511054527
124 68 0.4955102016176611
124 54 0.09171602595816582
124 83 0.3027246326073208
124 82 0.0862840987794448
124 55 0.09834896928716387
124 69 0.32258037008298973
124 51 0.08736419747718543
124 79 0.08643646321301576
124 86 0.1435964130129442
124 92 0.40154405697419265
124 93 0.3460220826776278
124 87 0.3014916619116935
124 78 0.3534449435421062
124 50 0.16340858792225654
124 52 0.023421182659769696
124 46 0.1493841201003865
124 91 1.0
124 85 0.32921146216268143
124 84 0.04025296754284571
124 90 0.33886470236341837
124 47 0.13287593014135457
124 53 0.047529677599745995
125 76 0.07262481862598652
125 62 0.12775611289387961
125 89 0.12355249646599545
125 88 0.3319639168313317
125 63 0.10516875641775196
125 77 0.04626729390263082
125 49 0.18144594841642353
125 61 0.04512206223340326
125 75 0.0357813848796005
125 74 0.08156394800301835
125 60 0.044043510047904744
125 48 0.1122265584925972
125 64 0.08679298290070514
125 70 0.2307736370659423
125 58 0.15117772049335776
125 59 0.05886822174440928
125 71 0.3561856427866016
125 65 0.0393382161826038
125 73 0.03968013735503975
125 67 0.47678533110459553
125 66 0.2446406561286769
125 72 0.045935395214721425
125 57 0.41005054570279403
125 94 0.4338609564589413
125 80 0.38766028082326387
125 81 0.1964217782138398
125 95 0.10295882435725924
125 56 0.299544849792701
125 68 0.6336901688908245
125 54 0.0968042730987924
125 83 0.32985654014688925
125 82 0.0908925831136954
125 55 0.10957878408167876
125 69 0.3492704158281149
125 51 0.09424829265393059
125 79 0.0938992286141932
125 86 0.15554946157124525
125 92 0.4297598927069401
125 93 0.3700681040128302
125 87 0.3179188655705819
125 78 0.381559749236942
125 50 0.17640902656561297
125 52 0.027437101120156793
125 46 0.15730246630219707
125 91 0.3686044454449233
125 85 0.354410576050095
125 84 0.044349828317289314
125 90 0.36328362635961575
125 47 0.13869448613656515
125 53 0.05077964672301896
131 76 0.08455455023082632
131 62 0.20581640295565223
131 89 0.19766877827409016
131 88 0.6056036756666912
131 63 0.17956929780806705
131 77 0.07264195298136303
131 49 0.1169695075472403
131 61 0.07850855255840494
131 75 0.06753528479370816
131 74 0.10467349399626466
131 60 0.07757008553167782
131 48 0.13074048183925674
131 64 0.14912261013762362
131 70 0.4158295600998184
131 58 0.541177538390679
131 59 0.18646601656083117
131 71 0.12942169316409616
131 65 0.07596833927825467
131 73 0.07304697207583513
131 67 0.4417238678542113
131 66 0.3652627912264797
131 72 0.08326899102983562
131 57 0.51634926656841
131 94 0.6323186306565274
131 80 0.13404310190357802
131 81 0.3710154577026554
131 95 0.14305250758517085
131 56 0.2627914826961777
131 68 0.6775351727409646
131 54 0.20729032790639682
131 83 0.10240896068698711
131 82 0.1462257819022248
131 55 0.19959542156634497
131 69 0.47370865741309653
131 51 0.07127088126709791
131 79 0.1712196589427168
131 86 0.09020299995608279
131 92 0.6359426505824939
131 93 0.5466200428161021
131 87 0.5112059464541876
131 78 0.4230066053647498
131 50 0.1105757252563215
131 52 0.05444157779737374
131 46 0.26911789890670074
131 91 0.5390130436502434
131 85 0.5280990397806062
131 84 0.08153612502196153
131 90 0.5375583963834603
131 47 0.22158875471066536
131 53 0.07987723025492952
119 76 0.021950078305462
119 62 0.1266805804573653
119 89 0.03341112356013118
119 88 0.1366924225082211
119 63 0.05072670216984307
119 77 0.16909710279398923
119 49 0.06158598037246085
119 61 0.049151236269116605
119 75 0.008129433691981741
119 74 0.10252496286391755
119 60 0.012929242455139128
119 48 0.05260268518987857
119 64 0.03789230161369275
119 70 0.17650900918813198
119 58 0.38510101398581187
119 59 0.07562113513243633
119 71 0.0370868130514293
119 65 0.01245525057808397
119 73 0.009783751951765729
119 67 0.12596386571846152
119 66 0.08500277985163997
119 72 0.016193331902089464
119 57 0.19408084887280266
119 94 0.17374136262092177
119 80 0.03899611097633646
119 81 0.1505671989200289
119 95 0.05728757762896308
119 56 0.10210938537354887
119 68 0.24197924977509205
119 54 0.04452413676979658
119 83 0.0217823880489125
119 82 0.04036223225093122
119 55 0.112137200528785
119 69 0.15969846125720544
119 51 0.011316731549181752
119 79 0.21600305381536725
119 86 0.01796699903054494
119 92 0.1766797011416377
119 93 0.15931899630031013
119 87 0.1378333309536023
119 78 0.16213380495913948
119 50 0.029649098478404384
119 52 0.005460712794339823
119 46 0.06314738145241638
119 91 0.17588664038737853
119 85 0.15976843547414193
119 84 0.03163615087376931
119 90 0.16327287201179946
119 47 0.0629286546350473
119 53 0.024037740291133564
