114 76 0.22929501818712247
114 62 0.2664771091882134
114 89 0.19004017111455818
114 88 0.30509244133361335
114 63 0.21307809672014133
114 77 0.08730503141967821
114 49 0.15318162300815405
114 61 0.09510860725856099
114 75 0.13523876414784158
114 74 0.30187705489439276
114 60 0.12769150564211199
114 48 0.14195287752416486
114 64 0.1541435852449703
114 70 0.3129283345168813
114 58 0.5619218690457979
114 59 0.1862915988442879
114 71 0.1524840066182144
114 65 0.11256159437346956
114 73 0.12825690336590456
114 67 0.29797469514759894
114 66 0.27427724087695904
114 72 0.18590235933826718
114 57 0.3135129168939959
114 94 0.37029835290188107
114 80 0.1514379823245166
114 81 0.29411230792328114
114 95 0.1730898354497592
114 56 0.2006184059533433
114 68 0.44322240983178474
114 54 0.14787887732247412
114 83 0.1396114454863539
114 82 0.03038045576426468
114 55 0.265762706626177
114 69 0.35162089180701167
114 51 0.12992679176331834
114 79 0.1609708512888769
114 86 0.13505302754054227
114 92 0.38572485216068836
114 93 0.3410503838027914
114 87 0.29966950796952047
114 78 0.2869123574398953
114 50 0.16630712215937116
114 52 0.12210321289581282
114 46 0.18143826505372057
114 91 0.3453961124129023
114 85 0.3692134877233852
114 84 0.08895737538376652
114 90 0.37085178987638145
114 47 0.20645032682387188
114 53 0.15328433691750362
100 76 0.14911656419136765
100 62 0.164531672654192
100 89 0.13205233024145344
100 88 0.15831150092198543
100 63 0.33881972430693935
100 77 0.12133072795147264
100 49 0.28394888601220375
100 61 0.12311295588103613
100 75 0.1301888175801526
100 74 0.15355943776770836
100 60 0.1252401367613017
100 48 0.18969376749349948
100 64 0.20536591032632448
100 70 0.18425866544844768
100 58 0.14940434216720022
100 59 0.14216066922493598
100 71 0.5083249640343838
100 65 0.1260582061610248
100 73 0.10003999426301258
100 67 0.3228415480003242
100 66 0.16963341194553536
100 72 0.11423612797174366
100 57 0.36563735091697913
100 94 0.174484954012088
100 80 0.5361436727321637
100 81 0.15689325047568897
100 95 0.15419127162619842
100 56 0.2193464698294418
100 68 0.3633900686232053
100 54 0.17293554725197857
100 83 0.15395429609907815
100 82 0.13300325869029211
100 55 0.31728714030133875
100 69 0.213688596042802
100 51 0.21034219916805172
100 79 0.11665634711091635
100 86 0.2816040473016938
100 92 0.17778734676202448
100 93 0.1728995122713815
100 87 0.17521387904751118
100 78 0.18975875008390836
100 50 0.31205315285177077
100 52 0.11501343776864588
100 46 0.2279860159955431
100 91 0.1857360878771538
100 85 0.20250372995225158
100 84 0.13466636133686655
100 90 0.18415351367749977
100 47 0.13175727625965525
100 53 0.11626770052199259
128 76 0.18063925160407077
128 62 0.1323838301784485
128 89 0.23961361918529253
128 88 0.4143640500136593
128 63 0.1452068845698244
128 77 0.15491130049736412
128 49 0.14815340828927837
128 61 0.14940798242762415
128 75 0.13320084532327192
128 74 0.12947237106748682
128 60 0.14311468081771672
128 48 0.13830953570588575
128 64 0.15375094344367252
128 70 0.32447181647280604
128 58 0.06880580314171367
128 59 0.12995079078208457
128 71 0.1430029613060598
128 65 0.11036297299167239
128 73 0.15553896530703062
128 67 0.4057174780505898
128 66 0.32013765133255134
128 72 0.16895398910297604
128 57 0.2159416840926131
128 94 0.5597313620833895
128 80 0.14434408936550808
128 81 0.3300707017296314
128 95 0.23809988278799654
128 56 0.33906621389296404
128 68 0.6564499129203457
128 54 0.203284143248245
128 83 0.13318089928438542
128 82 0.10025147508979756
128 55 0.229207512003365
128 69 0.37739045918544856
128 51 0.16920101661862255
128 79 0.24419995189658897
128 86 0.13271894585022667
128 92 0.5733837126467696
128 93 0.5004574881223135
128 87 0.4558260341187011
128 78 0.3787237105522501
128 50 0.19465785961789664
128 52 0.1939026838876823
128 46 0.24586136810824324
128 91 0.4463115295584915
128 85 0.5023692334712707
128 84 0.13623927990958695
128 90 0.5088978265803789
128 47 0.1907954972845228
128 53 0.11623891713157444
129 76 0.10414588267045155
129 62 0.28238506942844427
129 89 0.244895544423172
129 88 0.5007495476596971
129 63 0.1605084988004873
129 77 0.13722642644910973
129 49 0.14367795707859765
129 61 0.14478598843946242
129 75 0.11143780251594428
129 74 0.2060142873148044
129 60 0.10569091826981558
129 48 0.20482986002409215
129 64 0.23166043189808705
129 70 0.38434892380647656
129 58 0.6986326543830156
129 59 0.11182533295148457
129 71 0.1554736407938501
129 65 0.15305715885175492
129 73 0.12074840039099813
129 67 0.48374255340712946
129 66 0.38696068489565416
129 72 0.12095196473058221
129 57 0.625123007042605
129 94 0.6500738444604021
129 80 0.16518705633080724
129 81 0.37732203383627644
129 95 0.21902402708417298
129 56 0.31827805902830036
129 68 0.7127661840744282
129 54 0.29495547647638876
129 83 0.13787571918682298
129 82 0.4072297718354811
129 55 0.19156053929612601
129 69 0.4921455515764548
129 51 0.15829444015802993
129 79 0.1973617673888852
129 86 0.11441925625361038
129 92 0.6677056786373706
129 93 0.5938529927257616
129 87 0.4358526080421844
129 78 0.464971330563941
129 50 0.09421340571769751
129 52 0.13321369743462344
129 46 0.29042533488473665
129 91 0.5770467673106972
129 85 0.5662475745343837
129 84 0.15818459135501584
129 90 0.5712150092168291
129 47 0.23768432720983682
129 53 0.17675184340069983
101 76 0.09071827348228753
101 62 0.19266388426801387
101 89 0.19296919998943574
101 88 0.20861131417104223
101 63 0.13757810108762658
101 77 0.19432302906342036
101 49 0.19608667589892295
101 61 0.14402047996807138
101 75 0.12663956296773826
101 74 0.09697927318581814
101 60 0.12479809068558963
101 48 0.14843686962976865
101 64 0.13562466368472986
101 70 0.13198804733641042
101 58 0.10168920491187447
101 59 0.15349139772599762
101 71 0.25286319024518306
101 65 0.1372698557323308
101 73 0.14213648348293761
101 67 0.23966028163309064
101 66 0.15925814042760833
101 72 0.1096862533124931
101 57 0.281721807974619
101 94 0.22565542475011824
101 80 0.2748980091727658
101 81 0.21140759878008641
101 95 0.0505520712185904
101 56 0.2280488802708518
101 68 0.26608831795520277
101 54 0.10968249375617414
101 83 0.12599628239856592
101 82 0.16501424025332811
101 55 0.1629508433598219
101 69 0.14946079497811757
101 51 0.17443934504566702
101 79 0.22830746385698947
101 86 0.20208875539466745
101 92 0.2302699913120716
101 93 0.21215727710936422
101 87 0.19140058012419237
101 78 0.17693776998099742
101 50 0.2062118149973657
101 52 0.10692129070989076
101 46 0.18917079287786806
101 91 0.2758199223855758
101 85 0.20371558342931462
101 84 0.15516871629941034
101 90 0.208346570059586
101 47 0.07706409158679262
101 53 0.10429109998604735
115 76 0.11599291596470422
115 62 0.09315395187488554
115 89 0.16522494295558113
115 88 0.12144932390915343
115 63 0.08902957317113391
115 77 0.13135665035614158
115 49 0.10189261522042173
115 61 0.13059969658155374
115 75 0.14238701860367609
115 74 0.2506076984818753
115 60 0.12463233146133597
115 48 0.12421682398896662
115 64 0.21381129614791317
115 70 0.09564548322999877
115 58 0.12825651454653542
115 59 0.14995545857773862
115 71 0.14874972251260526
115 65 0.10644715427869758
115 73 0.0821857357604397
115 67 0.14669955434219123
115 66 0.3028272918386691
115 72 0.24037689171649426
115 57 0.12011570352485838
115 94 0.2309665683989066
115 80 0.14750511151243806
115 81 0.12445857172194755
115 95 0.15652242858763654
115 56 0.31284220428647924
115 68 0.19111512278584772
115 54 0.16957627898130617
115 83 0.23273819302324456
115 82 0.15480931130282805
115 55 0.21453953936614836
115 69 0.1430723062782285
115 51 0.172442845121835
115 79 0.14740217130185956
115 86 0.15379281624870578
115 92 0.23304488358339856
115 93 0.2262286067265308
115 87 0.19168193199538908
115 78 0.14232667204888783
115 50 0.12276348243147302
115 52 0.8507950833252366
115 46 0.5844966710368926
115 91 0.20693642309182675
115 85 0.22415753517971584
115 84 0.10796138955080009
115 90 0.22987163450952044
115 47 0.3792726056169433
115 53 0.333671927643671
103 76 0.10782642499667466
103 62 0.250234330681501
103 89 0.14272372109526416
103 88 0.17912493351645886
103 63 0.1623415135700086
103 77 0.16408736731465728
103 49 0.138247410914921
103 61 0.13955482705091155
103 75 0.14019803845713824
103 74 0.13925163267023022
103 60 0.11406498861891289
103 48 0.13806631303703581
103 64 0.15312610571583213
103 70 0.29448805358810903
103 58 0.8399301959036573
103 59 0.14194386352854993
103 71 0.1430426919281132
103 65 0.15173794687018238
103 73 0.14703373034991413
103 67 0.2222759480059811
103 66 0.3568380550147338
103 72 0.1410990217821475
103 57 0.3725506949541396
103 94 0.22706374278826175
103 80 0.1437022147902959
103 81 0.2585571864208003
103 95 0.16099868480868135
103 56 0.16904675580674589
103 68 0.3919436073666838
103 54 0.15017711264497072
103 83 0.13741939747100634
103 82 0.19244392076719422
103 55 0.10779955549611706
103 69 0.3189921223901726
103 51 0.11312928082727487
103 79 0.11341302572431675
103 86 0.10725741528830554
103 92 0.21642765306026018
103 93 0.21166691125352677
103 87 0.12550730182922482
103 78 0.25003710571984694
103 50 0.13410681436915634
103 52 0.12547416491933844
103 46 0.18932481390518052
103 91 0.21145443947540268
103 85 0.18519643721517554
103 84 0.16053239554991072
103 90 0.1884481407289748
103 47 0.151344764719252
103 53 0.14454525439828414
117 76 0.28165890082414213
117 62 0.31098224157582144
117 89 0.11797979222217811
117 88 0.1047834283463279
117 63 0.15209813462980948
117 77 0.425127274876718
117 49 0.2898866055213035
117 61 0.17170298914875837
117 75 0.6660479329790675
117 74 0.4628202738713024
117 60 0.1281836460987293
117 48 0.4897050792373868
117 64 0.23185988871912816
117 70 0.27520828616989546
117 58 0.692315532183891
117 59 0.12888105482421544
117 71 0.15651476832322023
117 65 0.11950522730245784
117 73 0.52792510685554
117 67 0.19014102544075173
117 66 0.13979478218370953
117 72 0.22208368645136267
117 57 0.2883146861967367
117 94 0.2709890076543369
117 80 0.15576014331571342
117 81 0.27568532158554376
117 95 0.23126388718386315
117 56 0.3096022807442805
117 68 0.29859845343500996
117 54 0.1801817937989025
117 83 0.7116806202235361
117 82 0.16730075836996994
117 55 0.18730274433191804
117 69 0.33166965953935923
117 51 0.22433478682214494
117 79 0.4536442671534176
117 86 0.09399885473915595
117 92 0.27255304960043664
117 93 0.2533280389837013
117 87 0.32707851267165466
117 78 0.3533426991923643
117 50 0.09706854986266636
117 52 0.14657454463951447
117 46 0.40841163583562456
117 91 0.27915081327789193
117 85 0.2659454921551076
117 84 0.1749076159623968
117 90 0.2805989755290201
117 47 0.1345636976274034
117 53 0.13790254974006844
116 76 0.14195830908645807
116 62 0.2825164464665616
116 89 0.18339040924435893
116 88 0.3782677650077674
116 63 0.15279227562175962
116 77 0.11275945042553419
116 49 0.13747145295178428
116 61 0.19729898143420888
116 75 0.13556178002108094
116 74 0.12336096951504769
116 60 0.13489533424372868
116 48 0.12377215241765473
116 64 0.16072339152940274
116 70 0.5151208946704938
116 58 0.8605317232269583
116 59 0.20488394659834142
116 71 0.1051887741877236
116 65 0.13325879421918993
116 73 0.1272394215470642
116 67 0.3621685533184457
116 66 0.3747980062002112
116 72 0.14476302581012057
116 57 0.5442271750369725
116 94 0.5029755269461201
116 80 0.10868853298402223
116 81 0.39730312379280075
116 95 0.15821253414380487
116 56 0.3890527390190327
116 68 0.5671379684335756
116 54 0.14284731937223294
116 83 0.3387177835818901
116 82 0.49979246798083066
116 55 0.2549234014764889
116 69 0.40808630646955185
116 51 0.10131542242115565
116 79 0.1665091682048903
116 86 0.147376502388866
116 92 0.48034812122884407
116 93 0.4590774877522804
116 87 0.2502724244590172
116 78 0.352709823346837
116 50 0.1549101689874543
116 52 0.08705722314284647
116 46 0.39653086781983454
116 91 0.429280804041965
116 85 0.3792823170070996
116 84 0.2061477930799326
116 90 0.3902735503939494
116 47 0.15378340184297484
116 53 0.09930639666324967
102 76 0.14348997412362752
102 62 0.18498056799870613
102 89 0.1571682756891981
102 88 0.15671595904192437
102 63 0.15792075399075411
102 77 0.14362354945706995
102 49 0.13848782356239953
102 61 0.11717585221428246
102 75 0.12918493443809848
102 74 0.11477399550137993
102 60 0.14374965229488862
102 48 0.12985886388323292
102 64 0.12253079731207824
102 70 0.23680377607877573
102 58 0.4864545934226263
102 59 0.15120475770561173
102 71 0.15293494264742874
102 65 0.10640327322291948
102 73 0.1247591392086211
102 67 0.16957137268543845
102 66 0.14953697813475336
102 72 0.15289214894127084
102 57 0.22318992642672766
102 94 0.14945781336066377
102 80 0.15701078030508586
102 81 0.1747292563266028
102 95 0.11525375318938245
102 56 0.15064426889210847
102 68 0.2430008835443756
102 54 0.1274251701926143
102 83 0.155374798113096
102 82 0.07786151584893158
102 55 0.1530383925980996
102 69 0.20185614887811976
102 51 0.12383251180762779
102 79 0.14078595592706059
102 86 0.15026018929205187
102 92 0.14906885355070984
102 93 0.15277373665516794
102 87 0.15772184298906256
102 78 0.14786915874875545
102 50 0.1339783402387381
102 52 0.12386084174338029
102 46 0.13708393032294358
102 91 0.15730616730090224
102 85 0.15947263646839585
102 84 0.11562656869952397
102 90 0.15849882980382934
102 47 0.17705700766268215
102 53 0.13858029775009423
106 76 0.1619249003544591
106 62 0.1637004085118486
106 89 0.13066302336631058
106 88 0.18780551134763213
106 63 0.10275774952133662
106 77 0.1036027681972336
106 49 0.14580456321018814
106 61 0.14171628698504884
106 75 0.11704739510345728
106 74 0.125486857376411
106 60 0.13863963912651397
106 48 0.1524930323295723
106 64 0.13570268852893172
106 70 0.23012141057471067
106 58 0.5082641350574932
106 59 0.1473609903622337
106 71 0.1535289470701678
106 65 0.1196426555033608
106 73 0.12132491909654636
106 67 0.17798518005599934
106 66 0.16085577972273077
106 72 0.23938723000746198
106 57 0.25518339434297826
106 94 0.16611605466664042
106 80 0.15101638616915877
106 81 0.20551051178716578
106 95 0.17726930675641273
106 56 0.20064060511120174
106 68 0.2789482729107095
106 54 0.14581801326596003
106 83 0.1261115599371577
106 82 0.13737663157570146
106 55 0.22982850970572816
106 69 0.24334749970405653
106 51 0.14502668898760265
106 79 0.1618024978706074
106 86 0.15078539898421417
106 92 0.18336316999738658
106 93 0.17771210417856612
106 87 0.1948545311238321
106 78 0.1783943523456816
106 50 0.11955569540589074
106 52 0.14787748055415673
106 46 0.1398558873377866
106 91 0.1083924659017654
106 85 0.19142788512984354
106 84 0.12267294820224177
106 90 0.1905856090835335
106 47 0.20467675579533243
106 53 0.15255811877658088
112 76 0.14106370104025634
112 62 0.22939100887059563
112 89 0.1664215773322601
112 88 0.20970001988269668
112 63 0.1606007545040583
112 77 0.12597229555404543
112 49 0.1275108000875645
112 61 0.12854292152505925
112 75 0.13158465880242354
112 74 0.12950691194701014
112 60 0.13079816060275123
112 48 0.13593379450449833
112 64 0.15869276488899725
112 70 0.2430367976311851
112 58 0.6209937452655875
112 59 0.1460523827689165
112 71 0.12757928583782613
112 65 0.1411956604455294
112 73 0.12037078726965425
112 67 0.20306447105052328
112 66 0.1825763360072916
112 72 0.1195424307552857
112 57 0.3381246699417692
112 94 0.1955757392855
112 80 0.13241159597646282
112 81 0.21091306778580257
112 95 0.14660340229217056
112 56 0.2586805605352082
112 68 0.3386352979893188
112 54 0.14723193768351112
112 83 0.15859653825853534
112 82 0.1186846140944255
112 55 0.3433965415198077
112 69 0.27623247378311877
112 51 0.12807727702102378
112 79 0.14902014923785153
112 86 0.14594500080492312
112 92 0.20854871151644974
112 93 0.19478840197433428
112 87 0.1833831350369855
112 78 0.22120025280716465
112 50 0.1283869010889489
112 52 0.13660048683711853
112 46 0.16620791357767178
112 91 0.2048892305930861
112 85 0.18717504354172998
112 84 0.09404435495655897
112 90 0.1910048007945376
112 47 0.16546695096192346
112 53 0.12979956935651948
113 76 0.13781591016711064
113 62 0.25843712020997983
113 89 0.22208917412238174
113 88 0.4814938541613738
113 63 0.16272776394515265
113 77 0.20054973702994983
113 49 0.16144054716937992
113 61 0.14885759314068112
113 75 0.13059867516801527
113 74 0.07972838573024091
113 60 0.11371646911031943
113 48 0.14628787715218472
113 64 0.1727604878172141
113 70 0.4296946498517521
113 58 0.49533553866091007
113 59 0.13522838466326154
113 71 0.16685769302048165
113 65 0.1281591499823419
113 73 0.13916652935129697
113 67 0.43051452118107614
113 66 0.3675259678243368
113 72 0.15242984289061534
113 57 0.3709498230097776
113 94 0.6039091272187174
113 80 0.1676083090914455
113 81 0.3640380081372073
113 95 0.2364183245254882
113 56 0.4465019516897184
113 68 0.6715703210489289
113 54 0.20425611512168973
113 83 0.2954438277709146
113 82 0.21548722846986518
113 55 0.2890715634806733
113 69 0.4874623652594865
113 51 0.1214347496462224
113 79 0.24279801473803522
113 86 0.10570457788651713
113 92 0.6096707425998547
113 93 0.5432415299973027
113 87 0.36027525628255797
113 78 0.4523109340841105
113 50 0.1756746706900224
113 52 0.1381127738430728
113 46 0.40230864506278696
113 91 0.47293798243583934
113 85 0.5137610666784072
113 84 0.1911072930084627
113 90 0.5177898441312888
113 47 0.1835446571882236
113 53 0.13176165864477168
107 76 0.13792545522907668
107 62 0.1922864168956543
107 89 0.1327719846935434
107 88 0.21453360654172945
107 63 0.1349729127745087
107 77 0.10067066996212445
107 49 0.1441502353981878
107 61 0.12022938377643903
107 75 0.11033218330096908
107 74 0.09387715041538466
107 60 0.14391872110553589
107 48 0.12351250325849183
107 64 0.13694125772859422
107 70 0.13885674078263588
107 58 0.07309013786661553
107 59 0.13627246176858404
107 71 0.12915178815834477
107 65 0.1233219157242178
107 73 0.1336735289054108
107 67 0.2103538787188516
107 66 0.2621014973619437
107 72 0.08421514893340656
107 57 0.18648608391965527
107 94 0.13518578791084315
107 80 0.13319714860881823
107 81 0.12452492860552695
107 95 0.14665605882188015
107 56 0.6488835735789802
107 68 0.5048069137378495
107 54 0.1154278850076241
107 83 0.16515841118330105
107 82 0.11221316534809658
107 55 0.1655856293650132
107 69 0.14216504077870074
107 51 0.09276049721925334
107 79 0.13897465127593728
107 86 0.13230538790708846
107 92 0.14937422997370645
107 93 0.16571826136080292
107 87 0.16590398248654187
107 78 0.12305855050018363
107 50 0.13489913203949067
107 52 0.09735792513084898
107 46 0.1469780361310244
107 91 0.10756362889343016
107 85 0.13684431056373414
107 84 0.12222536448278679
107 90 0.13568950241368077
107 47 0.07852819067909839
107 53 0.09231116790450453
139 76 0.22531198783147208
139 62 0.12778018146387166
139 89 0.1680596359617091
139 88 0.2926416241880341
139 63 0.14535044142453432
139 77 0.1288797872927212
139 49 0.14063105301463608
139 61 0.20029340518994654
139 75 0.12060841378699284
139 74 0.18836443593953006
139 60 0.13916667779957048
139 48 0.12454716604790472
139 64 0.141014131704985
139 70 0.24906213837578234
139 58 0.1047526052574988
139 59 0.1951537472791546
139 71 0.14683202558805464
139 65 0.13456507899549353
139 73 0.11694111251217658
139 67 0.23206176426588435
139 66 0.37694276184583664
139 72 0.12952874160983477
139 57 0.279383430796999
139 94 0.36555506866319354
139 80 0.14730363696635268
139 81 0.19278127469272766
139 95 0.12335153064469861
139 56 0.18834116652575703
139 68 0.3308264179599693
139 54 0.17324276261555266
139 83 0.1385339767667365
139 82 0.16629072532544947
139 55 0.16483658623623362
139 69 0.21962394088801082
139 51 0.1419492073567222
139 79 0.18405160803946144
139 86 0.15402529376266322
139 92 0.37683718694364876
139 93 0.3449970280862631
139 87 0.26030843207656323
139 78 0.22450063314951552
139 50 0.15370846679393418
139 52 0.1797548029526379
139 46 0.21211966362122558
139 91 0.317213207611245
139 85 0.34404524820599386
139 84 0.1238827228691515
139 90 0.34015089722958364
139 47 0.1400595820657186
139 53 0.12554317457831976
111 76 0.14810733536055937
111 62 0.2741729771769593
111 89 0.24171848383683828
111 88 0.3479011548752794
111 63 0.17862359443226591
111 77 0.1311146210306711
111 49 0.12278289378492584
111 61 0.11990278198159161
111 75 0.14344442611316682
111 74 0.15579000667797044
111 60 0.1330218960271158
111 48 0.13812166267631387
111 64 0.19041106537897642
111 70 0.4393834601421835
111 58 0.6006244908959564
111 59 0.15533165425605752
111 71 0.12965948515416445
111 65 0.13628265033346149
111 73 0.13842352114488748
111 67 0.43390646588907095
111 66 0.3285853108252375
111 72 0.1136645187034984
111 57 0.43246726603521346
111 94 0.46334764391751243
111 80 0.1354502813191829
111 81 0.2698989057424107
111 95 0.19189959508309723
111 56 0.32458884138503397
111 68 0.6768674952157726
111 54 0.18505696222294676
111 83 0.15613514022198888
111 82 0.14955857685266338
111 55 0.37455448102682376
111 69 0.5535943818308438
111 51 0.13607244262970625
111 79 0.18416366181003646
111 86 0.09235366534389078
111 92 0.4768846407730637
111 93 0.4251078693186923
111 87 0.3306593178130333
111 78 0.5404030179993297
111 50 0.1812292569120536
111 52 0.1376067893714975
111 46 0.20718266990382722
111 91 0.4463446771201479
111 85 0.38581571369802536
111 84 0.11782949596182134
111 90 0.4022961209056303
111 47 0.18956863185503142
111 53 0.12646494760031574
105 76 0.13699547945796237
105 62 0.1502535814565425
105 89 0.133738415818696
105 88 0.18366347465454175
105 63 0.11486636187769451
105 77 0.11969250387453703
105 49 0.24321181428197688
105 61 0.13633457222803813
105 75 0.12389925101599705
105 74 0.1585787161919358
105 60 0.14138501030776024
105 48 0.19050722337970927
105 64 0.14704554548234539
105 70 0.17147353403516968
105 58 0.12748415137806843
105 59 0.147430862382093
105 71 0.4095394725417573
105 65 0.1343512832519832
105 73 0.1253314456970554
105 67 0.3096716856353239
105 66 0.24057458937050413
105 72 0.13594678438103594
105 57 0.40710182185372024
105 94 0.19221319471239973
105 80 0.42828866736136995
105 81 0.1549014116432923
105 95 0.1629964761471937
105 56 0.40021191109232934
105 68 0.4702485971409839
105 54 0.1538824539757639
105 83 0.24706161796202625
105 82 0.14790663170488721
105 55 0.15544208644804305
105 69 0.23566525636861968
105 51 0.20021838186122043
105 79 0.16565205808824016
105 86 0.2652469354803199
105 92 0.19260387690893616
105 93 0.18263705641118405
105 87 0.20293656098435695
105 78 0.23539153192378498
105 50 0.22864413653947172
105 52 0.12349896865338408
105 46 0.15562037982617488
105 91 0.16731500505045965
105 85 0.2132576783085814
105 84 0.13814236961980259
105 90 0.2017395564582992
105 47 0.16165202431341752
105 53 0.12343122641647374
104 76 0.14826681262957317
104 62 0.22829845175227764
104 89 0.11548374309266285
104 88 0.17568265433133698
104 63 0.16284703841016213
104 77 0.1097169992221518
104 49 0.15641218983482963
104 61 0.1320780075069779
104 75 0.13844800213597297
104 74 0.12940237049036651
104 60 0.13019563898220932
104 48 0.14920772868365278
104 64 0.13745796881779654
104 70 0.3166727010254804
104 58 0.8958451473107495
104 59 0.13850972122126748
104 71 0.16171492048444613
104 65 0.1081021034187914
104 73 0.13865055728672906
104 67 0.1848349192584056
104 66 0.17298729838838833
104 72 0.1802850573181921
104 57 0.32633617250309843
104 94 0.18283452099098652
104 80 0.1589932701787455
104 81 0.2525744151248213
104 95 0.17289514166886605
104 56 0.14076812487664972
104 68 0.32513613960630156
104 54 0.1459247772170454
104 83 0.12508925697172163
104 82 0.08993478791527071
104 55 0.2299356639753078
104 69 0.31871153369251015
104 51 0.11351922048199967
104 79 0.1321164906939885
104 86 0.11876562304610937
104 92 0.18734809338866312
104 93 0.1817564323083496
104 87 0.1543832519360377
104 78 0.20628395229429253
104 50 0.14164372454004895
104 52 0.12292323844936788
104 46 0.12505747467058015
104 91 0.14223209986205715
104 85 0.1820936028078628
104 84 0.14332690021217298
104 90 0.1805186579579566
104 47 0.20245176765758927
104 53 0.15380980124765486
110 76 0.04030411183875701
110 62 0.29947145230217564
110 89 0.29644815716206113
110 88 0.4750975868196427
110 63 0.10196923630353269
110 77 0.389120823677335
110 49 0.13130495817864635
110 61 0.13641573610515134
110 75 0.14527363498173892
110 74 0.15280126277873723
110 60 0.18952446326683223
110 48 0.18547419857937258
110 64 0.15046016338592139
110 70 0.27386335608918966
110 58 0.4696879907852267
110 59 0.12404707049117854
110 71 0.2879740201117954
110 65 0.1590543532294686
110 73 0.1335559302085355
110 67 0.26351677883978863
110 66 0.2262260313018903
110 72 0.27662210487875116
110 57 0.32234983826973773
110 94 0.3272911944039088
110 80 0.2935708075109072
110 81 0.43867353686006494
110 95 0.18213634561127504
110 56 0.2779848356606255
110 68 0.4789136411787145
110 54 0.2012491067317211
110 83 0.10328285817855634
110 82 0.34903285887792185
110 55 0.1977819024894822
110 69 0.4576278999328707
110 51 0.16408309347721645
110 79 0.27709697427720414
110 86 0.08969395380429349
110 92 0.3615691549623212
110 93 0.4661631695203056
110 87 0.26334279910133657
110 78 0.3686012625223535
110 50 0.1080945192122788
110 52 0.12134513529563491
110 46 0.27188497405776385
110 91 0.3444833376709074
110 85 0.35512085023784123
110 84 0.10742224900820063
110 90 0.35117793608747827
110 47 0.15036282404665446
110 53 0.1439164301136964
138 76 0.13827447754493366
138 62 0.21921509140620346
138 89 0.17093591671849
138 88 0.3086282829427485
138 63 0.13136906948927507
138 77 0.21254620151245732
138 49 0.14693920141404915
138 61 0.14716308682067442
138 75 0.12007604232098174
138 74 0.15873931714999373
138 60 0.1340457727140401
138 48 0.17524911718763583
138 64 0.1497262728765138
138 70 0.3105106521343117
138 58 0.2639947998362523
138 59 0.13361118943959743
138 71 0.14970075908761185
138 65 0.1389576746961812
138 73 0.12495302216141956
138 67 0.3115944279808635
138 66 0.38838238099502786
138 72 0.2448699355199039
138 57 0.3621409931755398
138 94 0.3876695203588316
138 80 0.15452931486938826
138 81 0.2814653001721765
138 95 0.1512713607095602
138 56 0.25635615548636836
138 68 0.524904874945193
138 54 0.16559695105716887
138 83 0.147847745046985
138 82 0.250322539542122
138 55 0.1212071125678075
138 69 0.287684486193732
138 51 0.10829474017738933
138 79 0.12252591314820883
138 86 0.1557991038516493
138 92 0.3842481805139233
138 93 0.36316045298764865
138 87 0.2596204271085569
138 78 0.3116856854730712
138 50 0.07742708908250909
138 52 0.09808272350260688
138 46 0.22204095346624803
138 91 0.34772051528138437
138 85 0.3160336381697683
138 84 0.17049235822721331
138 90 0.3253577147954595
138 47 0.22890562965671377
138 53 0.21962749746376725
140 76 0.24929881529652126
140 62 0.16475738147126806
140 89 0.1537231238163348
140 88 0.1754896031807786
140 63 0.17795665899333674
140 77 0.14572163230778526
140 49 0.20399289409237953
140 61 0.13667527639665206
140 75 0.1367049558894311
140 74 0.09863372701071946
140 60 0.08978015999090821
140 48 0.15672469512848475
140 64 0.13607041329507466
140 70 0.3022572686112701
140 58 0.13334079004320035
140 59 0.19806608230524503
140 71 0.13906432064656424
140 65 0.10371144257534085
140 73 0.1605707320568978
140 67 0.25065833639341223
140 66 0.3326186865608036
140 72 0.08721550111922904
140 57 0.2828674528145095
140 94 0.2897972536414657
140 80 0.13923175980064498
140 81 0.24162172641106106
140 95 0.16908969040117677
140 56 0.15768276249457236
140 68 0.33840097766484095
140 54 0.15441022778515562
140 83 0.1386976118039679
140 82 0.21654305867574442
140 55 0.17465466916146224
140 69 0.3255361752244577
140 51 0.12465378509278614
140 79 0.13862205690224433
140 86 0.07580508434257363
140 92 0.2930254149195289
140 93 0.2580054640080629
140 87 0.23500561588797053
140 78 0.3623862275587456
140 50 0.20474766434687203
140 52 0.07159531386510587
140 46 0.11995271232796845
140 91 0.269401043024115
140 85 0.24511895396862263
140 84 0.16600095735633763
140 90 0.25217467733818977
140 47 0.15957233677551613
140 53 0.15228022895812604
135 76 0.2234249535819924
135 62 0.3713507398638322
135 89 0.1739370066225298
135 88 0.29584826148905763
135 63 0.20388588449581718
135 77 0.33217193212396484
135 49 0.40810263450115203
135 61 0.14315381499535412
135 75 0.4326923635779585
135 74 0.30004414362462883
135 60 0.11967430307249718
135 48 0.43991533829697826
135 64 0.17055944510166232
135 70 0.2753686473842881
135 58 0.19404964834742955
135 59 0.1128963504810001
135 71 0.31834755226240563
135 65 0.11706571184975943
135 73 0.3479393218383532
135 67 0.3864414355477934
135 66 0.22754715613769746
135 72 0.14140707472549086
135 57 0.40461032240371375
135 94 0.37891967945610144
135 80 0.33773763439823
135 81 0.3362852857511097
135 95 0.2288464873397359
135 56 0.41961120986185424
135 68 0.5380991562203566
135 54 0.20680444491092348
135 83 0.6647803991720361
135 82 0.0952404435091973
135 55 0.22455341516936256
135 69 0.3218565628644613
135 51 0.22527054727322798
135 79 0.2603662072713714
135 86 0.19767311312161878
135 92 0.4027705739293316
135 93 0.34945408490570035
135 87 0.3458099765332451
135 78 0.38145564661668524
135 50 0.23062829395656073
135 52 0.057795033686207975
135 46 0.4452322324688637
135 91 0.4084664417990031
135 85 0.3828154643018413
135 84 0.2612645376112336
135 90 0.37745981366166226
135 47 0.29358699348526157
135 53 0.3767086382794403
121 76 0.18027559167330365
121 62 0.26135792826699583
121 89 0.2462587155985656
121 88 0.42511466065912107
121 63 0.25472613454844256
121 77 0.20087153831612323
121 49 0.2226549686441514
121 61 0.14726933945287174
121 75 0.12422140596451013
121 74 0.1843273516996409
121 60 0.16269040623453213
121 48 0.2163093847442273
121 64 0.21141703008671173
121 70 0.2361560263097048
121 58 0.14348560057329818
121 59 0.13827019918978012
121 71 0.44130635269495944
121 65 0.18537978991131382
121 73 0.11831539694934673
121 67 0.48184937468153827
121 66 0.27711300026345176
121 72 0.1570369537787474
121 57 0.5141952283784508
121 94 0.6538716716926425
121 80 0.47571178595267594
121 81 0.27822126844828415
121 95 0.18643164167017795
121 56 0.3270432928439119
121 68 0.5126233225325747
121 54 0.22249554127014629
121 83 0.4282308515486972
121 82 0.19031506992724342
121 55 0.300818012342556
121 69 0.4797451962152739
121 51 0.2188578881793948
121 79 0.20420707444394323
121 86 0.24355827371945715
121 92 0.5256349315951154
121 93 0.43337109345792846
121 87 0.34215144304999423
121 78 0.5827350266065089
121 50 0.2330846313010316
121 52 0.11749215319838514
121 46 0.28402174785606615
121 91 0.4619500508112617
121 85 0.4020260175628097
121 84 0.12506926452575728
121 90 0.42126484568876976
121 47 0.2904918518977552
121 53 0.13852057844992594
109 76 0.1737619840459149
109 62 0.2440922786788411
109 89 0.11439936874444523
109 88 0.22727000851178342
109 63 0.20253477469177295
109 77 0.24215022152658447
109 49 0.19850475149886124
109 61 0.15736993868114957
109 75 0.12929948062727792
109 74 0.2299674850107523
109 60 0.10405415827511297
109 48 0.1484400339822653
109 64 0.18450236364786504
109 70 0.3728385690851756
109 58 0.54250598277826
109 59 0.1045692568967023
109 71 0.11663744827960427
109 65 0.15628315107810997
109 73 0.08901784126180101
109 67 0.2910746184433491
109 66 0.21496550325847957
109 72 0.23504957485647918
109 57 0.3952520135871327
109 94 0.38613295000284587
109 80 0.11575909125294943
109 81 0.4174701102441082
109 95 0.19126657500419664
109 56 0.1375669748448488
109 68 0.47414590169130266
109 54 0.13604705429919128
109 83 0.13190091992566202
109 82 0.13473528469644938
109 55 0.19226452834025376
109 69 0.413409967062898
109 51 0.07642309824829
109 79 0.1576886596515694
109 86 0.13197347098025086
109 92 0.37229773516115433
109 93 0.34211518270586955
109 87 0.26828473747345816
109 78 0.4566965761339511
109 50 0.2030650136023349
109 52 0.13849038152201026
109 46 0.2778196153457621
109 91 0.3602861904577358
109 85 0.3569603505283575
109 84 0.723510600693907
109 90 0.363682072664961
109 47 0.09531861579152912
109 53 0.11121183878453453
108 76 0.1713241188279699
108 62 0.29423227807545466
108 89 0.21190574016418182
108 88 0.41017610280960726
108 63 0.22701048323617923
108 77 0.1839677124234273
108 49 0.12041061667561255
108 61 0.1448884161800424
108 75 0.15563563229945448
108 74 0.1823853422954854
108 60 0.13307896363526828
108 48 0.14785127202138598
108 64 0.19802481918899253
108 70 0.38820756348966706
108 58 0.7349502323871885
108 59 0.12386406904146877
108 71 0.15531200372106674
108 65 0.13302665618008763
108 73 0.149272952011071
108 67 0.38717554989518954
108 66 0.3520134599098572
108 72 0.16798502080247857
108 57 0.48571888341617325
108 94 0.5011631558852466
108 80 0.164638242773163
108 81 0.37233950430085355
108 95 0.19730715268851703
108 56 0.35580836606494765
108 68 0.7254509358016433
108 54 0.24696808200711617
108 83 0.14248676999508214
108 82 0.1861492664087967
108 55 0.3203934089402481
108 69 0.4786153214728148
108 51 0.1478285159316916
108 79 0.27565379153314834
108 86 0.09497036211249665
108 92 0.5126222578284235
108 93 0.44930352449904365
108 87 0.35193814505061305
108 78 0.41934545154210545
108 50 0.17603495928913926
108 52 0.12136100705351681
108 46 0.25318275888555863
108 91 0.46396041016480716
108 85 0.4148655785488082
108 84 0.13720120727904928
108 90 0.4192833077806817
108 47 0.18805169550912298
108 53 0.12933866153645984
120 76 0.12321964561141888
120 62 0.20435942991835604
120 89 0.17587041750332175
120 88 0.28086698037096314
120 63 0.09644150296019471
120 77 0.38477475682931594
120 49 0.11269412457270152
120 61 0.09533592960745432
120 75 0.187972186472686
120 74 0.12862471066685582
120 60 0.12650979449335117
120 48 0.13857876060990587
120 64 0.1586849304497408
120 70 0.19692510367629132
120 58 0.12142071000580158
120 59 0.1709125665446416
120 71 0.16998344542885754
120 65 0.0945838546333232
120 73 0.1349247846997274
120 67 0.27116197936348174
120 66 0.26970434291641165
120 72 0.14431999247679492
120 57 0.16722768221525314
120 94 0.3327038680900678
120 80 0.17105370607215942
120 81 0.19892188009569947
120 95 0.11819599547411826
120 56 0.20503693267902592
120 68 0.2727583695444338
120 54 0.1618044687763941
120 83 0.1509613663507171
120 82 0.14580205545506986
120 55 0.3834113853825169
120 69 0.21060508661480876
120 51 0.2016799253170313
120 79 0.14990577129392973
120 86 0.1397904094595258
120 92 0.3195442497656322
120 93 0.30112207981716266
120 87 0.2500234520867373
120 78 0.25733773243823765
120 50 0.184471621282014
120 52 0.09286694363909573
120 46 0.1592245596528382
120 91 0.28699569841763
120 85 0.2755221161327239
120 84 0.17612851236688362
120 90 0.2733142066094982
120 47 0.18003540434695559
120 53 0.5430386663334786
134 76 0.26334117355901626
134 62 0.19182576103951052
134 89 0.1287949114552432
134 88 0.2061901520413792
134 63 0.13352670894122284
134 77 0.13413114918973384
134 49 0.38179945268827775
134 61 0.11400718465907779
134 75 0.47648909945722284
134 74 0.22421072058745983
134 60 0.1627754343671545
134 48 0.3870555960214552
134 64 0.18975740606390046
134 70 0.2250982941500225
134 58 0.1773772520077346
134 59 0.11774455319147965
134 71 0.498635256325219
134 65 0.08337766165424915
134 73 0.3865795126244919
134 67 0.35831452204471675
134 66 0.19298741845067643
134 72 0.17126643740006992
134 57 0.41756755579327914
134 94 0.2828740449352784
134 80 0.5304189850492043
134 81 0.039327324995956175
134 95 0.22985967070900368
134 56 0.12387096293951848
134 68 0.41268114015198176
134 54 0.20303596602582336
134 83 0.4165927076458155
134 82 0.07067153618496405
134 55 0.3100081057514912
134 69 0.21795465578364315
134 51 0.23102260195964805
134 79 0.08234340997996073
134 86 0.22406856451824378
134 92 0.19129761764707787
134 93 0.20383233161653572
134 87 0.1654876773532275
134 78 0.19805319221237222
134 50 0.2116502992310946
134 52 0.669048411825615
134 46 0.23167255150913588
134 91 0.12818513731992526
134 85 0.18314931822743497
134 84 0.18042139667355547
134 90 0.1617424046342899
134 47 0.3828372182081218
134 53 0.5881129484974472
122 76 0.16928685939447038
122 62 0.09586969355543307
122 89 0.21033705365005584
122 88 0.19968878016019725
122 63 0.2407147894682693
122 77 0.1886233246336245
122 49 0.3523585669357279
122 61 0.1257116910440266
122 75 0.11557984549059411
122 74 0.22354927910769215
122 60 0.11971265124410227
122 48 0.20340432481020115
122 64 0.15438855375501512
122 70 0.272798849620855
122 58 0.18888897278656105
122 59 0.141921382797628
122 71 0.6744406422262064
122 65 0.10353640536269954
122 73 0.09488681397009294
122 67 0.5690343314871378
122 66 0.29958624039668297
122 72 0.11800205210450693
122 57 0.5907730301441416
122 94 0.3852989499296967
122 80 0.7148411375213403
122 81 0.22094603201423374
122 95 0.10897674379159261
122 56 0.17650702093501547
122 68 0.5786326997190371
122 54 0.15856959454966044
122 83 0.4119546879445142
122 82 0.14485173883539265
122 55 0.15636444073065325
122 69 0.35632362002998885
122 51 0.2743008075650615
122 79 0.15703251567227383
122 86 0.3875580117985876
122 92 0.4268036934291626
122 93 0.3909706000208434
122 87 0.2767113767415749
122 78 0.396592091008483
122 50 0.383889463452083
122 52 0.1526890755936537
122 46 0.21455454595438758
122 91 0.37956209129400426
122 85 0.6683721778610816
122 84 0.2019012402397332
122 90 0.6197864348013209
122 47 0.1421075196436196
122 53 0.1523482700662777
136 76 0.055244013111925505
136 62 0.18174050414644505
136 89 0.19316964975583836
136 88 0.21101227024871544
136 63 0.21227063751673148
136 77 0.37975167940855714
136 49 0.31559119265936336
136 61 0.14822964151449936
136 75 0.10004119285859389
136 74 0.0967840553336857
136 60 0.14556080553359949
136 48 0.2971618813264569
136 64 0.1131123083849529
136 70 0.19713072119628933
136 58 0.06877895828209601
136 59 0.19665347493139781
136 71 0.10415198464709388
136 65 0.14960261855411644
136 73 0.15781249877468218
136 67 0.21529313540779538
136 66 0.15359671375503464
136 72 0.1825702763336337
136 57 0.20960347312547398
136 94 0.25928962354239393
136 80 0.11026459071459377
136 81 0.556760847783456
136 95 0.13784093931086566
136 56 0.3972608661475031
136 68 0.3547048555137457
136 54 0.16226847824949667
136 83 0.10295208183213725
136 82 0.16126430186853788
136 55 0.19322517126389338
136 69 0.16278631573458752
136 51 0.16633053503580683
136 79 0.7509963969789056
136 86 0.1486237915875247
136 92 0.25377957608717383
136 93 0.22982382503440704
136 87 0.19635172057370187
136 78 0.23925468871434805
136 50 0.1822191848481759
136 52 0.12198541568057555
136 46 0.2715771101200102
136 91 0.27795549481620974
136 85 0.21662587501590372
136 84 0.08154083797710424
136 90 0.23870847641218776
136 47 0.32981194445537804
136 53 0.07635957561377443
137 76 0.16528580040448693
137 62 0.17449385699601952
137 89 0.1782037984664852
137 88 0.3254456575839095
137 63 0.14627577741369702
137 77 0.18442515791535605
137 49 0.11968819046535302
137 61 0.14226070256327764
137 75 0.14481961430009876
137 74 0.1550919489250655
137 60 0.11635938166302225
137 48 0.12809285486368993
137 64 0.16346330627615907
137 70 0.26403172526109914
137 58 0.13193174192703944
137 59 0.18172414041100649
137 71 0.1378847603814075
137 65 0.12264835687811215
137 73 0.16143474518818246
137 67 0.3145252687247746
137 66 0.40459616472003207
137 72 0.15294462400368272
137 57 0.282815230937439
137 94 0.4019771324669056
137 80 0.14243060667044954
137 81 0.1957149385467543
137 95 0.16738752124359968
137 56 0.24687105340979598
137 68 0.4823899164804793
137 54 0.1848460137975472
137 83 0.14877781290935976
137 82 0.1937838259151817
137 55 0.1679397756006304
137 69 0.3045470446429325
137 51 0.17318068333903944
137 79 0.2700515384661504
137 86 0.10639876295918863
137 92 0.41002252263941485
137 93 0.35849503306920155
137 87 0.2771672042332843
137 78 0.3465624948071198
137 50 0.1866327361591788
137 52 0.15801463310673816
137 46 0.20534238703354962
137 91 0.35090271647506177
137 85 0.3680838659685634
137 84 0.14379759886263901
137 90 0.36736712890996104
137 47 0.16154466768258774
137 53 0.14727443725026707
123 76 0.17120413169485738
123 62 0.19986780903856938
123 89 0.12889239682564646
123 88 0.3617556168758227
123 63 0.0941197327049986
123 77 0.10410658669221676
123 49 0.2802581971893881
123 61 0.13335872888764205
123 75 0.11484235786278159
123 74 0.14261123326941091
123 60 0.14790077502053486
123 48 0.19005288461306566
123 64 0.169748245138401
123 70 0.2214532614377013
123 58 0.12118217870882557
123 59 0.11950591126559126
123 71 0.4500667847676507
123 65 0.14866953967608282
123 73 0.10747343303716245
123 67 0.3896451655521287
123 66 0.2273703052060906
123 72 0.13010221492112795
123 57 0.5386170508114302
123 94 0.7607962185567583
123 80 0.48453124258975816
123 81 0.1806780320412375
123 95 0.22486219342769448
123 56 0.28675850133750647
123 68 0.4725217428373839
123 54 0.17664357935771055
123 83 0.33197657825578947
123 82 0.15334449199138578
123 55 0.1600819528802045
123 69 0.3089562434921568
123 51 0.20866904256010843
123 79 0.19655446889652167
123 86 0.31038869449720485
123 92 0.4549341763932614
123 93 0.37698933068904694
123 87 0.26563861812201134
123 78 0.3958234021162016
123 50 0.28753334559426735
123 52 0.1557499997929896
123 46 0.1857088661158414
123 91 0.19800035374452654
123 85 0.24429657261502408
123 84 0.09696688726946945
123 90 0.272300440382295
123 47 0.19448808646313315
123 53 0.11652572840698029
127 76 0.2633907039134688
127 62 0.1860298769607598
127 89 0.21854774237062424
127 88 0.41481524578528733
127 63 0.19749444517135656
127 77 0.1630094945133405
127 49 0.35112145935120637
127 61 0.12631475824448685
127 75 0.09844729550355474
127 74 0.13934468506170866
127 60 0.14332578379216654
127 48 0.24079832830971326
127 64 0.15743616483313477
127 70 0.3527819610543921
127 58 0.08191841878695774
127 59 0.20821935840506506
127 71 0.48745916875003303
127 65 0.10263316185123741
127 73 0.09524098219119126
127 67 0.5249832442343942
127 66 0.3590325216508016
127 72 0.19443619094764789
127 57 0.5214091580538454
127 94 0.5226945193337321
127 80 0.5100070333068277
127 81 0.38074921963153896
127 95 0.2143153670427063
127 56 0.45117464980162236
127 68 0.8262761043926858
127 54 0.22650232046376906
127 83 0.14749684702168828
127 82 0.08382030363607887
127 55 0.22729092877234938
127 69 0.41318281921559785
127 51 0.34097904316385697
127 79 0.3525150640736634
127 86 0.3236514156743821
127 92 0.5353412955054782
127 93 0.4785532947881289
127 87 0.5487268778238397
127 78 0.4053269717443888
127 50 0.46252767054373134
127 52 0.12515028444768111
127 46 0.3243314371218818
127 91 0.43761406111002377
127 85 0.5236128846139615
127 84 0.13466291289108023
127 90 0.5091893414789658
127 47 0.25357427329585597
127 53 0.13768832007546644
133 76 0.12901182256022353
133 62 0.400574389530301
133 89 0.1347923454085775
133 88 0.23414422699837245
133 63 0.18577411051247628
133 77 0.384320198725836
133 49 0.5074078901733485
133 61 0.1694491130553036
133 75 0.17065683388293604
133 74 0.2643805009750913
133 60 0.10931988583685692
133 48 0.3794805826440789
133 64 0.18429407681238436
133 70 0.25159975136897345
133 58 0.2768340144129997
133 59 0.14477711225543577
133 71 0.3962722460329999
133 65 0.125220433286058
133 73 0.15409603491081225
133 67 0.3511205888874216
133 66 0.18448590219983604
133 72 0.1530010342329805
133 57 0.49255157865933363
133 94 0.2747913813775239
133 80 0.41997433611198204
133 81 0.32088752057079956
133 95 0.22289452757988512
133 56 0.2342358762567321
133 68 0.42250093632671903
133 54 0.23658346404578665
133 83 0.19064362665286727
133 82 0.31475867455400164
133 55 0.14319300814213304
133 69 0.21293231500673812
133 51 0.16105457181244207
133 79 0.45474966405653744
133 86 0.19452904140445756
133 92 0.2858155592602901
133 93 0.2829583904531472
133 87 0.17252926081475578
133 78 0.2588086750517534
133 50 0.2325819302562894
133 52 0.10215783436115847
133 46 0.17207339164876403
133 91 0.3037522303517534
133 85 0.30499032428806117
133 84 0.22407529290362818
133 90 0.2881824330186167
133 47 0.42546959021004405
133 53 0.558999526341353
132 76 0.18300005069452768
132 62 0.20941019859367943
132 89 0.2781381917502957
132 88 0.5853753672382463
132 63 0.18922511524006627
132 77 0.1816256418463832
132 49 0.1325130389361033
132 61 0.15897361252863412
132 75 0.13199611677804704
132 74 0.225778509018481
132 60 0.1567836513617681
132 48 0.1467880709150147
132 64 0.17450036191189405
132 70 0.42206294160455177
132 58 0.17667497224109943
132 59 0.12151965672088405
132 71 0.1730486622034021
132 65 0.14695811938630546
132 73 0.08340897272676567
132 67 0.4674867249967012
132 66 0.3813100520080099
132 72 0.1893197755073207
132 57 0.36737244679784553
132 94 0.7475659084617524
132 80 0.17702331641585917
132 81 0.33373070591392423
132 95 0.17804338411709592
132 56 0.5088970981792172
132 68 0.7503141975518135
132 54 0.22405320759825384
132 83 0.32103494693848705
132 82 0.055148905322995545
132 55 0.2726695575663712
132 69 0.44254452677171857
132 51 0.11892003304307061
132 79 0.21310413676552697
132 86 0.22379239136663556
132 92 0.7788675106136146
132 93 0.7048862120462198
132 87 0.4987838683507999
132 78 0.4408697054456772
132 50 0.1610111318666263
132 52 0.13583523358741484
132 46 0.494039936068991
132 91 0.6494799183066204
132 85 0.6730096033576899
132 84 0.15671739970791
132 90 0.6798208905863321
132 47 0.19899417346371298
132 53 0.10347454344200974
126 76 0.1589892118344398
126 62 0.1650530401263977
126 89 0.233375956204038
126 88 0.3136699211969577
126 63 0.19676202468593637
126 77 0.21192067291128955
126 49 0.2687583638542426
126 61 0.12750741574272545
126 75 0.14107575679309037
126 74 0.18219021349104222
126 60 0.13726973584478924
126 48 0.1855440052241204
126 64 0.15231312165241778
126 70 0.2578080248942507
126 58 0.19041538599619873
126 59 0.13765603167373344
126 71 0.4590320722396818
126 65 0.13292303764756658
126 73 0.1433589192767789
126 67 0.530385951873213
126 66 0.2973767084412088
126 72 0.13873873831691716
126 57 0.4953680635618246
126 94 0.5781773485555093
126 80 0.4966295573044228
126 81 0.24071755682885207
126 95 0.09945353143526695
126 56 0.19871654355889468
126 68 0.5432205542603652
126 54 0.1543663703213517
126 83 0.4551010289522626
126 82 0.16691806773170867
126 55 0.1576535281091186
126 69 0.3628154235265222
126 51 0.22372614828632117
126 79 0.1928159178967616
126 86 0.2594167777322791
126 92 0.6079269639593545
126 93 0.5478245333296619
126 87 0.33267398825635885
126 78 0.43749058441158595
126 50 0.28586219059209217
126 52 0.13923525191044028
126 46 0.21532462263018032
126 91 0.6058486674602117
126 85 0.7474958819888299
126 84 0.12334327187403542
126 90 0.753951624928889
126 47 0.15419955536147223
126 53 0.15249686345822364
118 76 0.2536107657915318
118 62 0.33593817920417496
118 89 0.1838601029538106
118 88 0.17073445667589351
118 63 0.15001340599137136
118 77 0.0599773337073827
118 49 0.44891799440940305
118 61 0.08078950258340026
118 75 0.10426424594406616
118 74 0.16510886838479694
118 60 0.12152269926836727
118 48 0.30147975492682677
118 64 0.12348309913246658
118 70 0.1659452596428444
118 58 0.4099698712764769
118 59 0.3581193592536899
118 71 0.31447492976986186
118 65 0.14559490386519353
118 73 0.11873475931432526
118 67 0.2826044485766993
118 66 0.13584318519114477
118 72 0.06013527891076198
118 57 0.4351641946010645
118 94 0.16499372414212235
118 80 0.3361300902759641
118 81 0.5437031138716153
118 95 0.15404910053032156
118 56 0.43766914124477896
118 68 0.3185282108416758
118 54 0.13667444374287746
118 83 0.22296232307813468
118 82 0.16388165288002807
118 55 0.20664578262376454
118 69 0.22388114708749737
118 51 0.2576572663839768
118 79 0.33299345614138987
118 86 0.18048248759486007
118 92 0.18119724435417697
118 93 0.17498764652377835
118 87 0.2959399367777727
118 78 0.17807247637626475
118 50 0.3862265379955137
118 52 0.10332483511737783
118 46 0.29163645271892813
118 91 0.1745498014534878
118 85 0.20595879021392877
118 84 0.2385843738017183
118 90 0.1976481842067839
118 47 0.5150635129330393
118 53 0.4296437051864192
130 76 0.11232475796100136
130 62 0.18045352625790384
130 89 0.17706270516389372
130 88 0.3823857034649706
130 63 0.16767285021517114
130 77 0.16117363107320454
130 49 0.1651931399475475
130 61 0.14116526980486677
130 75 0.14039328178879001
130 74 0.07816158657210226
130 60 0.11508984629418668
130 48 0.14245679290745053
130 64 0.16312113145264298
130 70 0.2774297537420175
130 58 0.10429282731637768
130 59 0.13527722458313626
130 71 0.17137168124136032
130 65 0.11975446536675684
130 73 0.13941747990094877
130 67 0.29251202279898786
130 66 0.2797716265908694
130 72 0.1523170539782981
130 57 0.16589626662729537
130 94 0.4007943584632593
130 80 0.17073934737092586
130 81 0.24551803977417538
130 95 0.18289409376882276
130 56 0.2904611775650583
130 68 0.3775687440707288
130 54 0.20247806836282706
130 83 0.3000763472262763
130 82 0.15759876798055833
130 55 0.17415621629139855
130 69 0.28106862884279066
130 51 0.10368677783775565
130 79 0.2085143904094655
130 86 0.09553863072796404
130 92 0.40533470880634603
130 93 0.3702989504019243
130 87 0.23782807812020262
130 78 0.2677977573608726
130 50 0.14295079230097707
130 52 0.1268802367745684
130 46 0.37694947210056784
130 91 0.3030624274655971
130 85 0.35467407882041035
130 84 0.1788441246466014
130 90 0.347147877593366
130 47 0.17215521575496934
130 53 0.1609191662101011
124 76 0.17430478916710213
124 62 0.2283788348373774
124 89 0.13640966645638986
124 88 0.47182362341907924
124 63 0.07491412063936168
124 77 0.060962293284440694
124 49 0.24508837928530167
124 61 0.14236905684031206
124 75 0.12676923942131632
124 74 0.1323225698989824
124 60 0.14081111583912426
124 48 0.17044117328450287
124 64 0.16752794357544293
124 70 0.2539726386556066
124 58 0.19595442349906986
124 59 0.12538243666522234
124 71 0.4099575430050224
124 65 0.12428088519196387
124 73 0.14626313844059724
124 67 0.41516044863120927
124 66 0.2550724364446816
124 72 0.20074191786121004
124 57 0.40889834307709877
124 94 0.37292880668915535
124 80 0.4374767138783572
124 81 0.19706039245498444
124 95 0.33791793878132625
124 56 0.2408642700111689
124 68 0.48325710522875875
124 54 0.17090194118396873
124 83 0.41879413047127323
124 82 0.1202614660801444
124 55 0.14637338626201113
124 69 0.36992495900322037
124 51 0.1570392550591994
124 79 0.15481585498588146
124 86 0.17545765865857377
124 92 0.4598705620494986
124 93 0.3899389393471133
124 87 0.2773538305184742
124 78 0.39426796579992457
124 50 0.2262370481511775
124 52 0.2034039416318019
124 46 0.19069532599739078
124 91 0.9999999999999999
124 85 0.3398599678833254
124 84 0.08564762354993594
124 90 0.36419445222095703
124 47 0.2596132771894725
124 53 0.16933944656042682
125 76 0.14885084547966582
125 62 0.22494599829985662
125 89 0.2328527371943942
125 88 0.3656693047173244
125 63 0.19688338324201032
125 77 0.13771722919557972
125 49 0.26735490044303467
125 61 0.12411933580945446
125 75 0.1434315427692896
125 74 0.14959682256458162
125 60 0.1384934927440344
125 48 0.18605450661050138
125 64 0.1440455167096572
125 70 0.2850798303533336
125 58 0.1377444093824795
125 59 0.13001085875353163
125 71 0.4307386590758384
125 65 0.1311274097387311
125 73 0.1599153987677785
125 67 0.540203760025655
125 66 0.2967072726606073
125 72 0.09325871838523792
125 57 0.4801798314853304
125 94 0.38691185674523676
125 80 0.4665461692537531
125 81 0.2461590412041767
125 95 0.13826968735503434
125 56 0.4284006796736949
125 68 0.6847596420806569
125 54 0.15160578884034775
125 83 0.4595815604543084
125 82 0.14585668509228714
125 55 0.20133852711617412
125 69 0.37246818847540974
125 51 0.19558142480226598
125 79 0.17702628978210735
125 86 0.2540893812327155
125 92 0.4014463457777052
125 93 0.3491256995220399
125 87 0.33006660489492423
125 78 0.42452540184277177
125 50 0.273214216250707
125 52 0.028414916099175236
125 46 0.1856180903215781
125 91 0.48023353761687043
125 85 0.4486788249436974
125 84 0.15965109877761652
125 90 0.4406788214482267
125 47 0.1449701251351268
125 53 0.11859569276850884
131 76 0.166191956159763
131 62 0.24638295179340483
131 89 0.27774429943985
131 88 0.6469918331514481
131 63 0.16501875985786177
131 77 0.08608623777132476
131 49 0.09708695441477075
131 61 0.1022910323115698
131 75 0.10581327980314836
131 74 0.24015058632901154
131 60 0.17690172075248753
131 48 0.17782037961538888
131 64 0.15315529485324259
131 70 0.4171935487792138
131 58 0.78617212864873
131 59 0.27607945072586393
131 71 0.13118766954055633
131 65 0.14298462277868734
131 73 0.09454976673234688
131 67 0.45846199107810337
131 66 0.33956806305550186
131 72 0.1097150781991236
131 57 0.6499847962279269
131 94 0.5850927265131968
131 80 0.1374959609778587
131 81 0.3618996393038083
131 95 0.12239967774764451
131 56 0.27326339837883995
131 68 0.6275556211042701
131 54 0.2099169650241334
131 83 0.12525261338646448
131 82 0.07767298977317169
131 55 0.20904576746195852
131 69 0.43429551056842663
131 51 0.13612171247424887
131 79 0.17299297672016317
131 86 0.2137433727081924
131 92 0.6137539247048099
131 93 0.5534064382072397
131 87 0.5792915762190967
131 78 0.3803439090699832
131 50 0.05424220238405136
131 52 0.10460012073393132
131 46 0.25104070290348346
131 91 0.6079798446156423
131 85 0.5466106369578276
131 84 0.10683716620094416
131 90 0.5450093539415707
131 47 0.2247420746021563
131 53 0.09918763843212777
119 76 0.09420464211195073
119 62 0.21562032066429243
119 89 0.16202523310745984
119 88 0.31580390216565685
119 63 0.13842515577208386
119 77 0.40268331299004007
119 49 0.12237970102406716
119 61 0.30120110152787194
119 75 0.13840672006204924
119 74 0.21813452897600127
119 60 0.1534428922076253
119 48 0.17561406052340797
119 64 0.14228218729320197
119 70 0.31599967645841487
119 58 0.5388668501413487
119 59 0.07904552196268588
119 71 0.20190370806235242
119 65 0.13529914964686923
119 73 0.07528774295974391
119 67 0.19007853931901447
119 66 0.15740201143541566
119 72 0.09234405644631102
119 57 0.2026936708315703
119 94 0.1949192750509247
119 80 0.20103533742609717
119 81 0.0
119 95 0.04345850649663327
119 56 0.19477600296050063
119 68 0.2571245610353541
119 54 0.12889289425668798
119 83 0.10850495016447742
119 82 0.10309849110269798
119 55 0.25537974743648123
119 69 0.17270569706832226
119 51 0.1448916050321363
119 79 0.49219484897835053
119 86 0.25844986865276864
119 92 0.21328398558391518
119 93 0.2128209328223117
119 87 0.19588641734677673
119 78 0.15181103498792828
119 50 0.047362127414616595
119 52 0.10094470492301566
119 46 0.14134670799290644
119 91 0.22402603664784757
119 85 0.2259658776909541
119 84 0.15438155308993867
119 90 0.20147881537453838
119 47 0.18541767003213522
119 53 0.11195429763581459
