114 76 0.06242467090782461
114 62 0.1638087058970971
114 89 0.0896708685597146
114 88 0.26898491401465363
114 63 0.0824155533602789
114 77 0.012965781569879153
114 49 0.026788791253492317
114 61 0.0038277578877664586
114 75 0.00022518538894786277
114 74 0.11704487764488253
114 60 0.00478200981184837
114 48 0.054047483734738014
114 64 0.07908287638066547
114 70 0.2937155547428838
114 58 0.4833932191627539
114 59 0.01612062623446303
114 71 0.04498285264010439
114 65 0.0001451932319661564
114 73 0.0012457128872358225
114 67 0.26018100903602803
114 66 0.19754089407470904
114 72 0.01341668351254402
114 57 0.2713012145908
114 94 0.36112811451884297
114 80 0.04907320009834089
114 81 0.20351244249710268
114 95 0.04863303569675048
114 56 0.15456218228442123
114 68 0.45706607066589416
114 54 0.09401214666443883
114 83 0.02086528281505534
114 82 0.037891239252531364
114 55 0.16316442921050542
114 69 0.32671248794333557
114 51 0.010981801543957947
114 79 0.06417330459331666
114 86 0.014534489791486305
114 92 0.37902740955236325
114 93 0.31551804330759287
114 87 0.22887827254226084
114 78 0.2620755206032694
114 50 0.022394437337557527
114 52 0.00044437564687638265
114 46 0.13651453819449846
114 91 0.3061769419321857
114 85 0.31440493357982857
114 84 0.0094877581018121
114 90 0.31738079435263145
114 47 0.11601734987396783
114 53 0.011172466494706823
100 76 0.01474579633187273
100 62 0.07719945813818596
100 89 0.033816318734678136
100 88 0.10558752745070522
100 63 0.1764148214380039
100 77 0.014375800552722057
100 49 0.15167516498905098
100 61 0.004788047912099247
100 75 0.001461776511732682
100 74 0.013182569455972237
100 60 0.0042740241132298296
100 48 0.07267986271677852
100 64 0.11319953081903213
100 70 0.10284726453239086
100 58 0.12288288941858377
100 59 0.018383146719409438
100 71 0.3634212213197961
100 65 0.001065032526918308
100 73 0.001965008048856548
100 67 0.23747894036784628
100 66 0.09006972518828771
100 72 0.009062778217240192
100 57 0.2918631702362058
100 94 0.1462495364464629
100 80 0.4000233684791636
100 81 0.07593234351701324
100 95 0.040307756161715655
100 56 0.12311656956664824
100 68 0.34846885168212766
100 54 0.050340000331981674
100 83 0.039989602699749355
100 82 0.02678827955431877
100 55 0.1539469165674749
100 69 0.14736692400238324
100 51 0.07585454287958401
100 79 0.03062868456576917
100 86 0.1328340754969625
100 92 0.14585255809125036
100 93 0.12803707586848473
100 87 0.09401604276831865
100 78 0.1384624274891986
100 50 0.149797782696007
100 52 0.001697661447413401
100 46 0.14053069619235456
100 91 0.1316367325816132
100 85 0.12521562249674334
100 84 0.009329987524965389
100 90 0.1310638917396048
100 47 0.0657172943558697
100 53 0.016593379998624008
128 76 0.03792460846420803
128 62 0.06357157181278265
128 89 0.12290224882872884
128 88 0.36509871265241733
128 63 0.08020373003439418
128 77 0.05664731213229775
128 49 0.03427129676470499
128 61 0.0065190508268830605
128 75 0.0005068640634437738
128 74 0.033582127401193734
128 60 0.005039444530472059
128 48 0.05465590239794123
128 64 0.0739079229860608
128 70 0.27265986331686887
128 58 0.12337086617967974
128 59 0.03621184876399644
128 71 0.05302359307457846
128 65 0.00039416123701419004
128 73 0.0016226748438334104
128 67 0.34143463482110853
128 66 0.27629304403306765
128 72 0.04242058806355027
128 57 0.22916301630738706
128 94 0.5136461502891798
128 80 0.05825595329711847
128 81 0.2210957822623985
128 95 0.08246410889709367
128 56 0.22140634900207745
128 68 0.6687104210601957
128 54 0.12705449955879197
128 83 0.02051581726105596
128 82 0.040444696610641054
128 55 0.10620166074021549
128 69 0.33625944712246036
128 51 0.014380704848029308
128 79 0.11495240535492256
128 86 0.018768174588522507
128 92 0.5373508364239179
128 93 0.4419098558632473
128 87 0.3309201076200728
128 78 0.33642640130734247
128 50 0.02869855125012967
128 52 0.0010892166979963036
128 46 0.16989994638021721
128 91 0.43413725504061534
128 85 0.44686661524912036
128 84 0.00946418877926175
128 90 0.4514479426325017
128 47 0.12764950675478953
128 53 0.01440095561214802
129 76 0.031150080562848487
129 62 0.2056458963137758
129 89 0.1774332532361558
129 88 0.5444188757175964
129 63 0.18843443660566592
129 77 0.027780714457061317
129 49 0.08152497588354476
129 61 0.005823590087493752
129 75 0.0004559462722352192
129 74 0.04378604806644748
129 60 0.006120067853816885
129 48 0.1353067840530597
129 64 0.17386808792649905
129 70 0.4827503699946098
129 58 0.6383678094858731
129 59 0.029933350603566083
129 71 0.11909758810902803
129 65 0.00032391511138940565
129 73 0.0029662200929362614
129 67 0.5206043545059799
129 66 0.39732140375677666
129 72 0.022911893226730526
129 57 0.5647155655473641
129 94 0.7353563808832431
129 80 0.13083704837985666
129 81 0.37467243765198716
129 95 0.10125351336695412
129 56 0.3070076751850034
129 68 0.8640599568900722
129 54 0.24961007333042418
129 83 0.03969045253459452
129 82 0.20374685102798792
129 55 0.20230546877869915
129 69 0.5651727069633525
129 51 0.02963860148107368
129 79 0.15547742192820885
129 86 0.042101701845216916
129 92 0.771439326255074
129 93 0.6376568148561226
129 87 0.4725091556969982
129 78 0.48660771944306325
129 50 0.059342070627838986
129 52 0.0009379173469681312
129 46 0.2994997145216303
129 91 0.6225249623528121
129 85 0.6400099549592404
129 84 0.017212510261701786
129 90 0.6460652633286064
129 47 0.28066567349704497
129 53 0.026116142037419965
101 76 0.017726697720888057
101 62 0.033142604518657165
101 89 0.026293744124195884
101 88 0.10448768551204606
101 63 0.02333428765768575
101 77 0.011849826645239703
101 49 0.07737952800232994
101 61 0.005268977772884653
101 75 0.000680067845247545
101 74 0.010245026274684987
101 60 0.002109653162962022
101 48 0.0322394078579855
101 64 0.020664470253163716
101 70 0.08295552356900725
101 58 0.0746953527449242
101 59 0.03574540174523476
101 71 0.14783089845209393
101 65 0.000505350456252579
101 73 0.000870453453875597
101 67 0.1424612357570835
101 66 0.08084913710882202
101 72 0.007946704237913077
101 57 0.15047138178476327
101 94 0.15987400640710758
101 80 0.16270785552355468
101 81 0.05311468144588416
101 95 0.024388493602474234
101 56 0.08975145303139825
101 68 0.22291698651352002
101 54 0.024113099544269156
101 83 0.017513797605673675
101 82 0.0184197873761017
101 55 0.07042204678473862
101 69 0.10969343425397654
101 51 0.031135906729947094
101 79 0.026590910013344835
101 86 0.05396157594781083
101 92 0.164505605872997
101 93 0.14372058068905924
101 87 0.07671877465886875
101 78 0.11219523217240682
101 50 0.0908615353379953
101 52 0.0012601567356225196
101 46 0.03869414206585514
101 91 0.14005001105528397
101 85 0.1340988342189286
101 84 0.028878613440195225
101 90 0.13741639194477734
101 47 0.03948612340798455
101 53 0.007595406310632075
115 76 0.03371011175174568
115 62 0.03487818549557668
115 89 0.018844265816284345
115 88 0.059745642292017384
115 63 0.026584771797844853
115 77 0.013106054107763665
115 49 0.016687745907306567
115 61 0.003297420922883293
115 75 0.0004350291037860943
115 74 0.07050914231803761
115 60 0.0019928213889486845
115 48 0.016783902854305865
115 64 0.07850104400965567
115 70 0.07118912023254541
115 58 0.02748608404738763
115 59 0.016815757301551687
115 71 0.025460540187386235
115 65 0.00032688689395171666
115 73 0.001395603139027285
115 67 0.07058248249407176
115 66 0.15583758615117824
115 72 0.05444096167389974
115 57 0.05230776812485928
115 94 0.146056228170954
115 80 0.028048975559104544
115 81 0.06703638247977188
115 95 0.013796618889353879
115 56 0.16688568920868366
115 68 0.1293773034236068
115 54 0.02520665361337314
115 83 0.13302985782051868
115 82 0.02710721384545217
115 55 0.1159219515427369
115 69 0.06270265216853291
115 51 0.007859546549034924
115 79 0.019878598575101658
115 86 0.009323088577613714
115 92 0.15195036046390561
115 93 0.13290323512866184
115 87 0.05613434513686724
115 78 0.06660794581711336
115 50 0.015010467662701948
115 52 0.542080996039218
115 46 0.39881443934670235
115 91 0.12619395022665073
115 85 0.12171408956757482
115 84 0.03364503923741331
115 90 0.1238716374569249
115 47 0.1809853127939892
115 53 0.14504887433183944
103 76 0.027899609608958695
103 62 0.13168211559925574
103 89 0.047124193958824445
103 88 0.14306015774852762
103 63 0.04573982594326277
103 77 0.01832702670743963
103 49 0.027407123371425673
103 61 0.009007976268460338
103 75 0.000982297055027198
103 74 0.01793116420747498
103 60 0.0033658809097062703
103 48 0.03617471892715719
103 64 0.04230072626770774
103 70 0.24800362192608824
103 58 0.6813302534611649
103 59 0.04156102864245159
103 71 0.04750517858018362
103 65 0.0007932475249633475
103 73 0.0011683337952961836
103 67 0.18761622791952898
103 66 0.30193619678020894
103 72 0.013360034583029229
103 57 0.3177766615263114
103 94 0.19314473030287396
103 80 0.05209620823790673
103 81 0.17058869842786667
103 95 0.030189873650046245
103 56 0.12367297692016907
103 68 0.4392191595980131
103 54 0.05051250833186059
103 83 0.014728506883729592
103 82 0.03598952994431917
103 55 0.07684357742959703
103 69 0.2945734392113041
103 51 0.012434468248493452
103 79 0.045759862232795004
103 86 0.016430053431453345
103 92 0.19993510324961594
103 93 0.17117867950409416
103 87 0.1325939889048645
103 78 0.20703161284522634
103 50 0.026285452659544378
103 52 0.002161426142450351
103 46 0.0741743921713966
103 91 0.17400202888676403
103 85 0.16799690742245726
103 84 0.008709284979537463
103 90 0.17226522604457575
103 47 0.0770169861178296
103 53 0.01094807062125816
117 76 0.09467603141985263
117 62 0.19515068952006842
117 89 0.025517451534686666
117 88 0.11936822970548339
117 63 0.03894841600954718
117 77 0.23847042194073564
117 49 0.11973029254701599
117 61 0.050598880274201105
117 75 0.4911062730195651
117 74 0.23668547409899685
117 60 0.0011915895595601966
117 48 0.3172279946666653
117 64 0.11066209327471455
117 70 0.2063143282334951
117 58 0.5185932828799042
117 59 0.0019107696260832197
117 71 0.05495327972237679
117 65 0.0
117 73 0.2731796071641872
117 67 0.12301641534144239
117 66 0.05869959126091416
117 72 0.07114700461522834
117 57 0.19852120590090028
117 94 0.17570861213676062
117 80 0.05730227386580404
117 81 0.19268737178624457
117 95 0.0554168499407979
117 56 0.2153629640356311
117 68 0.2616774832624189
117 54 0.04376747404565555
117 83 0.48196385726990637
117 82 0.03833397107239968
117 55 0.128669325136348
117 69 0.22651263538466535
117 51 0.07461283277244714
117 79 0.28390662620333623
117 86 0.007280444129852487
117 92 0.18471037643418375
117 93 0.16202241698609887
117 87 0.1813397758658802
117 78 0.22310138074381008
117 50 0.010801253432651647
117 52 0.005329273601656248
117 46 0.23975378597187508
117 91 0.18062755988962464
117 85 0.17636750805039828
117 84 0.06731346217072014
117 90 0.1778674109104065
117 47 0.05148777470456865
117 53 0.022746290667915003
116 76 0.08497510885778023
116 62 0.1465513834200412
116 89 0.10618489906347288
116 88 0.3154112727170252
116 63 0.08286978091254854
116 77 0.018833706585723753
116 49 0.03158345941590865
116 61 0.05858521619574365
116 75 0.00031425912079741103
116 74 0.027014294126270294
116 60 0.004287688929029171
116 48 0.05567802754841453
116 64 0.07749147927634617
116 70 0.39340322087134716
116 58 0.5661134539155424
116 59 0.06839729607203993
116 71 0.04986887220061938
116 65 0.0001679487663815704
116 73 0.001505528201245554
116 67 0.31769035733248785
116 66 0.28728266646274114
116 72 0.016329764588303902
116 57 0.391694627385567
116 94 0.4325822969975089
116 80 0.05453199573516419
116 81 0.22826173228284266
116 95 0.05919724163991491
116 56 0.2777334492957587
116 68 0.576948399093294
116 54 0.09147641375902045
116 83 0.1734104557683442
116 82 0.20334005814069972
116 55 0.18627102833323267
116 69 0.39100751572373427
116 51 0.012573793007005257
116 79 0.07945534845642177
116 86 0.016640494014982438
116 92 0.45396059072239897
116 93 0.3764859970090533
116 87 0.2758356063151503
116 78 0.3213194009207425
116 50 0.02618000097616234
116 52 0.002746255420377236
116 46 0.27209531056384684
116 91 0.36765793601030294
116 85 0.3766900767710203
116 84 0.045587000575705666
116 90 0.38022734301201433
116 47 0.12542937518443342
116 53 0.014023524187257663
102 76 0.00427642644971668
102 62 0.07167664742860251
102 89 0.015420109061100723
102 88 0.047922735903418695
102 63 0.022260246350045546
102 77 0.0032866607997797115
102 49 0.015746127091582574
102 61 0.0008136609010770124
102 75 6.15769682698053e-05
102 74 0.005791620174846218
102 60 0.0004446975830565969
102 48 0.018763279447219394
102 64 0.021021367910901673
102 70 0.11096974489591227
102 58 0.40614392697974405
102 59 0.0009466878582559402
102 71 0.030326011538336403
102 65 0.0
102 73 0.0002551445528372609
102 67 0.0683473723964997
102 66 0.03621827208033275
102 72 0.0034159203263607885
102 57 0.16663924428529686
102 94 0.06215540705050103
102 80 0.03328902930299482
102 81 0.08279302296774498
102 95 0.009628111037078113
102 56 0.04565940062808892
102 68 0.17283922334620117
102 54 0.025143993806491696
102 83 0.007299077169747842
102 82 0.013186300097749043
102 55 0.03413880516570279
102 69 0.1331573855271722
102 51 0.006259336806151816
102 79 0.013687548646693803
102 86 0.010616278693170556
102 92 0.06329350873961927
102 93 0.05367826026878336
102 87 0.03962178397037344
102 78 0.07193238112725747
102 50 0.013560632493000019
102 52 2.1440341024248077e-05
102 46 0.031065237012168984
102 91 0.053069581511355976
102 85 0.053861622674595294
102 84 0.0032836117075505933
102 90 0.052846376574018375
102 47 0.032363785486241026
102 53 0.0029275755342320076
106 76 0.03970064218016753
106 62 0.08571709883077075
106 89 0.031748747146146394
106 88 0.09459248104294692
106 63 0.03342481473010822
106 77 0.008997154162556337
106 49 0.012874683960291816
106 61 0.003812890555557391
106 75 4.033898157712601e-05
106 74 0.01139228208638346
106 60 0.0006710727799082994
106 48 0.02309773641212945
106 64 0.03184208918739738
106 70 0.16172218747603667
106 58 0.4503445470645376
106 59 0.02980612457073746
106 71 0.02201950204731945
106 65 0.0
106 73 0.00045308741501901006
106 67 0.11880834473997637
106 66 0.0866968442909539
106 72 0.05699719435069303
106 57 0.20210664981836401
106 94 0.12238766496250247
106 80 0.023983856286376726
106 81 0.1103047505699162
106 95 0.01842352201904865
106 56 0.09422772634238345
106 68 0.26413338119289975
106 54 0.03790412442651496
106 83 0.008044688555785995
106 82 0.051993629828301705
106 55 0.11849136521183207
106 69 0.19463971271213842
106 51 0.004923854636089492
106 79 0.029444069871397915
106 86 0.006967266376083997
106 92 0.12917324740188735
106 93 0.10953135631636558
106 87 0.08586532245869327
106 78 0.13586018534865335
106 50 0.011266801931138964
106 52 4.644370759801508e-05
106 46 0.05127428621329454
106 91 0.10681258348716342
106 85 0.10674479316082736
106 84 0.004761699439306072
106 90 0.10777654590963975
106 47 0.05142067216357371
106 53 0.004180410455094291
112 76 0.024826630752857917
112 62 0.1149147304873335
112 89 0.050112272002832456
112 88 0.14788240273831305
112 63 0.05169599676722271
112 77 0.012759414821927911
112 49 0.020340397931268767
112 61 0.0053094211545050285
112 75 8.162739533393304e-05
112 74 0.0178894871118582
112 60 0.001054920228345746
112 48 0.0361315953506645
112 64 0.050273008352585274
112 70 0.22967688148232784
112 58 0.5873149744176929
112 59 0.03967344806033647
112 71 0.038893731016134594
112 65 0.0
112 73 0.0006121826779157957
112 67 0.17699249595372935
112 66 0.13097564723585772
112 72 0.014782483929867751
112 57 0.2784128393409334
112 94 0.18865459434877227
112 80 0.04229105507443941
112 81 0.16103478570806695
112 95 0.02821783921950964
112 56 0.14831704880796784
112 68 0.38149705658736255
112 54 0.06020557307802213
112 83 0.012779759082029885
112 82 0.035217883885819604
112 55 0.22783927921248098
112 69 0.2807074737299826
112 51 0.0080055994147053
112 79 0.043952715638102324
112 86 0.012019761645394561
112 92 0.19911423750737425
112 93 0.16985017167617536
112 87 0.13176893637146297
112 78 0.2050571436813916
112 50 0.01854654341279391
112 52 9.398053031225984e-05
112 46 0.08069637268808867
112 91 0.16503668266869292
112 85 0.1645541578022182
112 84 0.007656425125740551
112 90 0.16614467289540075
112 47 0.0781422876106473
112 53 0.005569355423473088
113 76 0.04621178111988501
113 62 0.15739045839316243
113 89 0.1513860867529854
113 88 0.45552532510397603
113 63 0.12810880891114576
113 77 0.06281220848809349
113 49 0.049360156634410804
113 61 0.008102475467377385
113 75 0.0006134345108318173
113 74 0.0448021008741656
113 60 0.007363241533018566
113 48 0.08611140512398703
113 64 0.12080750422615968
113 70 0.4067118284616231
113 58 0.533345966490933
113 59 0.041583787516656645
113 71 0.07766861096499585
113 65 0.00042053188817237075
113 73 0.002365635107361347
113 67 0.4403494403237301
113 66 0.3441847725662023
113 72 0.04868270716391264
113 57 0.40980599156618513
113 94 0.6245855452836471
113 80 0.0851254100692326
113 81 0.31325077200305584
113 95 0.09821173350620827
113 56 0.3694159749984951
113 68 0.799526503629471
113 54 0.14276730456100392
113 83 0.14935165732607664
113 82 0.0621889613745919
113 55 0.20945384417393312
113 69 0.5045279858820853
113 51 0.020117516425737364
113 79 0.125727062479159
113 86 0.026676801905188036
113 92 0.6544077389835214
113 93 0.5418046778742373
113 87 0.39458414636573613
113 78 0.4448326138945321
113 50 0.04062961398829759
113 52 0.00307220952210141
113 46 0.3156925024216297
113 91 0.5300686443897606
113 85 0.5436396288154524
113 84 0.04183863155973501
113 90 0.5492324866572988
113 47 0.18892438802471706
113 53 0.02135148929189544
107 76 0.01078618488312752
107 62 0.007626731311213442
107 89 0.010139887069098491
107 88 0.03177798229262155
107 63 0.0024471267582161227
107 77 0.008667009359026201
107 49 0.009170572463368498
107 61 0.00472237387663671
107 75 0.00234493608733502
107 74 0.004419091520490859
107 60 0.001753865189838666
107 48 0.0035479884202957723
107 64 0.000997943323968714
107 70 0.030885457148617262
107 58 0.003447720765218959
107 59 0.021100491339768254
107 71 0.017850720144286514
107 65 0.0025106914441009875
107 73 0.0022312111943431356
107 67 0.09238954554746741
107 66 0.157820251865334
107 72 0.003841370210729167
107 57 0.08078362219023422
107 94 0.04492758089260977
107 80 0.019669071993516002
107 81 0.015455100005650813
107 95 0.009725965587932789
107 56 0.3992239764420568
107 68 0.3734441845645883
107 54 0.0011490208447184902
107 83 0.003970554423946782
107 82 0.007340776382593561
107 55 0.008208291584808236
107 69 0.03631837336730255
107 51 0.005417188485454444
107 79 0.010855590010590277
107 86 0.006543070856437849
107 92 0.045338120952789995
107 93 0.048250025370227004
107 87 0.03383433079703052
107 78 0.043979124354851684
107 50 0.011154225474234947
107 52 0.0014640302134938388
107 46 0.008449620552471032
107 91 0.04250918662677136
107 85 0.038964745608861776
107 84 0.0025950602873826556
107 90 0.04074548697884689
107 47 0.009492681528428776
107 53 0.006007212871533885
139 76 0.06289778556347282
139 62 0.03458533637176245
139 89 0.058185373936789186
139 88 0.17249760428623545
139 63 0.03733318519368985
139 77 0.014116329098571495
139 49 0.020129516664675245
139 61 0.03723014019197135
139 75 0.0004509923272243699
139 74 0.023242708371737628
139 60 0.0029473535698233966
139 48 0.02461965156428378
139 64 0.03306990332568664
139 70 0.1849387334429527
139 58 0.06317541609936046
139 59 0.08618198916699452
139 71 0.03373300103170539
139 65 0.0003642129887338197
139 73 0.0011579141334940035
139 67 0.17648747455149252
139 66 0.24595804458715914
139 72 0.009308568402587397
139 57 0.14832405673191082
139 94 0.292100748718225
139 80 0.03710860413198286
139 81 0.10051649892508056
139 95 0.034700263134036874
139 56 0.11300383868901805
139 68 0.30507417075359633
139 54 0.06834966504661949
139 83 0.025026341212252043
139 82 0.06636325779187892
139 55 0.052439302187602274
139 69 0.16385381267036767
139 51 0.009794908584242173
139 79 0.05547480801645019
139 86 0.012125969997447222
139 92 0.3049784377312998
139 93 0.25636723491933266
139 87 0.1653781236897006
139 78 0.16900290458848174
139 50 0.019563588002388194
139 52 0.002690436819469122
139 46 0.08583924279046559
139 91 0.24910877332603898
139 85 0.2499740035172059
139 84 0.006345340967679053
139 90 0.2531236885307689
139 47 0.05898546037583573
139 53 0.01109464280487893
111 76 0.05651899960065593
111 62 0.17251118582429278
111 89 0.13418030370252285
111 88 0.396822714333962
111 63 0.10487835679266395
111 77 0.03104833411082726
111 49 0.03899406097124351
111 61 0.014498167218118474
111 75 0.0002732561702741554
111 74 0.04007291604767145
111 60 0.00433896761396424
111 48 0.07361001461501773
111 64 0.10031156014523718
111 70 0.4709258656877903
111 58 0.6145943648188459
111 59 0.10199622886983536
111 71 0.060852284473398605
111 65 0.00015657939521487862
111 73 0.0013686575292173875
111 67 0.4426260319020872
111 66 0.3752676448143926
111 72 0.028463038575485045
111 57 0.4339163129255374
111 94 0.5367220874775935
111 80 0.06636727954997322
111 81 0.2902289310265408
111 95 0.0763812432997288
111 56 0.29573810632921954
111 68 0.8460048154410957
111 54 0.11990350160419257
111 83 0.025840064850855438
111 82 0.0720635133486295
111 55 0.2674414732977488
111 69 0.6135481815825818
111 51 0.013912767418699318
111 79 0.14140324822770475
111 86 0.01959278813094867
111 92 0.5643811321867431
111 93 0.4712321611262654
111 87 0.37460434732389614
111 78 0.5876405656640716
111 50 0.03221104759094123
111 52 0.0011887024411046387
111 46 0.18496930736833897
111 91 0.4615960227622916
111 85 0.4678422597648599
111 84 0.014529814742970326
111 90 0.47233532938931966
111 47 0.17431009424012722
111 53 0.01239062165079588
105 76 0.03703484658812492
105 62 0.061776302374754954
105 89 0.03963361455259376
105 88 0.12339275532052786
105 63 0.04518086488891351
105 77 0.02086746557447479
105 49 0.1291995174108747
105 61 0.008727234344072993
105 75 0.0016239896564052558
105 74 0.026610325694756326
105 60 0.004611794188158047
105 48 0.06346312355070947
105 64 0.038671338290425655
105 70 0.12191251986777904
105 58 0.09418969438782496
105 59 0.05190265667838091
105 71 0.30113406251460806
105 65 0.0011900593231308765
105 73 0.0019290399265491642
105 67 0.2597772109536193
105 66 0.18767536556102055
105 72 0.011812729581818837
105 57 0.30853885505055245
105 94 0.1795341386404023
105 80 0.331636623976035
105 81 0.07620429633805398
105 95 0.04255551464308936
105 56 0.2663404887636245
105 68 0.4851999951550192
105 54 0.04474722648578251
105 83 0.13888951952539913
105 82 0.03193661360260866
105 55 0.04337607035276618
105 69 0.18798327132357256
105 51 0.06459565466288257
105 79 0.04183228974017586
105 86 0.11063900924341852
105 92 0.17778153830356086
105 93 0.1534408446487665
105 87 0.12010056106787573
105 78 0.2082868867057241
105 50 0.1286270504279147
105 52 0.001384362906804576
105 46 0.06503958502004743
105 91 0.16101684689928591
105 85 0.15400527293654548
105 84 0.00972976289597649
105 90 0.15838602244078687
105 47 0.07109534973900597
105 53 0.017028287532082353
104 76 0.009633424198150664
104 62 0.13374613260249868
104 89 0.03390299008290981
104 88 0.1040443508012242
104 63 0.048338056172454735
104 77 0.006133231717983106
104 49 0.018198530319838258
104 61 0.0015717232576775708
104 75 5.7199955518533185e-05
104 74 0.012262436329985388
104 60 0.0008458471034503701
104 48 0.035516858553284875
104 64 0.046536876440493466
104 70 0.21669537546368306
104 58 0.7566122078780959
104 59 0.0023252842238840332
104 71 0.030276180597526695
104 65 0.0
104 73 0.0005029775232090195
104 67 0.12662118984121365
104 66 0.0771068815305399
104 72 0.008209485650169074
104 57 0.30048149188120676
104 94 0.12770756248796336
104 80 0.032965008043952984
104 81 0.16266059568847874
104 95 0.018396815613233808
104 56 0.10328436864378779
104 68 0.32435570190505114
104 54 0.05589155972850855
104 83 0.011636843230990596
104 82 0.027537861831184757
104 55 0.1308789835033235
104 69 0.2595613336810003
104 51 0.006185824214675645
104 79 0.02876174699306222
104 86 0.009531840948443726
104 92 0.1347880978806476
104 93 0.11514064638015496
104 87 0.08466416864722903
104 78 0.14537043130762964
104 50 0.013689392969750025
104 52 6.585634800029827e-05
104 46 0.06713621049945491
104 91 0.11089620628048459
104 85 0.11134531996598229
104 84 0.005719912256851228
104 90 0.11242153957857931
104 47 0.06890732044305523
104 53 0.004849303695728335
110 76 0.027252314897601798
110 62 0.12694020402252001
110 89 0.16306359887606256
110 88 0.29242748376361705
110 63 0.05690773732514941
110 77 0.17367230988066584
110 49 0.047988072118403405
110 61 0.0035591160662623023
110 75 0.00028363846838239115
110 74 0.04423197188037559
110 60 0.057837972193284
110 48 0.07245881907881782
110 64 0.05317822172535318
110 70 0.23143348530942195
110 58 0.37545277223598106
110 59 0.01816302297350164
110 71 0.1597099285753587
110 65 0.00018205123667774936
110 73 0.0009320726799255108
110 67 0.21309760808322492
110 66 0.15056681692717508
110 72 0.10063367547949326
110 57 0.26417215865112387
110 94 0.3121465383619783
110 80 0.16400529059492427
110 81 0.23068266435707524
110 95 0.0704999118634685
110 56 0.17024188005420365
110 68 0.4426583083598982
110 54 0.09357250879953685
110 83 0.012911381446874676
110 82 0.1225829075856207
110 55 0.13029553285573423
110 69 0.41428148846086443
110 51 0.008194113342703091
110 79 0.14174669947416008
110 86 0.011031504269467168
110 92 0.327053910596793
110 93 0.36140828041459405
110 87 0.22362920127568536
110 78 0.31163556897772227
110 50 0.01702724641445269
110 52 0.0016537219968351946
110 46 0.14959855520385054
110 91 0.28306703650958387
110 85 0.28515568756297865
110 84 0.00691056542393384
110 90 0.28801628991728523
110 47 0.13006679284843703
110 53 0.01683580860662995
138 76 0.05801590970653418
138 62 0.10240892131826133
138 89 0.08660554336421085
138 88 0.26049131578410345
138 63 0.06835362319864956
138 77 0.056915184424948015
138 49 0.032520052417903844
138 61 0.010105485194221081
138 75 0.0007047714480988565
138 74 0.04383201846477096
138 60 0.005371918670871889
138 48 0.044259659686438246
138 64 0.06160857033654803
138 70 0.24808002593290218
138 58 0.08910867954947774
138 59 0.060291915173699515
138 71 0.05398569454616088
138 65 0.0005387192400612972
138 73 0.001828894739540482
138 67 0.2992358624906384
138 66 0.31361983437573615
138 72 0.09271878892236796
138 57 0.2272102518445107
138 94 0.36868715551902576
138 80 0.059396765288484143
138 81 0.15333470164563384
138 95 0.06466386232990501
138 56 0.21549191326131614
138 68 0.5552996788280123
138 54 0.07156556274463043
138 83 0.042704259473028416
138 82 0.05342199916951744
138 55 0.07043371106318366
138 69 0.26587820743257906
138 51 0.01625189558054832
138 79 0.08280691483881954
138 86 0.019440393853096316
138 92 0.38145481020418204
138 93 0.3166303977928245
138 87 0.2584161213965536
138 78 0.27837195760061545
138 50 0.03219682594690945
138 52 0.0014614471516412597
138 46 0.1493622369771749
138 91 0.3140669560506545
138 85 0.3177470395093116
138 84 0.010464898926358907
138 90 0.32215336137881034
138 47 0.1361933860714939
138 53 0.07882544450392812
140 76 0.07274689316555631
140 62 0.04646199429347389
140 89 0.04987815592087838
140 88 0.14503474835427932
140 63 0.0456350973725073
140 77 0.012353463902976758
140 49 0.04775802422836753
140 61 0.030108871609492868
140 75 0.0004349989346875971
140 74 0.023806306916589443
140 60 0.0024103810351470967
140 48 0.016800910273962882
140 64 0.021309158734400452
140 70 0.18907505986844078
140 58 0.08567223537224987
140 59 0.05195406053709915
140 71 0.022861606798398687
140 65 0.00030432093878651756
140 73 0.0005779289947785982
140 67 0.16645534172085205
140 66 0.22338495765436775
140 72 0.009221956644796137
140 57 0.18378860924956775
140 94 0.20763640081696227
140 80 0.025063802891183026
140 81 0.09455913679902722
140 95 0.029202245434599775
140 56 0.08800454539792182
140 68 0.32079410928828556
140 54 0.02527568929581668
140 83 0.007728095117682354
140 82 0.06593469963464284
140 55 0.05019889797151553
140 69 0.21648447655232056
140 51 0.00633959569538875
140 79 0.0391944088732311
140 86 0.007882053684306084
140 92 0.2148732844388172
140 93 0.17852080093184994
140 87 0.14468595974761128
140 78 0.23630657670310257
140 50 0.04795709070340304
140 52 0.0008520713485018483
140 46 0.053956573247178036
140 91 0.17756618113558156
140 85 0.18049286191984326
140 84 0.014393639218000742
140 90 0.18163045155983554
140 47 0.05240786691541564
140 53 0.005859661617523604
135 76 0.06800667211262447
135 62 0.21456123733470883
135 89 0.08188047693437558
135 88 0.2789186318059488
135 63 0.11172078780352182
135 77 0.17503720694026775
135 49 0.29982870151896523
135 61 0.004251864594165461
135 75 0.2685154589244685
135 74 0.15053392392140502
135 60 0.005385921155235757
135 48 0.34129065848451934
135 64 0.0981325217870189
135 70 0.22927073063161935
135 58 0.15118400106718585
135 59 0.018044028420585362
135 71 0.2372053659785025
135 65 0.0005972100640683486
135 73 0.17398493431445547
135 67 0.33784531261906303
135 66 0.1944428020133849
135 72 0.033638566177760815
135 57 0.3164775181224537
135 94 0.3973338556463307
135 80 0.2596089247628205
135 81 0.26817841699245937
135 95 0.10879421104146642
135 56 0.32782554606118
135 68 0.5591499937047484
135 54 0.14122109865823065
135 83 0.416525177366202
135 82 0.047437405640889704
135 55 0.10620851005745505
135 69 0.28380882213917785
135 51 0.11859794800064928
135 79 0.1862127251307626
135 86 0.08053051834980635
135 92 0.4107435400960978
135 93 0.34580796677360504
135 87 0.2922608509773613
135 78 0.31834135032982613
135 50 0.10832496685914553
135 52 0.0050874260329533405
135 46 0.3397201559189935
135 91 0.35376645303124954
135 85 0.3551166116141504
135 84 0.0981119089840718
135 90 0.3604795074009898
135 47 0.24823722506693885
135 53 0.22783659796234873
121 76 0.08795567897710636
121 62 0.09672376155567332
121 89 0.08113972211693682
121 88 0.3204073182223511
121 63 0.1355640222376189
121 77 0.04668539075387257
121 49 0.13175464424164693
121 61 0.004224381712416847
121 75 0.0012404426619854192
121 74 0.06044274461356254
121 60 0.04863339598626801
121 48 0.1094843082258187
121 64 0.10826463629968049
121 70 0.19846986327873842
121 58 0.0824982935811844
121 59 0.012946015908736619
121 71 0.3243048895963633
121 65 0.04422625995633944
121 73 0.0018792416467647843
121 67 0.35138209857597014
121 66 0.1949111787630465
121 72 0.03230036086371274
121 57 0.3683750931659014
121 94 0.41604184412204326
121 80 0.3554265607851823
121 81 0.11993307015831645
121 95 0.08425880269134112
121 56 0.18721246949737702
121 68 0.46130069092312453
121 54 0.12847529551981113
121 83 0.26829394490988556
121 82 0.04298567785382665
121 55 0.1548646067074217
121 69 0.38070968440116615
121 51 0.08454853355172576
121 79 0.07932139587495558
121 86 0.11230851504479794
121 92 0.528990045900599
121 93 0.3600697606265548
121 87 0.2293749508933519
121 78 0.4770652701787825
121 50 0.1277759312644931
121 52 0.0008956577701711987
121 46 0.14949141828858387
121 91 0.34982364622826223
121 85 0.35256080806029544
121 84 0.009012378623772827
121 90 0.3586530963026047
121 47 0.2028857586379575
121 53 0.029798697352119916
109 76 0.045519838913083005
109 62 0.10412733011583036
109 89 0.06713826547049652
109 88 0.21862745864706026
109 63 0.04957884904870563
109 77 0.14148229368964532
109 49 0.04328976546519847
109 61 0.0035281270602709747
109 75 0.00018458694037665202
109 74 0.06596448368858143
109 60 0.0019150841920144435
109 48 0.050784081058850655
109 64 0.08931478535767184
109 70 0.26910656115756115
109 58 0.3946893887291282
109 59 0.020694056903318964
109 71 0.028581233691432992
109 65 0.00010100856195732755
109 73 0.0007095610707746058
109 67 0.22855782795620366
109 66 0.17306709590003216
109 72 0.048309961170032154
109 57 0.2530333418455546
109 94 0.30737014976445753
109 80 0.030974506988360018
109 81 0.23815538169243333
109 95 0.05870372689893738
109 56 0.139483482732916
109 68 0.4457989691510641
109 54 0.05700424521493641
109 83 0.012484576476249787
109 82 0.04004669959668823
109 55 0.12376070495367758
109 69 0.33438273065359486
109 51 0.006087562557101217
109 79 0.14227696567201167
109 86 0.00842051777957939
109 92 0.3224432506135173
109 93 0.2730437058925139
109 87 0.2042694107814956
109 78 0.32799367151208814
109 50 0.013402772140489655
109 52 0.0025065422656519454
109 46 0.14906299049359167
109 91 0.2785757548311344
109 85 0.2808673152608995
109 84 0.39130496413507876
109 90 0.28340732808538815
109 47 0.07809855440150489
109 53 0.015003083695850461
108 76 0.06807201010857672
108 62 0.2051424502057861
108 89 0.15087007206192693
108 88 0.45834431699512634
108 63 0.15096128553244503
108 77 0.07661908462667273
108 49 0.06282473219511199
108 61 0.013238668421877015
108 75 0.0005543111928460187
108 74 0.053289450327917195
108 60 0.006400196646164313
108 48 0.10834087972686228
108 64 0.14196435470596805
108 70 0.47817562953964077
108 58 0.7048137380730839
108 59 0.08497527806417925
108 71 0.09404163571424423
108 65 0.00036846571293869257
108 73 0.0022751003165488726
108 67 0.4749080069442647
108 66 0.37917484025403003
108 72 0.060507642444016366
108 57 0.5186700796215781
108 94 0.6152348404894683
108 80 0.10307402333650068
108 81 0.38098364596227147
108 95 0.10304956938859025
108 56 0.3874193618024525
108 68 0.9451231430922209
108 54 0.21220057019327532
108 83 0.03594685323807202
108 82 0.08865779659368339
108 55 0.2589303882463573
108 69 0.5808132604206553
108 51 0.02292780199819751
108 79 0.19252659959623192
108 86 0.032310793575867344
108 92 0.6459991041193851
108 93 0.5384715607137122
108 87 0.4155304569431698
108 78 0.5094755676766187
108 50 0.048969341589531146
108 52 0.0019158537565979739
108 46 0.25559859240708704
108 91 0.5285420187579293
108 85 0.5359907403884066
108 84 0.017761593644440826
108 90 0.541754224895573
108 47 0.2354310179452171
108 53 0.020416598496452942
120 76 0.009574762791932728
120 62 0.13476894785986807
120 89 0.055950872124510276
120 88 0.16662355401505555
120 63 0.033833261750970914
120 77 0.22299918786867018
120 49 0.019411263781517918
120 61 0.003603711690454592
120 75 0.033601296316004434
120 74 0.011917155421792502
120 60 0.004209895015599374
120 48 0.024303441093653302
120 64 0.03081916134767433
120 70 0.11599146283164648
120 58 0.05035276960320394
120 59 0.012115527727767056
120 71 0.03539729279137879
120 65 0.0008650714184071928
120 73 0.0011731574374810316
120 67 0.15769851200889845
120 66 0.12394037014828077
120 72 0.005446511949381977
120 57 0.08980947738354562
120 94 0.23861879266211716
120 80 0.03891168092388507
120 81 0.08253415051363543
120 95 0.03205709436500463
120 56 0.10433268051116112
120 68 0.22365356337500966
120 54 0.03642944172043226
120 83 0.02687298016828235
120 82 0.016632152372989123
120 55 0.2185211037591805
120 69 0.14180921144155273
120 51 0.042256917442500264
120 79 0.03779347785833215
120 86 0.012612098432881608
120 92 0.24621453897257364
120 93 0.2050233089392524
120 87 0.1841649802638736
120 78 0.1894071503167663
120 50 0.07251821979155168
120 52 0.0004817176203440743
120 46 0.06699725550314548
120 91 0.20569508407439174
120 85 0.20710223161957053
120 84 0.07634430106538852
120 90 0.2114632663820404
120 47 0.09439789396580389
120 53 0.31968696023152016
134 76 0.055501243625289035
134 62 0.1383712870189274
134 89 0.04092634417462282
134 88 0.13252762672523327
134 63 0.07739514155157466
134 77 0.01824050075921499
134 49 0.269021642164492
134 61 0.0041386710055921205
134 75 0.27610979474230984
134 74 0.09213178387802934
134 60 0.004500662277914569
134 48 0.2576791230149223
134 64 0.06575629841588089
134 70 0.13547899708744104
134 58 0.10332934571423263
134 59 0.015283685949802672
134 71 0.3645305819439788
134 65 0.0009017001910938405
134 73 0.17846756607189332
134 67 0.26855823411051793
134 66 0.10803093392271243
134 72 0.010058774217553218
134 57 0.28790244844430324
134 94 0.18812296263533299
134 80 0.39974877574356654
134 81 0.09727105339219136
134 95 0.044406126494239404
134 56 0.12004191596573956
134 68 0.39701006585244814
134 54 0.10313384308374754
134 83 0.25446024931660194
134 82 0.032358128184759014
134 55 0.1891213744746532
134 69 0.1854233812908706
134 51 0.11420937679512866
134 79 0.047723414682786375
134 86 0.12714116627484928
134 92 0.18628758385153013
134 93 0.16044906870861214
134 87 0.1669589137703192
134 78 0.18081807843863068
134 50 0.14718811040557203
134 52 0.39883655601267043
134 46 0.18714698974795504
134 91 0.1617175191325109
134 85 0.1577684512305354
134 84 0.058443761757764626
134 90 0.16322008641375066
134 47 0.1872058511424986
134 53 0.32054535733765704
122 76 0.03556815120227816
122 62 0.09227756499432907
122 89 0.08542884512357392
122 88 0.2613283485932542
122 63 0.08200762509888629
122 77 0.021062296258413923
122 49 0.22315724166489365
122 61 0.00611824173276157
122 75 0.0023212065099148804
122 74 0.042508612222436626
122 60 0.007694096171517284
122 48 0.11255510089865103
122 64 0.07111285467460624
122 70 0.1888687173288235
122 58 0.10876754483001959
122 59 0.013558353908997955
122 71 0.5249717229885543
122 65 0.0015806302282110885
122 73 0.002976347130295348
122 67 0.4475399963054366
122 66 0.19541059239949382
122 72 0.010185479317090518
122 57 0.4458093185949533
122 94 0.3740916461619158
122 80 0.5781013535046813
122 81 0.13822898527277686
122 95 0.07739222706695446
122 56 0.15886379954948726
122 68 0.5800545623928874
122 54 0.08249549164070055
122 83 0.25849106338768857
122 82 0.03869548508049897
122 55 0.08121324610181561
122 69 0.3076355842759233
122 51 0.11090352335958512
122 79 0.06325319459948182
122 86 0.1928308650218452
122 92 0.38103752733884055
122 93 0.32026002933163233
122 87 0.22833530169723257
122 78 0.32960483037514077
122 50 0.2180120820668593
122 52 0.0014383787332130915
122 46 0.1270867690959496
122 91 0.3235053285864033
122 85 0.7469723097455554
122 84 0.01367771681344665
122 90 0.3317439462619831
122 47 0.11728429016851902
122 53 0.027117461029528514
136 76 0.025198453216138783
136 62 0.0968343314138633
136 89 0.02834199876456786
136 88 0.12637942519437104
136 63 0.05443618751580777
136 77 0.2368473999078504
136 49 0.13949445865124271
136 61 0.042213552934106904
136 75 0.00021534321849173144
136 74 0.09438184209307
136 60 0.0016023328512129453
136 48 0.15773979088059448
136 64 0.04927959899108117
136 70 0.1372713818771786
136 58 0.09776052000025097
136 59 0.013884876200563417
136 71 0.03676640891510871
136 65 0.00012920140336003527
136 73 0.0009816257044551469
136 67 0.12090124621760379
136 66 0.07694691221198255
136 72 0.037364111283895204
136 57 0.1721825166257847
136 94 0.18248539612104953
136 80 0.04050740579775591
136 81 0.2916311195874509
136 95 0.06663818066628216
136 56 0.1959544316772769
136 68 0.29651664925948906
136 54 0.10036985801787435
136 83 0.01146807261690544
136 82 0.028387260993275848
136 55 0.05194873022598713
136 69 0.11084591210472947
136 51 0.009479522128827411
136 79 0.3496112472509624
136 86 0.013474730877461233
136 92 0.19136907586946877
136 93 0.16471352828196337
136 87 0.12325656104952315
136 78 0.16183400766976602
136 50 0.018920890454481726
136 52 0.001986640788167765
136 46 0.1684589199430126
136 91 0.18114692893366147
136 85 0.17757694805996616
136 84 0.025435607549435052
136 90 0.1795592218400505
136 47 0.21835417525870676
136 53 0.02051842192475324
137 76 0.08486456771422356
137 62 0.10125473766800894
137 89 0.10887654195243789
137 88 0.32205678418640915
137 63 0.0649179552645996
137 77 0.035464506084627215
137 49 0.03122356650941739
137 61 0.019359429457145333
137 75 0.0004940017188504453
137 74 0.03319032567130345
137 60 0.00477899063449605
137 48 0.04679390305493032
137 64 0.06079630892869921
137 70 0.2928121455859063
137 58 0.12485222873251317
137 59 0.14698648033991074
137 71 0.043493868182447076
137 65 0.00039619072679852874
137 73 0.001136176519401566
137 67 0.35927208744817396
137 66 0.3952556305886673
137 72 0.025206387398329255
137 57 0.2814410710438442
137 94 0.45280217810684237
137 80 0.04784053438338143
137 81 0.176001448218414
137 95 0.06729071653014818
137 56 0.24194880875384284
137 68 0.6427259996750274
137 54 0.07240362470597088
137 83 0.015669427551167264
137 82 0.05866904031525577
137 55 0.08580614648147596
137 69 0.3492606866737217
137 51 0.011508869758586698
137 79 0.1478149310851519
137 86 0.015612086238947026
137 92 0.4749043358548963
137 93 0.39374976037396203
137 87 0.31185515366417266
137 78 0.3820599214589281
137 50 0.027494384060779767
137 52 0.0020196321131697725
137 46 0.13016402097060142
137 91 0.39309657626124916
137 85 0.39467595591055127
137 84 0.010656503433043696
137 90 0.3994028354969191
137 47 0.130069273938516
137 53 0.010454773979536952
123 76 0.02917698642097656
123 62 0.08258723675827707
123 89 0.0732671675353753
123 88 0.22848192837314338
123 63 0.08550135450392823
123 77 0.021626165316034618
123 49 0.1777171782469249
123 61 0.005882374073378438
123 75 0.0026175796677260776
123 74 0.03584425663222569
123 60 0.007633868029537583
123 48 0.0972949924461115
123 64 0.07294325870219433
123 70 0.16887649667655463
123 58 0.10126863429529052
123 59 0.01042289136559238
123 71 0.41058850302486527
123 65 0.0018377672768470354
123 73 0.0036164649270573612
123 67 0.36998131985626215
123 66 0.17213678947779892
123 72 0.010142990281348047
123 57 0.4030816607623231
123 94 0.7150287736844612
123 80 0.45216632556360786
123 81 0.12330621054514083
123 95 0.06506318642171413
123 56 0.17794286775995302
123 68 0.4921961699754127
123 54 0.08352444995473333
123 83 0.19560616984786697
123 82 0.03744300099660047
123 55 0.07541796861059862
123 69 0.25874878873158197
123 51 0.09012628953302225
123 79 0.055408959668069926
123 86 0.15078365028700952
123 92 0.33023794951175867
123 93 0.28095618086831353
123 87 0.1998929627767252
123 78 0.314113059406396
123 50 0.17572773155085925
123 52 0.0011997150197911866
123 46 0.1235008984512217
123 91 0.2863207424288895
123 85 0.28031348934918376
123 84 0.015117033159794457
123 90 0.28891252320525573
123 47 0.11137480470856759
123 53 0.031639257012684774
127 76 0.11155843502289395
127 62 0.15215586534860379
127 89 0.15022383239955123
127 88 0.45904859252682034
127 63 0.14155082001921862
127 77 0.09710453120397504
127 49 0.17975058927676185
127 61 0.016261852585701897
127 75 0.0020898846914813585
127 74 0.07398288308148769
127 60 0.010001129663474356
127 48 0.1336613870703205
127 64 0.12699177599374875
127 70 0.3842248931923936
127 58 0.21444608235267845
127 59 0.09088233298822257
127 71 0.38489285725392774
127 65 0.0013232377761046576
127 73 0.0035600256069042435
127 67 0.5748626589681853
127 66 0.3861756422363466
127 72 0.06741061821662708
127 57 0.5332274997397863
127 94 0.6390856819445383
127 80 0.4238069599209008
127 81 0.3140571442345166
127 95 0.12737509695355967
127 56 0.37646167728709745
127 68 1.0
127 54 0.20570258831372018
127 83 0.05906482843762691
127 82 0.08036408504294101
127 55 0.15892498139210814
127 69 0.4859517408440736
127 51 0.21698193465323257
127 79 0.20955587378442966
127 86 0.1410034906918156
127 92 0.6631783148635741
127 93 0.5527340831483512
127 87 0.48615130738433426
127 78 0.4942774659466044
127 50 0.3438742165780151
127 52 0.0026611937911106
127 46 0.2983343727773279
127 91 0.5708789688968143
127 85 0.5545696417431392
127 84 0.02084236782315861
127 90 0.5645020034272193
127 47 0.2191061723230635
127 53 0.03432486344710255
133 76 0.009502179475841505
133 62 0.256866625360604
133 89 0.04594077400802607
133 88 0.19271565320760647
133 63 0.1104034877457363
133 77 0.2166521440049419
133 49 0.39830771351653366
133 61 0.04439904365160176
133 75 0.0008971971935571588
133 74 0.11685593680265854
133 60 0.003191608814952951
133 48 0.28203727871222506
133 64 0.09758073655029018
133 70 0.18849151078737256
133 58 0.1683677764002638
133 59 0.0006979901133691013
133 71 0.29739748255382426
133 65 0.0005972733316946532
133 73 0.03777589053238717
133 67 0.2888996908548963
133 66 0.11455560980597844
133 72 0.009240739366973116
133 57 0.38486103544808054
133 94 0.27285591023838385
133 80 0.32757717485142457
133 81 0.2343931225086148
133 95 0.07979347499110453
133 56 0.20777804249930495
133 68 0.42903375520309883
133 54 0.16014604554585254
133 83 0.0867470630805519
133 82 0.16894678308963879
133 55 0.10500522793570956
133 69 0.16113177660883013
133 51 0.06377743368544392
133 79 0.34284582660452045
133 86 0.10943055346568441
133 92 0.278258234047752
133 93 0.23984276743492683
133 87 0.17370587214072583
133 78 0.20366784443366176
133 50 0.12558820466004766
133 52 0.0030781478972594922
133 46 0.14248603302000853
133 91 0.2584274592818701
133 85 0.2530333904874543
133 84 0.1019345700170491
133 90 0.25790260445978613
133 47 0.32107879983591125
133 53 0.3365690411003742
132 76 0.06463110267027382
132 62 0.1274562372279331
132 89 0.17247873869064423
132 88 0.5215562656488165
132 63 0.1567615255952463
132 77 0.07697325361935531
132 49 0.06828248061665784
132 61 0.008200558897660526
132 75 0.0006642022968956496
132 74 0.0647931354208556
132 60 0.007933419528311642
132 48 0.0997573399958154
132 64 0.14063942910898133
132 70 0.3995868878274993
132 58 0.2053480602836769
132 59 0.045101867404242255
132 71 0.10792099943616823
132 65 0.00048470427366664737
132 73 0.004145279372319205
132 67 0.4990740820091772
132 66 0.39298824555643924
132 72 0.055831240872739885
132 57 0.35271022732775614
132 94 0.799651877861191
132 80 0.11870366865972204
132 81 0.3168317447999748
132 95 0.11600599622318833
132 56 0.39820555613083236
132 68 0.8577146897881502
132 54 0.2088157905162187
132 83 0.19025432816040636
132 82 0.06698535711969296
132 55 0.16189946095549418
132 69 0.4844060565822772
132 51 0.030511667980444343
132 79 0.15976641260316407
132 86 0.03873524844774584
132 92 0.8375731996320612
132 93 0.6973147754379831
132 87 0.46740413421425536
132 78 0.4797715761892838
132 50 0.05875924301031178
132 52 0.006256938672571488
132 46 0.39771830099035205
132 91 0.6753236369097908
132 85 0.6891899789338167
132 84 0.05310479876402026
132 90 0.6960765559932891
132 47 0.21201748919185825
132 53 0.037881325769150404
126 76 0.04082948893004787
126 62 0.08560867464961922
126 89 0.0934416862605659
126 88 0.28014355406486996
126 63 0.07097100287214742
126 77 0.020750314114389115
126 49 0.1584508323690369
126 61 0.008546689728720802
126 75 0.0019861173043749236
126 74 0.047373685448252156
126 60 0.015844861705085173
126 48 0.08614423551657516
126 64 0.061802495906204416
126 70 0.19675894624308488
126 58 0.0963283987187262
126 59 0.015116300327455229
126 71 0.3688583058023989
126 65 0.0009695957150835377
126 73 0.0021942797939238645
126 67 0.4098114824584734
126 66 0.20947014438759526
126 72 0.009656777704556058
126 57 0.36097079939694054
126 94 0.5250336664128401
126 80 0.4061665859485922
126 81 0.14082813727125598
126 95 0.07158647268900652
126 56 0.16895908191584041
126 68 0.5235637753081517
126 54 0.07185170596752036
126 83 0.3004190175064941
126 82 0.03415617220620286
126 55 0.08032352165771645
126 69 0.32352711323213157
126 51 0.07855416961483803
126 79 0.06495529512872793
126 86 0.13529154795397993
126 92 0.5437298362237105
126 93 0.46182114866205637
126 87 0.27778630062425314
126 78 0.3552847466809065
126 50 0.1547710018626371
126 52 0.0010458068289094236
126 46 0.12246121041175995
126 91 0.44481857962937754
126 85 0.4440544723748803
126 84 0.013195479138160188
126 90 0.8455066826127238
126 47 0.10465314590270519
126 53 0.025554812573517924
118 76 0.06878103586818714
118 62 0.21339974496166103
118 89 0.03282375769787339
118 88 0.10677518488754968
118 63 0.09497157911570289
118 77 0.011831815483381525
118 49 0.30210162250462214
118 61 0.002071477866122856
118 75 0.0008202004112873584
118 74 0.09714391606070794
118 60 0.0027848322043357576
118 48 0.1725716395060619
118 64 0.05590271254206593
118 70 0.13931184303839825
118 58 0.3577896705193583
118 59 0.10096717457165823
118 71 0.2081196610710505
118 65 0.00043850871753076115
118 73 0.027438595386143558
118 67 0.1961186989825818
118 66 0.07989665417592387
118 72 0.007497711777765231
118 57 0.332911860575298
118 94 0.13745751940195944
118 80 0.22905014860363282
118 81 0.27370367905459714
118 95 0.030160997003268367
118 56 0.2674737279731524
118 68 0.31082617391801176
118 54 0.06561946396378052
118 83 0.14207074738704045
118 82 0.04992045431289885
118 55 0.13194801851657786
118 69 0.17527003006435676
118 51 0.12112326892791386
118 79 0.15656883741489083
118 86 0.07586127519390058
118 92 0.14157661493324214
118 93 0.12126710496206311
118 87 0.13820232195235
118 78 0.12381355840662718
118 50 0.2390219216223136
118 52 0.0024088459030315312
118 46 0.1886069045609698
118 91 0.12973091834807668
118 85 0.11889080402452766
118 84 0.09615711157572568
118 90 0.12194956528930768
118 47 0.3260393993401478
118 53 0.23658802441562216
130 76 0.013332622969506464
130 62 0.06304817506596559
130 89 0.08147602791562132
130 88 0.24500237461112379
130 63 0.061832156586790823
130 77 0.012215274531643727
130 49 0.022606742368390345
130 61 0.0033182375509012985
130 75 0.0002723436513888955
130 74 0.018644548138914613
130 60 0.004437920498163744
130 48 0.03971213153934709
130 64 0.058841872038871715
130 70 0.18845779405662835
130 58 0.09499377325144308
130 59 0.017202179054015915
130 71 0.03509880159168206
130 65 0.00017695478430632128
130 73 0.0012720191112592372
130 67 0.22418959881515552
130 66 0.17942229366194434
130 72 0.008479161819413966
130 57 0.13095169827680564
130 94 0.34104975832649886
130 80 0.038544074938082526
130 81 0.15425425491394662
130 95 0.045352609734041704
130 56 0.1952096458454733
130 68 0.3503834037545637
130 54 0.11949917320526092
130 83 0.16903454821747613
130 82 0.025524696988882434
130 55 0.08238407561662636
130 69 0.213213052212551
130 51 0.0095298688578275
130 79 0.07471432508129483
130 86 0.012359556405575678
130 92 0.35730615097573193
130 93 0.2939261597954327
130 87 0.225030845328422
130 78 0.20904944049401167
130 50 0.018794532312319506
130 52 0.002825858785579116
130 46 0.2619403585524095
130 91 0.2875082936010507
130 85 0.2968108412185785
130 84 0.04217428425634559
130 90 0.29958946538595954
130 47 0.08900515262600509
130 53 0.011709268813252988
124 76 0.038853806932028334
124 62 0.08016895254938906
124 89 0.0865540246914291
124 88 0.26246621749282556
124 63 0.0706544856571323
124 77 0.019220068711218008
124 49 0.14077182823757955
124 61 0.005805554359405496
124 75 0.0017867649453541523
124 74 0.044560766433171486
124 60 0.006156762773099705
124 48 0.08064970707914668
124 64 0.061802495906204416
124 70 0.18638235040833254
124 58 0.0963283987187262
124 59 0.015116300327455229
124 71 0.3242398231151382
124 65 0.0009695957150835377
124 73 0.0021942797939238645
124 67 0.3747617431604924
124 66 0.19530332088858643
124 72 0.009499666353585956
124 57 0.3292143006321273
124 94 0.37115186981997195
124 80 0.35702128064487665
124 81 0.13367443579335928
124 95 0.06552800672638219
124 56 0.15812364452187516
124 68 0.48248772104949966
124 54 0.07185170596752036
124 83 0.2661366126843505
124 82 0.03364982251432792
124 55 0.0765066055119698
124 69 0.2986607192384231
124 51 0.07419249848295739
124 79 0.061433346886119886
124 86 0.11887186297140917
124 92 0.3826581163518269
124 93 0.31830702786552323
124 87 0.23149687217974674
124 78 0.3256604637938795
124 50 0.14307944039896642
124 52 0.0010458068289094236
124 46 0.11986241712934378
124 91 0.9933639665386953
124 85 0.3212551165863441
124 84 0.01227728156220223
124 90 0.3277036233622921
124 47 0.10387446919650517
124 53 0.02358515252143073
125 76 0.04030250188678092
125 62 0.08549180755505148
125 89 0.092845576159797
125 88 0.28240730364280603
125 63 0.07565500709117669
125 77 0.018786634034370614
125 49 0.1504590253359098
125 61 0.005614727263575647
125 75 0.0035600029310791925
125 74 0.04764181420774402
125 60 0.006268945278298799
125 48 0.08653340443864661
125 64 0.06606624264762122
125 70 0.19985744502218739
125 58 0.10297408333260008
125 59 0.016159172064565686
125 71 0.34342088689833117
125 65 0.0035096116677115208
125 73 0.0045605943812589145
125 67 0.45784588005076343
125 66 0.20943285687998797
125 72 0.009974405822026883
125 57 0.3511444084189985
125 94 0.3981693376658554
125 80 0.37813515658666014
125 81 0.14298506297155925
125 95 0.07192170010907951
125 56 0.26533643596562767
125 68 0.6214198813058436
125 54 0.076808746499495
125 83 0.29081943684009887
125 82 0.03585675536273382
125 55 0.08070352503308144
125 69 0.3210143169782578
125 51 0.073948485248711
125 79 0.06575432625601822
125 86 0.12590912461667492
125 92 0.4105088372789909
125 93 0.3519841590406996
125 87 0.2455722520462043
125 78 0.3501590220326292
125 50 0.14559113243728208
125 52 0.0015183659356562962
125 46 0.12675847236187088
125 91 0.34038987083265143
125 85 0.34462870898486253
125 84 0.011576607711252851
125 90 0.35152583550252975
125 47 0.1108046398141867
125 53 0.023187212232545273
131 76 0.022115735643176163
131 62 0.12327019715293228
131 89 0.13446185660788745
131 88 0.5099668532797179
131 63 0.09999038108377085
131 77 0.01756216653892817
131 49 0.03595500461035955
131 61 0.005425495323922946
131 75 0.0003907555334383417
131 74 0.029070201417968927
131 60 0.0055799298367607
131 48 0.06733310715637547
131 64 0.09656626998551635
131 70 0.362191309896014
131 58 0.4892776293754623
131 59 0.10903785304672806
131 71 0.05595757660752332
131 65 0.0002899974107489489
131 73 0.0015206047819667223
131 67 0.3815797700924243
131 66 0.29531328267684676
131 72 0.014563925593477689
131 57 0.4099667189785612
131 94 0.5570304370953323
131 80 0.061349941858666185
131 81 0.27336446031792705
131 95 0.07379677960145552
131 56 0.18832071390069244
131 68 0.6341005095757234
131 54 0.15655000448166154
131 83 0.022116590971009598
131 82 0.048192287651587534
131 55 0.13585201700856
131 69 0.42456996649673195
131 51 0.014185671139522488
131 79 0.10944655721302618
131 86 0.019290462910795225
131 92 0.5835492397359943
131 93 0.48070402607767676
131 87 0.38516728269685196
131 78 0.36487346565526113
131 50 0.02885454296186618
131 52 0.0008196181206472919
131 46 0.19953136158401916
131 91 0.47008972985418057
131 85 0.4847155960579801
131 84 0.010134270228138093
131 90 0.4892491475526963
131 47 0.15229321939679122
131 53 0.013532185969088117
119 76 0.00482260272825738
119 62 0.10266797504531353
119 89 0.016564564670897813
119 88 0.07846609772544604
119 63 0.023218476971070587
119 77 0.16472255620900747
119 49 0.040661163812914944
119 61 0.035284800737409694
119 75 0.00018034737133629242
119 74 0.08329788236611174
119 60 0.00041826332169905833
119 48 0.037111822448802415
119 64 0.02268891960726266
119 70 0.1419732124366349
119 58 0.37189736774754606
119 59 0.04708543544127111
119 71 0.012911978031165644
119 65 0.0
119 73 0.0003679206515045108
119 67 0.0803717438400475
119 66 0.03716939471312937
119 72 0.004348395650403819
119 57 0.13888456392745702
119 94 0.11490239599611338
119 80 0.013993558459921923
119 81 0.10288791911120672
119 95 0.037371811178317615
119 56 0.06387832716777576
119 68 0.17709887075025796
119 54 0.027227550545419907
119 83 0.005743193035119193
119 82 0.01309137140733288
119 55 0.09005275808628843
119 69 0.12202905755435495
119 51 0.0025245002767457225
119 79 0.19648553236813032
119 86 0.003842920054827531
119 92 0.12075712557900171
119 93 0.10649996291587308
119 87 0.06897073357527383
119 78 0.11675367635507178
119 50 0.005652008391902691
119 52 0.001714946847672344
119 46 0.03325574729072481
119 91 0.11953629403437252
119 85 0.11632589510354464
119 84 0.020733777658761388
119 90 0.11730751601586742
119 47 0.033062916143853566
119 53 0.01299612752075005
