114 76 0.13124480294208302
114 62 0.1997131206996011
114 89 0.12480543851562004
114 88 0.26601371972705357
114 63 0.14392925146155358
114 77 0.04604709124927797
114 49 0.08492307931550284
114 61 0.037715860229696946
114 75 0.0635105695197851
114 74 0.1801881580345931
114 60 0.057739427516448796
114 48 0.09082959916422134
114 64 0.11674619488578111
114 70 0.29856703234959825
114 58 0.5914210838927952
114 59 0.09601696834712412
114 71 0.09220725277974878
114 65 0.04439933893763692
114 73 0.057414804762512525
114 67 0.2588969705851818
114 66 0.2253434178923453
114 72 0.09713752794058307
114 57 0.3036436398198775
114 94 0.3323263917431688
114 80 0.09355924701722855
114 81 0.26066513595287044
114 95 0.1017064866764644
114 56 0.16983229313922352
114 68 0.45506350993834743
114 54 0.12336715836581633
114 83 0.08131427256119826
114 82 0.00932037746316347
114 55 0.2191340348221592
114 69 0.34134963950833186
114 51 0.06313852769162405
114 79 0.10532186678285388
114 86 0.06640001495497655
114 92 0.34788421430001176
114 93 0.3001728642566928
114 87 0.24769550381756195
114 78 0.26698519593469594
114 50 0.09356762646887269
114 52 0.05821802115226893
114 46 0.16517665336763723
114 91 0.3021198270781609
114 85 0.31819380583897816
114 84 0.050680869051610344
114 90 0.31879615070278666
114 47 0.15502983775868326
114 53 0.07818419571340915
100 76 0.07708075988743124
100 62 0.1210186781842659
100 89 0.07465634285268825
100 88 0.13606114039288753
100 63 0.20788237050411618
100 77 0.07633885221195866
100 49 0.19032609817724627
100 61 0.05706298416049975
100 75 0.06151703416139735
100 74 0.08278877241348022
100 60 0.05910289413716581
100 48 0.11754891034633738
100 64 0.12861612549271512
100 70 0.16504957801692563
100 58 0.22564174335094145
100 59 0.06261887180326192
100 71 0.3695447050992273
100 65 0.055590239731592495
100 73 0.040359600742233465
100 67 0.26166575430619826
100 66 0.13521278227219674
100 72 0.04975439587630205
100 57 0.31818164379136527
100 94 0.18762772604384692
100 80 0.39458598121220245
100 81 0.13030563470006143
100 95 0.0879425279826405
100 56 0.16182109057911223
100 68 0.35491504317728007
100 54 0.11316390608081017
100 83 0.09219921319062936
100 82 0.07027112949874681
100 55 0.23115761924179531
100 69 0.1982147418419153
100 51 0.12815691610999602
100 79 0.06704480758661509
100 86 0.17847775378190042
100 92 0.1735259201611372
100 93 0.1655022203995101
100 87 0.1403108616879096
100 78 0.16562709583217977
100 50 0.21164403551957522
100 52 0.06062724254381538
100 46 0.16785909763753826
100 91 0.18016502886454766
100 85 0.19208492693421284
100 84 0.0839445310680551
100 90 0.17600677233396694
100 47 0.09136438578618619
100 53 0.07181861944407265
128 76 0.09719511549094793
128 62 0.08320988411084279
128 89 0.1444089877033367
128 88 0.3010420384874469
128 63 0.08932201566763401
128 77 0.09002497770032918
128 49 0.08295867740524492
128 61 0.07228656748593612
128 75 0.06115537197001472
128 74 0.06628308155326017
128 60 0.0690771810833373
128 48 0.08054380049285835
128 64 0.09693589006574231
128 70 0.2410926142663866
128 58 0.09300655856130002
128 59 0.05577198363326262
128 71 0.08928514289962951
128 65 0.04406815533234493
128 73 0.0740851059387232
128 67 0.29357441396052963
128 66 0.2301611400047204
128 72 0.08481009804021127
128 57 0.1721665370020836
128 94 0.41688176205353367
128 80 0.09262786821983059
128 81 0.2356649798033336
128 95 0.1381816069203989
128 56 0.23122044662290794
128 68 0.5013041208816026
128 54 0.13414135660105764
128 83 0.0731980732923561
128 82 0.047754554744607464
128 55 0.15839182614281117
128 69 0.2826052655102009
128 51 0.08837802621289412
128 79 0.14894773361829156
128 86 0.06624247040995904
128 92 0.4273271332644063
128 93 0.368765031711468
128 87 0.3170669402556297
128 78 0.27646616203110563
128 50 0.11156696523840039
128 52 0.10652968543032675
128 46 0.17769880370968355
128 91 0.3342646741101854
128 85 0.3731106258115634
128 84 0.07030969643698586
128 90 0.37479428218546806
128 47 0.13009613813640608
128 53 0.05981569415359193
129 76 0.05405746888343174
129 62 0.21832489208018663
129 89 0.16471847968655795
129 88 0.4097718732788126
129 63 0.12019525120751441
129 77 0.0861838064603525
129 49 0.0891117367087965
129 61 0.07074296991847621
129 75 0.050281917310192326
129 74 0.12229047436159705
129 60 0.04511416127885379
129 48 0.14085101883186818
129 64 0.17537169106932113
129 70 0.35884816193290314
129 58 0.6894715339040504
129 59 0.048071273126628886
129 71 0.10866476364661347
129 65 0.07091365642478331
129 73 0.053971798717737954
129 67 0.3972029030184566
129 66 0.3123846742553046
129 72 0.05719379189475046
129 57 0.5256358485753132
129 94 0.5371001457767248
129 80 0.11835073405542727
129 81 0.324445978206616
129 95 0.13578350287060267
129 56 0.2589651498639906
129 68 0.6588022613786109
129 54 0.22814159004867351
129 83 0.08543223369066313
129 82 0.25619267870511203
129 55 0.18298338613493784
129 69 0.4471822200752802
129 51 0.08525794488468846
129 79 0.1373554571458263
129 86 0.0589922682236622
129 92 0.5541190009090157
129 93 0.4842545672927284
129 87 0.3499369666539535
129 78 0.3965915556325106
129 50 0.05560649274769447
129 52 0.07025162704969083
129 46 0.2500627707109076
129 91 0.4732463878555955
129 85 0.4690783559828159
129 84 0.09916196744274479
129 90 0.470180800444736
129 47 0.1918810708882298
129 53 0.09894977430009341
101 76 0.03482533147118172
101 62 0.11995438250344169
101 89 0.10441898315367158
101 88 0.13788119419618533
101 63 0.07073893183216308
101 77 0.11048225578484966
101 49 0.11794427860171725
101 61 0.06702132732008509
101 75 0.055800893420153874
101 74 0.04098330624336749
101 60 0.05527903912062135
101 48 0.08036960501675486
101 64 0.07219235573110389
101 70 0.09826799307022076
101 58 0.13126605658891527
101 59 0.06664509349395169
101 71 0.17362096606755434
101 65 0.061133888326295696
101 73 0.06481554828684756
101 67 0.16903652090300647
101 66 0.10197532805574445
101 72 0.04460605096053083
101 57 0.2148233186214709
101 94 0.1686100275395955
101 80 0.19167272656539183
101 81 0.13960131191626315
101 95 0.013718218084931122
101 56 0.14583806035466867
101 68 0.22474404184350913
101 54 0.058242481356862955
101 83 0.06497658802169386
101 82 0.08405585438976469
101 55 0.10621749104228728
101 69 0.1165721741716957
101 51 0.09490956895994779
101 79 0.1282442761876248
101 86 0.1155958347701235
101 92 0.16518440092646758
101 93 0.15041063998379495
101 87 0.12265721470762397
101 78 0.1225046653503066
101 50 0.1252729930277473
101 52 0.05077569390679933
101 46 0.12074352072173022
101 91 0.19409180454810235
101 85 0.14841451316341267
101 84 0.08392900130743253
101 90 0.149404855683442
101 47 0.040494302468148946
101 53 0.05305449305857196
115 76 0.05627094201674113
115 62 0.06453429525712201
115 89 0.08910158211971371
115 88 0.09129468489340592
115 63 0.0429678326988609
115 77 0.11029588630848974
115 49 0.07453762095715762
115 61 0.05865154558650594
115 75 0.06817843604101236
115 74 0.15279551946511621
115 60 0.05466159014391224
115 48 0.07532609994364818
115 64 0.12370395841512546
115 70 0.07884567081464709
115 58 0.08103975139613678
115 59 0.06788130406958016
115 71 0.09536100802004994
115 65 0.04129008037534926
115 73 0.030335528114656646
115 67 0.11552250947172907
115 66 0.21193512132966297
115 72 0.13229746993863617
115 57 0.08532770277702008
115 94 0.18995741723397278
115 80 0.0973824337898569
115 81 0.07667805097268224
115 95 0.08661033080808431
115 56 0.22639817489642097
115 68 0.17137794633792364
115 54 0.09375319713782888
115 83 0.16005673614324534
115 82 0.07764959679436106
115 55 0.14246764858228828
115 69 0.09802631422242575
115 51 0.08989735528473262
115 79 0.10032871843531277
115 86 0.08117580587413564
115 92 0.19259095967116463
115 93 0.1800300759322725
115 87 0.13029831793505717
115 78 0.10113410888485556
115 50 0.06627267947133655
115 52 0.5903289466657476
115 46 0.4141459829889589
115 91 0.1708841080380316
115 85 0.18056403081130964
115 84 0.058936091887922815
115 90 0.1835902993603786
115 47 0.2543628936415627
115 53 0.2358101777497766
103 76 0.0603886971997457
103 62 0.22646817472151012
103 89 0.09516181727337966
103 88 0.19767533136861096
103 63 0.11563114472580599
103 77 0.10713823680601404
103 49 0.0958930160972353
103 61 0.0714620768764141
103 75 0.06721511396930022
103 74 0.079446917713265
103 60 0.05196004433705505
103 48 0.09597220352555937
103 64 0.12110662633974467
103 70 0.3375910611380331
103 58 0.9540977408300645
103 59 0.06333938243544002
103 71 0.12765351806558894
103 65 0.07208585063451882
103 73 0.0698808961977791
103 67 0.2440214116249675
103 66 0.2982029760205678
103 72 0.06991468012443935
103 57 0.4311073777831436
103 94 0.2651781823015618
103 80 0.1344041919361874
103 81 0.26257609136055865
103 95 0.1004655383537519
103 56 0.18024263242194483
103 68 0.5138675991116337
103 54 0.13008273795730285
103 83 0.08648748150101483
103 82 0.12017830465918755
103 55 0.15370720979611044
103 69 0.3731845886522761
103 51 0.06532915371912662
103 79 0.07798094804257426
103 86 0.06396728749762208
103 92 0.2602997422424489
103 93 0.23786322336239524
103 87 0.14720601675137054
103 78 0.2705397662580072
103 50 0.0958209341256353
103 52 0.07113322732899259
103 46 0.18131697321376422
103 91 0.2430227052357914
103 85 0.2237685126733054
103 84 0.10037527269748567
103 90 0.224112435482429
103 47 0.1314771742168664
103 53 0.0926286594454832
117 76 0.16728587851948712
117 62 0.24055481627034747
117 89 0.07490216621776706
117 88 0.11985317438988444
117 63 0.09371121758626758
117 77 0.29733359082693234
117 49 0.19118996582535422
117 61 0.0859191684057238
117 75 0.4107101582607568
117 74 0.29425746082826715
117 60 0.05474634433873511
117 48 0.3176020445644351
117 64 0.15270041422027858
117 70 0.26909567685751407
117 58 0.6707467713624524
117 59 0.06058116560185971
117 71 0.09218380855855927
117 65 0.04819222510083114
117 73 0.3193457369569811
117 67 0.17909730304167928
117 66 0.12979986241070424
117 72 0.12098470924739696
117 57 0.2785837814623051
117 94 0.2541831744751169
117 80 0.0934385503710383
117 81 0.2282329334089983
117 95 0.14014779276412498
117 56 0.2535749555413675
117 68 0.3418646812327697
117 54 0.12465055983871012
117 83 0.4747407977937773
117 82 0.09487475702668399
117 55 0.16908875827301953
117 69 0.30849103482410234
117 51 0.12265656096723912
117 79 0.31102923179758135
117 86 0.04174960800375868
117 92 0.2612582393727785
117 93 0.2321949182106842
117 87 0.2523883287369154
117 78 0.2938183742255311
117 50 0.050477674767830716
117 52 0.12065948642560383
117 46 0.3257492875486717
117 91 0.2513494680784191
117 85 0.2405190613022958
117 84 0.11806822604546732
117 90 0.2507952421624835
117 47 0.10723156657095514
117 53 0.09223450222636564
116 76 0.08451448631650474
116 62 0.23235497873993488
116 89 0.12695126036928894
116 88 0.32923892731198434
116 63 0.10646085698214518
116 77 0.08525912178586584
116 49 0.08881738084083274
116 61 0.10725972267469577
116 75 0.06992032396972457
116 74 0.07558736113335433
116 60 0.06238416487397884
116 48 0.0872814524808975
116 64 0.12168396871020545
116 70 0.4633128672021867
116 58 0.8567770622612356
116 59 0.10819279809578079
116 71 0.06840832251855267
116 65 0.0576568625177622
116 73 0.06152104271622784
116 67 0.3211463521222768
116 66 0.3109304384330595
116 72 0.07332781399899384
116 57 0.4881114619273797
116 94 0.444532306747773
116 80 0.07324076019400258
116 81 0.34129720786678397
116 95 0.09882215125900282
116 56 0.31667359723019234
116 68 0.58453101179438
116 54 0.11985622036553767
116 83 0.22716331558823116
116 82 0.3151996284598262
116 55 0.23220049869057946
116 69 0.4088219113762587
116 51 0.04763626426848108
116 79 0.12629169198880216
116 86 0.07784158041567049
116 92 0.43725563192357353
116 93 0.4001362819339698
116 87 0.2327840194627031
116 78 0.3327224806287895
116 50 0.09218171635799192
116 52 0.05941652292124083
116 46 0.32467161500883285
116 91 0.3823936557402441
116 85 0.3506008934004746
116 84 0.13659645061515052
116 90 0.3571641695926999
116 47 0.12983594032300633
116 53 0.05823350866245372
102 76 0.06914942644530038
102 62 0.14052740304924033
102 89 0.08547859193544742
102 88 0.1153228704978688
102 63 0.0887667436459899
102 77 0.06997525206219025
102 49 0.08040780797153028
102 61 0.049371507145215196
102 75 0.056347142106584897
102 74 0.05166621937929229
102 60 0.06408919493332586
102 48 0.07160783424873168
102 64 0.07344977402102632
102 70 0.2117547121295143
102 58 0.5525086380946549
102 59 0.07045961834687715
102 71 0.11252280469449634
102 65 0.03986153364618336
102 73 0.052804735406736844
102 67 0.1431796834144528
102 66 0.10361439393198049
102 72 0.07143979948521803
102 57 0.2427123233415555
102 94 0.12552540357438027
102 80 0.11941947123342705
102 81 0.14667089003756942
102 95 0.05568347132278455
102 56 0.11595547463302769
102 68 0.27782869911805197
102 54 0.081981631405829
102 83 0.0817971565305975
102 82 0.03232868567954861
102 55 0.11882226753643389
102 69 0.20232631284915908
102 51 0.06148958826188204
102 79 0.07443225427414296
102 86 0.0836608895930963
102 92 0.12172148052220205
102 93 0.1154851023835608
102 87 0.1101988446307686
102 78 0.12995054082015625
102 50 0.07882272899374072
102 52 0.05310305573089662
102 46 0.09544515353065448
102 91 0.12149747114372475
102 85 0.12500499258030015
102 84 0.056995672446503234
102 90 0.11917617816055923
102 47 0.10844335940920044
102 53 0.06448838370356437
106 76 0.08186635165916309
106 62 0.12101994813356792
106 89 0.07142078222419139
106 88 0.14154006537723968
106 63 0.05497204411059828
106 77 0.04810159623310439
106 49 0.07650088521926543
106 61 0.06475866991240815
106 75 0.050658342651188154
106 74 0.06047478963482794
106 60 0.060821557021301056
106 48 0.08543616432890973
106 64 0.08412734399102635
106 70 0.20347974389545445
106 58 0.5246601462010929
106 59 0.0652588905648945
106 71 0.08786513718980164
106 65 0.048279606870904976
106 73 0.05210446657982182
106 67 0.13953779813213235
106 66 0.11290834684555426
106 72 0.1274412075584655
106 57 0.2360214310120319
106 94 0.13740018189783373
106 80 0.08791664827437397
106 81 0.16383888673919497
106 95 0.09496060884054573
106 56 0.1405254115750006
106 68 0.2777004151313012
106 54 0.096514062162887
106 83 0.06518405822435493
106 82 0.07052096296418751
106 55 0.1708222523752214
106 69 0.22334189373818197
106 51 0.07071483731401952
106 79 0.09167543819084198
106 86 0.07492627188648303
106 92 0.15166933809944522
106 93 0.13864707815839017
106 87 0.1388629127426141
106 78 0.15021795047657283
106 50 0.060245067233701696
106 52 0.07087093018422386
106 46 0.1041060322654106
106 91 0.09537491192451175
106 85 0.14658156613498186
106 84 0.06734311107524323
106 90 0.14655499146186746
106 47 0.1278528441148437
106 53 0.07290004199401383
112 76 0.07504045703052759
112 62 0.20510002419709658
112 89 0.10947730572221086
112 88 0.20209936819910218
112 63 0.10789704825462658
112 77 0.07240405357456309
112 49 0.07996877388505874
112 61 0.05842451387222733
112 75 0.06402537606697664
112 74 0.07142654645591845
112 60 0.05618859496219372
112 48 0.09138964257161211
112 64 0.1228186195029275
112 70 0.29003259212572297
112 58 0.809470487530161
112 59 0.06588324631367413
112 71 0.09834064489123129
112 65 0.06198377901222839
112 73 0.05431810489014342
112 67 0.21052074409647714
112 66 0.1628536754326874
112 72 0.05414493388982304
112 57 0.3884403566697593
112 94 0.21214458327130792
112 80 0.10561824147738028
112 81 0.22406420541327995
112 95 0.0855664533889602
112 56 0.21569953190056196
112 68 0.43986487316731815
112 54 0.12707777188927555
112 83 0.09907970985639418
112 82 0.06872185872134079
112 55 0.2905097143843698
112 69 0.33534639172144115
112 51 0.067740714994295
112 79 0.09975674267453699
112 86 0.08197865627356249
112 92 0.22680162807842158
112 93 0.19985595890209557
112 87 0.17186385498215356
112 78 0.23948957791075787
112 50 0.08121019140616531
112 52 0.06844840054081291
112 46 0.16153373293003379
112 91 0.20840045725531564
112 85 0.19344785931919084
112 84 0.06568088755645027
112 90 0.19687105848367473
112 47 0.12658354130214988
112 53 0.061607799502470584
113 76 0.08117733558720563
113 62 0.21809710833103785
113 89 0.15752205416377676
113 88 0.41845301093157705
113 63 0.1261838216323204
113 77 0.14563860050578592
113 49 0.10985156828375992
113 61 0.07565374031822938
113 75 0.06704244121437836
113 74 0.051336424251910234
113 60 0.052300453410342534
113 48 0.11061180114770083
113 64 0.1435565447716043
113 70 0.41458903339813724
113 58 0.598116071013252
113 59 0.06423609327635763
113 71 0.12073444511392399
113 65 0.05549659478348033
113 73 0.06926322268440697
113 67 0.38489067202000043
113 66 0.3202973045698556
113 72 0.07964604598879714
113 57 0.3818845965626697
113 94 0.5401858062352358
113 80 0.12510920496914396
113 81 0.33509923145520165
113 95 0.15318190142321736
113 56 0.36259185175083664
113 68 0.6720568696146121
113 54 0.17626022105022393
113 83 0.20295549624323905
113 82 0.13521710333675763
113 55 0.2625063198540206
113 69 0.4692016878293478
113 51 0.06417232902615963
113 79 0.17988508403286885
113 86 0.055857348177662955
113 92 0.5506817198371774
113 93 0.48114218435170286
113 87 0.3210548641649116
113 78 0.41118920501556666
113 50 0.11184621822544669
113 52 0.0936024285919057
113 46 0.3473499499840722
113 91 0.4371551495877007
113 85 0.4652787155833324
113 84 0.12811363771706982
113 90 0.4659759781305075
113 47 0.1666277331800472
113 53 0.08387266611662952
107 76 0.06525727675032515
107 62 0.10497400454894629
107 89 0.062083557248277174
107 88 0.13386880355442815
107 63 0.06480678813140248
107 77 0.051026060611054205
107 49 0.08531619504148799
107 61 0.053252507133952354
107 75 0.04738803441965203
107 74 0.036999573372970024
107 60 0.06801496989126793
107 48 0.06004864865758236
107 64 0.06281981860281723
107 70 0.07717520321176218
107 58 0.02353324503732282
107 59 0.05716466130196271
107 71 0.09465676936792762
107 65 0.056747928536222306
107 73 0.06199728471830776
107 67 0.15354175817825433
107 66 0.17143358813512657
107 72 0.02846413085606303
107 57 0.1386517984140621
107 94 0.09241466466116678
107 80 0.10130128621206315
107 81 0.0645924818905387
107 95 0.0762737667519387
107 56 0.513646343008764
107 68 0.42781627506277997
107 54 0.049368933648215
107 83 0.08811576261046024
107 82 0.050882913905073435
107 55 0.09219341458540263
107 69 0.0817933203579979
107 51 0.0427393520966296
107 79 0.06668591581087921
107 86 0.07097038398389591
107 92 0.09996138696717664
107 93 0.1260184048094593
107 87 0.09843746565800003
107 78 0.07158148847826602
107 50 0.08067271799313419
107 52 0.04278956508408449
107 46 0.07767945211858931
107 91 0.07401146746618091
107 85 0.09097079116849702
107 84 0.05587560676822685
107 90 0.08894157541771885
107 47 0.035095328000573245
107 53 0.048919892318630046
139 76 0.1256287667371142
139 62 0.07653633401192761
139 89 0.09128902853599448
139 88 0.1999174465341339
139 63 0.07799009574066193
139 77 0.07525412617197393
139 49 0.08161981597207615
139 61 0.10518994094257486
139 75 0.0513828904399041
139 74 0.10130112353773929
139 60 0.06501854155383345
139 48 0.06567926745447546
139 64 0.07535298247151143
139 70 0.1774714963419369
139 58 0.10032360594514034
139 59 0.09578521692135088
139 71 0.09620658408242228
139 65 0.05932839845566022
139 73 0.04873462342090511
139 67 0.1683817467615075
139 66 0.25444213933274384
139 72 0.059321063194555004
139 57 0.20326632942367667
139 94 0.26641428223429464
139 80 0.0995418117062786
139 81 0.1270150839432408
139 95 0.062121384456233386
139 56 0.1282048368044208
139 68 0.27083949396514717
139 54 0.09751752076759113
139 83 0.07540278061732866
139 82 0.08778488680224592
139 55 0.1039048609099026
139 69 0.16000824516395806
139 51 0.07135767836332288
139 79 0.10572902504190473
139 86 0.08137955751300024
139 92 0.27409532540297504
139 93 0.2461770757768325
139 87 0.1734369001242931
139 78 0.1575529827083508
139 50 0.08667041261496722
139 52 0.10757256717891688
139 46 0.14177246886749614
139 91 0.23005420905083715
139 85 0.24772817369944744
139 84 0.05980088335532743
139 90 0.24375155661981088
139 47 0.085731658660753
139 53 0.07165201484135601
111 76 0.0862169336498639
111 62 0.24566242168544783
111 89 0.17247133237462617
111 88 0.3375829675997305
111 63 0.1336612729224255
111 77 0.08511858812593824
111 49 0.07759609480876768
111 61 0.057127308236284424
111 75 0.07218216787265809
111 74 0.09465143652812796
111 60 0.061094760135730106
111 48 0.10176564809882707
111 64 0.1575395341535173
111 70 0.45736852242183407
111 58 0.8203865898381524
111 59 0.0684392487525437
111 71 0.09397744568151653
111 65 0.05953082298634764
111 73 0.06640065903563563
111 67 0.3933462714943132
111 66 0.29677981007189
111 72 0.053750370660969285
111 57 0.4727719834205414
111 94 0.44863542165217557
111 80 0.10120152384990538
111 81 0.2984522272790087
111 95 0.12320787072318695
111 56 0.28825914142709774
111 68 0.722193313080372
111 54 0.16846633197301597
111 83 0.10697104268467693
111 82 0.09669800168108583
111 55 0.3380162626899324
111 69 0.5618515315044332
111 51 0.0725137205862489
111 79 0.1360631947244745
111 86 0.045521591800595756
111 92 0.4660689301064079
111 93 0.4047837010625966
111 87 0.3053764553651025
111 78 0.49231474782564366
111 50 0.11362687132782281
111 52 0.07719718885486564
111 46 0.22022394351487762
111 91 0.4178585431114395
111 85 0.3794463383563142
111 84 0.08574462681326435
111 90 0.389857071700492
111 47 0.16325531516537026
111 53 0.06680518610962824
105 76 0.06664940529005686
105 62 0.10066726201544696
105 89 0.06815537406166758
105 88 0.13088924463260837
105 63 0.05770433907290158
105 77 0.07240350495766595
105 49 0.17777805648644135
105 61 0.06554874649422039
105 75 0.05587161773455698
105 74 0.08165204059358651
105 60 0.07081943001630782
105 48 0.11545852725772854
105 64 0.07706331555016988
105 70 0.12657050599690292
105 58 0.15220072802827064
105 59 0.06066293439394012
105 71 0.3454208788503025
105 65 0.06158092964670152
105 73 0.05505475562338233
105 67 0.2539990792705674
105 66 0.16783171502824315
105 72 0.06272134148425913
105 57 0.3477264770857551
105 94 0.1825614980341285
105 80 0.36874475666678685
105 81 0.10656185140733099
105 95 0.0919340208394429
105 56 0.3148709839637047
105 68 0.44102399281106264
105 54 0.08338686130528207
105 83 0.1479371740617678
105 82 0.07757733175539436
105 55 0.10222902527956995
105 69 0.18071564900337883
105 51 0.12898702324639583
105 79 0.08910675641049697
105 86 0.18215642962128262
105 92 0.1576377041433779
105 93 0.15038977592401875
105 87 0.13939959792295584
105 78 0.1697778960949642
105 50 0.17435187465693605
105 52 0.06130095270499061
105 46 0.0976595723461417
105 91 0.14967252505816486
105 85 0.18567205578119778
105 84 0.07880082958096418
105 90 0.1660205258178916
105 47 0.09874958914829061
105 53 0.07813484924857632
104 76 0.0795819880505973
104 62 0.20413909209488637
104 89 0.07419181891901615
104 88 0.17459188983182
104 63 0.10765090170104478
104 77 0.05712409300444311
104 49 0.08813382693540964
104 61 0.06140649242186075
104 75 0.06594962101502737
104 74 0.06885612341621239
104 60 0.05562695860520349
104 48 0.09463000601464325
104 64 0.1066455512928964
104 70 0.3399915973663169
104 58 1.0
104 59 0.06546267279102477
104 71 0.09912835814895035
104 65 0.04094171070295946
104 73 0.06427247120213768
104 67 0.18843909400818276
104 66 0.15449506686587244
104 72 0.09170922399234757
104 57 0.3745539704539582
104 94 0.1961885000941247
104 80 0.09958507759266369
104 81 0.2493494329642722
104 95 0.09977768267630785
104 56 0.13846285355791565
104 68 0.4218752738212765
104 54 0.12295478730682236
104 83 0.07176594823323273
104 82 0.04993539611194743
104 55 0.21804586682096516
104 69 0.35967611254889803
104 51 0.05352121327987337
104 79 0.085218919803566
104 86 0.05688412967827633
104 92 0.20503126138844868
104 93 0.18392536931065462
104 87 0.14857617851408111
104 78 0.22513880557489577
104 50 0.0796795821154987
104 52 0.05694298614406122
104 46 0.1278974819570222
104 91 0.16107230056654448
104 85 0.1829760597183568
104 84 0.0896418421574756
104 90 0.18289276873794774
104 47 0.1483056011802034
104 53 0.07687773221649302
110 76 0.009725313927622076
110 62 0.20834008085310024
110 89 0.18421500880522462
110 88 0.34524499092177585
110 63 0.06173951740009588
110 77 0.2445509609600472
110 49 0.07448983886273447
110 61 0.06323784116915832
110 75 0.07154999169330811
110 74 0.08484840909841287
110 60 0.09562467371687908
110 48 0.11362495120695174
110 64 0.09787410611245972
110 70 0.23747571077773955
110 58 0.4553152095636671
110 59 0.0537956668514708
110 71 0.17776633816716503
110 65 0.07411902871078731
110 73 0.06218474736463646
110 67 0.2105824508747863
110 66 0.1734621064044259
110 72 0.15451386137503045
110 57 0.2732168156622893
110 94 0.2719154205279674
110 80 0.18324822352366632
110 81 0.31885144191928927
110 95 0.10347702268027761
110 56 0.20496168247370675
110 68 0.4210932152512291
110 54 0.13627087696381995
110 83 0.06089367364411766
110 82 0.2088772374615052
110 55 0.1573196442723107
110 69 0.3658601128933163
110 51 0.08402567451433073
110 79 0.1765408881559406
110 86 0.0375889687085971
110 92 0.29733116462741027
110 93 0.3512491274347206
110 87 0.19993420380991817
110 78 0.2865950462297098
110 50 0.055331209571857456
110 52 0.06827606327366109
110 46 0.205206069721442
110 91 0.2736564024622202
110 85 0.28065157533744134
110 84 0.059939520916031816
110 90 0.2776401826688066
110 47 0.10707225206598239
110 53 0.07841080287062108
138 76 0.07149841133557502
138 62 0.13643611688571228
138 89 0.09930346471523302
138 88 0.23105911978924815
138 63 0.07706083057762216
138 77 0.12898471807314205
138 49 0.08755164011885261
138 61 0.07222079375864264
138 75 0.052108762036669656
138 74 0.0842973518291807
138 60 0.06453169975036434
138 48 0.10238887078886645
138 64 0.0884103831444328
138 70 0.2287764541003501
138 58 0.19992636679937933
138 59 0.05469048201631897
138 71 0.10816783288650125
138 65 0.06286909277393046
138 73 0.0541151065383267
138 67 0.23946370949428508
138 66 0.27669760008969907
138 72 0.13402511847846604
138 57 0.2680769250494801
138 94 0.3183404302987236
138 80 0.11526317333227705
138 81 0.19769009394371542
138 95 0.08387528602963383
138 56 0.17995913077004955
138 68 0.4261203085088446
138 54 0.1026225504427544
138 83 0.0824782138683716
138 82 0.14262681470857533
138 55 0.08474028143741139
138 69 0.22106147909164192
138 51 0.05379977475422229
138 79 0.0690171828668573
138 86 0.0861595908404703
138 92 0.3062538102091248
138 93 0.2815788748095615
138 87 0.1914309444558882
138 78 0.23259804018777364
138 50 0.04457372352332803
138 52 0.04692979581366599
138 46 0.1559397214808965
138 91 0.27224277339272274
138 85 0.25465496086153355
138 84 0.09068763090406794
138 90 0.25854811591305926
138 47 0.15088712025968398
138 53 0.13097646620241105
140 76 0.14157492055593335
140 62 0.10812728348521725
140 89 0.08521315688372054
140 88 0.13130760165174307
140 63 0.0972572924348217
140 77 0.08280476091896306
140 49 0.12001370717634478
140 61 0.06523938228102134
140 75 0.06348793749968085
140 74 0.04413475730299099
140 60 0.03325721832861908
140 48 0.08527761597898327
140 64 0.07053697782393512
140 70 0.22857738917627984
140 58 0.18024494626914586
140 59 0.0977832885911821
140 71 0.09211301843880752
140 65 0.03945392628820801
140 73 0.07726511054755826
140 67 0.18857786215389208
140 66 0.22872610396340953
140 72 0.03215185852463612
140 57 0.22931108238761383
140 94 0.22946394175833462
140 80 0.09528919639324379
140 81 0.1698782772236351
140 95 0.09186453289074789
140 56 0.11366197009467385
140 68 0.3024438613960216
140 54 0.08451271623060326
140 83 0.07598312937935099
140 82 0.12108727553434603
140 55 0.11905833412368517
140 69 0.2512435775657899
140 51 0.060778348285377065
140 79 0.07745171955223253
140 86 0.032218515965483946
140 92 0.22735134507497054
140 93 0.19605044324156684
140 87 0.16396473997462455
140 78 0.26044595588283104
140 50 0.12034764864570106
140 52 0.027357939189651848
140 46 0.07956519134962924
140 91 0.2044191405119363
140 85 0.19440362256051055
140 84 0.08924316243783209
140 90 0.19296481539268512
140 47 0.09398271732107653
140 53 0.0821466703985709
135 76 0.1277760949120553
135 62 0.2514917698105355
135 89 0.10493172768585855
135 88 0.2314176215099346
135 63 0.12698418061324518
135 77 0.2340707300446483
135 49 0.27319755303151066
135 61 0.0691991023137646
135 75 0.2588763400174196
135 74 0.18641823097405172
135 60 0.0544622172950566
135 48 0.2844120991272085
135 64 0.10776301963463251
135 70 0.22021631839612896
135 58 0.18320523057870464
135 59 0.047094924995999904
135 71 0.22414543408044876
135 65 0.0486816443168516
135 73 0.202231348205695
135 67 0.29879432522225535
135 66 0.1803876460839556
135 72 0.06911539784552508
135 57 0.30977480478581154
135 94 0.3314542571928407
135 80 0.24130752729317956
135 81 0.24095551942603458
135 95 0.13839564691466505
135 56 0.3040813356288814
135 68 0.44780983155541937
135 54 0.13438864413533508
135 83 0.43662236806106147
135 82 0.04609169844251712
135 55 0.16726205594860788
135 69 0.2506766171956665
135 51 0.1303319551869823
135 79 0.17748069222895824
135 86 0.11757746712571895
135 92 0.3343509700100829
135 93 0.2887352170938409
135 87 0.25493359757797407
135 78 0.2850377302638121
135 50 0.14753506151701837
135 52 0.05630821863128779
135 46 0.33059659443654454
135 91 0.33019312090816044
135 85 0.31534587019526683
135 84 0.16246904604560714
135 90 0.3095372843605092
135 47 0.2074317222500624
135 53 0.249718616861463
121 76 0.10563711984159804
121 62 0.1717065606510659
121 89 0.1467061173210589
121 88 0.32390694550496274
121 63 0.16671748976209105
121 77 0.13761860719462723
121 49 0.15154478455668102
121 61 0.07576414124090694
121 75 0.056639737010303004
121 74 0.10407168420786986
121 60 0.09519278134212601
121 48 0.13682877153703119
121 64 0.13329227072573407
121 70 0.17658267427686128
121 58 0.11187160345555325
121 59 0.060805427203173223
121 71 0.34005336346975323
121 65 0.10078254581194006
121 73 0.0498024411162863
121 67 0.36036969524547924
121 66 0.21255950194530365
121 72 0.08160574330522698
121 57 0.3845197075369056
121 94 0.5125149794791977
121 80 0.3704060955158123
121 81 0.19571118498268333
121 95 0.11246944115413363
121 56 0.22949510659855735
121 68 0.43356466719804526
121 54 0.1461084792566399
121 83 0.26249319276422134
121 82 0.1094536831004638
121 55 0.2230034962099458
121 69 0.35777215475160756
121 51 0.13830833980645926
121 79 0.12232533248706484
121 86 0.15768080737142484
121 92 0.4370464770215949
121 93 0.3556551524802
121 87 0.24861939033558397
121 78 0.42420025241509624
121 50 0.16485590649603002
121 52 0.05404061216990265
121 46 0.1945551281897781
121 91 0.36458241720752105
121 85 0.3411988189324435
121 84 0.07023949023183161
121 90 0.3495741824805789
121 47 0.21032566566608862
121 53 0.10337450521798987
109 76 0.09550276593168257
109 62 0.18873756735237596
109 89 0.07348070066054889
109 88 0.20415697422445075
109 63 0.12646248489864662
109 77 0.15323822890054198
109 49 0.12328083307374571
109 61 0.07633439311485656
109 75 0.060906352468045905
109 74 0.13594678572071445
109 60 0.04043715595446129
109 48 0.09442665767616591
109 64 0.13012940504749151
109 70 0.33119096994716857
109 58 0.5814612916818392
109 59 0.04112713279242833
109 71 0.07945189190760552
109 65 0.07200974736742866
109 73 0.03376493839069852
109 67 0.2500481480331792
109 66 0.18061631213162127
109 72 0.12836273483458882
109 57 0.35670526454578433
109 94 0.3298628839422054
109 80 0.08191889150304436
109 81 0.3264263907567701
109 95 0.11259173765489511
109 56 0.12984349033631717
109 68 0.4676960592228307
109 54 0.10740374503299419
109 83 0.08362229319917687
109 82 0.07388646369183845
109 55 0.17256196891174622
109 69 0.37519482904750573
109 51 0.03277343712829986
109 79 0.10526363050015403
109 86 0.06838385483065054
109 92 0.3264742026850258
109 93 0.29055376329254645
109 87 0.21973092511645834
109 78 0.3700909946960098
109 50 0.12373745642792205
109 52 0.08524871480025123
109 46 0.23045344362334994
109 91 0.3023152386841481
109 85 0.2996255647666196
109 84 0.4728032431758494
109 90 0.30381682808691196
109 47 0.07803739863685029
109 53 0.05982691265660439
108 76 0.10515595999656172
108 62 0.2758035563015409
108 89 0.16014966324785398
108 88 0.4027431828329271
108 63 0.17839772678298108
108 77 0.1313486131227433
108 49 0.08588351435123598
108 61 0.0748717652270755
108 75 0.08330501823376996
108 74 0.11814791796252744
108 60 0.06364739803300377
108 48 0.12001113409091627
108 64 0.17763064426197794
108 70 0.4546000004706396
108 58 0.9630371513803424
108 59 0.05261678831037682
108 71 0.12108984312752358
108 65 0.05836843623471648
108 73 0.07567917920128987
108 67 0.38991695782850755
108 66 0.33269308368504935
108 72 0.08984703220087356
108 57 0.5404981242494236
108 94 0.5070273984761864
108 80 0.1316612740141342
108 81 0.3875077984017674
108 95 0.13311182248788495
108 56 0.3292031281211192
108 68 0.8008870599013812
108 54 0.22625432537704263
108 83 0.10747394360519019
108 82 0.12511422634921582
108 55 0.32390669876042844
108 69 0.5414153125942879
108 51 0.0840312523817944
108 79 0.2060342270321026
108 86 0.051815920578245286
108 92 0.5233467314638289
108 93 0.4498585213769307
108 87 0.34034292116092013
108 78 0.4367292222392309
108 50 0.11752457962488014
108 52 0.07500683303192858
108 46 0.27441745149426094
108 91 0.4605948921125381
108 85 0.42950226047621093
108 84 0.101039082746331
108 90 0.4315440121525154
108 47 0.1836625822802496
108 53 0.07770658726821714
120 76 0.058457427258382946
120 62 0.11969914428315445
120 89 0.0960046131457282
120 88 0.195662639154662
120 63 0.049995153300717174
120 77 0.23364216168031327
120 49 0.06431260926528864
120 61 0.03799585104895556
120 75 0.09524907228199064
120 74 0.06176586568397856
120 60 0.06066349609676992
120 48 0.07509638583070521
120 64 0.08815456956265362
120 70 0.13185186431302676
120 58 0.08201749845585203
120 59 0.08178000070823212
120 71 0.12518356601124855
120 65 0.036052983824602314
120 73 0.060158240126096815
120 67 0.19553984865478108
120 66 0.18126766146467407
120 72 0.06793864730988827
120 57 0.1280990334578491
120 94 0.2524371243475674
120 80 0.13029420759503518
120 81 0.1303616493765103
120 95 0.05933300247621054
120 56 0.1311626105300456
120 68 0.22661244367982888
120 54 0.09344035393080624
120 83 0.07925910765733056
120 82 0.0732238936467176
120 55 0.24491895505569433
120 69 0.15043377760279453
120 51 0.11415691584209793
120 79 0.07923522885684865
120 86 0.07722303179761834
120 92 0.2409482641510984
120 93 0.22358298788634168
120 87 0.16854072653704122
120 78 0.17932580658798394
120 50 0.1137580842651906
120 52 0.03524476913820754
120 46 0.09981359239609172
120 91 0.21648790590890943
120 85 0.2118494707462839
120 84 0.09303726218075623
120 90 0.20686549826637152
120 47 0.11193943271372858
120 53 0.3350191037868947
134 76 0.14884129327053858
134 62 0.129702403890268
134 89 0.06811454244030098
134 88 0.15240809497858882
134 63 0.07211205151487646
134 77 0.09401908216514289
134 49 0.2569908097072062
134 61 0.05048744221276824
134 75 0.28166360273569613
134 74 0.1297132934056858
134 60 0.08213318927318769
134 48 0.2419590640251154
134 64 0.11020287450846748
134 70 0.16882037903023925
134 58 0.16897213151540702
134 59 0.04694725020196225
134 71 0.3607085324554449
134 65 0.027956857858952078
134 73 0.22302796080784748
134 67 0.27164823452594644
134 66 0.14242133985833827
134 72 0.08631678018216798
134 57 0.32097918049149354
134 94 0.2542647196138572
134 80 0.38806594789628823
134 81 0.035805104294517415
134 95 0.13467223524927618
134 56 0.09631847345262977
134 68 0.3509637407084675
134 54 0.12047075447519875
134 83 0.26496037089577273
134 82 0.02743854420628536
134 55 0.21140302626111163
134 69 0.16928221900321985
134 51 0.1392905181415153
134 79 0.047413698707768015
134 86 0.14125084039800417
134 92 0.1681866728265953
134 93 0.17255609996306917
134 87 0.12240157418835404
134 78 0.15114202687622375
134 50 0.14494754605333465
134 52 0.4313412843912448
134 46 0.16863292305910665
134 91 0.13026196360476955
134 85 0.16650093237756367
134 84 0.10977222931644022
134 90 0.14916232856008485
134 47 0.24877098315893312
134 53 0.38187285889195643
122 76 0.09107650654254275
122 62 0.06844973195636671
122 89 0.12643327881572025
122 88 0.17167313404121506
122 63 0.14681423665263335
122 77 0.12618083379010422
122 49 0.2552834701122152
122 61 0.06256944070580643
122 75 0.05227597778092559
122 74 0.1270977568227903
122 60 0.06113745724380369
122 48 0.1306975801473131
122 64 0.09077324222167635
122 70 0.20490944777355166
122 58 0.15619626317601729
122 59 0.06315922730754006
122 71 0.5338581411376847
122 65 0.04303292793706964
122 73 0.036348699418609354
122 67 0.44793870953128345
122 66 0.2311474465711259
122 72 0.05311863430513078
122 57 0.4681216660953997
122 94 0.3474432039145685
122 80 0.5729467306225874
122 81 0.16572098716443592
122 95 0.06485204918852347
122 56 0.13420488275578585
122 68 0.5089721494471919
122 54 0.09751306017574274
122 83 0.25691326362828704
122 82 0.07919907875840199
122 55 0.1205292673988773
122 69 0.2755480313131822
122 51 0.18243869189410108
122 79 0.09108615218138079
122 86 0.26708456076539755
122 92 0.35041911124551606
122 93 0.3226664257280075
122 87 0.21633970161680155
122 78 0.29995104851895216
122 50 0.28370240909987926
122 52 0.07986895423567765
122 46 0.1509342228048206
122 91 0.32397377102373176
122 85 0.5777980641532461
122 84 0.1258020313357639
122 90 0.4732251764962845
122 47 0.10169690872633369
122 53 0.10802840557083136
136 76 0.013772648416162103
136 62 0.10664002043631585
136 89 0.10499458188053744
136 88 0.1369143721855601
136 63 0.11831999013734856
136 77 0.23730945022899394
136 49 0.18847340213943092
136 61 0.06880042649026906
136 75 0.04229981710571143
136 74 0.044546832351332916
136 60 0.06655631532108681
136 48 0.1756278475828049
136 64 0.05489045424091561
136 70 0.1296876415628858
136 58 0.053985820853017535
136 59 0.09856708753821522
136 71 0.0497103379811889
136 65 0.06788282636543225
136 73 0.07737768930339418
136 67 0.13986417433780063
136 66 0.09588800617990066
136 72 0.09148145762491461
136 57 0.13656865965684034
136 94 0.18103693299541743
136 80 0.0546407849264135
136 81 0.34846897485125417
136 95 0.06841615188279798
136 56 0.2543991071592592
136 68 0.25089942369777984
136 54 0.08758988372464743
136 83 0.057054293288203814
136 82 0.08185821445247288
136 55 0.11628156053530088
136 69 0.10640555499040177
136 51 0.08176990492398874
136 79 0.46984768810605465
136 86 0.07191663754928194
136 92 0.17893603364579633
136 93 0.15748606847249733
136 87 0.12360619149773333
136 78 0.15318069790110667
136 50 0.09589556712518364
136 52 0.07082243204629099
136 46 0.1775550213352407
136 91 0.18909167471676291
136 85 0.15018738098005568
136 84 0.03378454022711552
136 90 0.16412586487532574
136 47 0.20325261091887362
136 53 0.034990300662451956
137 76 0.08563599123020928
137 62 0.11127677423691403
137 89 0.10176278683390184
137 88 0.23522047376668753
137 63 0.08859612913454587
137 77 0.10868958674665222
137 49 0.06694928540009172
137 61 0.06884984014371422
137 75 0.06733661429738604
137 74 0.08089492967986171
137 60 0.0522949094157702
137 48 0.0734372948277962
137 64 0.10036352175601354
137 70 0.19808945539803505
137 58 0.14623848354288824
137 59 0.07540457649252838
137 71 0.08888026273666996
137 65 0.05188833818662614
137 73 0.07723681197981998
137 67 0.22461481463712465
137 66 0.2757983601487936
137 72 0.07357969979035638
137 57 0.21669201664732718
137 94 0.3056699948720868
137 80 0.09461105608679561
137 81 0.1474880506903134
137 95 0.09168939236661491
137 56 0.17046682389912676
137 68 0.37865398426696323
137 54 0.11850452009616116
137 83 0.08391053064530833
137 82 0.10787523513389213
137 55 0.11848668416068658
137 69 0.22755484827023997
137 51 0.09095603580011223
137 79 0.1617482707787182
137 86 0.05049822341357656
137 92 0.311929338577895
137 93 0.26878820680484916
137 87 0.19218665710292987
137 78 0.2414306388172059
137 50 0.10673607281460802
137 52 0.08928232959982489
137 46 0.14993295940695447
137 91 0.26411897928111494
137 85 0.2771638907430751
137 84 0.07302899227383226
137 90 0.27516458140172234
137 47 0.10792325491561111
137 53 0.08293270632482025
123 76 0.09126031577605638
123 62 0.12996786816406736
123 89 0.07127096188205845
123 88 0.2654612319637784
123 63 0.04999436106816288
123 77 0.06948818578565938
123 49 0.2081059645404668
123 61 0.06691540512697244
123 75 0.0518742734910603
123 74 0.07549599288916047
123 60 0.07817520071715059
123 48 0.11946754471191842
123 64 0.09591448547352568
123 70 0.1625705079463126
123 58 0.09798710225046657
123 59 0.04881576798925075
123 71 0.38968407186269294
123 65 0.07185387972193565
123 73 0.0446190562205791
123 67 0.3257305479066567
123 66 0.17735753175698532
123 72 0.06016094704179911
123 57 0.42831649357112406
123 94 0.632090049766174
123 80 0.4248788863555219
123 81 0.13180703416702141
123 95 0.13677967277166683
123 56 0.19895651206365056
123 68 0.4286733011817325
123 54 0.10346364035677465
123 83 0.2063456357925751
123 82 0.08309949215322952
123 55 0.11585140869311975
123 69 0.2333576610255073
123 51 0.1407498296850285
123 79 0.11277654422547301
123 86 0.2175335735265826
123 92 0.3530396162129861
123 93 0.3051470758039999
123 87 0.20120774570320157
123 78 0.29071081161053414
123 50 0.22246541733700528
123 52 0.0795196369562009
123 46 0.12451545292897369
123 91 0.2010704299964216
123 85 0.2296455776357061
123 84 0.05575987225737919
123 90 0.24039578852509247
123 47 0.12933928234750397
123 53 0.08344787384002139
127 76 0.1584868774861685
127 62 0.14451061853191646
127 89 0.14386358077940328
127 88 0.3485836185463161
127 63 0.13488522080653412
127 77 0.11913200180760167
127 49 0.2502788890255786
127 61 0.0647039976454004
127 75 0.043454080940802275
127 74 0.0819280233669661
127 60 0.07678546748685867
127 48 0.1648293893475075
127 64 0.11258687040824805
127 70 0.30395124504719473
127 58 0.16670657898566177
127 59 0.10085889404429356
127 71 0.38878319088412383
127 65 0.041985607631605915
127 73 0.03852249473599065
127 67 0.44059749208787585
127 66 0.2991695140856553
127 72 0.10458263977082469
127 57 0.44985076356646353
127 94 0.4760061641163557
127 80 0.41376947699658695
127 81 0.3050835106331945
127 95 0.13791506077632942
127 56 0.33810829734228287
127 68 0.7221489434904063
127 54 0.1645163512320346
127 83 0.09984681319716376
127 82 0.04772157793781931
127 55 0.19172593626267231
127 69 0.3598665027289563
127 51 0.2244277905596394
127 79 0.23155837711979138
127 86 0.21728636600479717
127 92 0.47134527090253603
127 93 0.41928686598084464
127 87 0.42176618931524257
127 78 0.34295481581172055
127 50 0.33003038280128416
127 52 0.07493602781124756
127 46 0.2615064848082647
127 91 0.42715985116602556
127 85 0.45811116660369244
127 84 0.09131012065916978
127 90 0.4429579518878988
127 47 0.1946501868194015
127 53 0.09979932918437168
133 76 0.06123868488127235
133 62 0.2538007783393387
133 89 0.06988081175156072
133 88 0.1622580772793328
133 63 0.10613293849305717
133 77 0.24827062779097248
133 49 0.3289968727794056
133 61 0.08373463072183245
133 75 0.08759814979370961
133 74 0.15342649120142265
133 60 0.04606795247078471
133 48 0.23633788456402904
133 64 0.10489023679982365
133 70 0.171076609216924
133 58 0.1948143021846716
133 59 0.06610732076793016
133 71 0.27527575898715273
133 65 0.05363833396618371
133 73 0.07532900138669148
133 67 0.25082606485905723
133 66 0.12635048268075286
133 72 0.07362939375899212
133 57 0.34656449060642136
133 94 0.22885163265467393
133 80 0.29546110282016014
133 81 0.205048161527542
133 95 0.12715863900519847
133 56 0.1597728382183219
133 68 0.32659767922074556
133 54 0.14011041889360093
133 83 0.11748696625514092
133 82 0.18305279773541738
133 55 0.09360033496140759
133 69 0.14830269026770262
133 51 0.08852609596981563
133 79 0.2844875798616139
133 86 0.11548692004452835
133 92 0.21537960759085883
133 93 0.20915857186569306
133 87 0.11869845605482314
133 78 0.17642005445145956
133 50 0.14721440929410276
133 52 0.06468353572759127
133 46 0.12299588866904582
133 91 0.22633824288264232
133 85 0.2282980108738586
133 84 0.1305523624173743
133 90 0.21524454644796248
133 47 0.27587353090676847
133 53 0.3542022013260476
132 76 0.10583417214240055
132 62 0.1567639745112104
132 89 0.18045182840676974
132 88 0.44642921090384546
132 63 0.12978944988952143
132 77 0.1403220092126048
132 49 0.09423347578404716
132 61 0.08042003552719114
132 75 0.06545231969049264
132 74 0.14231994742185403
132 60 0.07964416615707622
132 48 0.10328566841273239
132 64 0.1243819628069642
132 70 0.3439042275834967
132 58 0.2024180801169446
132 59 0.0522756605893725
132 71 0.1211058283006798
132 65 0.06772461849397886
132 73 0.03283547292213787
132 67 0.37116237544417524
132 66 0.3039891144442144
132 72 0.1023263666277637
132 57 0.2999722566786281
132 94 0.5915348509506275
132 80 0.1273140230652481
132 81 0.2656105868863128
132 95 0.11065386162450155
132 56 0.37782608473169077
132 68 0.6243877843829493
132 54 0.1620746000983859
132 83 0.21964283093403675
132 82 0.024635872777752282
132 55 0.21310456340495865
132 69 0.36071294232080797
132 51 0.06015837307113965
132 79 0.15445776535760045
132 86 0.12956828259144376
132 92 0.6155385986137634
132 93 0.548413673095052
132 87 0.3763024615217687
132 78 0.351927413785124
132 50 0.09813107355009565
132 52 0.11271911475950051
132 46 0.3856652810854421
132 91 0.5143530520167842
132 85 0.5323692473988666
132 84 0.09620970992943795
132 90 0.5339755606846561
132 47 0.16390146176513354
132 53 0.07855934276492749
126 76 0.08256897553565233
126 62 0.10635576256069663
126 89 0.1379778743497071
126 88 0.2312041244891817
126 63 0.116663171934583
126 77 0.1342282163704195
126 49 0.1886592374712936
126 61 0.06465052612127681
126 75 0.0670059532660627
126 74 0.09786431956350385
126 60 0.08164229737924578
126 48 0.11431934957619075
126 64 0.08777380464360462
126 70 0.18607215180094
126 58 0.14983040136382697
126 59 0.06052920870865043
126 71 0.3664282599234899
126 65 0.05988687974470493
126 73 0.06612277421937136
126 67 0.3979215954376649
126 66 0.21807669563414694
126 72 0.06538000334513033
126 57 0.3826478408094619
126 94 0.45501341275043383
126 80 0.4006443221576641
126 81 0.17168017973353264
126 95 0.05393170368483792
126 56 0.13981247889832615
126 68 0.4544332885707288
126 54 0.09293750344324113
126 83 0.27993527976172905
126 82 0.09087917239681387
126 55 0.11369392202858897
126 69 0.267669211097973
126 51 0.14128248009586986
126 79 0.11127574268906437
126 86 0.1745260016513636
126 92 0.4625286122388264
126 93 0.4166088341213165
126 87 0.24148887477743136
126 78 0.31331216109888593
126 50 0.20493034963772971
126 52 0.06906066083973
126 46 0.14597684644960618
126 91 0.45598927980349435
126 85 0.5481483568548255
126 84 0.07002394706604706
126 90 0.6004733928679424
126 47 0.1014398103860552
126 53 0.09904243243862126
118 76 0.14536598690741734
118 62 0.23502065107372005
118 89 0.10954919935480568
118 88 0.14521901545331747
118 63 0.08679039653572576
118 77 0.04417333421468497
118 49 0.2912411002598241
118 61 0.02880179920865969
118 75 0.04756136294823504
118 74 0.09415264771650118
118 60 0.05328164679053775
118 48 0.18976202451625038
118 64 0.07565808785165776
118 70 0.16353684290919487
118 58 0.4110357311145031
118 59 0.20354185628882066
118 71 0.2218975485797895
118 65 0.06611144690145229
118 73 0.05415718672227726
118 67 0.23130432536606113
118 66 0.11421790173799407
118 72 0.015742769596053446
118 57 0.3575913718012351
118 94 0.1707895031593839
118 80 0.24052330780820053
118 81 0.3790545439404661
118 95 0.08733033912698984
118 56 0.3087038735962926
118 68 0.3255463886081569
118 54 0.08858327064969078
118 83 0.1432757864620962
118 82 0.09003126743922178
118 55 0.1608910301557527
118 69 0.20962072823842717
118 51 0.1532260270854607
118 79 0.21370385433278544
118 86 0.10620442448726317
118 92 0.17723016899160265
118 93 0.16312136881283634
118 87 0.21982435306203085
118 78 0.16125832073776658
118 50 0.24972390825517282
118 52 0.06334598120754409
118 46 0.21773918382906318
118 91 0.1803381014535457
118 85 0.18623926134576213
118 84 0.15204009386910747
118 90 0.17957952685085135
118 47 0.33667417750065304
118 53 0.26954422597110606
130 76 0.05304490630381811
130 62 0.11689880852713692
130 89 0.10454107019664398
130 88 0.27808215778397793
130 63 0.10229264903922992
130 77 0.1032050147041389
130 49 0.09583157381415264
130 61 0.06550426281730465
130 75 0.06774061442479241
130 74 0.03754162932818933
130 60 0.04964758416505838
130 48 0.08494489995769204
130 64 0.10240399159921881
130 70 0.21157552568986504
130 58 0.11351967219670267
130 59 0.061929761594021554
130 71 0.09751425067664757
130 65 0.0491089157801414
130 73 0.06570115406052908
130 67 0.21762150104344233
130 66 0.20162227623971946
130 72 0.07425840027917743
130 57 0.1321529588899222
130 94 0.31259730855261847
130 80 0.0986020724874376
130 81 0.18012213367789764
130 95 0.10303988765831733
130 56 0.20551198709694596
130 68 0.31572620839125654
130 54 0.13205714779202965
130 83 0.18823660765082362
130 82 0.08219671574700076
130 55 0.12280254513364347
130 69 0.21698830601560432
130 51 0.04346609840641688
130 79 0.1331202586201085
130 86 0.039650356823078325
130 92 0.3188099835337498
130 93 0.28367027252505167
130 87 0.17686734876413127
130 78 0.2030898825908487
130 50 0.07371225353308757
130 52 0.07968796575980316
130 46 0.2715682840129532
130 91 0.24107693139221398
130 85 0.27573036104482546
130 84 0.09986738644083146
130 90 0.2698532193408151
130 47 0.11943372186150249
130 53 0.09319705888320814
124 76 0.09398931861236907
124 62 0.1451508564828906
124 89 0.0756624986640037
124 88 0.3323916539740328
124 63 0.03881348276210142
124 77 0.03643324352239116
124 49 0.16757184729248184
124 61 0.07044205369115841
124 75 0.05767352996132026
124 74 0.06764260475819922
124 60 0.07067693896928205
124 48 0.102855207030033
124 64 0.09744793311395869
124 70 0.18357705151968415
124 58 0.15335231970608437
124 59 0.05272521760667455
124 71 0.3200746945636598
124 65 0.05439188982376689
124 73 0.06796938073497705
124 67 0.3197455728036267
124 66 0.18845547912368205
124 72 0.1046179869768473
124 57 0.31999239314405425
124 94 0.3051148227191715
124 80 0.34633744720390086
124 81 0.1424291393074603
124 95 0.2042894536571671
124 56 0.16601274894528872
124 68 0.40715664798659346
124 54 0.10345141137229266
124 83 0.2556271086892632
124 82 0.060614239467883274
124 55 0.10485651477486821
124 69 0.26965817170154727
124 51 0.1023136222152532
124 79 0.08670244668378659
124 86 0.11558101698502776
124 92 0.3479195517446563
124 93 0.2974146276240802
124 87 0.2058253058655745
124 78 0.2828797744479003
124 50 0.16945122807156932
124 52 0.1098614110081764
124 46 0.13241555259909568
124 91 0.7328884840821425
124 85 0.27346975142115204
124 84 0.04496950635476407
124 90 0.2839821764214958
124 47 0.16956420446205997
124 53 0.10742150567912573
125 76 0.07631434971753932
125 62 0.14480242505163776
125 89 0.13773848008873824
125 88 0.2709463222678764
125 63 0.11846250928841481
125 77 0.08589876359961232
125 49 0.1852531564800872
125 61 0.05900231491538692
125 75 0.07234982194279994
125 74 0.07909610780604467
125 60 0.06962541822730768
125 48 0.11516501366953975
125 64 0.08380853503112552
125 70 0.2068029422906647
125 58 0.12024175263616557
125 59 0.05572305362656457
125 71 0.33423649630540614
125 65 0.06408151242721631
125 73 0.08142443546795898
125 67 0.41167681515062526
125 66 0.22254407302453755
125 72 0.03649317330550711
125 57 0.375345748487223
125 94 0.31898191055031144
125 80 0.36585712724248204
125 81 0.17717502856796646
125 95 0.08206775660391852
125 56 0.34143395909755714
125 68 0.5832748713018843
125 54 0.09273997116819457
125 83 0.28637158013053343
125 82 0.07873057766749153
125 55 0.14188226488217467
125 69 0.27489998469700816
125 51 0.12148071623452067
125 79 0.10168363591497438
125 86 0.16591255644588992
125 92 0.31479630082737364
125 93 0.2973228038310063
125 87 0.23960958267656163
125 78 0.30535649031216455
125 50 0.19350209124943593
125 52 0.0
125 46 0.1295253157706077
125 91 0.36482027820080637
125 85 0.3471101161132431
125 84 0.09188880685904866
125 90 0.33670711887401283
125 47 0.09929667713698465
125 53 0.07614358111768173
131 76 0.0904151312599259
131 62 0.18086766551466818
131 89 0.17874845536142625
131 88 0.48238229155773404
131 63 0.11601531069085641
131 77 0.0469354081698668
131 49 0.05176794830901976
131 61 0.04284148574567298
131 75 0.04420708530009179
131 74 0.1398784057449855
131 60 0.09039512725190416
131 48 0.11485585184457295
131 64 0.11698358100630882
131 70 0.35259446957027984
131 58 0.6864502108945311
131 59 0.15209325563940712
131 71 0.08398560726529725
131 65 0.06436384676401727
131 73 0.03560039246244756
131 67 0.35909004130650934
131 66 0.2661396696081431
131 72 0.048497103814205564
131 57 0.5071343538022234
131 94 0.46963304778254816
131 80 0.09064320583861205
131 81 0.2954773065987414
131 95 0.06974635224131373
131 56 0.21264628944861652
131 68 0.5589919212465693
131 54 0.16367610937100374
131 83 0.07085740110911773
131 82 0.040428710322765626
131 55 0.17642215180962284
131 69 0.37820561337782277
131 51 0.06818048321955063
131 79 0.11243746229299667
131 86 0.11848375374889217
131 92 0.49248663414633775
131 93 0.4351412790390565
131 87 0.4233022572220163
131 78 0.31753417634700243
131 50 0.024327139111879392
131 52 0.04865457591252306
131 46 0.2087662904100613
131 91 0.4693749713327955
131 85 0.4330000975962765
131 84 0.05842599861739477
131 90 0.4300516589658313
131 47 0.16975033677355672
131 53 0.04715833471804945
119 76 0.04689831294865862
119 62 0.1681362505530345
119 89 0.09902420560060712
119 88 0.2378352773862072
119 63 0.07815746249093485
119 77 0.2739375522552549
119 49 0.07717286781045295
119 61 0.1682085531855727
119 75 0.07822284103788314
119 74 0.13466346175225757
119 60 0.07041388136142411
119 48 0.11149258970926071
119 64 0.08557003731360766
119 70 0.27331912719872276
119 58 0.5414656986775436
119 59 0.028974382413003458
119 71 0.11515566302368058
119 65 0.05823456635093861
119 73 0.03274800912922929
119 67 0.1610138490194127
119 66 0.12323985305313576
119 72 0.03641066056405312
119 57 0.2066983418722787
119 94 0.1823744598429671
119 80 0.11571981907802481
119 81 0.03770710305360572
119 95 0.016971468533082207
119 56 0.16553680949487562
119 68 0.2835014262574539
119 54 0.08153479391228978
119 83 0.08501642865405085
119 82 0.05256908270195923
119 55 0.19852184132686942
119 69 0.18675577671924296
119 51 0.07105788343758077
119 79 0.32914220568564545
119 86 0.14481707285466391
119 92 0.1988323516897772
119 93 0.18522566545932112
119 87 0.15586316328052213
119 78 0.14819877111512428
119 50 0.016716107316646023
119 52 0.06823097760146105
119 46 0.13071760569602256
119 91 0.19493443748545078
119 85 0.19439547830283446
119 84 0.10179042127845205
119 90 0.17958459091772147
119 47 0.1233802629085276
119 53 0.061177108223303564
