114 76 0.15384290230257583
114 62 0.1695193754269979
114 89 0.10540609396962111
114 88 0.2807362411958167
114 63 0.15016427587327147
114 77 0.13306794770522953
114 49 0.08257913303162549
114 61 0.03892109394982107
114 75 0.07614591589480921
114 74 0.2179315583269651
114 60 0.06773917652025138
114 48 0.06821452950062078
114 64 0.1352992491306493
114 70 0.1746189923293437
114 58 0.41075001889048157
114 59 0.1160810422905706
114 71 0.08111480334231627
114 65 0.055877295733372065
114 73 0.06952682813590576
114 67 0.18112954229143927
114 66 0.16088244030547214
114 72 0.1167125768347034
114 57 0.2032412483411059
114 94 0.2876409320669572
114 80 0.08389809280287289
114 81 0.2096175003957873
114 95 0.09875873628215928
114 56 0.10638275647437073
114 68 0.2450940605434912
114 54 0.1569912799592488
114 83 0.0751542027984137
114 82 0.06391334166685715
114 55 0.16024703114985547
114 69 0.21298730064768584
114 51 0.06749305577071066
114 79 0.09791293910777443
114 86 0.07079386306468366
114 92 0.29687535032749435
114 93 0.26907995346289904
114 87 0.2808503828370392
114 78 0.16729313591231124
114 50 0.09591989673436893
114 52 0.09235450036415806
114 46 0.18685845147123645
114 91 0.25695881891740235
114 85 0.2662503180562281
114 84 0.12625157914837817
114 90 0.2578750161883086
114 47 0.16157948985200396
114 53 0.0883305494891577
100 76 0.08330510610968755
100 62 0.08636968729196257
100 89 0.06112014636536914
100 88 0.0911392689873234
100 63 0.2404956173159195
100 77 0.07399815575753531
100 49 0.19788088549696814
100 61 0.06363887469306158
100 75 0.0711777196306219
100 74 0.08784830613941692
100 60 0.06572913263966176
100 48 0.11219654599328319
100 64 0.12323918278471598
100 70 0.09442622676689755
100 58 0.25597316137414305
100 59 0.0757609020571464
100 71 0.3885395876020161
100 65 0.06762432453516265
100 73 0.044010096245646044
100 67 0.2001114062211813
100 66 0.07437108888383406
100 72 0.054144313391193646
100 57 0.2376486670961264
100 94 0.10218102263248757
100 80 0.4113210997913368
100 81 0.09062229242596316
100 95 0.08495164610371655
100 56 0.12597060819843267
100 68 0.20560525052142037
100 54 0.0917250935131998
100 83 0.08681286430794388
100 82 0.06451830942722386
100 55 0.21981684425334835
100 69 0.10086894678044878
100 51 0.13758720380742862
100 79 0.048494917905454946
100 86 0.19964338561228015
100 92 0.07553654567540366
100 93 0.06507332339599156
100 87 0.09126843381004085
100 78 0.08286066209184759
100 50 0.223095551151838
100 52 0.14689436441014644
100 46 0.1350510364475406
100 91 0.10468003718619204
100 85 0.13987324703890894
100 84 0.13737832019812787
100 90 0.08777390777733154
100 47 0.05455003964684407
100 53 0.055711332155258614
128 76 0.10816255904265817
128 62 0.053593280002325924
128 89 0.15049655032518885
128 88 0.2652743290761901
128 63 0.07951464219010487
128 77 0.10086740431711338
128 49 0.07536681911047759
128 61 0.08654738337969728
128 75 0.07421975728600262
128 74 0.06378987536026853
128 60 0.08145067133863287
128 48 0.05916833984669795
128 64 0.06927111494117076
128 70 0.19064829392058544
128 58 0.1641884852014161
128 59 0.05837096638586242
128 71 0.06396083701530525
128 65 0.05381915200850264
128 73 0.09380951589280777
128 67 0.2547519974416538
128 66 0.18918749926118766
128 72 0.10160929559421716
128 57 0.13262107063386533
128 94 0.3764597454592332
128 80 0.06326498884718812
128 81 0.20818346161017642
128 95 0.15603743273899665
128 56 0.21967926921027464
128 68 0.4368556640277903
128 54 0.1055907313792388
128 83 0.06695050015860081
128 82 0.045477975833096845
128 55 0.1353448151434177
128 69 0.22899613836701552
128 51 0.10141436968857384
128 79 0.15492612160061117
128 86 0.06717038003195071
128 92 0.384965309209908
128 93 0.3327590209890471
128 87 0.3096125492959827
128 78 0.23148554223507178
128 50 0.11901107469957009
128 52 0.12834098386342294
128 46 0.13601196414109779
128 91 0.2851876649673075
128 85 0.335275731432457
128 84 0.07369315713619207
128 90 0.3401419869784653
128 47 0.08738089480223664
128 53 0.05400234794251828
129 76 0.037108242925862026
129 62 0.166054215497346
129 89 0.1378066095340156
129 88 0.28566776000161953
129 63 0.24926179619059471
129 77 0.1346181940294238
129 49 0.11000664010179263
129 61 0.082662424782079
129 75 0.054758806177624686
129 74 0.12614942165017204
129 60 0.047562230954156154
129 48 0.15017891271045702
129 64 0.16318804467374914
129 70 0.24128272061322317
129 58 0.4517370747210152
129 59 0.05182637390781489
129 71 0.13584905938601982
129 65 0.09205881112258442
129 73 0.06218268155707157
129 67 0.2700660879335428
129 66 0.20953293558554148
129 72 0.05513641462590395
129 57 0.412439314880796
129 94 0.38680327716837093
129 80 0.14475724037055787
129 81 0.2953572044887552
129 95 0.12831381096028113
129 56 0.20856988427101703
129 68 0.39159281422843806
129 54 0.1893648052502574
129 83 0.07689649209779807
129 82 0.2859659407676427
129 55 0.18257695812174696
129 69 0.2690660688450483
129 51 0.08612265833588241
129 79 0.10757665789379783
129 86 0.09203147394680501
129 92 0.3948351844613158
129 93 0.3537071799323757
129 87 0.26820936307522725
129 78 0.2583973579291324
129 50 0.09475662332865353
129 52 0.0936044063208317
129 46 0.22605225911752508
129 91 0.3420467800071765
129 85 0.33098791681856954
129 84 0.12012349757207674
129 90 0.3339857338902321
129 47 0.2854825494850596
129 53 0.10391985749207253
101 76 0.0299543599523414
101 62 0.11735094169771028
101 89 0.11837113069506128
101 88 0.11337692718601937
101 63 0.06986485883989754
101 77 0.12481749061411314
101 49 0.12470133347775757
101 61 0.0821782385350063
101 75 0.06828419270201239
101 74 0.038269798044565276
101 60 0.06611785660160938
101 48 0.08161175306543803
101 64 0.0690839625476628
101 70 0.0432541694298674
101 58 0.145391109278051
101 59 0.0796104554755385
101 71 0.17056890187502943
101 65 0.07786234701053618
101 73 0.08208599374883224
101 67 0.13434141261895743
101 66 0.06842612950466827
101 72 0.05047634008962189
101 57 0.17642242015604845
101 94 0.11698177566082599
101 80 0.18921719927276792
101 81 0.12515463081681644
101 95 0.0
101 56 0.13825038909392642
101 68 0.13248834227342285
101 54 0.0446141445618682
101 83 0.06483248814654352
101 82 0.09620312427281102
101 55 0.08962161616529091
101 69 0.0522361711084208
101 51 0.10840708447642859
101 79 0.1498935860698439
101 86 0.1322114251893283
101 92 0.12024755425819897
101 93 0.10984932408865321
101 87 0.09869267634256634
101 78 0.07599432974407963
101 50 0.13368910069640333
101 52 0.11195733491769108
101 46 0.11047729486008254
101 91 0.1659675147262942
101 85 0.10279930136192117
101 84 0.09213607511992936
101 90 0.10584464567630321
101 47 0.023357621273270818
101 53 0.045774623931329625
115 76 0.11966647486683749
115 62 0.16589492726999755
115 89 0.15585225443341166
115 88 0.2141169266238322
115 63 0.04607744802214854
115 77 0.46661565613146394
115 49 0.2134922607954351
115 61 0.11915313959234017
115 75 0.09899685803658825
115 74 0.17623669803111985
115 60 0.09701776638788319
115 48 0.16524658655680718
115 64 0.16719837539774013
115 70 0.199303809862511
115 58 0.13308872573007305
115 59 0.08330580331748173
115 71 0.13438227238789968
115 65 0.08218093859393824
115 73 0.10945135188101007
115 67 0.25124304570215883
115 66 0.30241234733267186
115 72 0.16831542317501494
115 57 0.1411772206362372
115 94 0.3293135935352939
115 80 0.1420657166849881
115 81 0.10160271928798284
115 95 0.12788208810940072
115 56 0.3106686232461736
115 68 0.28579552168239375
115 54 0.16281298220544235
115 83 0.23728352659758
115 82 0.1149541781488302
115 55 0.1971713136119485
115 69 0.11945686096092425
115 51 0.14919899833716133
115 79 0.3349498720971529
115 86 0.13190644052749975
115 92 0.3086731886656695
115 93 0.2864015004882987
115 87 0.23467674778568245
115 78 0.1650924405962686
115 50 0.1281934667578572
115 52 0.7818317600734395
115 46 0.5141625193835218
115 91 0.3195053194990489
115 85 0.31425576930201676
115 84 0.143303279567072
115 90 0.320501076044035
115 47 0.3584481239111337
115 53 0.43215686245476825
103 76 0.11115128226788361
103 62 0.20816696951411623
103 89 0.10310542061583575
103 88 0.1900884463778018
103 63 0.20489833598345664
103 77 0.10519272237699873
103 49 0.07318761282929895
103 61 0.09842602042173947
103 75 0.08031042054214299
103 74 0.08471720214597192
103 60 0.090682739917711
103 48 0.0956312167578352
103 64 0.22033641168573626
103 70 0.25746757513765167
103 58 1.0
103 59 0.07073373152668734
103 71 0.06861284862167276
103 65 0.10903729905458462
103 73 0.08934806552097477
103 67 0.14538747505348953
103 66 0.2246352969183254
103 72 0.08441282348150264
103 57 0.45139249059360975
103 94 0.1553429755297982
103 80 0.07328680315661394
103 81 0.26553282792017624
103 95 0.0883433558749917
103 56 0.13804128308327285
103 68 0.28585047074788805
103 54 0.24509109606860013
103 83 0.07284161182575954
103 82 0.1294515304307673
103 55 0.20096395385549276
103 69 0.23404959880912685
103 51 0.08963422860872032
103 79 0.0908608616678985
103 86 0.11939577602034064
103 92 0.1746936092699524
103 93 0.16176844230167495
103 87 0.19430192527499174
103 78 0.1976344211331246
103 50 0.07725489618303566
103 52 0.18779852547201184
103 46 0.21628437805872802
103 91 0.17571935346368495
103 85 0.1626178522544036
103 84 0.10601473879114964
103 90 0.15941423942752098
103 47 0.19183782151234544
103 53 0.10107777483651242
117 76 0.2046868348348885
117 62 0.21933727721023627
117 89 0.12991690937063136
117 88 0.2153237752823094
117 63 0.07720259231327829
117 77 0.44220416262218887
117 49 0.20928828981163555
117 61 0.12049241493386552
117 75 0.5512833961555417
117 74 0.3656851537388595
117 60 0.09650834460868785
117 48 0.38380272741063715
117 64 0.14920761696766158
117 70 0.25437596913006866
117 58 0.5205045682826962
117 59 0.12638462926089383
117 71 0.093608479994537
117 65 0.06214493885020174
117 73 0.4274093780009658
117 67 0.21504517394939043
117 66 0.2050325377620574
117 72 0.15660471778396756
117 57 0.222206564662231
117 94 0.2880611345901555
117 80 0.09661158418298649
117 81 0.17644211255424522
117 95 0.22887096940428495
117 56 0.3006969502823184
117 68 0.35944018241510417
117 54 0.10059291311900016
117 83 0.5876533549175723
117 82 0.11551177513921679
117 55 0.14793196782361917
117 69 0.23104847018972552
117 51 0.15409509392792592
117 79 0.35315938563912974
117 86 0.09929827105975478
117 92 0.2882467342173267
117 93 0.258387413171983
117 87 0.2976036312156801
117 78 0.24560125461800808
117 50 0.10058397651747765
117 52 0.5247538236523103
117 46 0.3371997587523347
117 91 0.2964344935318012
117 85 0.333313068739117
117 84 0.20681780782141612
117 90 0.31590005083959183
117 47 0.22809171272129591
117 53 0.27973893784464526
116 76 0.14497166626233524
116 62 0.1809599012294001
116 89 0.09679475488644945
116 88 0.22438604994871875
116 63 0.12416379862599246
116 77 0.3579473076847186
116 49 0.1355338385629012
116 61 0.12878157183701464
116 75 0.15086609080441898
116 74 0.1163149249550388
116 60 0.07436623911084882
116 48 0.12570055786227202
116 64 0.13518172453078972
116 70 0.34516867768913845
116 58 0.6382545936332117
116 59 0.12516118620535188
116 71 0.10531054822797109
116 65 0.07439445109488155
116 73 0.13870757404803472
116 67 0.20759446463829798
116 66 0.23060804965852
116 72 0.11868803429976543
116 57 0.37025703709184077
116 94 0.3154756708629315
116 80 0.10851953952364439
116 81 0.257169097966781
116 95 0.17922866617223113
116 56 0.2576393673181702
116 68 0.3340703658790013
116 54 0.15284877602003474
116 83 0.2502664299103488
116 82 0.38569105376037693
116 55 0.14910486152667263
116 69 0.2810231311082941
116 51 0.08101166107459573
116 79 0.2825175127596007
116 86 0.08106097886165477
116 92 0.2905388201983932
116 93 0.2860562066071609
116 87 0.23680905373959288
116 78 0.23683189542996838
116 50 0.08434692974466919
116 52 0.27366636492697666
116 46 0.2670420292128657
116 91 0.26137674732649013
116 85 0.26672442727851053
116 84 0.16075375835458114
116 90 0.2521367728366766
116 47 0.11484270294695093
116 53 0.14436370947943453
102 76 0.08374366064041985
102 62 0.1440141833824477
102 89 0.09026755945195857
102 88 0.11557610883785849
102 63 0.1262555704120231
102 77 0.10493589263124281
102 49 0.14024763213338517
102 61 0.08826895378327067
102 75 0.10351950934615936
102 74 0.12540528614753363
102 60 0.0884373339384508
102 48 0.11492529174948123
102 64 0.13738801910891202
102 70 0.15050137614322387
102 58 0.6525256825514736
102 59 0.10700763265759146
102 71 0.23175983938933192
102 65 0.09241761637947143
102 73 0.09920925120708751
102 67 0.14927914202578596
102 66 0.08751790258311318
102 72 0.10646808276910114
102 57 0.2809032098266394
102 94 0.12108527373649972
102 80 0.24154603422887064
102 81 0.16997930799207528
102 95 0.132519590227762
102 56 0.13363344293462504
102 68 0.20410349684108464
102 54 0.1552387058923183
102 83 0.10270279116884515
102 82 0.1127587702763719
102 55 0.1234184741288998
102 69 0.15578587640167538
102 51 0.11799548903523858
102 79 0.09292749779280121
102 86 0.1297473233253143
102 92 0.10231119731321853
102 93 0.09502785616893357
102 87 0.11861446274691885
102 78 0.1189214477700613
102 50 0.13371500401548028
102 52 0.08691478037942055
102 46 0.13446608393119572
102 91 0.10521450725148884
102 85 0.1111879330861037
102 84 0.104456931290689
102 90 0.09033731985894215
102 47 0.1179349388998984
102 53 0.1066852192169427
106 76 0.09396216491488912
106 62 0.08722768730232544
106 89 0.0606259265979862
106 88 0.09604287502020023
106 63 0.06523174133319888
106 77 0.06812794229592824
106 49 0.0810187459071714
106 61 0.08064352664176255
106 75 0.05993039262702837
106 74 0.06337025097157269
106 60 0.0790283372611123
106 48 0.08330046520491292
106 64 0.073023185367485
106 70 0.1225644072798703
106 58 0.4045528885260684
106 59 0.07627576512830639
106 71 0.08461844010876651
106 65 0.06226794644095067
106 73 0.06360948433276105
106 67 0.07661926720525125
106 66 0.06773686970501659
106 72 0.16606885823316178
106 57 0.15923463986267347
106 94 0.09951460268760684
106 80 0.08165762951401523
106 81 0.11239676069609833
106 95 0.10717088919250391
106 56 0.11075203436163021
106 68 0.137380082812641
106 54 0.08551662960723701
106 83 0.0651425968380077
106 82 0.06985288723329636
106 55 0.1432198873354466
106 69 0.1256495068587906
106 51 0.0832039394469682
106 79 0.08933310849053278
106 86 0.08761782803422835
106 92 0.09650194033156681
106 93 0.08257544131968603
106 87 0.09846941570207549
106 78 0.07688267466854909
106 50 0.05810693244568585
106 52 0.08752320445619688
106 46 0.07097816409419133
106 91 0.07815833135306582
106 85 0.08783544783519484
106 84 0.09340959356920374
106 90 0.0867076380463555
106 47 0.11974399082431497
106 53 0.09021451165923178
112 76 0.07244387093766204
112 62 0.13603841116839352
112 89 0.08597717777005592
112 88 0.22171166425349637
112 63 0.14238931267887583
112 77 0.21456930085326398
112 49 0.08538989291882436
112 61 0.06831011359497748
112 75 0.07573874465488087
112 74 0.08637678038625404
112 60 0.0718705710558261
112 48 0.0637552462916199
112 64 0.15440507055108965
112 70 0.210236891784497
112 58 0.6095888318777656
112 59 0.07152847563839061
112 71 0.16231721309859315
112 65 0.08155935238177227
112 73 0.06758748077269157
112 67 0.1571127082356022
112 66 0.12314587296785538
112 72 0.07592556276817972
112 57 0.24449336905089739
112 94 0.17446897172327624
112 80 0.1665291841315711
112 81 0.18958232998664437
112 95 0.09475346831186995
112 56 0.14958544102678495
112 68 0.28984479874980473
112 54 0.17367212814840688
112 83 0.1341949437879541
112 82 0.08225443052301776
112 55 0.23232429384742642
112 69 0.26603089903435073
112 51 0.07121789292303507
112 79 0.1639999612427224
112 86 0.0814542777689036
112 92 0.20830860862925274
112 93 0.20618663554073696
112 87 0.22938509772577959
112 78 0.2121133511882229
112 50 0.1023568808072717
112 52 0.15806601032670275
112 46 0.1512512931055619
112 91 0.19847519909448352
112 85 0.1763838485199013
112 84 0.23062300554719198
112 90 0.17255021787967978
112 47 0.1322240574619809
112 53 0.07137944433029668
113 76 0.08960485217250272
113 62 0.15088536990992307
113 89 0.12361779767086548
113 88 0.33355402889613406
113 63 0.18370813438405564
113 77 0.26054926590508587
113 49 0.08793184996810166
113 61 0.08548090181202134
113 75 0.09983137103971121
113 74 0.11058460569090856
113 60 0.05429510898726579
113 48 0.08966165955376908
113 64 0.16664885811681254
113 70 0.24836501887539275
113 58 0.3559085637353948
113 59 0.06114793860321978
113 71 0.08902841401778527
113 65 0.0697383843751531
113 73 0.09039501921983079
113 67 0.24332589789245088
113 66 0.20536699038089368
113 72 0.08418694968114179
113 57 0.2394048638549252
113 94 0.37214745956076833
113 80 0.09195093616586059
113 81 0.25193734107629484
113 95 0.14822087922358881
113 56 0.2938709196094188
113 68 0.3879554213040324
113 54 0.19154288307282533
113 83 0.20757772896460058
113 82 0.12551758562897009
113 55 0.16823645417460248
113 69 0.283729430682123
113 51 0.0565812443928487
113 79 0.2020074143884447
113 86 0.040124533029124373
113 92 0.3712060500693486
113 93 0.33177255994563165
113 87 0.33368501916106447
113 78 0.2609394313021421
113 50 0.09769591674772023
113 52 0.22347060155450377
113 46 0.2512800845925508
113 91 0.3062667846419862
113 85 0.31692981629948064
113 84 0.1364231348527301
113 90 0.30947201289612347
113 47 0.19680836570449667
113 53 0.1011123156176273
107 76 0.16833603909047293
107 62 0.1738628373636391
107 89 0.1351160504056462
107 88 0.1939214107203788
107 63 0.07510271157039107
107 77 0.09558390018899673
107 49 0.12913799096967116
107 61 0.1161817294475459
107 75 0.09086179660282317
107 74 0.07832363942083058
107 60 0.12762083667005014
107 48 0.09672668875535591
107 64 0.1039898584867202
107 70 0.06827272437916186
107 58 0.08798338585328047
107 59 0.08377893262723346
107 71 0.23103456003172182
107 65 0.13954603087529355
107 73 0.1057214960969425
107 67 0.22305868094650227
107 66 0.17480218659250024
107 72 0.0634597593684533
107 57 0.21816497357034162
107 94 0.14483250072480724
107 80 0.2504213865539302
107 81 0.06935847333360079
107 95 0.11507101240205801
107 56 0.878499755596287
107 68 0.5551393380213125
107 54 0.10086845503277042
107 83 0.1315053624733065
107 82 0.05964834729262897
107 55 0.19757207120607212
107 69 0.09479472606976797
107 51 0.10367838729913986
107 79 0.1476673084503296
107 86 0.14515813911885445
107 92 0.11133339059835086
107 93 0.1797614451111198
107 87 0.20299753238265733
107 78 0.09445736200917837
107 50 0.15663921222398924
107 52 0.19568845834913587
107 46 0.11068356571441021
107 91 0.21232068369257096
107 85 0.07038667106142425
107 84 0.070122919282859
107 90 0.09321699687895163
107 47 0.08262957622409862
107 53 0.11710689518932044
139 76 0.1492361055126645
139 62 0.05813631883663488
139 89 0.09411283323087172
139 88 0.18163272886292234
139 63 0.0717483202829484
139 77 0.1224524028181773
139 49 0.07375889308738676
139 61 0.1319344873618353
139 75 0.06296892260449974
139 74 0.11940222945861426
139 60 0.07867513043932595
139 48 0.05773545920238948
139 64 0.06941207534893915
139 70 0.1434303883775239
139 58 0.15282217677401178
139 59 0.11749324813030901
139 71 0.07437917434551986
139 65 0.0754925371344208
139 73 0.059430244336483584
139 67 0.12167042700125161
139 66 0.25710585314092327
139 72 0.06774316682142367
139 57 0.17163180498749692
139 94 0.2336870313928356
139 80 0.07357795315910565
139 81 0.10555104676814654
139 95 0.05778256595715921
139 56 0.09940113169723946
139 68 0.2006269471446335
139 54 0.09643661498348845
139 83 0.07471941949952984
139 82 0.09553409806763762
139 55 0.09026515388198739
139 69 0.11192933738261449
139 51 0.0786840752259636
139 79 0.10844278656542236
139 86 0.08864819901535421
139 92 0.24173777747542802
139 93 0.22108244875235827
139 87 0.15984183253189554
139 78 0.11488644021203745
139 50 0.08566916529451069
139 52 0.23813440156348994
139 46 0.13990175298234464
139 91 0.1960243815356254
139 85 0.2206875600543597
139 84 0.06376349311271094
139 90 0.21641639891071027
139 47 0.08275571165896167
139 53 0.10980627821660463
111 76 0.1332023421895564
111 62 0.17800547887637846
111 89 0.13480836687022488
111 88 0.2710521028896624
111 63 0.1778256757002759
111 77 0.23006702644460109
111 49 0.10359020660943664
111 61 0.0893061197905754
111 75 0.08385925784069752
111 74 0.12544733920065698
111 60 0.07423639294287757
111 48 0.09043091544754797
111 64 0.149310436409099
111 70 0.3265559304851452
111 58 0.6034831322406015
111 59 0.12699989386728788
111 71 0.20789138188594328
111 65 0.07710512841819603
111 73 0.07858208669103718
111 67 0.25192463410662447
111 66 0.2042064616932182
111 72 0.10119185797245912
111 57 0.2847938703037443
111 94 0.25912818845111874
111 80 0.21290518842257602
111 81 0.24554111725323152
111 95 0.11660509197635675
111 56 0.2081152017973747
111 68 0.43839277957918066
111 54 0.1711222063600698
111 83 0.1454217169300289
111 82 0.10856583269249548
111 55 0.23861110683504386
111 69 0.3830460719683466
111 51 0.09944942836755047
111 79 0.1768105207682492
111 86 0.10897166671354776
111 92 0.29526515307752155
111 93 0.2761502660694646
111 87 0.2882888607406468
111 78 0.3291920669590891
111 50 0.1365163644351829
111 52 0.17056125010195172
111 46 0.18642847754362557
111 91 0.26963956097188235
111 85 0.27740644908897805
111 84 0.2892005898522976
111 90 0.27266866137964185
111 47 0.1755837071772099
111 53 0.07926831193811858
105 76 0.06823123267197602
105 62 0.11456614235478095
105 89 0.07067427231512531
105 88 0.09449982888503405
105 63 0.10646948214321808
105 77 0.08890386253751287
105 49 0.15808102090737933
105 61 0.07539664645630637
105 75 0.08831057325481634
105 74 0.10557273225955616
105 60 0.08005748243280876
105 48 0.11268465085485588
105 64 0.08589794506156848
105 70 0.11921255328394341
105 58 0.29581882836607387
105 59 0.09480730073550234
105 71 0.2936455417837436
105 65 0.0750018821050747
105 73 0.08261411587208163
105 67 0.17335897215631216
105 66 0.12476828728119949
105 72 0.09280237392259477
105 57 0.2665000067279384
105 94 0.13062248242260738
105 80 0.30757840501506667
105 81 0.09547891423761296
105 95 0.12585439699715856
105 56 0.4472376206139702
105 68 0.27825245966645346
105 54 0.08513444060413032
105 83 0.17045139466408216
105 82 0.09422923238627973
105 55 0.07859103950852442
105 69 0.12970066960873528
105 51 0.12689911418695288
105 79 0.08828913723167156
105 86 0.18234644143955928
105 92 0.08160975545885485
105 93 0.07957516442867142
105 87 0.10048001852931045
105 78 0.11072553169249028
105 50 0.14479233234996847
105 52 0.11980603198891093
105 46 0.0936786735578564
105 91 0.09795465483105376
105 85 0.19136580608263087
105 84 0.09929841660125235
105 90 0.11770470855665152
105 47 0.10123936507419071
105 53 0.09271238923318023
104 76 0.10934183811686146
104 62 0.20542492484528435
104 89 0.10137332039707767
104 88 0.2002909320097729
104 63 0.21566637403314082
104 77 0.11139521348721763
104 49 0.08858388916445391
104 61 0.09673890273279614
104 75 0.07907928151789492
104 74 0.09089582510782601
104 60 0.08907005748364841
104 48 0.1022266184746328
104 64 0.2316939909994504
104 70 0.25425160948100933
104 58 0.9896461565055236
104 59 0.07831255248833174
104 71 0.11235662121506032
104 65 0.10724817637831903
104 73 0.08774821315665488
104 67 0.13470212103670415
104 66 0.1334640407667279
104 72 0.1135718393072282
104 57 0.44631234727968383
104 94 0.1642186190605854
104 80 0.11568958167205287
104 81 0.2786163446415261
104 95 0.10326539242483943
104 56 0.12146261836239496
104 68 0.28236166361689874
104 54 0.2573939944883465
104 83 0.07142891562631223
104 82 0.12746616812261832
104 55 0.21158174775184935
104 69 0.22069238637911398
104 51 0.08803162539192096
104 79 0.08924646697016834
104 86 0.11750707850977565
104 92 0.18119316414237363
104 93 0.170707187042997
104 87 0.20466531306361221
104 78 0.1844395881587988
104 50 0.07699925514762768
104 52 0.1094673713474756
104 46 0.22748722040441413
104 91 0.18537311959441005
104 85 0.15110490404770568
104 84 0.16640744526684886
104 90 0.15362593486069168
104 47 0.20210711137872828
104 53 0.0993651661407998
110 76 0.04309504164013117
110 62 0.20573170231394006
110 89 0.20552997461852027
110 88 0.3353843445389023
110 63 0.12108695629497412
110 77 0.29955207956818053
110 49 0.06511234052673105
110 61 0.07599114283913387
110 75 0.08510662422583462
110 74 0.08639703682866415
110 60 0.1239143597951998
110 48 0.10712839389432599
110 64 0.07344917291028048
110 70 0.17683254570869458
110 58 0.316791540361853
110 59 0.05962777329762116
110 71 0.19995321454494408
110 65 0.09747812075250444
110 73 0.07438348342855686
110 67 0.14630596458483847
110 66 0.12114630120328225
110 72 0.1984753267365486
110 57 0.19747283549916242
110 94 0.19147707793268548
110 80 0.2038320312694694
110 81 0.31278611586521055
110 95 0.10983842184466097
110 56 0.17558433614438365
110 68 0.3036758451617651
110 54 0.11239814633855608
110 83 0.09925772519653125
110 82 0.2563558194778234
110 55 0.18143582000311892
110 69 0.3102004212765947
110 51 0.09907555029621251
110 79 0.19034711157208828
110 86 0.03146391559590993
110 92 0.21934318488051693
110 93 0.32127777104248645
110 87 0.2219961875725628
110 78 0.23684896194973792
110 50 0.05096511034442068
110 52 0.11918138000099933
110 46 0.17059513808574542
110 91 0.2142048768047365
110 85 0.22361452666590326
110 84 0.07440955486492197
110 90 0.2194472745267826
110 47 0.11172422277130005
110 53 0.08091729218782029
138 76 0.14921617466378673
138 62 0.13273664817527242
138 89 0.12536147912589127
138 88 0.2997591264406981
138 63 0.10835038845022066
138 77 0.13705845623559548
138 49 0.07491468624441133
138 61 0.08323829667287064
138 75 0.07773467621142574
138 74 0.08951075822682442
138 60 0.07321289023826685
138 48 0.09599945992306062
138 64 0.09765626730709226
138 70 0.3001532737209297
138 58 0.15917924221557533
138 59 0.07771238197962169
138 71 0.08670308601908078
138 65 0.07936096671326093
138 73 0.07160704102651079
138 67 0.2929988618844501
138 66 0.2729182885161696
138 72 0.16852614253866316
138 57 0.22411124918797098
138 94 0.30830399705896067
138 80 0.09659642862663462
138 81 0.18989151269430957
138 95 0.13314985202748916
138 56 0.14244673281152626
138 68 0.44209816130584323
138 54 0.1139211947926141
138 83 0.0799824604791033
138 82 0.1653257544342346
138 55 0.0634852625874019
138 69 0.23309681016757136
138 51 0.08487759205338868
138 79 0.08963578727112877
138 86 0.08758507425435458
138 92 0.30955852619549795
138 93 0.2832727020429776
138 87 0.3658496348430813
138 78 0.27976288734302424
138 50 0.07945758981747825
138 52 0.11955405404652651
138 46 0.13829267991155317
138 91 0.3524690373647929
138 85 0.20307610589698072
138 84 0.10398932756043619
138 90 0.23417481814212926
138 47 0.14230606204311846
138 53 0.14546097197664573
140 76 0.17046459875947892
140 62 0.091862248074789
140 89 0.08195931885478216
140 88 0.11354180081313224
140 63 0.10598781295966458
140 77 0.08113341140843369
140 49 0.13309812393699721
140 61 0.07490638730609184
140 75 0.07738221916597479
140 74 0.03940541329257784
140 60 0.03466543974979214
140 48 0.08937011130640703
140 64 0.06924929853645628
140 70 0.19101515825652388
140 58 0.25914861323024174
140 59 0.11881764236242437
140 71 0.07136642978066535
140 65 0.047898138539883076
140 73 0.09869191372726863
140 67 0.14144430852147888
140 66 0.21902124066514198
140 72 0.03580790957704438
140 57 0.1757461401333161
140 94 0.1697689863414543
140 80 0.07071820580592214
140 81 0.1491355082446215
140 95 0.09955444764681617
140 56 0.10348976815085173
140 68 0.20616972235060144
140 54 0.08422717810972455
140 83 0.07652270562813687
140 82 0.14166143582607874
140 55 0.09891230379265331
140 69 0.20534591662588514
140 51 0.06445572840022125
140 79 0.0686940198445362
140 86 0.036652280339187604
140 92 0.17143088697952347
140 93 0.14710293835434488
140 87 0.1458671887330802
140 78 0.23776074938480482
140 50 0.13352120328796116
140 52 0.06263255893992559
140 46 0.04756822101605222
140 91 0.1570982932650004
140 85 0.14030172545998365
140 84 0.10200319204648732
140 90 0.14707061902607987
140 47 0.08329467185080412
140 53 0.08935720736229183
135 76 0.14835572365952346
135 62 0.262034446976669
135 89 0.09026183540890818
135 88 0.22633080667706346
135 63 0.14389937676375478
135 77 0.24468177233734245
135 49 0.2997716002793984
135 61 0.08177112433456907
135 75 0.3421407428739669
135 74 0.21548807698208317
135 60 0.06034437242830022
135 48 0.321662993393437
135 64 0.1179747674407573
135 70 0.17065119303384552
135 58 0.21054113813435987
135 59 0.04969024474116983
135 71 0.20721285384440877
135 65 0.059744972843971386
135 73 0.2654336428988209
135 67 0.2292451550488876
135 66 0.1456006179850031
135 72 0.07711671166579878
135 57 0.26807114146832445
135 94 0.3031738604826653
135 80 0.22123907002416887
135 81 0.21074103477272793
135 95 0.1459377502079569
135 56 0.2881487478270991
135 68 0.3211301167503996
135 54 0.13454576828041712
135 83 0.5374051090526634
135 82 0.1301712306367361
135 55 0.12758499640304635
135 69 0.17654561630033133
135 51 0.14768760449106397
135 79 0.16789974236372743
135 86 0.12013135949617858
135 92 0.24665477434920163
135 93 0.2232734305389863
135 87 0.23850204089142973
135 78 0.23314967993334987
135 50 0.14417553349021012
135 52 0.413356313639056
135 46 0.3028114595504541
135 91 0.24278091450068345
135 85 0.21994033252907932
135 84 0.18365157949338665
135 90 0.21357875408976462
135 47 0.17674568309204958
135 53 0.2816919259472005
121 76 0.14141764877581955
121 62 0.18976626012760192
121 89 0.1633915301348573
121 88 0.2955785804740085
121 63 0.2570267199306188
121 77 0.2358860040329727
121 49 0.1417327872229432
121 61 0.09207781116713948
121 75 0.07025476836552282
121 74 0.11525782308787738
121 60 0.11026409742744718
121 48 0.13326655425153525
121 64 0.14498778818641392
121 70 0.13233209787831227
121 58 0.06487696410230909
121 59 0.07424912618643274
121 71 0.32772302785047774
121 65 0.13810976213355278
121 73 0.06039890757914873
121 67 0.34289828858415383
121 66 0.22424059120187073
121 72 0.10172296741633527
121 57 0.37391570971745136
121 94 0.4850520863097132
121 80 0.35626938553992804
121 81 0.18021278086338066
121 95 0.11347130947865564
121 56 0.22263168835100253
121 68 0.343709554845963
121 54 0.1518364541733207
121 83 0.3317506408324131
121 82 0.12363812320076005
121 55 0.3404780692517946
121 69 0.34417373555101016
121 51 0.14486494207228556
121 79 0.126193829762999
121 86 0.1651031060421555
121 92 0.40830294192174543
121 93 0.4111941241047503
121 87 0.2269046429516302
121 78 0.4381159457771876
121 50 0.15201038238614586
121 52 0.0723695011441796
121 46 0.18180955496559356
121 91 0.4123211757530407
121 85 0.386765511642178
121 84 0.10703623522490216
121 90 0.41217001714926993
121 47 0.24501543512618945
121 53 0.2655740294516959
109 76 0.10453030287117562
109 62 0.1554815598292548
109 89 0.06474344570252834
109 88 0.23485051021561495
109 63 0.1184942633631941
109 77 0.16802557852827132
109 49 0.12676590049146041
109 61 0.10356594703814948
109 75 0.07084456622220757
109 74 0.15543298742338113
109 60 0.05570552278820451
109 48 0.1004925198754314
109 64 0.13088953816220583
109 70 0.2421630647105837
109 58 0.44391362364407194
109 59 0.04127653795108065
109 71 0.23231435675186607
109 65 0.09502707677891664
109 73 0.03510015795726615
109 67 0.1794669085646231
109 66 0.14119365304618048
109 72 0.16135684339844938
109 57 0.2697637349411063
109 94 0.24473681404231284
109 80 0.2377578630257281
109 81 0.29233618079674245
109 95 0.11821969018106901
109 56 0.111177994771603
109 68 0.3440615485038119
109 54 0.147864432985913
109 83 0.07525112369154853
109 82 0.06752053580045106
109 55 0.16332669879125056
109 69 0.26714686465039167
109 51 0.11457857057538795
109 79 0.08352740106983614
109 86 0.12491689611685514
109 92 0.22942612314663224
109 93 0.21079000603084322
109 87 0.20104579734722933
109 78 0.3128880022361481
109 50 0.15482226517404493
109 52 0.19844263354484992
109 46 0.1838732471558709
109 91 0.22890303998928974
109 85 0.22572799269112157
109 84 0.6002550428282228
109 90 0.23121446262304268
109 47 0.10779360262066824
109 53 0.08627358229672896
108 76 0.1322607794273047
108 62 0.1690764401236416
108 89 0.11667151041407721
108 88 0.27245448436834657
108 63 0.19603626432167043
108 77 0.2179722101563707
108 49 0.07719046765414614
108 61 0.08006682110935362
108 75 0.0942832229280649
108 74 0.11828380009147946
108 60 0.07197487419746194
108 48 0.1007088704543394
108 64 0.21098914885864145
108 70 0.31227902976131383
108 58 0.7274304593072035
108 59 0.10470720972680486
108 71 0.14365631134918608
108 65 0.07411400281555858
108 73 0.08796456344883191
108 67 0.24028749827558105
108 66 0.1942571533875876
108 72 0.09503344243585794
108 57 0.3176554556008515
108 94 0.2794638931960496
108 80 0.14753996101172492
108 81 0.26317367150160714
108 95 0.10975430977920812
108 56 0.19802763842446436
108 68 0.4201601256755958
108 54 0.23496583769373156
108 83 0.13666005975247922
108 82 0.12428541268606906
108 55 0.19222553280186847
108 69 0.3667710725980753
108 51 0.07918699122965697
108 79 0.1668128367147068
108 86 0.06967497299323737
108 92 0.28209503060459645
108 93 0.26365625147757576
108 87 0.2753654949567561
108 78 0.31482192411225857
108 50 0.09499601582715586
108 52 0.1780687478552938
108 46 0.20706446341642465
108 91 0.2573758348993933
108 85 0.26486800236211727
108 84 0.206637696006262
108 90 0.2602977937552685
108 47 0.20564305233146096
108 53 0.07419418950138991
120 76 0.06199962564931069
120 62 0.12938923997358462
120 89 0.10454309701001445
120 88 0.1806301118212927
120 63 0.06253216917442159
120 77 0.29608491168208595
120 49 0.049013741804701055
120 61 0.039205759046685065
120 75 0.12304872083944138
120 74 0.06706481544143844
120 60 0.06688880359631659
120 48 0.07040928827240492
120 64 0.08604432941476889
120 70 0.10906188703632233
120 58 0.09623050146420872
120 59 0.10376724156705414
120 71 0.0944981177861708
120 65 0.03952510582730037
120 73 0.07552133030123451
120 67 0.16970830507688947
120 66 0.17458385960438633
120 72 0.08238198280974093
120 57 0.07958611195185093
120 94 0.21774432485848805
120 80 0.09418243162396497
120 81 0.11469793766489006
120 95 0.055433147018092585
120 56 0.1222799926213974
120 68 0.15373026537669518
120 54 0.08680331816943589
120 83 0.08655644782711527
120 82 0.07965476480432498
120 55 0.28701358980953784
120 69 0.11720396260952773
120 51 0.13206182557449178
120 79 0.08178951941514143
120 86 0.07573083217039372
120 92 0.2055609835744108
120 93 0.19363709043844254
120 87 0.15608037147785894
120 78 0.15967749800791184
120 50 0.11331660784411046
120 52 0.038127284135660994
120 46 0.08507597829023375
120 91 0.17982316274230087
120 85 0.17122285635084175
120 84 0.11087515610007678
120 90 0.16799504822005587
120 47 0.09941450777436125
120 53 0.4378108640582665
134 76 0.18539502785183382
134 62 0.10749248118139576
134 89 0.05562780503877242
134 88 0.17064669736818763
134 63 0.10334367638296998
134 77 0.18678958317898814
134 49 0.2803478880076069
134 61 0.0693095933077095
134 75 0.38119857270970237
134 74 0.14989949505808214
134 60 0.09924364251090313
134 48 0.28368306113881786
134 64 0.10119481249002141
134 70 0.12518580691148473
134 58 0.14933038591652772
134 59 0.055030086155429356
134 71 0.371832330104709
134 65 0.05076754026572684
134 73 0.3000593169693521
134 67 0.22067506463194292
134 66 0.1070974852702133
134 72 0.10482936392070194
134 57 0.2777281957490517
134 94 0.25220430716233405
134 80 0.39729346444228686
134 81 0.09635130545701862
134 95 0.15037620876995403
134 56 0.1111044687669154
134 68 0.23813754848678612
134 54 0.1101771948510842
134 83 0.3173838290819187
134 82 0.09213501837659346
134 55 0.21200662059180175
134 69 0.1258450013010773
134 51 0.15350128718831985
134 79 0.1228887846551577
134 86 0.1449964806247728
134 92 0.18724066430748926
134 93 0.16815043288997691
134 87 0.18058417913463262
134 78 0.12579362444235392
134 50 0.12866051432694564
134 52 0.552521780688437
134 46 0.20986530138014287
134 91 0.19998181917454735
134 85 0.13786481010779064
134 84 0.11178278692249774
134 90 0.1717963541651728
134 47 0.2660228527978281
134 53 0.47128850676113343
122 76 0.10109310259313234
122 62 0.07095753549496571
122 89 0.19279980067575994
122 88 0.1061248653772537
122 63 0.24204476651529555
122 77 0.11637719493744261
122 49 0.25021776576799193
122 61 0.0654828466487639
122 75 0.05779023130227762
122 74 0.18308128255917888
122 60 0.0806377919494347
122 48 0.11532125846321171
122 64 0.06759602442502669
122 70 0.15481222074832027
122 58 0.09914883561952441
122 59 0.08181216812611597
122 71 0.5217101337919867
122 65 0.047278923668803166
122 73 0.03954409405350988
122 67 0.40395810804130705
122 66 0.18485905010592854
122 72 0.057108195908425946
122 57 0.424700402123242
122 94 0.22680313895060839
122 80 0.5541210033082308
122 81 0.1724345995333793
122 95 0.0659241748483823
122 56 0.10662493096974739
122 68 0.3775826154212074
122 54 0.06721318209349499
122 83 0.3142536071241221
122 82 0.07080823919929732
122 55 0.18876760801634665
122 69 0.22158524778518418
122 51 0.19058700467776693
122 79 0.108499315532029
122 86 0.2885875067139383
122 92 0.2642912637779612
122 93 0.24164139843043758
122 87 0.15678737537937595
122 78 0.26014300324436235
122 50 0.27944102774469143
122 52 0.1082504950918339
122 46 0.11053204852062659
122 91 0.22912721772189262
122 85 0.5487995940664973
122 84 0.13212364083186098
122 90 0.44420901520474976
122 47 0.07558758286772807
122 53 0.0817141128997362
136 76 0.039710387752106335
136 62 0.10517358091904433
136 89 0.11780824307338952
136 88 0.11004654789493223
136 63 0.12544818488012832
136 77 0.29138366463686255
136 49 0.22790299033398867
136 61 0.08702839619870481
136 75 0.04687575810836084
136 74 0.03790355442298339
136 60 0.08488575605813363
136 48 0.20637820671291796
136 64 0.04194791338493323
136 70 0.10200126587983643
136 58 0.1553335366284135
136 59 0.12616588006137483
136 71 0.03507830246571296
136 65 0.08903732830030534
136 73 0.09607680435880359
136 67 0.11284489629769232
136 66 0.0647729648104353
136 72 0.11621392506102415
136 57 0.16763885722612687
136 94 0.14355874314287878
136 80 0.0391937337346914
136 81 0.42990590402242046
136 95 0.07165982352991986
136 56 0.2883271576425632
136 68 0.2150770952300013
136 54 0.07935122594175797
136 83 0.09429128317614646
136 82 0.089234382406384
136 55 0.11334732850113534
136 69 0.06720844018018417
136 51 0.10062132102648046
136 79 0.6158147370171773
136 86 0.0833246853480587
136 92 0.13643513287299364
136 93 0.12248300726933029
136 87 0.10207250807355882
136 78 0.1373761957997006
136 50 0.1114211166021642
136 52 0.1345278545485637
136 46 0.17435337098272935
136 91 0.16609662106976683
136 85 0.111006233770647
136 84 0.05225261158102609
136 90 0.13024761108076222
136 47 0.2214083927295523
136 53 0.04837940085841888
137 76 0.1709784889976249
137 62 0.08853985837001534
137 89 0.1039577830800651
137 88 0.20588008864309104
137 63 0.09882066674801387
137 77 0.10740007447694812
137 49 0.08964023696517175
137 61 0.12381494652074958
137 75 0.08462400750502777
137 74 0.08279588881770635
137 60 0.09416516408006781
137 48 0.06449021450954207
137 64 0.08731424855303987
137 70 0.19581607347029223
137 58 0.24377058174288233
137 59 0.193312814733246
137 71 0.06283334716471331
137 65 0.07026050721456223
137 73 0.09926295091836329
137 67 0.1912138597185512
137 66 0.2719399806578311
137 72 0.08294047856197961
137 57 0.21672136841195663
137 94 0.20523580649852435
137 80 0.06532692243914306
137 81 0.18378909186085662
137 95 0.1265178924337186
137 56 0.19191666799201965
137 68 0.32062694482570997
137 54 0.10410517550754504
137 83 0.08266716934970189
137 82 0.1073672110293389
137 55 0.0935533479203675
137 69 0.2399628308947808
137 51 0.10601721810782502
137 79 0.16364695563331547
137 86 0.07351980439079346
137 92 0.25611227640082024
137 93 0.21105403651275864
137 87 0.19997951597407068
137 78 0.2650896901016217
137 50 0.11226444293952141
137 52 0.1992092512297389
137 46 0.12722414943663748
137 91 0.2158203875338643
137 85 0.21047494524756205
137 84 0.08002626255451156
137 90 0.20404148477386697
137 47 0.10765672389736279
137 53 0.0867280992347706
123 76 0.10301152713253628
123 62 0.11340514326857781
123 89 0.05454498329637193
123 88 0.2258966107266666
123 63 0.08886526308809882
123 77 0.1971134255781966
123 49 0.18583450214298103
123 61 0.13008329230538862
123 75 0.09360355264608444
123 74 0.0778425960885206
123 60 0.11772439533810015
123 48 0.11700855143688926
123 64 0.0806806403191674
123 70 0.14584671408708622
123 58 0.20185504462073756
123 59 0.058368212165719455
123 71 0.4582208756052806
123 65 0.10384349146585647
123 73 0.07803688631106101
123 67 0.28088695784556406
123 66 0.15858559386352078
123 72 0.12228342331469853
123 57 0.42430584843806873
123 94 0.5551130195044408
123 80 0.4905558258142948
123 81 0.08243400760160628
123 95 0.1443984968734083
123 56 0.17859136740064702
123 68 0.33924953793129653
123 54 0.08301772560199526
123 83 0.24106075537747795
123 82 0.14124605417357022
123 55 0.07514814908070058
123 69 0.17978568373067438
123 51 0.13487066191749686
123 79 0.116319751422989
123 86 0.21837798888657672
123 92 0.28895377060321853
123 93 0.26970260024729353
123 87 0.1720801034959505
123 78 0.2595514049661247
123 50 0.20665364411304366
123 52 0.09526702189722452
123 46 0.11712172089237882
123 91 0.315004194766444
123 85 0.22408715272104082
123 84 0.1669300518628918
123 90 0.27511751195192274
123 47 0.1493573294791112
123 53 0.17860113280587528
127 76 0.17151943017607169
127 62 0.08725997378181574
127 89 0.11437328426335175
127 88 0.21087628427461905
127 63 0.14350186483630156
127 77 0.13354491856835662
127 49 0.2409973538516401
127 61 0.06234650743230133
127 75 0.05610741459347289
127 74 0.11817103191940273
127 60 0.07984146863897865
127 48 0.13370801611566493
127 64 0.0923592153749404
127 70 0.16498465779712373
127 58 0.2194090795380963
127 59 0.1086136409030744
127 71 0.3447970295422689
127 65 0.047055137410457984
127 73 0.039136606833442236
127 67 0.2948803051717087
127 66 0.17036899958107987
127 72 0.11980037736568921
127 57 0.3077626637562618
127 94 0.26696681176080683
127 80 0.360272658802585
127 81 0.21889718091316895
127 95 0.1848154710903201
127 56 0.28106741137653435
127 68 0.48064099683598815
127 54 0.10966542640025648
127 83 0.07281262713457348
127 82 0.11093945450841126
127 55 0.11332635941610483
127 69 0.2009560715416422
127 51 0.2466936235723748
127 79 0.23311165403510783
127 86 0.22795103482589474
127 92 0.27301674983538515
127 93 0.24693705322973852
127 87 0.3403774625134032
127 78 0.19212725589453905
127 50 0.34248471531504476
127 52 0.21711805123732938
127 46 0.17515912472732728
127 91 0.31230067894592317
127 85 0.288450193479404
127 84 0.12535538613687822
127 90 0.2724254168393029
127 47 0.16798429352520572
127 53 0.12091737805353273
133 76 0.06721032290402879
133 62 0.2894442827478553
133 89 0.05917864718122183
133 88 0.19631409150174944
133 63 0.16887581258833978
133 77 0.29311113367781316
133 49 0.3865959208786352
133 61 0.10634026142435586
133 75 0.10760395580477466
133 74 0.18538658998926139
133 60 0.05187170073917395
133 48 0.26385182384542505
133 64 0.10236671191010903
133 70 0.13373718631478834
133 58 0.22886845182287793
133 59 0.08451203826361108
133 71 0.27636340694937467
133 65 0.06704398046735649
133 73 0.09225884315744629
133 67 0.2110515043556483
133 66 0.12195168035914823
133 72 0.08877704761255789
133 57 0.32866754553718996
133 94 0.23373646217057076
133 80 0.2941618193443522
133 81 0.2036167873384551
133 95 0.142954200050638
133 56 0.13820732006978279
133 68 0.2429717799720047
133 54 0.12537984619718595
133 83 0.11707935610037118
133 82 0.21742323553451065
133 55 0.1186170913599648
133 69 0.140362957072691
133 51 0.0908130137123895
133 79 0.343161513498658
133 86 0.11699652835971373
133 92 0.1972243930823825
133 93 0.17506483977855603
133 87 0.17124519120730558
133 78 0.14001609884255112
133 50 0.1467835998533877
133 52 0.18377217124640716
133 46 0.15138335572144712
133 91 0.16541327973542974
133 85 0.16477054366766397
133 84 0.15203426734516928
133 90 0.15580942957507257
133 47 0.2790561712674239
133 53 0.4478779232815777
132 76 0.10619678336872647
132 62 0.14108214269661645
132 89 0.17144787695379454
132 88 0.3741378920394409
132 63 0.18826832796331608
132 77 0.3111075977324538
132 49 0.13038267916355525
132 61 0.0944998812655542
132 75 0.07308442263600202
132 74 0.14451098521590144
132 60 0.09263653044701173
132 48 0.13333447091257786
132 64 0.17091074962118633
132 70 0.23966339709823853
132 58 0.19937545205244844
132 59 0.056374366694187425
132 71 0.13376666657241917
132 65 0.08654148453435603
132 73 0.05735106038197389
132 67 0.26342326808749034
132 66 0.20996615739782248
132 72 0.11682630477066029
132 57 0.32100514696329596
132 94 0.4858633054061875
132 80 0.1432892319838881
132 81 0.2576906048424335
132 95 0.09320720495172263
132 56 0.3448763411661109
132 68 0.4460009048218768
132 54 0.19624007670727356
132 83 0.2247685199753076
132 82 0.16195624787528048
132 55 0.15641946134705803
132 69 0.2437394920140184
132 51 0.08447860693477031
132 79 0.2171009253491203
132 86 0.14145108396289252
132 92 0.5070725346031132
132 93 0.46385588715474735
132 87 0.34086773993392727
132 78 0.24551358784087374
132 50 0.0894914870713048
132 52 0.5361654381619924
132 46 0.34505508400896867
132 91 0.4167204581010583
132 85 0.43690647075855504
132 84 0.08797019172494688
132 90 0.44146175455335723
132 47 0.23387819573914292
132 53 0.28650472499942947
126 76 0.09257776486660604
126 62 0.09507822537489771
126 89 0.1492682882875351
126 88 0.18812353758597228
126 63 0.10557457232312618
126 77 0.16044784763002204
126 49 0.19035684752765503
126 61 0.13868280623431373
126 75 0.08073224571829334
126 74 0.11260845303135501
126 60 0.1566460149521792
126 48 0.1021351157684331
126 64 0.09278802442351305
126 70 0.14528550920981698
126 58 0.09070417655892651
126 59 0.07558840090570726
126 71 0.39101288363998754
126 65 0.08306071212284337
126 73 0.08270039174818396
126 67 0.37425564584562765
126 66 0.18118036035967738
126 72 0.08926999212373611
126 57 0.34456296434792233
126 94 0.40324676636593215
126 80 0.4182695560084534
126 81 0.13735031383730908
126 95 0.033412118732253235
126 56 0.10255831954257175
126 68 0.35285903038629685
126 54 0.08039952704317563
126 83 0.35397845940901196
126 82 0.09220418816067702
126 55 0.09708527168441
126 69 0.23130224770457153
126 51 0.1462491499185593
126 79 0.11378406625164725
126 86 0.1745078232976296
126 92 0.4286355516447804
126 93 0.38440449426977574
126 87 0.21014843439655723
126 78 0.2999035943609284
126 50 0.22926037723739884
126 52 0.08670153382628738
126 46 0.11554314509216582
126 91 0.4360039340773456
126 85 0.5646520787751862
126 84 0.06079810311329366
126 90 0.5544705862647457
126 47 0.06240910849187002
126 53 0.14329810512689328
118 76 0.17892703888339595
118 62 0.2382483510721748
118 89 0.10785134009490327
118 88 0.09803280817692095
118 63 0.07224925634482411
118 77 0.17218738199394307
118 49 0.34421017850005386
118 61 0.026741010833172457
118 75 0.053531425980345354
118 74 0.0982264953199505
118 60 0.06294146815353353
118 48 0.20794812556227443
118 64 0.049181022776620315
118 70 0.10145446390303214
118 58 0.29888005091353975
118 59 0.2752507058138186
118 71 0.21563520425448526
118 65 0.08533805552416195
118 73 0.060918691690832555
118 67 0.16773758093430463
118 66 0.058340016831012184
118 72 0.03509364531274263
118 57 0.29761544334637346
118 94 0.11844389091632984
118 80 0.23294153077113755
118 81 0.41122838743785317
118 95 0.08997653867076928
118 56 0.3218355207728646
118 68 0.17116972772959543
118 54 0.05969002550786745
118 83 0.14856602560310742
118 82 0.09071922485719475
118 55 0.11877444685788219
118 69 0.11244791842349933
118 51 0.17998259296474817
118 79 0.24168252060306586
118 86 0.10927080292060204
118 92 0.09828458025072948
118 93 0.08395147852082738
118 87 0.18799117163421014
118 78 0.08005280581295658
118 50 0.2897924250615973
118 52 0.18588854350371614
118 46 0.18821998821390565
118 91 0.1712961252814189
118 85 0.1199173680932161
118 84 0.1657258112706144
118 90 0.11155875348843364
118 47 0.38489581892936764
118 53 0.33442506790814275
130 76 0.05088608141809582
130 62 0.10203366138818637
130 89 0.10010858197199628
130 88 0.25365303891370955
130 63 0.1315006650247134
130 77 0.1259132310518022
130 49 0.09484586582202473
130 61 0.08032959496314868
130 75 0.08074246937901047
130 74 0.0730158250537758
130 60 0.05658453466596601
130 48 0.06829615885890314
130 64 0.11785650615628028
130 70 0.16470476936321762
130 58 0.1632739301820737
130 59 0.07002774282844444
130 71 0.0958488588862966
130 65 0.062303894052732275
130 73 0.0795067699416831
130 67 0.1736056627268556
130 66 0.17051564690508547
130 72 0.08844084051628417
130 57 0.10501307791935027
130 94 0.2576863335932942
130 80 0.09403428253490248
130 81 0.18607098330741964
130 95 0.11038779390288225
130 56 0.18846117341958807
130 68 0.22097419400030507
130 54 0.13776696578268205
130 83 0.21734405880189533
130 82 0.08699089616844685
130 55 0.09210851214380282
130 69 0.16203569935655376
130 51 0.04453264984865296
130 79 0.1291018927420681
130 86 0.03621400245254751
130 92 0.266162327076916
130 93 0.24064977219235006
130 87 0.25145349364614095
130 78 0.1524290709235471
130 50 0.0763190265553594
130 52 0.21364697800543403
130 46 0.26125926417342804
130 91 0.22952414905907903
130 85 0.238052535356061
130 84 0.11257396261017957
130 90 0.2303650988491811
130 47 0.1419783450006534
130 53 0.09528802616539066
124 76 0.10532630737812823
124 62 0.1417464277772586
124 89 0.06267928126854083
124 88 0.32962597757156703
124 63 0.06307156641879753
124 77 0.10067200870986223
124 49 0.15767371546789027
124 61 0.0805056428386435
124 75 0.06799918610447943
124 74 0.08769757560649014
124 60 0.07898389890911084
124 48 0.08915253855115603
124 64 0.08273082054996622
124 70 0.1419248138730647
124 58 0.11657187365463784
124 59 0.06192717344736397
124 71 0.2909759025508628
124 65 0.06606808839574504
124 73 0.08529986550976135
124 67 0.27265100156669475
124 66 0.14414925444069338
124 72 0.1314145496597722
124 57 0.2694341055869185
124 94 0.22478023204749453
124 80 0.31247230154466843
124 81 0.09969979449648467
124 95 0.2472259470853585
124 56 0.14051124153945366
124 68 0.3018982609248077
124 54 0.08210886418844654
124 83 0.3218353549988974
124 82 0.08159465449791345
124 55 0.06485175859549212
124 69 0.23842112605864219
124 51 0.13716667414957576
124 79 0.07989748804021357
124 86 0.12210972303741237
124 92 0.301650667598535
124 93 0.24816103926223287
124 87 0.22728156464552499
124 78 0.2620994237916639
124 50 0.14488502920767082
124 52 0.1368609881149599
124 46 0.09299465348041325
124 91 0.7825296299413795
124 85 0.20398746478258156
124 84 0.07073360231974044
124 90 0.22388272536472348
124 47 0.15380241053209825
124 53 0.0982025087298857
125 76 0.08275568365144968
125 62 0.13775090513896854
125 89 0.1482281320132695
125 88 0.23162637994343632
125 63 0.10398567603832148
125 77 0.07163749387084088
125 49 0.17715834595447882
125 61 0.0642400580217118
125 75 0.08227044576879095
125 74 0.08286171613196139
125 60 0.07686881270870444
125 48 0.1019509645266577
125 64 0.06016723491344736
125 70 0.1673058015061905
125 58 0.08512638026931169
125 59 0.06569198111833514
125 71 0.31037924943950396
125 65 0.09037145728135687
125 73 0.09666199617407985
125 67 0.3816379086667295
125 66 0.17911764383877157
125 72 0.03503772335095684
125 57 0.3313552878950482
125 94 0.23381770996583978
125 80 0.33937899710393066
125 81 0.14070563372477854
125 95 0.08471073125311096
125 56 0.45310031445078724
125 68 0.4763331175459371
125 54 0.06304102389961505
125 83 0.35732180013883214
125 82 0.07273651274619045
125 55 0.11310154762957947
125 69 0.23801677588408643
125 51 0.12192976456026924
125 79 0.09896657476159912
125 86 0.17164525770374325
125 92 0.24586599180287366
125 93 0.2047513277249415
125 87 0.206711384761303
125 78 0.286772033082061
125 50 0.18363609877145248
125 52 0.04825743892745386
125 46 0.08689992621454384
125 91 0.3249185255627401
125 85 0.2983970805512122
125 84 0.09388277056656055
125 90 0.28922870517708693
125 47 0.07947384205321353
125 53 0.086424939875762
131 76 0.09591781904322402
131 62 0.14883999277435656
131 89 0.18138675113664043
131 88 0.46208668112686524
131 63 0.18800103009111385
131 77 0.048860252759475184
131 49 0.04732214658067445
131 61 0.04477082030424388
131 75 0.04974810128696948
131 74 0.161914070964404
131 60 0.1114964948491352
131 48 0.0924064330122035
131 64 0.1706609368641453
131 70 0.2606156044844858
131 58 0.5789624482875223
131 59 0.19229867097747116
131 71 0.05602176427774776
131 65 0.08305549802290269
131 73 0.03925702432241743
131 67 0.2942719918347545
131 66 0.20146682172081382
131 72 0.04810400658075793
131 57 0.46523985400799595
131 94 0.38741956675803657
131 80 0.06159025815467109
131 81 0.2573533746051249
131 95 0.08769191528686082
131 56 0.1548142003477386
131 68 0.39305022746915896
131 54 0.19596474851297932
131 83 0.05927401167350897
131 82 0.10053453424690983
131 55 0.15472838352677815
131 69 0.2643081919821174
131 51 0.07187682345498543
131 79 0.12704970679819494
131 86 0.13950347371456567
131 92 0.40852168354917007
131 93 0.36945230150909536
131 87 0.41261967226450835
131 78 0.2235791765652895
131 50 0.03619200374910174
131 52 0.05756370390412603
131 46 0.23080488350976097
131 91 0.4201500392576957
131 85 0.3646150691236294
131 84 0.08009106048700115
131 90 0.3622474044456798
131 47 0.20131690755465484
131 53 0.039055142337860754
119 76 0.1859639438366168
119 62 0.19017623143454584
119 89 0.13530855050604634
119 88 0.22294000743895004
119 63 0.07066500113367695
119 77 0.45572994393721256
119 49 0.18332379255593922
119 61 0.22451855083857397
119 75 0.20210233075153394
119 74 0.1597849740198211
119 60 0.1010297934895561
119 48 0.1712802496820001
119 64 0.07430922259468503
119 70 0.26300939304132454
119 58 0.4463791101312866
119 59 0.13168426516309134
119 71 0.13121778200030715
119 65 0.0762815740043905
119 73 0.18721090007879293
119 67 0.2226541493823813
119 66 0.21238071424963123
119 72 0.16269149576041703
119 57 0.23000207270368625
119 94 0.29757195536911174
119 80 0.13004855782970254
119 81 0.17808835646563634
119 95 0.23684006507002228
119 56 0.3105368959136456
119 68 0.3708102119028687
119 54 0.06362186220761037
119 83 0.3088951483272426
119 82 0.12052820601572947
119 55 0.17089463122415363
119 69 0.23907428317724133
119 51 0.11654646745436753
119 79 0.3906126263104843
119 86 0.18511714213435976
119 92 0.29776238930626187
119 93 0.267125323090336
119 87 0.307363005223778
119 78 0.2540061237063117
119 50 0.10521158330559763
119 52 0.3525048679466606
119 46 0.3266944313499862
119 91 0.3061634150327573
119 85 0.3440025657910672
119 84 0.2142124852044639
119 90 0.32613599134362026
119 47 0.10915879568418037
119 53 0.19413838558874194
