114 76 0.11365844123290292
114 62 0.22880363620214905
114 89 0.12877818774072966
114 88 0.3171573567611054
114 63 0.12098690458658257
114 77 0.07957419209106506
114 49 0.08748775827886253
114 61 0.05968056580523129
114 75 0.06148427944627019
114 74 0.1788649777199682
114 60 0.05953267088161182
114 48 0.09672497619378428
114 64 0.11670937637214324
114 70 0.336814223578901
114 58 0.5989305831177855
114 59 0.06476908999231261
114 71 0.11183538354147714
114 65 0.05289042434539015
114 73 0.058034959701457
114 67 0.29674575721177354
114 66 0.23556339671783263
114 72 0.06634566539757689
114 57 0.3542090059393966
114 94 0.3837316462215795
114 80 0.11719205634291903
114 81 0.27000460525987247
114 95 0.1078316875022832
114 56 0.20501981295780916
114 68 0.486520572547941
114 54 0.12954695180879627
114 83 0.08628022781376402
114 82 0.09116182172941142
114 55 0.2242881720714088
114 69 0.3519244550869935
114 51 0.06822021581631033
114 79 0.11661353550708609
114 86 0.06980489088827024
114 92 0.3876615689613959
114 93 0.3464433636438193
114 87 0.3196898777722175
114 78 0.28854445736843776
114 50 0.08930409821870158
114 52 0.05898927781620805
114 46 0.18934782282164403
114 91 0.35321813602539975
114 85 0.3380730477994622
114 84 0.08129776412052782
114 90 0.3433826424756347
114 47 0.15016533456379133
114 53 0.07481147081741102
100 76 0.061589405635777
100 62 0.14004471085820253
100 89 0.07279498951201689
100 88 0.1698634680264573
100 63 0.20611279235088292
100 77 0.08184435910988326
100 49 0.20392328921495417
100 61 0.05501174281925303
100 75 0.05177664558390094
100 74 0.0693596461506246
100 60 0.054737683381622604
100 48 0.11515404239553068
100 64 0.14916774166834867
100 70 0.16099201688844564
100 58 0.2676530209341233
100 59 0.0483141541788267
100 71 0.4259528915413775
100 65 0.04609412183107889
100 73 0.04748117563999546
100 67 0.29070478164638713
100 66 0.14358067186461357
100 72 0.05537664018800326
100 57 0.3932349458469395
100 94 0.20692548859058696
100 80 0.46346088536000263
100 81 0.15133222624277037
100 95 0.08914799627965274
100 56 0.181868887316951
100 68 0.41667119329399116
100 54 0.09126837067302605
100 83 0.09617164112427601
100 82 0.07415907157021143
100 55 0.21886431847321652
100 69 0.19629576376102392
100 51 0.1275362251829091
100 79 0.07734081366673655
100 86 0.18493208184616733
100 92 0.19224038447373876
100 93 0.18813151028876868
100 87 0.18320632266938258
100 78 0.1790945112137848
100 50 0.2092188505276506
100 52 0.06145023267249067
100 46 0.19695324552776675
100 91 0.20139607602498744
100 85 0.18398577666425908
100 84 0.07401761155813405
100 90 0.18748183918225453
100 47 0.1109436455715659
100 53 0.08216769479265286
128 76 0.05398370034595229
128 62 0.08697784013109788
128 89 0.12133580339114623
128 88 0.3442746701043877
128 63 0.07231885387836925
128 77 0.09211650887591763
128 49 0.058612640759202195
128 61 0.02935145428026445
128 75 0.028000605177051857
128 74 0.05896411083001665
128 60 0.029161162232885063
128 48 0.058035240787976256
128 64 0.06306778917288325
128 70 0.2519082762921644
128 58 0.17834346538532644
128 59 0.03323498976746889
128 71 0.08493367114725454
128 65 0.019539227379042706
128 73 0.02591947180021517
128 67 0.3112985081114442
128 66 0.2500513893811296
128 72 0.05891619316638144
128 57 0.2506269651822405
128 94 0.4671418532453748
128 80 0.09103735603441099
128 81 0.2279251750443628
128 95 0.09782719323195178
128 56 0.21834464536137088
128 68 0.6011393285528933
128 54 0.10905326279312466
128 83 0.05151091018576326
128 82 0.05495669379699042
128 55 0.12575148343889148
128 69 0.30001912362579514
128 51 0.03765502604722737
128 79 0.12155453166529889
128 86 0.04356041130272434
128 92 0.47105382115417893
128 93 0.4046637025237395
128 87 0.34208131522002594
128 78 0.29600371371173284
128 50 0.05945640599826374
128 52 0.031213713735001924
128 46 0.16624656039656557
128 91 0.4080722262976748
128 85 0.4051146217075583
128 84 0.04319532351206834
128 90 0.4104132983431108
128 47 0.10801942697981297
128 53 0.04828121793779286
129 76 0.09269298670675481
129 62 0.24506573453871316
129 89 0.19513796363450261
129 88 0.4799341437102793
129 63 0.1652094939081431
129 77 0.10680652484899954
129 49 0.12362498379473821
129 61 0.08285992681427524
129 75 0.07985471645245472
129 74 0.11502429030178538
129 60 0.08243299083744061
129 48 0.13224017921805784
129 64 0.15116716231982924
129 70 0.4285458029575141
129 58 0.6646743681528696
129 59 0.08796543107431827
129 71 0.15344281932405687
129 65 0.07884934015874853
129 73 0.07944931451440114
129 67 0.4447051478104924
129 66 0.35546646511664715
129 72 0.08761839318958373
129 57 0.5372349383868557
129 94 0.618026206111568
129 80 0.16089245686538073
129 81 0.3744778041352491
129 95 0.14597915751806115
129 56 0.3026575672631684
129 68 0.6972154594934196
129 54 0.20739716795773627
129 83 0.1148639188493337
129 82 0.23394425166579094
129 55 0.2275533989389014
129 69 0.4782961206505836
129 51 0.08978886867161374
129 79 0.18080682578059362
129 86 0.10147433554424312
129 92 0.6195179781572994
129 93 0.5409243987243869
129 87 0.4741670383344705
129 78 0.41381854903984017
129 50 0.12152748821976392
129 52 0.0805571204142708
129 46 0.2771696210585799
129 91 0.5408313662740362
129 85 0.5356193462181793
129 84 0.10401368574956653
129 90 0.5427747984941671
129 47 0.20829627274521872
129 53 0.10108754710837402
101 76 0.03564713757505253
101 62 0.0726416007858957
101 89 0.04189861127780403
101 88 0.14397465837969142
101 63 0.05240499644362312
101 77 0.04479044889351033
101 49 0.10923926196947671
101 61 0.026783528670290907
101 75 0.022841232339653544
101 74 0.03581930577217465
101 60 0.02583806951076484
101 48 0.058963545770976095
101 64 0.04981411021454235
101 70 0.11005986681363475
101 58 0.17908371757509936
101 59 0.025492051419865158
101 71 0.1947773600931058
101 65 0.020439359200828427
101 73 0.020561689107078424
101 67 0.16779980332450845
101 66 0.1009515554705309
101 72 0.026596644473257658
101 57 0.223027047038037
101 94 0.19162581134031562
101 80 0.2121927550756782
101 81 0.10283056312970602
101 95 0.04876732342271417
101 56 0.12185177518930493
101 68 0.25872165022834315
101 54 0.05558005923799553
101 83 0.04837024492317735
101 82 0.04157727284811791
101 55 0.11443004027685308
101 69 0.1292289164269596
101 51 0.05894469157796467
101 79 0.04480463124931122
101 86 0.08355058148148273
101 92 0.1853869927788898
101 93 0.1756733322616935
101 87 0.12713685672500424
101 78 0.11826627775524015
101 50 0.12608338316015985
101 52 0.03206129676154748
101 46 0.08227197940112901
101 91 0.1796097632294673
101 85 0.1618978635995402
101 84 0.05892606682400128
101 90 0.16519001090339547
101 47 0.07176832617323055
101 53 0.0463769595165823
115 76 0.05457902784142807
115 62 0.07387531704988275
115 89 0.04151108015017682
115 88 0.11311194025155967
115 63 0.03525003460244855
115 77 0.08550451256518346
115 49 0.05516843236512295
115 61 0.024241753038506453
115 75 0.02073537089385402
115 74 0.08176790215255658
115 60 0.02148284606669068
115 48 0.045288834610248796
115 64 0.09708527464244542
115 70 0.11190402493651273
115 58 0.12000272721328319
115 59 0.018799658318233492
115 71 0.06750777708639351
115 65 0.01111995988315756
115 73 0.020091397671516104
115 67 0.1216569706723045
115 66 0.19733836717848402
115 72 0.0746395962082796
115 57 0.12971811603562972
115 94 0.20788100765760661
115 80 0.07344321949425003
115 81 0.11029102257357724
115 95 0.03839146077802616
115 56 0.22761461701165855
115 68 0.20762434571422073
115 54 0.048778093597418776
115 83 0.16499985236909678
115 82 0.048451994195575
115 55 0.15991694286602984
115 69 0.09763354590385204
115 51 0.033773901108285154
115 79 0.06924535744796395
115 86 0.03661983972153418
115 92 0.2011730140329316
115 93 0.1890497232667667
115 87 0.12250928949536431
115 78 0.09799415526850626
115 50 0.046748239282966536
115 52 0.5990550348930156
115 46 0.44741886776537976
115 91 0.19179940711600152
115 85 0.17991092400842978
115 84 0.061078861994051686
115 90 0.1827853067241118
115 47 0.2204343304926863
115 53 0.19461426566890028
103 76 0.1388958852776872
103 62 0.27373886788676693
103 89 0.1485875147730702
103 88 0.2673846758317783
103 63 0.1571675908219891
103 77 0.14536432185575376
103 49 0.14923121978517181
103 61 0.11908457909099238
103 75 0.11380545306994701
103 74 0.13547931765433613
103 60 0.1165435525414823
103 48 0.14714191911220176
103 64 0.16195102119920018
103 70 0.3665079309246193
103 58 0.960954795169128
103 59 0.11744792041568612
103 71 0.18307315738960758
103 65 0.11505842187488528
103 73 0.11146533576389019
103 67 0.2981365226701208
103 66 0.3965527198603259
103 72 0.12041959641320142
103 57 0.5151284087319141
103 94 0.3058279851248063
103 80 0.1916229009654461
103 81 0.320330864703623
103 95 0.13862405205052825
103 56 0.25056363688585503
103 68 0.5620478250163908
103 54 0.1725855494039938
103 83 0.13807463305548207
103 82 0.14704358005119286
103 55 0.22756244197438963
103 69 0.3933833188541057
103 51 0.13264998613850795
103 79 0.15138948109598407
103 86 0.13847867089465093
103 92 0.2984736419464429
103 93 0.28739465092010336
103 87 0.2829942889332061
103 78 0.2925743424624575
103 50 0.15677642278428833
103 52 0.1302838884790453
103 46 0.21053102517335182
103 91 0.30449705068728616
103 85 0.27289763336369943
103 84 0.1277704346634993
103 90 0.28286976276692943
103 47 0.18908976033239894
103 53 0.14515344997586416
117 76 0.16139447986757338
117 62 0.28175752916345226
117 89 0.08890674123696847
117 88 0.22339320319824416
117 63 0.08352041174359645
117 77 0.34600673511313723
117 49 0.19599904583256306
117 61 0.11243200954438583
117 75 0.529773402500226
117 74 0.28917413350155663
117 60 0.05985528400234949
117 48 0.3670732112254786
117 64 0.1647511193457622
117 70 0.31213728706837496
117 58 0.7119028037029781
117 59 0.06271033064833959
117 71 0.13585993897166304
117 65 0.04871440187670331
117 73 0.3215223868626098
117 67 0.22971161952627142
117 66 0.16211798824478096
117 72 0.13611272693452284
117 57 0.34153080910612615
117 94 0.2911178079791905
117 80 0.14123327443739808
117 81 0.28811101280050766
117 95 0.1289197342068486
117 56 0.32127236074617527
117 68 0.41390175948022745
117 54 0.1030170634628987
117 83 0.5462329647360145
117 82 0.10166023432395614
117 55 0.21867754870021883
117 69 0.3207838812204192
117 51 0.13723124151868482
117 79 0.3683654276291587
117 86 0.07377858925846381
117 92 0.28974954055506996
117 93 0.2705261799726111
117 87 0.3122760469905598
117 78 0.3133654297342613
117 50 0.08795496248744485
117 52 0.13161565215769866
117 46 0.3507137157774953
117 91 0.3031557068105704
117 85 0.28857145614644375
117 84 0.15076391497311814
117 90 0.2911156269530176
117 47 0.12641978809232632
117 53 0.11719975461025854
116 76 0.19653332570214202
116 62 0.28023668836822196
116 89 0.19870305646448716
116 88 0.4233384783839479
116 63 0.1624518513144495
116 77 0.15959356643976974
116 49 0.15123453235481396
116 61 0.1657540766313899
116 75 0.11753327853285073
116 74 0.14134939055382917
116 60 0.11246531496370471
116 48 0.15451151591382614
116 64 0.16643093520841415
116 70 0.5025648465408874
116 58 0.8268972592759574
116 59 0.1546264596986533
116 71 0.1658706631721092
116 65 0.10413733269713726
116 73 0.11496756490438091
116 67 0.4116638914203441
116 66 0.38232880085516563
116 72 0.12529117160980419
116 57 0.5579839561937919
116 94 0.5166652811555773
116 80 0.17229960375381437
116 81 0.36592892044532
116 95 0.17254243135107816
116 56 0.3996657785326876
116 68 0.6822523070332522
116 54 0.17894351236165168
116 83 0.2971079163473792
116 82 0.2969088439532259
116 55 0.31525085138454545
116 69 0.4820703804831755
116 51 0.12244301617719269
116 79 0.19737543909499053
116 86 0.1276693570303571
116 92 0.5240291353512359
116 93 0.46925404924207914
116 87 0.4275548561760625
116 78 0.40448823196234296
116 50 0.14909005530677538
116 52 0.14619744764647802
116 46 0.3909888475813728
116 91 0.4794372707241168
116 85 0.46409509776816826
116 84 0.17402539464212838
116 90 0.471246988557421
116 47 0.2099388784367372
116 53 0.14235620808977423
102 76 0.07616723416101552
102 62 0.1782198585648226
102 89 0.08781331377905466
102 88 0.16436678292399956
102 63 0.1031192898233435
102 77 0.08728488919068929
102 49 0.09862218091673532
102 61 0.06917944608308059
102 75 0.06939125694546137
102 74 0.08713464068638314
102 60 0.0681265881244021
102 48 0.09441448140877075
102 64 0.10345861446673196
102 70 0.2342620225355595
102 58 0.6490539076344749
102 59 0.06934227399151874
102 71 0.1347923802433706
102 65 0.06682228508873551
102 73 0.0670719680771684
102 67 0.18971675882675057
102 66 0.13952662548564915
102 72 0.07357588581793442
102 57 0.3443762494612225
102 94 0.18798632554518288
102 80 0.1416120219930428
102 81 0.20341885412497135
102 95 0.08776129694813452
102 56 0.15481167865953943
102 68 0.349544815698981
102 54 0.11080036195073173
102 83 0.08648162582656516
102 82 0.09073579895331672
102 55 0.1399602926375015
102 69 0.25208521628010677
102 51 0.08244622679041783
102 79 0.0914636809544604
102 86 0.08911512505426805
102 92 0.17868650522581084
102 93 0.1722221812374246
102 87 0.1743089181633763
102 78 0.17976874098056173
102 50 0.10079079840884968
102 52 0.07473032041679452
102 46 0.1355264436667848
102 91 0.18049474189230844
102 85 0.1688857039577681
102 84 0.08224564487935636
102 90 0.16902313920448053
102 47 0.11998657742494277
102 53 0.08587334797651701
106 76 0.06585313737929872
106 62 0.13456460015092164
106 89 0.05385162018568093
106 88 0.13628391544767626
106 63 0.06628296658141251
106 77 0.04773567608426696
106 49 0.05612413113717335
106 61 0.03432126423109594
106 75 0.032873832852137685
106 74 0.047301146823973295
106 60 0.032597569974649965
106 48 0.05593971419891561
106 64 0.06482423218774334
106 70 0.1954756118330293
106 58 0.5680630530141818
106 59 0.03448946408819789
106 71 0.08027524327522043
106 65 0.028594227678473833
106 73 0.03056824160822391
106 67 0.14975340066264586
106 66 0.11007020269419159
106 72 0.08213327493558066
106 57 0.2846322563214223
106 94 0.15541983901823053
106 80 0.08529250969474635
106 81 0.16696258831270422
106 95 0.05171061045826422
106 56 0.12926420471737043
106 68 0.30133582469168974
106 54 0.07247062239154892
106 83 0.04904790008420759
106 82 0.08250337717778443
106 55 0.16598086453141683
106 69 0.21545270126271013
106 51 0.042397979656638024
106 79 0.054284747857825916
106 86 0.04693452343625032
106 92 0.15029812949981536
106 93 0.1426716875662742
106 87 0.14571829185535418
106 78 0.14805749913065824
106 50 0.060016921722580885
106 52 0.033519112200857154
106 46 0.09753817066760735
106 91 0.15212461891662082
106 85 0.13381437065971175
106 84 0.04821541078608088
106 90 0.13801258387723767
106 47 0.08267108189184368
106 53 0.047541365135632924
112 76 0.11811078047838068
112 62 0.23902489515355863
112 89 0.1308831344398121
112 88 0.2551692231286193
112 63 0.14581229671662557
112 77 0.12206362385241908
112 49 0.1328670782468359
112 61 0.1025795279505679
112 75 0.1028802464966589
112 74 0.12425158103118127
112 60 0.0977862388111614
112 48 0.13442329863796132
112 64 0.14798099447433197
112 70 0.33231110113266926
112 58 0.8184865172917822
112 59 0.10711180468030625
112 71 0.16471432281154844
112 65 0.09226786746805642
112 73 0.09868525676676734
112 67 0.26376689862765956
112 66 0.21122818066725746
112 72 0.11142343452705063
112 57 0.4346129673017405
112 94 0.27448815602025006
112 80 0.17062834155104045
112 81 0.29161476924688906
112 95 0.13502108384451608
112 56 0.2525607655314567
112 68 0.4763032098388902
112 54 0.15944768670017853
112 83 0.12874393019502714
112 82 0.12884533033989232
112 55 0.3395249316993374
112 69 0.3617363951288312
112 51 0.11048646343620028
112 79 0.13868360541954544
112 86 0.11387183023285674
112 92 0.2735997844904964
112 93 0.26028783956760676
112 87 0.2687614388108895
112 78 0.2724945346478371
112 50 0.13508480514586715
112 52 0.10953416150155111
112 46 0.20478867554477992
112 91 0.2707832865525168
112 85 0.2503985540630386
112 84 0.13065787526626887
112 90 0.2521846212469542
112 47 0.1706560426485638
112 53 0.11701969969737265
113 76 0.12530152968349478
113 62 0.23907947051166176
113 89 0.20007981865320065
113 88 0.46877565708331415
113 63 0.15957768008348233
113 77 0.17122799674546207
113 49 0.1352054775559869
113 61 0.09690580003311762
113 75 0.09625250138282632
113 74 0.13510442431939196
113 60 0.09498974835220604
113 48 0.1398384330217132
113 64 0.15537181793689223
113 70 0.42002260623823695
113 58 0.6488884198500725
113 59 0.10175545760875321
113 71 0.16230612005797412
113 65 0.08564685362279337
113 73 0.09344435970052903
113 67 0.43888833219076673
113 66 0.35848227907264496
113 72 0.12870048338430407
113 57 0.4752464634729502
113 94 0.5948579878506749
113 80 0.16974178479267274
113 81 0.3681233495546582
113 95 0.1754716332935376
113 56 0.41486242823195585
113 68 0.7430819483764042
113 54 0.16884165647966048
113 83 0.24211492826675396
113 82 0.13192201221961555
113 55 0.2801979670672443
113 69 0.486690515312034
113 51 0.10507715318725583
113 79 0.19692811120650763
113 86 0.1112318884775103
113 92 0.600063637590731
113 93 0.5290768674030544
113 87 0.4619963721783156
113 78 0.42892218507475494
113 50 0.13308090734075595
113 52 0.11375790165400948
113 46 0.36005388236467106
113 91 0.5350241150178965
113 85 0.526459821295491
113 84 0.14554858799648449
113 90 0.5327431212579413
113 47 0.20794402514612276
113 53 0.12246752698475058
107 76 0.042655456422644566
107 62 0.06522405947338374
107 89 0.047220948245390165
107 88 0.11824577455638949
107 63 0.03592896474127574
107 77 0.04213153882098708
107 49 0.05260440059696547
107 61 0.02891680890458856
107 75 0.025117137867123662
107 74 0.02533716260563676
107 60 0.03119668214621496
107 48 0.04210518390554266
107 64 0.04184661546912288
107 70 0.08227287628417862
107 58 0.11368178390425161
107 59 0.02208180917875535
107 71 0.07775183645458449
107 65 0.03246486979287236
107 73 0.02654395777958099
107 67 0.17000711442243255
107 66 0.20789270341801303
107 72 0.021854533424581185
107 57 0.1943194757662252
107 94 0.12307835861393714
107 80 0.08514229789692866
107 81 0.07577899282471753
107 95 0.039652780726441905
107 56 0.5216254198666824
107 68 0.5071566513457743
107 54 0.04543453751317708
107 83 0.04663944446269919
107 82 0.028233540537843105
107 55 0.07968592458272053
107 69 0.09621459852996082
107 51 0.039155844749304974
107 79 0.04907548826155961
107 86 0.050046359184706485
107 92 0.11946027355302583
107 93 0.12926767528066335
107 87 0.11138039426164996
107 78 0.08989225594267804
107 50 0.057390697856085804
107 52 0.03957738659276844
107 46 0.06901018145413629
107 91 0.1325235652265592
107 85 0.10401946897411055
107 84 0.02776369776272436
107 90 0.10950902040887578
107 47 0.05737114895854842
107 53 0.04851072816445948
139 76 0.08349672195849335
139 62 0.07142801636802901
139 89 0.07257388835169958
139 88 0.20063489481703034
139 63 0.0543672535605044
139 77 0.05576809154378384
139 49 0.053850854399666526
139 61 0.05693064231844677
139 75 0.02452824897411121
139 74 0.04683936897848065
139 60 0.026533188552638753
139 48 0.04857643343891707
139 64 0.05119842889158471
139 70 0.20311842060953134
139 58 0.15909777854477752
139 59 0.0810943575219588
139 71 0.07537159649414911
139 65 0.019567338928143274
139 73 0.02360848736292659
139 67 0.19410599179531843
139 66 0.2550913489579432
139 72 0.0314062375005206
139 57 0.21411672785124813
139 94 0.3109608135907118
139 80 0.08133484508199929
139 81 0.1430622654809661
139 95 0.0588149268393649
139 56 0.14105302011388332
139 68 0.32405175615043624
139 54 0.0851626611485761
139 83 0.05638668957515558
139 82 0.09039646126861041
139 55 0.09149971497839665
139 69 0.17475955617800729
139 51 0.03695936117502535
139 79 0.07815350300619175
139 86 0.04295075403623694
139 92 0.3093420753588454
139 93 0.27427753066176147
139 87 0.20869596280292196
139 78 0.1718296113493735
139 50 0.0545252964029955
139 52 0.04588649351558516
139 46 0.11886517492953501
139 91 0.27827532318195963
139 85 0.262179864694389
139 84 0.03370552265011262
139 90 0.2680157622987275
139 47 0.08646847377712007
139 53 0.052651308886651704
111 76 0.1582510834965621
111 62 0.29312852852124455
111 89 0.20355081524406407
111 88 0.4304820910017616
111 63 0.1890078313246542
111 77 0.147786984376743
111 49 0.16347820247879383
111 61 0.13318121347321119
111 75 0.1272874125252988
111 74 0.15828178535580092
111 60 0.12562218110628937
111 48 0.169644314389966
111 64 0.18778157278709562
111 70 0.4939181032994102
111 58 0.8168853593513481
111 59 0.14573606821845014
111 71 0.18874188898020577
111 65 0.11883942035668453
111 73 0.12373752916429262
111 67 0.42962609398211626
111 66 0.3767619040173562
111 72 0.13962889228867265
111 57 0.5262582576099777
111 94 0.497486765229188
111 80 0.19431480097639195
111 81 0.38942492950379193
111 95 0.18661719642424054
111 56 0.35419163960136113
111 68 0.753416668454269
111 54 0.20298708606261384
111 83 0.16215804028699204
111 82 0.16480090472749304
111 55 0.3757646525340399
111 69 0.5912024439738442
111 51 0.13419281794364715
111 79 0.2232745741938964
111 86 0.1383570690633854
111 92 0.5095026204034914
111 93 0.46086449434285215
111 87 0.44776845986255265
111 78 0.5406134009414751
111 50 0.16697664287595654
111 52 0.137758906540528
111 46 0.28378782381077866
111 91 0.4686581892160877
111 85 0.4505449039287678
111 84 0.16325551668441896
111 90 0.45514182844772977
111 47 0.2283168020613553
111 53 0.14314222669812668
105 76 0.09673508832144503
105 62 0.14175760919485883
105 89 0.09333746928751094
105 88 0.18590784018933096
105 63 0.10542320097223995
105 77 0.1002028777194912
105 49 0.20488908861955463
105 61 0.07753067105218422
105 75 0.07270141290104004
105 74 0.09878292393148368
105 60 0.07856581193150422
105 48 0.12724490763977775
105 64 0.0966419144151898
105 70 0.16605855634368805
105 58 0.22858156723368742
105 59 0.07478102641812644
105 71 0.3954836038841832
105 65 0.06938552598296296
105 73 0.07005558260352669
105 67 0.3047823225284816
105 66 0.22130617235590402
105 72 0.07386728393757916
105 57 0.41245748917962044
105 94 0.22401036376632155
105 80 0.4280397469209387
105 81 0.15337104906753005
105 95 0.10763553764859701
105 56 0.3472612131378801
105 68 0.5258906757841681
105 54 0.10188383857231414
105 83 0.21210274055419956
105 82 0.09189952730405983
105 55 0.1286353501461188
105 69 0.22073909724368862
105 51 0.13806847913633238
105 79 0.09714546161665806
105 86 0.18967322114653765
105 92 0.20535241649208028
105 93 0.20548632487592605
105 87 0.1920134165903144
105 78 0.22228194632520723
105 50 0.21017596769070887
105 52 0.07579548491236653
105 46 0.1321046411704756
105 91 0.2139009296244252
105 85 0.20224480558810226
105 84 0.08929482222073258
105 90 0.20037361145466343
105 47 0.12459768502073662
105 53 0.1032219363423557
104 76 0.09286266984666422
104 62 0.24364080375815267
104 89 0.10852116527340144
104 88 0.210311469098534
104 63 0.12306857371529106
104 77 0.09690558817885309
104 49 0.1047014538143419
104 61 0.08108669748055364
104 75 0.0805816343752897
104 74 0.10060102647329132
104 60 0.07875604886936041
104 48 0.10976903946208352
104 64 0.12790237343512867
104 70 0.3292649107323844
104 58 1.0
104 59 0.07839174003936458
104 71 0.12850809885796052
104 65 0.07946389279164436
104 73 0.077910192947928
104 67 0.23258485344000845
104 66 0.1766860476960236
104 72 0.0860576014934333
104 57 0.46987329370521846
104 94 0.23201822842730196
104 80 0.1341769998819296
104 81 0.28433943460643385
104 95 0.09992340003585973
104 56 0.20206211007992922
104 68 0.46388653251849854
104 54 0.13911793503652248
104 83 0.09970157516224479
104 82 0.11019679864168067
104 55 0.23984744316986473
104 69 0.35728337110269703
104 51 0.09127839787753496
104 79 0.10779130055156977
104 86 0.09529630397686994
104 92 0.22764296150979524
104 93 0.21762807560009817
104 87 0.22477527293550903
104 78 0.23970629206340094
104 50 0.11023596762890232
104 52 0.08306967799730502
104 46 0.16882752384835487
104 91 0.23076747295363473
104 85 0.20413197603434038
104 84 0.09787532799089185
104 90 0.2123080294305802
104 47 0.14492478429174493
104 53 0.09602806271633295
110 76 0.0679224666997556
110 62 0.18083250361247097
110 89 0.18749970383626516
110 88 0.33544459621908096
110 63 0.08873211624198539
110 77 0.22293826193600802
110 49 0.09756321265620628
110 61 0.04465960649848813
110 75 0.04612163370848879
110 74 0.09204556290478913
110 60 0.0965954568728314
110 48 0.10432411863195638
110 64 0.08314305019843893
110 70 0.2694920160352554
110 58 0.4718448345197115
110 59 0.04648739685665304
110 71 0.21594269945062503
110 65 0.03824561150262901
110 73 0.04271739720403803
110 67 0.25498221195083426
110 66 0.18757594514308068
110 72 0.13459992621504305
110 57 0.3381812425833256
110 94 0.3476228857171362
110 80 0.2226670741647566
110 81 0.28405206360176766
110 95 0.11451735331375118
110 56 0.2235568441899539
110 68 0.48664460051777525
110 54 0.12078025876026881
110 83 0.06981334613250688
110 82 0.15403022909850209
110 55 0.18629168963992157
110 69 0.433122422703813
110 51 0.05293339877188133
110 79 0.17879839742099313
110 86 0.05589965444075601
110 92 0.35143089963242036
110 93 0.3965271310499925
110 87 0.30003407405411514
110 78 0.3333792152885528
110 50 0.07407692623784035
110 52 0.05411271966596923
110 46 0.2003943121384551
110 91 0.3350830207956408
110 85 0.32345157536419605
110 84 0.06325129631462917
110 90 0.32677355362303695
110 47 0.15473025032643775
110 53 0.07376247632748344
138 76 0.0916264438132017
138 62 0.14493298119897408
138 89 0.10612573294646381
138 88 0.2745239297341034
138 63 0.09017707553553253
138 77 0.10331754164713018
138 49 0.07862120410336666
138 61 0.049562910235896096
138 75 0.04553678135615233
138 74 0.08428913350368153
138 60 0.04853032861123893
138 48 0.07672331464027392
138 64 0.08427401024481668
138 70 0.24879361901263164
138 58 0.17560317337690126
138 59 0.05678252170555603
138 71 0.1077207851798487
138 65 0.038287504531676037
138 73 0.04395450406290166
138 67 0.28748699803473615
138 66 0.30162609767163345
138 72 0.12293448691392808
138 57 0.27960301183840086
138 94 0.3505520229586653
138 80 0.11506114952286524
138 81 0.19738923814344475
138 95 0.10044144547999104
138 56 0.23051801240589645
138 68 0.5089418581647598
138 54 0.09273757576975776
138 83 0.08808574726402146
138 82 0.09129562062588527
138 55 0.11535280602602127
138 69 0.24907487200838324
138 51 0.05922222099999758
138 79 0.1056628802914929
138 86 0.06405257901926603
138 92 0.34680781713107234
138 93 0.3100319011101986
138 87 0.2955239531673513
138 78 0.24927875453929585
138 50 0.08215362230712654
138 52 0.04785316543873791
138 46 0.1706182570718379
138 91 0.3217042104099536
138 85 0.296906513921275
138 84 0.05437686805866729
138 90 0.30558721912744524
138 47 0.15587329550198886
138 53 0.12890064928931294
140 76 0.1073340889731531
140 62 0.10166912337621913
140 89 0.07787211404819214
140 88 0.19699463348536003
140 63 0.08393279508896137
140 77 0.05700914989585723
140 49 0.09550353185853865
140 61 0.06203933944390491
140 75 0.03575514203223093
140 74 0.061629017127121266
140 60 0.03766656447858585
140 48 0.056687754851727
140 64 0.05852679256190646
140 70 0.23224948083244418
140 58 0.22788400662585875
140 59 0.05755152858370355
140 71 0.08946620100606092
140 65 0.03131082013602865
140 73 0.03363305531345709
140 67 0.20939432432418542
140 66 0.2517101199892112
140 72 0.041028686424836064
140 57 0.2827713275858208
140 94 0.2525583877545499
140 80 0.09544273581460405
140 81 0.16029043501628884
140 95 0.06573718965429541
140 56 0.13641504460029202
140 68 0.3762284233041635
140 54 0.0644971840479749
140 83 0.05318750078104653
140 82 0.10076513463921262
140 55 0.1101123437520347
140 69 0.2509509055755708
140 51 0.04783168725316314
140 79 0.07204485557237453
140 86 0.05467294303766232
140 92 0.2510053224617352
140 93 0.22553474524235123
140 87 0.20897318120702857
140 78 0.2561146690100383
140 50 0.10044093198570597
140 52 0.04164588927592103
140 46 0.1053337066533739
140 91 0.23452661911801442
140 85 0.22327155150705646
140 84 0.058862073176686375
140 90 0.22724576296437315
140 47 0.09229696153928721
140 53 0.055397163485408074
135 76 0.10229932929927746
135 62 0.23826194502713025
135 89 0.09701565561809429
135 88 0.26686494792250004
135 63 0.08695698230060307
135 77 0.24599706706000576
135 49 0.31585007368893314
135 61 0.0476521873581906
135 75 0.2983746405906912
135 74 0.1796866131700794
135 60 0.04633376427011243
135 48 0.3327262053773388
135 64 0.08474172136765767
135 70 0.22302067732148836
135 58 0.22120530064174831
135 59 0.046354803035280945
135 71 0.24913346886290613
135 65 0.03519222727155083
135 73 0.20641088270283212
135 67 0.31522460023653626
135 66 0.19668084549623643
135 72 0.07218640021069132
135 57 0.33685835663185204
135 94 0.3654207908618057
135 80 0.2691100749496461
135 81 0.279005685230138
135 95 0.13470692786644933
135 56 0.34135079234205645
135 68 0.5051475047779729
135 54 0.11947396101981077
135 83 0.44003754377478965
135 82 0.07673137863328874
135 55 0.13471075711523137
135 69 0.2576887914904051
135 51 0.14561096207690435
135 79 0.21797370671961258
135 86 0.11060113063179944
135 92 0.355336344958103
135 93 0.3201908837429507
135 87 0.31901054893849884
135 78 0.2933013353178865
135 50 0.13719743867074774
135 52 0.08693934201286145
135 46 0.33954759858000605
135 91 0.34002756505324827
135 85 0.3281275461371609
135 84 0.1409114314539204
135 90 0.3332230018265191
135 47 0.22737002339142245
135 53 0.27163792849409746
121 76 0.1168217289029997
121 62 0.1379122325739596
121 89 0.09879869512405659
121 88 0.35102833515204224
121 63 0.1550043763748158
121 77 0.10261807295827725
121 49 0.15990552684133078
121 61 0.0374419747839318
121 75 0.0319202841578623
121 74 0.09499585444313527
121 60 0.08029601277234658
121 48 0.12537550937359054
121 64 0.11944094109515957
121 70 0.2168532347397604
121 58 0.1552260955571095
121 59 0.02908972981650751
121 71 0.37264744266552774
121 65 0.07531508969633272
121 73 0.02768840409122242
121 67 0.37779072580193573
121 66 0.2242789052469083
121 72 0.061068406198980074
121 57 0.4283788209749242
121 94 0.4519541856472943
121 80 0.40531479805565573
121 81 0.1635492760491331
121 95 0.10833210790808763
121 56 0.21732140788473767
121 68 0.49075697877004365
121 54 0.13721788897681722
121 83 0.28557611707369174
121 82 0.07433190575128387
121 55 0.20763406045020405
121 69 0.3988499714720821
121 51 0.11382543539736598
121 79 0.09856824178328849
121 86 0.13717891783033864
121 92 0.5411960311142093
121 93 0.3984695612407001
121 87 0.2841982642972429
121 78 0.48955619292530095
121 50 0.16485735428501053
121 52 0.03385826590188076
121 46 0.17051129635191906
121 91 0.39695662923190844
121 85 0.3856040610929793
121 84 0.050741401260047114
121 90 0.3932346935982606
121 47 0.21957380201391713
121 53 0.08499636633360262
109 76 0.10035215548398463
109 62 0.17905804579876877
109 89 0.10913100374549031
109 88 0.2906490637005118
109 63 0.09422079668405507
109 77 0.20206815600843986
109 49 0.11363196676165412
109 61 0.06147316558389321
109 75 0.058194532087976675
109 74 0.1231967885357739
109 60 0.056536834570105804
109 48 0.10255781027726876
109 64 0.13716259054694555
109 70 0.33466733639719415
109 58 0.5447799112279161
109 59 0.059617504212106875
109 71 0.12217745401922485
109 65 0.049057435125193005
109 73 0.05329686920609408
109 67 0.291270171615605
109 66 0.22871910359564895
109 72 0.10090292443237259
109 57 0.3615752250226584
109 94 0.3606710947728964
109 80 0.12757828027157997
109 81 0.31506969784926386
109 95 0.12095389391708745
109 56 0.20819456503718572
109 68 0.522198705178624
109 54 0.10827301008429663
109 83 0.08285618098488981
109 82 0.08769104540644043
109 55 0.19823299536348526
109 69 0.3850672904327236
109 51 0.06988392718916511
109 79 0.19123430538501493
109 86 0.07246764466517715
109 92 0.36596880627725537
109 93 0.33186052461840987
109 87 0.30372926244470255
109 78 0.36816253603451865
109 50 0.09349985731170841
109 52 0.07400873976180661
109 46 0.22541992127487684
109 91 0.3523059308414685
109 85 0.334448019385434
109 84 0.4558381547948277
109 90 0.33770707131028754
109 47 0.12903848994449976
109 53 0.08804183620100267
108 76 0.18480830481814395
108 62 0.3309672289994636
108 89 0.2299133761936314
108 88 0.475630156424213
108 63 0.21974885235401537
108 77 0.21492573253550354
108 49 0.18716771293576712
108 61 0.1483994562502074
108 75 0.14384482819586952
108 74 0.18680675949748338
108 60 0.1434286564781006
108 48 0.1956693175555228
108 64 0.21710324987800367
108 70 0.4975951127315251
108 58 0.9110644717174189
108 59 0.1587760201887134
108 71 0.21363584234100255
108 65 0.138404666563386
108 73 0.1416832104750358
108 67 0.45562027624097035
108 66 0.38621336293394704
108 72 0.18495185399302794
108 57 0.6051113940690929
108 94 0.5608230961009292
108 80 0.22108251439467022
108 81 0.4699807284175098
108 95 0.21934775279283142
108 56 0.4401815974388903
108 68 0.8308487270659533
108 54 0.27467337614863274
108 83 0.18205025174803416
108 82 0.1942650924035397
108 55 0.3710874720665216
108 69 0.5540720798481876
108 51 0.15567102985234574
108 79 0.28038926835245864
108 86 0.16250620076601235
108 92 0.5650837461356939
108 93 0.5118807310616217
108 87 0.49060132434671566
108 78 0.47141275313787545
108 50 0.18894580678687878
108 52 0.15868594960008606
108 46 0.33723287647742495
108 91 0.5236859268434491
108 85 0.49638534953162716
108 84 0.17166466228114607
108 90 0.5060681713859303
108 47 0.2673621026954003
108 53 0.16859466879912394
120 76 0.015863311448926443
120 62 0.15240843650267072
120 89 0.06116038860501091
120 88 0.19699253190737354
120 63 0.0461641362297229
120 77 0.23464765374805124
120 49 0.03963532751515611
120 61 0.011358191962494185
120 75 0.04101028846225513
120 74 0.030976836042223704
120 60 0.014608512485603714
120 48 0.03309660951222598
120 64 0.036386898900101244
120 70 0.1339366858270885
120 58 0.11199182010402906
120 59 0.009211449345277678
120 71 0.07973527473136652
120 65 0.008548581211651918
120 73 0.007492158289767903
120 67 0.18963749125441584
120 66 0.14340302960332119
120 72 0.010318778256138028
120 57 0.1535752645484431
120 94 0.273775465906968
120 80 0.08679980532556958
120 81 0.11241910103946565
120 95 0.042958203513347865
120 56 0.13049238676712438
120 68 0.27369367956008667
120 54 0.0422877201354431
120 83 0.04303804637408162
120 82 0.02860264431002546
120 55 0.23939271769431408
120 69 0.1625697254734584
120 51 0.05442470813102099
120 79 0.04745959985223083
120 86 0.029460878415585562
120 92 0.26796408374833247
120 93 0.23839247457543195
120 87 0.23097464153758535
120 78 0.20365202643415978
120 50 0.09464112197210141
120 52 0.008430558735376653
120 46 0.08599419415784043
120 91 0.2438876621610237
120 85 0.23812311770126976
120 84 0.08536139899982732
120 90 0.24180699110061657
120 47 0.10468024011967139
120 53 0.3243660789110162
134 76 0.0834173474198536
134 62 0.16972837300883636
134 89 0.05672423167441662
134 88 0.1450113866414359
134 63 0.06936774141961068
134 77 0.0863927280937733
134 49 0.2951000167752781
134 61 0.04432253435630368
134 75 0.2984259595494548
134 74 0.12259975285289343
134 60 0.043679702303301704
134 48 0.26576619527678985
134 64 0.0684053329695879
134 70 0.1508789469959947
134 58 0.2046712049301252
134 59 0.03375478780532151
134 71 0.4013064878655743
134 65 0.03361546066641477
134 73 0.2020419101972065
134 67 0.27630431013969114
134 66 0.12699558311799813
134 72 0.046747211458686294
134 57 0.3496257021033614
134 94 0.19995893067350923
134 80 0.4360075913448629
134 81 0.1323468766850837
134 95 0.06692255222088236
134 56 0.1474190048883572
134 68 0.39417929599634394
134 54 0.10199288082563789
134 83 0.279702863349548
134 82 0.06672603688371972
134 55 0.22070541855036513
134 69 0.18757658758031193
134 51 0.1439430546394828
134 79 0.08046064587391019
134 86 0.16052340179583804
134 92 0.17603370793309095
134 93 0.17187200227139804
134 87 0.2083695308094331
134 78 0.17868696282472105
134 50 0.1830246808432182
134 52 0.43964352638317006
134 46 0.2023906343566607
134 91 0.18389982371944444
134 85 0.17035579059163566
134 84 0.10338661991756394
134 90 0.1749995610405945
134 47 0.19733553646720525
134 53 0.35511717623527445
122 76 0.07606336381017276
122 62 0.1298789006153838
122 89 0.11724352488013728
122 88 0.27458149614455635
122 63 0.1026830421475995
122 77 0.07924998551995567
122 49 0.2574258889072466
122 61 0.05080045634297578
122 75 0.047420024541898476
122 74 0.09997581467612876
122 60 0.0551683974822573
122 48 0.12881083201614238
122 64 0.0767796700519688
122 70 0.2069426636984601
122 58 0.17676466577208022
122 59 0.04768303393431669
122 71 0.5619184161910108
122 65 0.040989704678937366
122 73 0.042795397623569376
122 67 0.4616131493582458
122 66 0.22067876066878217
122 72 0.04378108291748101
122 57 0.4977011751321273
122 94 0.38041638651433185
122 80 0.6134708808293
122 81 0.18010683885655282
122 95 0.1049291006259615
122 56 0.1891547909733348
122 68 0.5781579647301237
122 54 0.08403424933555939
122 83 0.29117830767357844
122 82 0.07168462835050123
122 55 0.13154952048715274
122 69 0.3089647481265755
122 51 0.15330186177889749
122 79 0.09599733676551896
122 86 0.24221689189556694
122 92 0.36656513382398237
122 93 0.3282430099417261
122 87 0.2752937871185199
122 78 0.32994563450110304
122 50 0.2647815506389535
122 52 0.046358012004621
122 46 0.1449118106955024
122 91 0.3313947385317553
122 85 0.7417666734099776
122 84 0.07076684028240687
122 90 0.3517387660088862
122 47 0.11481818867718642
122 53 0.07999047589354771
136 76 0.03243500869438973
136 62 0.10601951882781681
136 89 0.025945814852834648
136 88 0.13280454239863407
136 63 0.03553008173871522
136 77 0.2522273729799269
136 49 0.13968093064978795
136 61 0.04629008176058541
136 75 0.00813921908353546
136 74 0.09661356665171782
136 60 0.007197961492293903
136 48 0.1414967938920155
136 64 0.03180705953274651
136 70 0.13776601465582639
136 58 0.150975943047632
136 59 0.009338347837224398
136 71 0.049977676496537476
136 65 0.0
136 73 0.007136921687032671
136 67 0.12314687331863888
136 66 0.08112055272287777
136 72 0.03997507826335206
136 57 0.1976415714493428
136 94 0.1853068983161184
136 80 0.05497926010211432
136 81 0.2931127572653443
136 95 0.07142163805450213
136 56 0.20511277966982192
136 68 0.30240587026973004
136 54 0.07706055810001311
136 83 0.029284424510549523
136 82 0.0282399853292154
136 55 0.06506534029702904
136 69 0.10926890893901778
136 51 0.016330619211328196
136 79 0.33704872757069704
136 86 0.022089492236894964
136 92 0.17948074498965744
136 93 0.16640498160023864
136 87 0.14988674824744366
136 78 0.1566729589427495
136 50 0.031797300892949354
136 52 0.025481490599460782
136 46 0.1698724437074514
136 91 0.19175425640911917
136 85 0.17341864948022517
136 84 0.03983885745921459
136 90 0.17731936486886668
136 47 0.18772607975644312
136 53 0.04080357389633868
137 76 0.09772882747618127
137 62 0.13482183898592
137 89 0.10622186334561146
137 88 0.2638282784965933
137 63 0.0915278787080013
137 77 0.07463608368775505
137 49 0.08062170828688076
137 61 0.057705287427494784
137 75 0.04660984293971371
137 74 0.0689409529505032
137 60 0.053742392846817866
137 48 0.07797848338390362
137 64 0.0835465880142939
137 70 0.21590364304343726
137 58 0.20822537986518463
137 59 0.07196221780407962
137 71 0.09803209273074337
137 65 0.045675451136588746
137 73 0.046676656469812366
137 67 0.24922413318873
137 66 0.2931109784219842
137 72 0.05466240240080317
137 57 0.2752935343415872
137 94 0.33307585633163783
137 80 0.10358854215867071
137 81 0.1910675630722023
137 95 0.09078555343159528
137 56 0.20775366948381604
137 68 0.4321971441327319
137 54 0.09100714219372388
137 83 0.07230313055761377
137 82 0.07786325128148426
137 55 0.12560895988648202
137 69 0.2400860492360295
137 51 0.05836476963716261
137 79 0.14632203072938185
137 86 0.06513609060000065
137 92 0.3369759373812514
137 93 0.298566002213823
137 87 0.2619555984443461
137 78 0.23699173761006143
137 50 0.08227684721650805
137 52 0.06690212798055778
137 46 0.1486525935082003
137 91 0.30443689996847245
137 85 0.2966083036103869
137 84 0.05869178388758503
137 90 0.3000290800444675
137 47 0.12282675718030107
137 53 0.07063965623976153
123 76 0.07181112605125396
123 62 0.12360250864592828
123 89 0.09318543377949402
123 88 0.24982451220429097
123 63 0.08567661029386744
123 77 0.09199291929227128
123 49 0.21467036034433556
123 61 0.0576000667760527
123 75 0.052007913530962985
123 74 0.08498909082290827
123 60 0.05866270371620377
123 48 0.11903752549561274
123 64 0.08007668946444285
123 70 0.19084710738623245
123 58 0.19171989304836173
123 59 0.04353531019819601
123 71 0.46234451389068953
123 65 0.047198126803670915
123 73 0.04702521146043667
123 67 0.38633856088408647
123 66 0.19918407577867558
123 72 0.05602772837215314
123 57 0.4708473157091888
123 94 0.698174208217867
123 80 0.5032798414140174
123 81 0.16101628012529032
123 95 0.09838423456249497
123 56 0.2043506955202831
123 68 0.500170162758087
123 54 0.08673727198626804
123 83 0.22984758399088423
123 82 0.08305757600842152
123 55 0.11735789459274278
123 69 0.2692289518372579
123 51 0.133571391716567
123 79 0.0858893323964731
123 86 0.19386150266700058
123 92 0.32387571267349785
123 93 0.30046050531223706
123 87 0.25841386717095105
123 78 0.320175886156081
123 50 0.22206464394756703
123 52 0.050442822062580994
123 46 0.13468029853614444
123 91 0.31734880782237984
123 85 0.2905095516366082
123 84 0.0744985346852047
123 90 0.30098019536944093
123 47 0.12584387448285442
123 53 0.09189160308946237
127 76 0.1693458893102554
127 62 0.2079724365543849
127 89 0.17772178274831937
127 88 0.42309889693142083
127 63 0.151786340329852
127 77 0.19014400928445307
127 49 0.24734916038018684
127 61 0.10054134387001865
127 75 0.09460506699695369
127 74 0.15661606088545377
127 60 0.09968992867184373
127 48 0.17045018875077952
127 64 0.14199724750504134
127 70 0.3387541027212655
127 58 0.2959787376877822
127 59 0.10381215535152456
127 71 0.45226727682098133
127 65 0.08157432337550377
127 73 0.09003970629293936
127 67 0.4956448888557945
127 66 0.33573003738239626
127 72 0.1398360997790471
127 57 0.5398917856940028
127 94 0.5388950330374063
127 80 0.4880904912911427
127 81 0.3368153037983843
127 95 0.19452150495234694
127 56 0.3641654658839645
127 68 0.8140402495970149
127 54 0.20690796180183363
127 83 0.14656318712383837
127 82 0.13732262419520758
127 55 0.2144670989556858
127 69 0.40449989925792995
127 51 0.29122783374728606
127 79 0.24075584019143306
127 86 0.22262045409003794
127 92 0.5279081957224511
127 93 0.47649312579045844
127 87 0.49400462457067296
127 78 0.3998532531580299
127 50 0.41404837594469673
127 52 0.10474967374059657
127 46 0.30739809754767233
127 91 0.4964381002179922
127 85 0.46382567346107195
127 84 0.11992517804001869
127 90 0.47411072219410144
127 47 0.20499727889798944
127 53 0.1352365327810462
133 76 0.02592201147354037
133 62 0.24901833195957138
133 89 0.041052688919223895
133 88 0.1601918808030803
133 63 0.06431039030813387
133 77 0.24933915596838638
133 49 0.37632569434194485
133 61 0.0639838818669285
133 75 0.02160629210768808
133 74 0.12754863486242504
133 60 0.02398319266094645
133 48 0.2397691742293423
133 64 0.05546882604299305
133 70 0.1617876471294934
133 58 0.18408239258569528
133 59 0.018381124508990848
133 71 0.286346668976308
133 65 0.016892710094190883
133 73 0.05435234037185069
133 67 0.255987952706933
133 66 0.10279882363037018
133 72 0.025291382625010295
133 57 0.3661450774993738
133 94 0.2349630767584548
133 80 0.31355857953577576
133 81 0.21790906172910052
133 95 0.07907199748894624
133 56 0.1997664991997536
133 68 0.37362378741023317
133 54 0.10505543120862254
133 83 0.10749826875894718
133 82 0.16081434669149208
133 55 0.10215536183684586
133 69 0.12689183828475867
133 51 0.07249760843052719
133 79 0.3277918073733208
133 86 0.11740466154045605
133 92 0.2168921629014166
133 93 0.20396692605559436
133 87 0.18010283919580428
133 78 0.17683727703450555
133 50 0.13293218944773078
133 52 0.0392301086758039
133 46 0.12027341615123227
133 91 0.2292926795130074
133 85 0.2156197089189116
133 84 0.12274393272326065
133 90 0.21972926225626302
133 47 0.24316333806226484
133 53 0.3480632801092132
132 76 0.11276751747564903
132 62 0.16363231115341728
132 89 0.1876341819475213
132 88 0.4739327913984549
132 63 0.13079155639837303
132 77 0.16852147432803777
132 49 0.11307351111422126
132 61 0.07013863218806099
132 75 0.06914339855532858
132 74 0.11767187433836629
132 60 0.06832448500320817
132 48 0.11566132209740711
132 64 0.1267539878957256
132 70 0.3541146249658225
132 58 0.25109741272363684
132 59 0.07746202455182843
132 71 0.1296014774294602
132 65 0.05620660110721587
132 73 0.0684596666082135
132 67 0.42504740656605233
132 66 0.35829787632603133
132 72 0.11065820792372244
132 57 0.34314434652592385
132 94 0.6921984006985885
132 80 0.1367895754412696
132 81 0.3232086101634471
132 95 0.160407385082192
132 56 0.3936561015234594
132 68 0.6986213222421811
132 54 0.18265385534315198
132 83 0.2425213400292776
132 82 0.10979419615229111
132 55 0.1931778197428416
132 69 0.40456583339275004
132 51 0.07987091979967935
132 79 0.20224015905877876
132 86 0.08569296173784421
132 92 0.6992958312322989
132 93 0.608557280141667
132 87 0.473400340691714
132 78 0.4036808382258783
132 50 0.10442499799467164
132 52 0.1153078599062417
132 46 0.38820088166674155
132 91 0.6067933812735363
132 85 0.593688966777126
132 84 0.11715347702065061
132 90 0.6022733233178756
132 47 0.19602909435928084
132 53 0.11100193704447085
126 76 0.06950888143678234
126 62 0.11540302538960369
126 89 0.1042441742842122
126 88 0.2859754975425042
126 63 0.07651914240220058
126 77 0.06873854357621435
126 49 0.18176307573857034
126 61 0.04389022873771867
126 75 0.03555749642521541
126 74 0.08373588051710192
126 60 0.04678832545265099
126 48 0.09662174498755004
126 64 0.06827157550939977
126 70 0.20505760407401086
126 58 0.16772462416010203
126 59 0.03632772481995883
126 71 0.39390935759363704
126 65 0.032833443132415346
126 73 0.032245199592191964
126 67 0.4080491461011446
126 66 0.2192510291474442
126 72 0.03955193584347644
126 57 0.40263928247341896
126 94 0.5197159664637148
126 80 0.4295831516758982
126 81 0.16621930759076745
126 95 0.08998851127849224
126 56 0.1856603935028647
126 68 0.5108261104000852
126 54 0.07408654999089617
126 83 0.31798894404515476
126 82 0.06112577837704894
126 55 0.11281113600126509
126 69 0.3175018820806348
126 51 0.10796435183179903
126 79 0.08534125740439959
126 86 0.1618869908689653
126 92 0.5127317674730822
126 93 0.4568258875805037
126 87 0.31220337382045776
126 78 0.34509446889657014
126 50 0.18792555633567826
126 52 0.036023186095138465
126 46 0.1321166886651274
126 91 0.4498407198352594
126 85 0.44739708898173436
126 84 0.04692864666686272
126 90 0.7864421361088318
126 47 0.10407243351691327
126 53 0.06672672511314087
118 76 0.1115398070056997
118 62 0.2650181771046879
118 89 0.06951906165725719
118 88 0.16966918720408528
118 63 0.11302406502618671
118 77 0.0890676479074892
118 49 0.3372252725032835
118 61 0.049713848067126865
118 75 0.049818277992118465
118 74 0.14552553496780324
118 60 0.04908261360776636
118 48 0.19814020129779136
118 64 0.08237787421749049
118 70 0.1973546131172305
118 58 0.48391056669646826
118 59 0.13720369616033218
118 71 0.26640010627472693
118 65 0.03792188253614426
118 73 0.07015734895213403
118 67 0.2521839141035535
118 66 0.13581025779895392
118 72 0.05374943373802843
118 57 0.42023477821055694
118 94 0.20190888074250712
118 80 0.28839404655622847
118 81 0.3277879917073393
118 95 0.08272470189136315
118 56 0.3187841328285085
118 68 0.3888609425212649
118 54 0.09051537004991025
118 83 0.19256846223889054
118 82 0.09131906516189389
118 55 0.1911864373028
118 69 0.22554036153520024
118 51 0.16620526452369358
118 79 0.19901550931776454
118 86 0.12481370228492396
118 92 0.18758008151499084
118 93 0.18287631185208603
118 87 0.23085220408881854
118 78 0.17558587444606527
118 50 0.2849778830590042
118 52 0.06830374364166668
118 46 0.2402614572642786
118 91 0.19869512609767542
118 85 0.1732215432325821
118 84 0.15420685556817332
118 90 0.17887853919340183
118 47 0.33836132139875863
118 53 0.28902095683987145
130 76 0.03193868551896101
130 62 0.09002971821863252
130 89 0.08859486448328865
130 88 0.25670856898834776
130 63 0.06066033650482225
130 77 0.05583070637906434
130 49 0.05070634482564659
130 61 0.023672577941367484
130 75 0.022497062357379305
130 74 0.04212197322556449
130 60 0.02349646046851475
130 48 0.05030823420000202
130 64 0.057376639792443895
130 70 0.19567255720734184
130 58 0.15952817070385528
130 59 0.026078596573204577
130 71 0.06986583971947713
130 65 0.01575246256906143
130 73 0.021142706760575614
130 67 0.23377887330793273
130 66 0.18963465264292886
130 72 0.025493994280070265
130 57 0.18033050348952534
130 94 0.34380480118975654
130 80 0.0753386767070421
130 81 0.175102777901683
130 95 0.06498289991041643
130 56 0.2189858320109137
130 68 0.36040275731598015
130 54 0.11194871287863165
130 83 0.1898031467350056
130 82 0.04371535228734885
130 55 0.10752948188347765
130 69 0.21159372537827068
130 51 0.030104799032178303
130 79 0.09846922019599791
130 86 0.035203205314947944
130 92 0.3441917273838976
130 93 0.2995247783088903
130 87 0.26353793210582077
130 78 0.20668358148571792
130 50 0.04768297859071349
130 52 0.04223444876324517
130 46 0.2708267248251935
130 91 0.30307789553971926
130 85 0.3004306189888332
130 84 0.0676275737767376
130 90 0.3036932626432578
130 47 0.09431890542313613
130 53 0.04524587040145517
124 76 0.06251566792914709
124 62 0.11018573357459123
124 89 0.10058955393998913
124 88 0.2834929860560849
124 63 0.0739305972531756
124 77 0.06804936263125368
124 49 0.1673667234846653
124 61 0.03780550081257286
124 75 0.03719177974144358
124 74 0.08403896145601074
124 60 0.039905892783973634
124 48 0.09581147971087603
124 64 0.06889132769157326
124 70 0.20169442754420358
124 58 0.16374619601991433
124 59 0.033759544747692743
124 71 0.35482523014257217
124 65 0.025342363191294043
124 73 0.03278941930412943
124 67 0.37970776340956214
124 66 0.2084885573218092
124 72 0.038185368293949085
124 57 0.37325094916876533
124 94 0.3799747664947556
124 80 0.3868237015535483
124 81 0.16609985071458766
124 95 0.09905736291632922
124 56 0.17758981690310036
124 68 0.4840702718595642
124 54 0.07664749842675245
124 83 0.2877556871493101
124 82 0.0630012509699995
124 55 0.10740827320339305
124 69 0.29641667034188796
124 51 0.10433892641669588
124 79 0.08451211861867212
124 86 0.15138507135338675
124 92 0.36803419967701456
124 93 0.3285016708013766
124 87 0.2858482420645979
124 78 0.32054605069809095
124 50 0.1729331206874088
124 52 0.03747546545065045
124 46 0.1377472483463267
124 91 0.9510771371852654
124 85 0.32063976948380096
124 84 0.053338790744442005
124 90 0.3283195173082559
124 47 0.11190958849622444
124 53 0.06578699975470303
125 76 0.07935656765463725
125 62 0.1289197795696003
125 89 0.1194877034969819
125 88 0.30894082285960606
125 63 0.08482082442175203
125 77 0.06723666918430583
125 49 0.18357395614560057
125 61 0.04884523204432742
125 75 0.04616855797342029
125 74 0.090445712951606
125 60 0.05228722948481576
125 48 0.10638963645135018
125 64 0.07866466412539334
125 70 0.21454136202895535
125 58 0.1801593316331999
125 59 0.04344367343097799
125 71 0.3796424875963219
125 65 0.04561520436855823
125 73 0.04441049635872052
125 67 0.46759179725409405
125 66 0.22991404854703704
125 72 0.044261460179202405
125 57 0.4099854346130217
125 94 0.4025933975423448
125 80 0.41400484102177587
125 81 0.17931728398535324
125 95 0.10501012752622084
125 56 0.3298842960734012
125 68 0.639071519022375
125 54 0.08620650113393113
125 83 0.32009276835196887
125 82 0.06664467201260517
125 55 0.1298633644331496
125 69 0.324577261015214
125 51 0.11368391999713381
125 79 0.0963996659579595
125 86 0.16916199657644632
125 92 0.3964648359538529
125 93 0.3585220138865074
125 87 0.2984795846079279
125 78 0.3480602739111941
125 50 0.18930907840216465
125 52 0.040814109575271346
125 46 0.1443296029484223
125 91 0.36362820109674177
125 85 0.3479210688829464
125 84 0.05860330240096487
125 90 0.35375850112945617
125 47 0.11539402061336729
125 53 0.070025599242557
131 76 0.07254905558882875
131 62 0.18816979232045772
131 89 0.16992806396993332
131 88 0.5347898767762778
131 63 0.13975882337424345
131 77 0.07877343719937634
131 49 0.09680397753012966
131 61 0.06358300329337063
131 75 0.061660740847061885
131 74 0.09842992141742231
131 60 0.06480854403929139
131 48 0.1064227197839808
131 64 0.12920262859642073
131 70 0.38283949098477055
131 58 0.588736050438492
131 59 0.14617414774039708
131 71 0.12590152938895116
131 65 0.061826470057707444
131 73 0.060243533281766626
131 67 0.3970924851493095
131 66 0.3165253564747824
131 72 0.06755614978135809
131 57 0.4788951279551037
131 94 0.5573946390799865
131 80 0.13243201959780407
131 81 0.33545641348815214
131 95 0.1270684109544084
131 56 0.23173391537985455
131 68 0.6257749188731209
131 54 0.18227281556716268
131 83 0.08907265378309544
131 82 0.10367915421768771
131 55 0.19708737889753425
131 69 0.4284892362609156
131 51 0.07224868031193198
131 79 0.15215637594753742
131 86 0.07968926247673035
131 92 0.5624885567134316
131 93 0.4900403742656122
131 87 0.4556162430042905
131 78 0.3687079291612039
131 50 0.09812123923865748
131 52 0.05693261531809496
131 46 0.2397533963201562
131 91 0.49241704462949853
131 85 0.4821029201554967
131 84 0.07973005146654683
131 90 0.48959473085559024
131 47 0.17848550128290666
131 53 0.07846373389911024
119 76 0.05733727335043201
119 62 0.1728303398952689
119 89 0.06345452037488489
119 88 0.17397807317034364
119 63 0.060699538404994785
119 77 0.24630730810501839
119 49 0.10077201415046867
119 61 0.07565293140165456
119 75 0.04872303905741163
119 74 0.13108508004515432
119 60 0.03986958020656012
119 48 0.0873711115078197
119 64 0.06627955731490737
119 70 0.23216054247454046
119 58 0.5336205846500617
119 59 0.08642602677612515
119 71 0.07904422432132145
119 65 0.02909950376674353
119 73 0.04584955391641923
119 67 0.17729459857914384
119 66 0.12492149711794824
119 72 0.050403262447627606
119 57 0.26707750802544955
119 94 0.2248493258927796
119 80 0.08387890629436885
119 81 0.18866352745193826
119 95 0.09620025563950974
119 56 0.16087538648548505
119 68 0.32576002132001136
119 54 0.07228039912077025
119 83 0.07695780575351051
119 82 0.06157036784213715
119 55 0.16126211630468573
119 69 0.20767848538950523
119 51 0.05092548174183589
119 79 0.26280415033617044
119 86 0.05318407153087712
119 92 0.2224236238133505
119 93 0.20837873200108184
119 87 0.19059858997208493
119 78 0.2002327976972935
119 50 0.06445611421565597
119 52 0.08326256843438716
119 46 0.12993342076402645
119 91 0.23572035468056918
119 85 0.2180079687563316
119 84 0.07836363820893867
119 90 0.22152129446145846
119 47 0.08989733968280855
119 53 0.07938581873269582
