114 76 0.1911250128286935
114 62 0.21075476916311792
114 89 0.13047344039612352
114 88 0.3132139700050852
114 63 0.16313521424928398
114 77 0.09695537514396912
114 49 0.10861989580854724
114 61 0.07119860226459061
114 75 0.09383444887349213
114 74 0.2713755061363794
114 60 0.08330770320947507
114 48 0.12579845026584593
114 64 0.15759727756942407
114 70 0.3062017597014011
114 58 0.51555542755388
114 59 0.14384039052321193
114 71 0.13856055053294317
114 65 0.06845450072787311
114 73 0.08554616369402639
114 67 0.2826409496760201
114 66 0.23605239996115476
114 72 0.14463118505458988
114 57 0.3579640257501555
114 94 0.3392877575280698
114 80 0.14530097240238593
114 81 0.29522922320028144
114 95 0.1221497561951542
114 56 0.21060060088109456
114 68 0.46730570873359123
114 54 0.1768991692208076
114 83 0.1100528094887901
114 82 0.11793739262065925
114 55 0.21321521585977116
114 69 0.3289696754603214
114 51 0.08299951588289987
114 79 0.13092559872075168
114 86 0.08713271870048139
114 92 0.3385037086227326
114 93 0.3177886705246035
114 87 0.333866915738927
114 78 0.28772903894905894
114 50 0.11859501986171048
114 52 0.0790128418155594
114 46 0.23248965123592
114 91 0.3304798217962288
114 85 0.29984787414843755
114 84 0.10395769811668318
114 90 0.3062683261100987
114 47 0.19293010397470733
114 53 0.10909179576414534
100 76 0.102799039209244
100 62 0.13903085725184658
100 89 0.08709085002577141
100 88 0.22158356253925918
100 63 0.2996297554406276
100 77 0.10073017107410082
100 49 0.2462684671442381
100 61 0.07817338982619523
100 75 0.08761337597568221
100 74 0.1084879405874
100 60 0.08079076771739549
100 48 0.13897630437369846
100 64 0.15280366642031104
100 70 0.2111893698461299
100 58 0.36723106456528604
100 59 0.09335234248650458
100 71 0.48500736177030845
100 65 0.0831638879224576
100 73 0.05359463827876393
100 67 0.24906147919278204
100 66 0.18510403305048462
100 72 0.06628449598006833
100 57 0.3167430243105475
100 94 0.2733937699133285
100 80 0.5135339014872943
100 81 0.19716412148022938
100 95 0.10486080263148423
100 56 0.16744374057375647
100 68 0.3804928586213443
100 54 0.11334237378188886
100 83 0.10719138168100782
100 82 0.0896655026804201
100 55 0.2737362222912123
100 69 0.23244034677181025
100 51 0.1707699624310049
100 79 0.09290945155081586
100 86 0.24847543343878445
100 92 0.2521079909280951
100 93 0.2469758072892128
100 87 0.24116792955174587
100 78 0.20645083765398592
100 50 0.27784175144936707
100 52 0.07234790238323999
100 46 0.16759422596893303
100 91 0.2663349493672411
100 85 0.24163583926884713
100 84 0.09185238161994129
100 90 0.24650459530999067
100 47 0.1403522772964826
100 53 0.10189331843688569
128 76 0.13392502911117443
128 62 0.08932251473679137
128 89 0.18693477989785884
128 88 0.33065714727006357
128 63 0.0822107896505918
128 77 0.10789573227644655
128 49 0.09285887994826375
128 61 0.10685895193794215
128 75 0.09142255278868813
128 74 0.07836246974743065
128 60 0.1004769542348381
128 48 0.0725754782920015
128 64 0.08114542516883035
128 70 0.23721196513744264
128 58 0.21872862222827272
128 59 0.07157702368939482
128 71 0.09382883096451253
128 65 0.06587733560279962
128 73 0.11595244449645474
128 67 0.31748130061012947
128 66 0.2353827881924106
128 72 0.12571916777570608
128 57 0.22564056909917357
128 94 0.469881232574084
128 80 0.10181137209546312
128 81 0.2591691404726091
128 95 0.1938729585811289
128 56 0.27356395365962594
128 68 0.5455077561986861
128 54 0.13070463955247874
128 83 0.08232013893509693
128 82 0.0577361085581613
128 55 0.1679620895930113
128 69 0.2852303450663531
128 51 0.12547508557681608
128 79 0.19248139769335296
128 86 0.0825954679776993
128 92 0.48053172408371847
128 93 0.41516008667735826
128 87 0.38617655219671554
128 78 0.2883475252484047
128 50 0.14750931667669978
128 52 0.15919203651139485
128 46 0.16879747980860713
128 91 0.35559221577977984
128 85 0.41831145958989724
128 84 0.09076315494171197
128 90 0.42440488442283153
128 47 0.11007394392327274
128 53 0.066106729773136
129 76 0.12312859076122834
129 62 0.2464515759475845
129 89 0.17104469775680894
129 88 0.400453813713083
129 63 0.23666779965253712
129 77 0.1422368447497379
129 49 0.1687082728631042
129 61 0.10974085791128499
129 75 0.10575558342132803
129 74 0.15644780750679615
129 60 0.10894266183927162
129 48 0.18485253867543255
129 64 0.21489311046562015
129 70 0.3689217066615307
129 58 0.5853068970395522
129 59 0.1187126209048817
129 71 0.20774470216291735
129 65 0.11376024808976115
129 73 0.10576585816278576
129 67 0.3725011657728504
129 66 0.313373940791685
129 72 0.11763902923395553
129 57 0.4843135712739357
129 94 0.4828331896550082
129 80 0.21796527096275098
129 81 0.3704627560911305
129 95 0.15915801116249598
129 56 0.2968236820788007
129 68 0.5878608560487162
129 54 0.2380709637340566
129 83 0.1575812951441629
129 82 0.3565667566857805
129 55 0.26854858176687674
129 69 0.3980618718240716
129 51 0.11781964571408193
129 79 0.18124481700151385
129 86 0.13519636569880145
129 92 0.4928905783169759
129 93 0.4413909392708375
129 87 0.41255195141669215
129 78 0.35811353856168915
129 50 0.16412618767724377
129 52 0.10411851727072777
129 46 0.3076240088697465
129 91 0.4267900269688846
129 85 0.4129423465623835
129 84 0.14172935447662685
129 90 0.4166961512724654
129 47 0.2744651057740978
129 53 0.133352933931278
101 76 0.03599433517814654
101 62 0.1454305323703951
101 89 0.14670799199247428
101 88 0.14045435335903086
101 63 0.08596943877001073
101 77 0.1547799909332222
101 49 0.15463454136270505
101 61 0.10138799887277233
101 75 0.08399016123184874
101 74 0.0464067552594252
101 60 0.08127751984549436
101 48 0.10067865745099015
101 64 0.08499161653809834
101 70 0.12650023850841813
101 58 0.2199595012473326
101 59 0.09817267388373001
101 71 0.21206896453588434
101 65 0.09598372851688712
101 73 0.10127249185398458
101 67 0.1667056496460817
101 66 0.11422104790640063
101 72 0.06169153546021344
101 57 0.21939861940426864
101 94 0.1713959507073813
101 80 0.23541997793437713
101 81 0.1552021509418607
101 95 0.037529155855319324
101 56 0.17160038936920927
101 68 0.253719858949057
101 54 0.0543510151224284
101 83 0.07966800797553268
101 82 0.11894967154405495
101 55 0.11070844282900837
101 69 0.1415984791231506
101 51 0.13423121881624284
101 79 0.1861797604928648
101 86 0.1640385233156128
101 92 0.16064675449040022
101 93 0.15360213088156263
101 87 0.14793655490087967
101 78 0.1264669410122432
101 50 0.16588883810995592
101 52 0.061626958601014845
101 46 0.13682349356258328
101 91 0.20630720244736225
101 85 0.1450972402079552
101 84 0.11385699647374187
101 90 0.1491847488129791
101 47 0.07521220830569303
101 53 0.055804143455112684
115 76 0.06733202612121536
115 62 0.058865711513746824
115 89 0.11899319590469
115 88 0.12721806683007414
115 63 0.03008187185239211
115 77 0.10681621331336966
115 49 0.05487985866040575
115 61 0.08724086826714421
115 75 0.10175088352091621
115 74 0.21916606198976915
115 60 0.081144757503906
115 48 0.07396687309470092
115 64 0.17151854179444215
115 70 0.1061992213280644
115 58 0.12172061392440062
115 59 0.10279991223846402
115 71 0.09752553985013755
115 65 0.061519070900371536
115 73 0.03384223572613798
115 67 0.13948696470431943
115 66 0.2555710253858622
115 72 0.20924720498352745
115 57 0.1413328532872888
115 94 0.17939598148215646
115 80 0.09495596617608283
115 81 0.07819263672267546
115 95 0.11153016295470991
115 56 0.27388989265486596
115 68 0.23031624841285178
115 54 0.12098286108305932
115 83 0.1968373478606793
115 82 0.11034411622143273
115 55 0.17307405887462268
115 69 0.10213185815649277
115 51 0.1320677809641519
115 79 0.09854830755744479
115 86 0.11050093944636077
115 92 0.1669947764015235
115 93 0.16196444574556287
115 87 0.14024191314101941
115 78 0.1061346969895353
115 50 0.07314277310269073
115 52 0.8914485011227031
115 46 0.5776695806526548
115 91 0.17146733979603865
115 85 0.1601826706369552
115 84 0.060504032055724924
115 90 0.165645707417655
115 47 0.35240354409767294
115 53 0.3095544442617093
103 76 0.19995400142049363
103 62 0.3112940276180453
103 89 0.21311739940218755
103 88 0.38374020355885236
103 63 0.22329585706483768
103 77 0.2063501077869645
103 49 0.21128589583156343
103 61 0.16997460672847986
103 75 0.1622083031315228
103 74 0.19337717220899817
103 60 0.16566113604296306
103 48 0.20963090371994553
103 64 0.23282433150421633
103 70 0.43063856228128294
103 58 0.8500596029647169
103 59 0.16773561342191323
103 71 0.2570135350774593
103 65 0.16532922849997386
103 73 0.15900156536396112
103 67 0.4012471852203535
103 66 0.3493881547943181
103 72 0.1721803239517254
103 57 0.57533548550865
103 94 0.43784719483866963
103 80 0.2690633418793327
103 81 0.397263640986927
103 95 0.19757046073812595
103 56 0.33809575552748095
103 68 0.6481105056492681
103 54 0.24846303288996058
103 83 0.1961756843651033
103 82 0.21085665016121596
103 55 0.3321025057345185
103 69 0.4522191488528877
103 51 0.1890883983801924
103 79 0.2160363431524247
103 86 0.1967265585524762
103 92 0.4287508831155251
103 93 0.41202890521602575
103 87 0.4070936988041155
103 78 0.39342924505305266
103 50 0.22273752932421245
103 52 0.18680335946670615
103 46 0.3019984715301341
103 91 0.43776953383690054
103 85 0.3894769945791686
103 84 0.1812316811204834
103 90 0.40511404683772834
103 47 0.27029233611573933
103 53 0.20662498370687515
117 76 0.2547907365391122
117 62 0.2731357183304293
117 89 0.11388120260092877
117 88 0.24742921642755658
117 63 0.1008365536099331
117 77 0.4152994633943443
117 49 0.26055258356047073
117 61 0.13435616323989252
117 75 0.6887918024086305
117 74 0.4563895110372834
117 60 0.08548861914777231
117 48 0.47907596313178735
117 64 0.18532080413055593
117 70 0.2750822828274127
117 58 0.6502511889295717
117 59 0.08594390114609717
117 71 0.12833484043476945
117 65 0.07630271417473827
117 73 0.5336793116563376
117 67 0.24706381171966632
117 66 0.21592757415885638
117 72 0.18836859046925306
117 57 0.3297224027185566
117 94 0.29329155442742894
117 80 0.1346269261335826
117 81 0.2335272673365649
117 95 0.1950344709058069
117 56 0.26587877265840365
117 68 0.4172145138813286
117 54 0.13278571249061993
117 83 0.7343335146754999
117 82 0.1214504923345345
117 55 0.19509761158773975
117 69 0.2824654773759949
117 51 0.19144080198075172
117 79 0.4407050025545586
117 86 0.08914433979282373
117 92 0.28864618335049474
117 93 0.2700013736511548
117 87 0.27966845560487485
117 78 0.3000210662338142
117 50 0.10830235073128941
117 52 0.18901779394329085
117 46 0.37426113487479284
117 91 0.2868236027034038
117 85 0.2748008934743476
117 84 0.13585132245443948
117 90 0.2770463899551894
117 47 0.16608574946713842
117 53 0.13761319000575556
116 76 0.2087856393877629
116 62 0.3112914564497442
116 89 0.22770975052122056
116 88 0.4493938201473324
116 63 0.23208243745092677
116 77 0.2300102588240229
116 49 0.21461697062561247
116 61 0.16898022352232275
116 75 0.16840686925858023
116 74 0.19708637143459867
116 60 0.1588799104841858
116 48 0.22188494660880886
116 64 0.24027345794695865
116 70 0.47104933366835067
116 58 0.7976953421940008
116 59 0.18049498905098632
116 71 0.22840951404198276
116 65 0.1471698232055449
116 73 0.16482501368134286
116 67 0.43474635491970537
116 66 0.3921602781608592
116 72 0.18028069809734132
116 57 0.5521662664850026
116 94 0.5002463521926199
116 80 0.2369328849276861
116 81 0.42858484857769386
116 95 0.21979364259238166
116 56 0.37529261000296665
116 68 0.6975529140462822
116 54 0.25903494786253706
116 83 0.3118645654578871
116 82 0.48144048644203974
116 55 0.33458525853433646
116 69 0.4937490615771932
116 51 0.17211641863175792
116 79 0.25802796734686007
116 86 0.17875301138866884
116 92 0.5024193565555266
116 93 0.4713108114069203
116 87 0.4778628528208617
116 78 0.44489329867075256
116 50 0.20995676542838507
116 52 0.2132641607562968
116 46 0.36266774090975384
116 91 0.4907555194086902
116 85 0.4572410142820944
116 84 0.2039172441504569
116 90 0.4663392323875445
116 47 0.2889913175847758
116 53 0.20197377646103057
102 76 0.10124383506086505
102 62 0.19341570019794896
102 89 0.11206306962489146
102 88 0.21244376604764556
102 63 0.13342524184181637
102 77 0.10977659393045709
102 49 0.12713402842936397
102 61 0.08699318227408095
102 75 0.08835711712581515
102 74 0.11299044808279474
102 60 0.10327371638082736
102 48 0.12195659799737292
102 64 0.1355641312427164
102 70 0.26015844888819295
102 58 0.6021929605550507
102 59 0.11140148915796569
102 71 0.17673306251114043
102 65 0.0851229831813338
102 73 0.08518501253786119
102 67 0.23377415288996117
102 66 0.17836303221441183
102 72 0.11217215603932808
102 57 0.37500550943616806
102 94 0.24190204485906222
102 80 0.18590608479540344
102 81 0.23556153848026667
102 95 0.11299671820541361
102 56 0.1893056115781348
102 68 0.398161454322635
102 54 0.14572765165691326
102 83 0.11319249810278362
102 82 0.11722900904006087
102 55 0.18643911002551397
102 69 0.27452774474509295
102 51 0.10561042301822086
102 79 0.1163927201903355
102 86 0.11464567622508925
102 92 0.22957082612988344
102 93 0.2205220397662409
102 87 0.22637347344362657
102 78 0.22050758366623247
102 50 0.1296455650385685
102 52 0.09442981122670566
102 46 0.1772821019127185
102 91 0.23158055889097298
102 85 0.21652768972537267
102 84 0.10553381846422424
102 90 0.2158117762468847
102 47 0.15538871385538944
102 53 0.10805501686743149
106 76 0.11614358845366735
106 62 0.10971171584527796
106 89 0.07440063836065963
106 88 0.16574804146997646
106 63 0.07217441672542027
106 77 0.054396558129011244
106 49 0.09993610611760344
106 61 0.09946626429198983
106 75 0.0735297050669376
106 74 0.07783702474225009
106 60 0.09744375746124603
106 48 0.10279322796399977
106 64 0.08000666462511462
106 70 0.18225209444282373
106 58 0.4450049083207318
106 59 0.09399704340566342
106 71 0.10444356895665681
106 65 0.07645674174296159
106 73 0.0781365878231757
106 67 0.16384795691065893
106 66 0.12938338272267222
106 72 0.20643410269654913
106 57 0.25297443912897233
106 94 0.18775103315745947
106 80 0.10073610299374149
106 81 0.16606770548571254
106 95 0.13268328057703563
106 56 0.1371675167001879
106 68 0.3009799485842364
106 54 0.08859282609810647
106 83 0.08005631968329509
106 82 0.08595444817112703
106 55 0.17782309257618403
106 69 0.19807470484536965
106 51 0.10267236040065125
106 79 0.11034717946886598
106 86 0.10819934065746825
106 92 0.1823671075200906
106 93 0.17138597078163395
106 87 0.1788334559326635
106 78 0.16380233665176727
106 50 0.07124640583494876
106 52 0.10808085496457695
106 46 0.11411583391510484
106 91 0.18440719065056024
106 85 0.1582116605079713
106 84 0.07769219242433564
106 90 0.1642479410444301
106 47 0.14842705913242388
106 53 0.11145085433862932
112 76 0.16539287514502662
112 62 0.28084402364096944
112 89 0.18367885048772434
112 88 0.3634285521400934
112 63 0.20441446304446076
112 77 0.16760609500591517
112 49 0.18407587367594205
112 61 0.1425302824320594
112 75 0.14404205150032717
112 74 0.1747078786467408
112 60 0.13447178700278878
112 48 0.1884825933070659
112 64 0.20959520360845843
112 70 0.40668747875032774
112 58 0.7934879887947345
112 59 0.15054889223009993
112 71 0.22648677053865918
112 65 0.1274334739994434
112 73 0.13775106274225937
112 67 0.35262635185435964
112 66 0.2975871846402208
112 72 0.15722165571579796
112 57 0.49712869130868564
112 94 0.3857358486803253
112 80 0.23415393795641892
112 81 0.3712911332507969
112 95 0.19157950517947822
112 56 0.29558613044137244
112 68 0.5879887101740682
112 54 0.22661761347636877
112 83 0.1806607469658075
112 82 0.18059690346579704
112 55 0.2926591546327875
112 69 0.4377297569099039
112 51 0.15223526176049174
112 79 0.19490922457718232
112 86 0.1558107135007379
112 92 0.3873910469831801
112 93 0.36695615051381386
112 87 0.38342755253798727
112 78 0.36979741730797555
112 50 0.18666906858950225
112 52 0.15230105884445638
112 46 0.2924501881537819
112 91 0.3817108480263793
112 85 0.3520659000333366
112 84 0.1860328692909925
112 90 0.35409130429722246
112 47 0.23964105719514409
112 53 0.1598446520527455
113 76 0.15636304033816853
113 62 0.2626526869315521
113 89 0.19308242622855123
113 88 0.4209379322682103
113 63 0.22730331337097104
113 77 0.19080383239919793
113 49 0.18796412512265737
113 61 0.1330961020946969
113 75 0.13302154724920506
113 74 0.17238572567913582
113 60 0.12982182921747543
113 48 0.1974867886210929
113 64 0.22188454183579132
113 70 0.40067551814079194
113 58 0.6103137040359633
113 59 0.1416424474802354
113 71 0.22248245108649142
113 65 0.11642416238965139
113 73 0.12903658633947374
113 67 0.3980917102525412
113 66 0.3443650363746469
113 72 0.1419268586685316
113 57 0.48247138586242344
113 94 0.475496703825949
113 80 0.23267978613605733
113 81 0.382823183356903
113 95 0.18547698175472196
113 56 0.36646520815896877
113 68 0.6216855715660744
113 54 0.2422377500554943
113 83 0.25841065454646395
113 82 0.18571275888155206
113 55 0.28936507292786445
113 69 0.42547855417603897
113 51 0.1432407507208752
113 79 0.2177559420722821
113 86 0.1514210622939062
113 92 0.46698988567800837
113 93 0.44021931711854423
113 87 0.4440451108193506
113 78 0.38868192057945955
113 50 0.18333702067565733
113 52 0.1593242236624056
113 46 0.3333524261126508
113 91 0.4554181305090227
113 85 0.42659257015867924
113 84 0.16911841114734658
113 90 0.433253286873751
113 47 0.27709830225683857
113 53 0.1689032085827222
107 76 0.09205307465461628
107 62 0.15441382479791563
107 89 0.08657042816040582
107 88 0.16838832531687728
107 63 0.09252816993352797
107 77 0.05126012387092636
107 49 0.09976288408529922
107 61 0.07497132618620077
107 75 0.06495756575282931
107 74 0.04557374821282924
107 60 0.10286910631757805
107 48 0.07918393555859393
107 64 0.09539190202276225
107 70 0.08397580083449789
107 58 0.11121025460733926
107 59 0.08551979312021446
107 71 0.08188699578496655
107 65 0.07944105291005582
107 73 0.09116982145469674
107 67 0.15647077604139376
107 66 0.21736979635173198
107 72 0.03500688451033587
107 57 0.17284149033703677
107 94 0.13397415789120448
107 80 0.09200916755245078
107 81 0.07491520280048315
107 95 0.10231933797306514
107 56 0.6534874802194154
107 68 0.4711551709684606
107 54 0.07121146165245969
107 83 0.12566831504397272
107 82 0.06479863237211927
107 55 0.12422405088739835
107 69 0.09977245608270925
107 51 0.04386928304497195
107 79 0.09319750259351457
107 86 0.0876797075510522
107 92 0.13109043397273223
107 93 0.14909800227370631
107 87 0.12173697139582942
107 78 0.09266299365319176
107 50 0.0884941980304177
107 52 0.05081595706729394
107 46 0.10325941065066968
107 91 0.15181488485006006
107 85 0.10866919394530308
107 84 0.07817376734969582
107 90 0.11685269017402217
107 47 0.05127282168573655
107 53 0.04592907457485905
139 76 0.18535647689906073
139 62 0.07140132308424266
139 89 0.11633225221155505
139 88 0.2259228605094782
139 63 0.08832787034444302
139 77 0.08040360027580876
139 49 0.09084546814405599
139 61 0.16369174747960108
139 75 0.07733448963800726
139 74 0.14799911259878762
139 60 0.09700147916355216
139 48 0.07078125470096698
139 64 0.08540247262085031
139 70 0.17808667763969213
139 58 0.18672721450977461
139 59 0.1456087255503646
139 71 0.0916221715427946
139 65 0.0930163014650325
139 73 0.0729034296925871
139 67 0.1619546557885526
139 66 0.32042875017077577
139 72 0.08331269978230735
139 57 0.21339990989197477
139 94 0.2911041845681896
139 80 0.09061889889757221
139 81 0.13065494730092544
139 95 0.07084024080775833
139 56 0.12295415048513963
139 68 0.2702277950728458
139 54 0.11924204379644711
139 83 0.09204821950742043
139 82 0.11811193072795216
139 55 0.11151426748551721
139 69 0.14611051321470422
139 51 0.09701267964090358
139 79 0.13427592423576007
139 86 0.1094895499496368
139 92 0.3011851627740222
139 93 0.2753209861430139
139 87 0.19223675145974478
139 78 0.1426672365935221
139 50 0.105759265364063
139 52 0.1426086599257016
139 46 0.15472671970902474
139 91 0.24394379117242979
139 85 0.27482651465957453
139 84 0.07832943444114925
139 90 0.26947825476403164
139 47 0.09004924256736943
139 53 0.07803521290055923
111 76 0.2321375028359668
111 62 0.351758252425178
111 89 0.2532164344885056
111 88 0.5104238780155237
111 63 0.2762392789662071
111 77 0.21037847069969506
111 49 0.23497554150201005
111 61 0.1934142557293938
111 75 0.18462588089580187
111 74 0.2267771335525215
111 60 0.18075692849943553
111 48 0.2470475120173083
111 64 0.2757749427142214
111 70 0.5348677333977494
111 58 0.9010104517331029
111 59 0.2147726747093323
111 71 0.2664394076057004
111 65 0.17161620983774273
111 73 0.17940756426960167
111 67 0.47661564019895997
111 66 0.43110792630653494
111 72 0.20412122137924854
111 57 0.6144452536204889
111 94 0.5414959774833875
111 80 0.2735393884086882
111 81 0.4994818827619173
111 95 0.25187071373779474
111 56 0.40478679912969384
111 68 0.7735837126647943
111 54 0.2990142019878361
111 83 0.23622117302193674
111 82 0.24038323404798817
111 55 0.38415987917327143
111 69 0.5795600218664553
111 51 0.19165379342409905
111 79 0.26721212157392216
111 86 0.19652436105160856
111 92 0.5547553847291862
111 93 0.5190622295790988
111 87 0.5305306613166731
111 78 0.5118434849596519
111 50 0.23969828550175504
111 52 0.19923269507164057
111 46 0.3914857094192362
111 91 0.5332115865313497
111 85 0.4981994428442541
111 84 0.24023568482708108
111 90 0.5035186794907247
111 47 0.32360264277267325
111 53 0.20328075511908567
105 76 0.11324492628976818
105 62 0.16735636693483463
105 89 0.12124854345033226
105 88 0.24826187750018078
105 63 0.13725614694974356
105 77 0.1312564102258198
105 49 0.19643189753856513
105 61 0.1008794601398367
105 75 0.09386118934853775
105 74 0.11484684045513699
105 60 0.10251238112678969
105 48 0.13958749921467345
105 64 0.1242294358664775
105 70 0.2196139273156746
105 58 0.30226370172803463
105 59 0.09678981230760643
105 71 0.36618299469385707
105 65 0.09240191335656867
105 73 0.09014611710762131
105 67 0.29251612577984076
105 66 0.2183584145529136
105 72 0.09477391366801705
105 57 0.35826783604293416
105 94 0.30180221596402446
105 80 0.38362943868039784
105 81 0.2005542421353906
105 95 0.1258411709119119
105 56 0.34827885453457474
105 68 0.44766614729927134
105 54 0.13090140500599734
105 83 0.21192182442980806
105 82 0.11916403717048027
105 55 0.16760818416363732
105 69 0.24145236669624054
105 51 0.15738655703967622
105 79 0.12584029049761994
105 86 0.2268165566783164
105 92 0.27391045950785364
105 93 0.2758331040998632
105 87 0.2558122187222952
105 78 0.225145774511837
105 50 0.17979207579322254
105 52 0.09620094901942153
105 46 0.1715923856805152
105 91 0.28712781177902086
105 85 0.27199664862716244
105 84 0.117255073208227
105 90 0.26794081965061345
105 47 0.16305598681007355
105 53 0.1369019608209141
104 76 0.12341073706175702
104 62 0.24584354262891372
104 89 0.1464957403908148
104 88 0.288839825432334
104 63 0.16659657902543987
104 77 0.12577373206368814
104 49 0.13724254220910767
104 61 0.1067923616920038
104 75 0.10696429044328336
104 74 0.13538213021042145
104 60 0.10282870394041004
104 48 0.14748790153942884
104 64 0.17620880676929987
104 70 0.35012247609828506
104 58 0.8273278261505997
104 59 0.10279364681376303
104 71 0.1662836640304087
104 65 0.10614323803998278
104 73 0.103206632441973
104 67 0.2874318655236649
104 66 0.24015110091729358
104 72 0.14069841829733545
104 57 0.46864031175444076
104 94 0.3151175600249414
104 80 0.1735432537909793
104 81 0.3251178843087432
104 95 0.13321966077167596
104 56 0.2327306607363802
104 68 0.5019916300902327
104 54 0.19281364081514168
104 83 0.13236960245070106
104 82 0.14958843537784983
104 55 0.2636234700169517
104 69 0.37065434573606365
104 51 0.12029641008327377
104 79 0.14354201427002247
104 86 0.12492363764688727
104 92 0.31097480671922456
104 93 0.2960222050947908
104 87 0.3102880881055838
104 78 0.30001034753132194
104 50 0.14535083519521863
104 52 0.10829635619625097
104 46 0.23265458371531705
104 91 0.31517321926962394
104 85 0.2751346042316936
104 84 0.1315225953734141
104 90 0.28778517120296254
104 47 0.19685554911695763
104 53 0.12494010750338679
110 76 0.06546112354129907
110 62 0.2560990980470063
110 89 0.25584649878723936
110 88 0.41844746268174865
110 63 0.10950248909683316
110 77 0.37357903949094484
110 49 0.08315239542007054
110 61 0.09364064524521824
110 75 0.10505486303972797
110 74 0.10667069108748974
110 60 0.15364910914797103
110 48 0.13263006884108092
110 64 0.10178374914633803
110 70 0.22149623634977594
110 58 0.3951659367497087
110 59 0.07315077138388132
110 71 0.24886339483834774
110 65 0.12054619584036755
110 73 0.09162756728770247
110 67 0.2211652661625516
110 66 0.1804907821545764
110 72 0.24701281420467114
110 57 0.27461362655347993
110 94 0.2639674153637873
110 80 0.2537203691439846
110 81 0.3901504268029894
110 95 0.13602350994880635
110 56 0.21834918788952629
110 68 0.37874273371858624
110 54 0.1392287441682394
110 83 0.08267195273371132
110 82 0.31948957348655593
110 55 0.16445942157805715
110 69 0.38691267336655366
110 51 0.12254646416957249
110 79 0.23683483081224765
110 86 0.05941554458721782
110 92 0.27314311579331607
110 93 0.4007835022838644
110 87 0.2500440319513263
110 78 0.2950634887998068
110 50 0.08522618306654474
110 52 0.07761439813828934
110 46 0.21210181697784708
110 91 0.2667090323934184
110 85 0.2784916018847161
110 84 0.0739503318470348
110 90 0.27327345470162223
110 47 0.13448728619346909
110 53 0.09980906786261562
138 76 0.08408306074257178
138 62 0.16469619670640287
138 89 0.10849710752254492
138 88 0.26128599271817843
138 63 0.11190514335763155
138 77 0.17010787562646013
138 49 0.09387673711647258
138 61 0.10271538181034075
138 75 0.07662265037909032
138 74 0.11056962880479626
138 60 0.09016177463716496
138 48 0.11869464724567698
138 64 0.10366429068571385
138 70 0.22480875730938069
138 58 0.21417211029103225
138 59 0.06686219827116044
138 71 0.1317188648680335
138 65 0.097860269201069
138 73 0.08157857294630923
138 67 0.25902149802636265
138 66 0.30052140167390573
138 72 0.20951106342480752
138 57 0.27911358758243215
138 94 0.31233352697894246
138 80 0.14175773601266223
138 81 0.20881125584054236
138 95 0.09491195995462054
138 56 0.17685496442688892
138 68 0.4026243248810958
138 54 0.11569315146482277
138 83 0.09863849087695248
138 82 0.20550360344532503
138 55 0.12737242205119478
138 69 0.23366946225264554
138 51 0.0669939327722024
138 79 0.09712687453864623
138 86 0.1081583270498247
138 92 0.3000818924136024
138 93 0.2810479800606919
138 87 0.28104818714007274
138 78 0.23459318673349794
138 50 0.09865597884743924
138 52 0.05162947294163793
138 46 0.15945779714953928
138 91 0.30137262903527273
138 85 0.2558903329642069
138 84 0.12869939471796532
138 90 0.2680972903189395
138 47 0.1551543558654142
138 53 0.1806293325437073
140 76 0.2119383583257423
140 62 0.11351411589523441
140 89 0.10111387216420045
140 88 0.17850931671021977
140 63 0.13120185691806888
140 77 0.10007968789341926
140 49 0.16514882920014817
140 61 0.09228233673876945
140 75 0.09538252233209588
140 74 0.05088784366444346
140 60 0.041893452139086046
140 48 0.1103935136317565
140 64 0.08519864685337279
140 70 0.23767134509268462
140 58 0.3011038095607957
140 59 0.1472671046934797
140 71 0.10136544616612347
140 65 0.058463164652525004
140 73 0.12206608237007038
140 67 0.18956094306298202
140 66 0.2727399838866079
140 72 0.04017044034874809
140 57 0.24935801097418775
140 94 0.21804571474630763
140 80 0.10913656426287159
140 81 0.18523051107473598
140 95 0.1231461295552076
140 56 0.13658439967809508
140 68 0.32418271883482497
140 54 0.10395363875085378
140 83 0.09430625720664408
140 82 0.1758716317376961
140 55 0.12234205026461567
140 69 0.2556160251648783
140 51 0.07919623719149042
140 79 0.08450333832743051
140 86 0.05737578928575354
140 92 0.21314832450612994
140 93 0.19846535995570702
140 87 0.1921424437058192
140 78 0.2962052102212708
140 50 0.16567860043782565
140 52 0.03941756984267997
140 46 0.10735325459115874
140 91 0.21309201102618155
140 85 0.19304757835888
140 84 0.12621239678950863
140 90 0.19786924775311446
140 47 0.10278597364546556
140 53 0.11037735557906589
135 76 0.18425408089957504
135 62 0.3266002337244541
135 89 0.11151011216196749
135 88 0.23831254236048105
135 63 0.12017648246796689
135 77 0.3048715724230871
135 49 0.3738539187981318
135 61 0.10087821886731853
135 75 0.42690768533278745
135 74 0.26831582919073876
135 60 0.07404808203615953
135 48 0.40126586976688816
135 64 0.10444199295534469
135 70 0.2068134664135021
135 58 0.26537634200333304
135 59 0.06070720307733245
135 71 0.257953765446154
135 65 0.0732975262386955
135 73 0.33085663675307
135 67 0.285542158619667
135 66 0.20011337181827066
135 72 0.09505005931620927
135 57 0.31178023383509956
135 94 0.30759144277692985
135 80 0.2755171040694141
135 81 0.2623716808393024
135 95 0.1812263444118681
135 56 0.35930002266736394
135 68 0.4005986126245378
135 54 0.1230382578645525
135 83 0.6714136975245477
135 82 0.09394269204678088
135 55 0.15824540460501638
135 69 0.21955288307533888
135 51 0.1834174758561366
135 79 0.20872669804464472
135 86 0.14891211419423173
135 92 0.28344729261086044
135 93 0.2661794584986125
135 87 0.25960405888081733
135 78 0.2904313241529718
135 50 0.17901973298190815
135 52 0.1147307691076423
135 46 0.37766036788321283
135 91 0.30249135744336253
135 85 0.2738908517632571
135 84 0.22845082363211813
135 90 0.2682467719417181
135 47 0.20818750049891394
135 53 0.3512149234750117
121 76 0.13855678409901684
121 62 0.21673238328168515
121 89 0.20308160766913666
121 88 0.3686035058747682
121 63 0.20025409900628732
121 77 0.16088809215968417
121 49 0.1759609764852972
121 61 0.10550331172902365
121 75 0.08102562736870535
121 74 0.14280957241569367
121 60 0.12223290485462646
121 48 0.1653597341663025
121 64 0.15503489881794577
121 70 0.164189627168003
121 58 0.18028944448516343
121 59 0.09145932792010138
121 71 0.4088541199316908
121 65 0.14956006073950956
121 73 0.0741163698273194
121 67 0.4278562684474415
121 66 0.2122053441172708
121 72 0.1146696790706633
121 57 0.46669564348648207
121 94 0.6058583221758845
121 80 0.4445992802896207
121 81 0.2198138103406757
121 95 0.14057253691932847
121 56 0.27726091201687936
121 68 0.4288721193289027
121 54 0.16348511374636823
121 83 0.41389741384208023
121 82 0.1428537489412831
121 55 0.2571486415532192
121 69 0.4294533568344876
121 51 0.1798829961900037
121 79 0.15650341442980464
121 86 0.2052248077206711
121 92 0.46208741678537757
121 93 0.36851967427319765
121 87 0.28261141764226166
121 78 0.5470858550131988
121 50 0.18883036918327784
121 52 0.0736400401181146
121 46 0.22614427850837626
121 91 0.3999665556365809
121 85 0.3341106823506578
121 84 0.07844899230367212
121 90 0.35365643844852224
121 47 0.23176741392599925
121 53 0.08956211707401462
109 76 0.12937679284498588
109 62 0.19317690598788873
109 89 0.10686361626330793
109 88 0.2721098896812766
109 63 0.14686217618001812
109 77 0.20888426749463834
109 49 0.15721974959758295
109 61 0.11713987954733673
109 75 0.08719620814862923
109 74 0.19311608462301266
109 60 0.06588296426033743
109 48 0.10969996750482917
109 64 0.12749898796161863
109 70 0.3017176986787492
109 58 0.5017238586793946
109 59 0.07157615999248415
109 71 0.1557571731712439
109 65 0.11747704912703558
109 73 0.06228000743266042
109 67 0.2562370561617827
109 66 0.21436282593245795
109 72 0.20053381490123756
109 57 0.33565029123874934
109 94 0.3049404945108709
109 80 0.16257101266389531
109 81 0.3645434398702272
109 95 0.1465183613041678
109 56 0.2003655337508561
109 68 0.4371664628300236
109 54 0.14152521304321325
109 83 0.10435936141775647
109 82 0.09465945330873955
109 55 0.19858475560713662
109 69 0.33300189769685795
109 51 0.08472204035085827
109 79 0.11521817997202731
109 86 0.08696452294483613
109 92 0.2915857974340265
109 93 0.27761267497815734
109 87 0.28622017308736314
109 78 0.3902780068153697
109 50 0.16387315623916643
109 52 0.09644353601192975
109 46 0.2203832139762581
109 91 0.29230481353729754
109 85 0.2811380404533178
109 84 0.7501130883796855
109 90 0.28800808494897584
109 47 0.16099766854345252
109 53 0.09889109789037269
108 76 0.2528261082751064
108 62 0.40054122047688834
108 89 0.28926462281333304
108 88 0.5635562740595215
108 63 0.32735493702475926
108 77 0.2565339195698664
108 49 0.27436606515887235
108 61 0.21871889649906764
108 75 0.21215727606129947
108 74 0.2611460291053085
108 60 0.21036523934455045
108 48 0.290321454073845
108 64 0.3245305392980379
108 70 0.5819844789881987
108 58 1.0
108 59 0.2364552897849764
108 71 0.3078326588741173
108 65 0.20414897555095524
108 73 0.20924734443277743
108 67 0.534106940003123
108 66 0.47779144590231615
108 72 0.23025048758986688
108 57 0.705939710079557
108 94 0.614164591188947
108 80 0.31804829671043944
108 81 0.5537816927333372
108 95 0.27912427519930777
108 56 0.4470527617953438
108 68 0.8457228884427239
108 54 0.3507088905696263
108 83 0.26929761111746653
108 82 0.28937579486056986
108 55 0.429729481922559
108 69 0.6196179427994574
108 51 0.22736740666373656
108 79 0.30480162964712415
108 86 0.23667913526497775
108 92 0.6130329832813366
108 93 0.5763505449389184
108 87 0.5891837475751668
108 78 0.5508649858600462
108 50 0.2762282455583983
108 52 0.23402983392357668
108 46 0.4459157680913959
108 91 0.5977602761982116
108 85 0.5460834436996921
108 84 0.25421827214831344
108 90 0.55964991920035
108 47 0.38671752949095595
108 53 0.2456026521682131
120 76 0.07612075598152516
120 62 0.16050464119327934
120 89 0.1293928134017736
120 88 0.22466740412794994
120 63 0.03872116051077548
120 77 0.36923752337093535
120 49 0.05986010005249984
120 61 0.04757874632299593
120 75 0.1525651739005312
120 74 0.08246328217462495
120 60 0.08224288377223692
120 48 0.08665116207706973
120 64 0.10622903813805624
120 70 0.13505114907707855
120 58 0.10840021093113882
120 59 0.12842130321736134
120 71 0.11681469758558177
120 65 0.047978625775466785
120 73 0.0930523556746871
120 67 0.2109913429742233
120 66 0.21709641179999623
120 72 0.10164312325156862
120 57 0.1496546766507372
120 94 0.2711410562486598
120 80 0.116419401883987
120 81 0.14210849543612
120 95 0.06789834686673567
120 56 0.1516025882801662
120 68 0.21165069545193216
120 54 0.10717942820324709
120 83 0.10687030225205357
120 82 0.09822815711139768
120 55 0.3578786012093002
120 69 0.14524648818747438
120 51 0.16385119776326093
120 79 0.10090125280783066
120 86 0.09331468959447582
120 92 0.255885327562276
120 93 0.24095447449608887
120 87 0.19392672558436203
120 78 0.19843097323806783
120 50 0.14037882272311994
120 52 0.04622830228190486
120 46 0.10006231830276485
120 91 0.22365695913377218
120 85 0.21288783284332255
120 84 0.13732168720180488
120 90 0.2088460380723482
120 47 0.12297089973304384
120 53 0.5467038379767795
134 76 0.23063393370964494
134 62 0.13308597143300516
134 89 0.06814209362559738
134 88 0.1802599352951681
134 63 0.07730372897781276
134 77 0.10829312330924548
134 49 0.34953194688652517
134 61 0.06826245836306649
134 75 0.4758150943234295
134 74 0.18618715960607005
134 60 0.12275694577406879
134 48 0.35370818189673314
134 64 0.12520016058094316
134 70 0.167444366470519
134 58 0.2625059492969207
134 59 0.06739364236724367
134 71 0.4640868785030794
134 65 0.035402262324894435
134 73 0.3742141917034154
134 67 0.2748108681493293
134 66 0.15752662355478
134 72 0.12975127092336175
134 57 0.346251622268962
134 94 0.26180989337278143
134 80 0.495968785809519
134 81 0.1433634014627418
134 95 0.18678409068432084
134 56 0.1367331177243939
134 68 0.3280063774148614
134 54 0.1364477145205863
134 83 0.39590758846959745
134 82 0.0773059763325742
134 55 0.2639564213004741
134 69 0.1783298077316138
134 51 0.19069724942810173
134 79 0.08212870683130302
134 86 0.18004770605257298
134 92 0.22515979894949725
134 93 0.21993976801054255
134 87 0.20470694916585896
134 78 0.1652324729545283
134 50 0.1595921459678139
134 52 0.6903424819802468
134 46 0.15713213583175564
134 91 0.23724247227280332
134 85 0.21897212530939097
134 84 0.13845820379863927
134 90 0.22574927099361713
134 47 0.3315944332367275
134 53 0.588623851725564
122 76 0.12507280154572592
122 62 0.11717697355547288
122 89 0.1579545522363162
122 88 0.21519583467539233
122 63 0.17493762086757764
122 77 0.14421122675976708
122 49 0.3118036292224792
122 61 0.0804823734790025
122 75 0.07084983919482615
122 74 0.18487683862874682
122 60 0.0730436127988182
122 48 0.14288900488439515
122 64 0.09120282656237808
122 70 0.19233877339520666
122 58 0.21610342051175824
122 59 0.09527364360035585
122 71 0.6517607731966935
122 65 0.057687796561662646
122 73 0.04736008182101012
122 67 0.5043141150724343
122 66 0.2243581006656321
122 72 0.06999580854095815
122 57 0.5302871879322388
122 94 0.29326549960770787
122 80 0.6923449955623452
122 81 0.18536198242610508
122 95 0.07151619183840155
122 56 0.1584572444255021
122 68 0.471287267182369
122 54 0.1012214051439196
122 83 0.39198798909182153
122 82 0.08715072019975086
122 55 0.14806350206834365
122 69 0.2759505807221774
122 51 0.2371352200116164
122 79 0.09899474045567284
122 86 0.35984942749648985
122 92 0.32942617317838485
122 93 0.301064478921609
122 87 0.23620429719291902
122 78 0.32423180689204145
122 50 0.34839639516841125
122 52 0.1128419622722787
122 46 0.15251307369820513
122 91 0.2853944799311473
122 85 0.6047818335496568
122 84 0.16244404581366256
122 90 0.5547154708867755
122 47 0.13191072227898698
122 53 0.10080683032442755
136 76 0.0
136 62 0.13018229234954543
136 89 0.14600315572162725
136 88 0.13628412109656018
136 63 0.1555697332856726
136 77 0.3633507187795436
136 49 0.28386152764451
136 61 0.10746126626948227
136 75 0.05438997916780865
136 74 0.045948152549897606
136 60 0.10477829647532323
136 48 0.25690863752188464
136 64 0.04677455047276563
136 70 0.12620998488335392
136 58 0.13686228797237193
136 59 0.15646841638986578
136 71 0.042410430317071895
136 65 0.10997680961484022
136 73 0.11879149635296116
136 67 0.13978815525328678
136 66 0.08124638664062508
136 72 0.14400678358779898
136 57 0.13783082933428106
136 94 0.1782474008296797
136 80 0.04756368847532863
136 81 0.5368054100519879
136 95 0.08821705653546036
136 56 0.35952342375875923
136 68 0.26780120631687987
136 54 0.09784807200788627
136 83 0.05254597586980503
136 82 0.11022355670242537
136 55 0.14041729049626372
136 69 0.09348678487081656
136 51 0.1244820463980002
136 79 0.769596616539572
136 86 0.10282355592773029
136 92 0.16932736296724704
136 93 0.15185679903532984
136 87 0.12629919288903102
136 78 0.17050574255556358
136 50 0.13800532768261495
136 52 0.07818093678985774
136 46 0.2168077987015607
136 91 0.20646886674796663
136 85 0.13748581995754414
136 84 0.03151722739489066
136 90 0.16157947579062046
136 47 0.2757291264689784
136 53 0.02390397279973855
137 76 0.10082435630981543
137 62 0.12998910001505842
137 89 0.10444387562416356
137 88 0.263790028444175
137 63 0.1141512363876053
137 77 0.13297026166349257
137 49 0.09720314217281527
137 61 0.09302142153146566
137 75 0.1044505403354322
137 74 0.10216140781833392
137 60 0.07060819032063684
137 48 0.09462709407205668
137 64 0.10245474510932966
137 70 0.23740959101510767
137 58 0.26841577221683266
137 59 0.09210274426551072
137 71 0.11560866833975492
137 65 0.07964569772493672
137 73 0.1227811233636735
137 67 0.255677292809414
137 66 0.27180158728313353
137 72 0.1023424601140908
137 57 0.28641442985451526
137 94 0.3134644827851891
137 80 0.12268127545827467
137 81 0.22555311105790984
137 95 0.10527924278446957
137 56 0.20294372826496063
137 68 0.41041262499117187
137 54 0.11667898692429127
137 83 0.10200022795521231
137 82 0.13292911073217328
137 55 0.1471675388108482
137 69 0.2565168910165943
137 51 0.13123867743814305
137 79 0.20340144621040404
137 86 0.07477373688488653
137 92 0.315306902532306
137 93 0.28745143386438365
137 87 0.27224172002540814
137 78 0.25284208011173726
137 50 0.13906132352947007
137 52 0.11854699854750383
137 46 0.17360150573281546
137 91 0.2975838692856225
137 85 0.2816012881655324
137 84 0.09869333893240548
137 90 0.28525586896852384
137 47 0.1507084020413029
137 53 0.10268167460932351
123 76 0.12747501318833052
123 62 0.14048968495568137
123 89 0.07552817238924478
123 88 0.28134918047984403
123 63 0.1044218446676616
123 77 0.1176050280144125
123 49 0.22960925239458893
123 61 0.0891601011610414
123 75 0.06988877950143882
123 74 0.09391946348932856
123 60 0.10466379156013983
123 48 0.12798868153315907
123 64 0.09951273727340193
123 70 0.18771971741684407
123 58 0.2409707234849477
123 59 0.07157357491173365
123 71 0.39652479684575326
123 65 0.10815568128897972
123 73 0.06117649970362192
123 67 0.30149772584385715
123 66 0.1923217889786588
123 72 0.08357678002600558
123 57 0.47146503966620135
123 94 0.6935871777838719
123 80 0.4300612784142325
123 81 0.17093742570450238
123 95 0.1792989231319471
123 56 0.22211453041153179
123 68 0.3902863664752334
123 54 0.10571594621352716
123 83 0.3003374096658905
123 82 0.10446178773749848
123 55 0.13154766569997325
123 69 0.2236100286883816
123 51 0.1620678722619952
123 79 0.14413929717568413
123 86 0.27193451727593
123 92 0.36030805558481094
123 93 0.2841134700920896
123 87 0.25403689110836863
123 78 0.32349101972917027
123 50 0.23789847073915543
123 52 0.11638090801588255
123 46 0.1472231836802318
123 91 0.3017784539452251
123 85 0.25329542811412364
123 84 0.09265205259028136
123 90 0.2685381184413564
123 47 0.15456566312756512
123 53 0.1180620712905305
127 76 0.2132591964707303
127 62 0.23291905702533766
127 89 0.18390007442098855
127 88 0.42385775169429496
127 63 0.21434800332176307
127 77 0.19473265896040495
127 49 0.3002580195828297
127 61 0.13914122387013872
127 75 0.13028222077524884
127 74 0.17392506363473575
127 60 0.13763721081467947
127 48 0.19909758198428815
127 64 0.1996455287522124
127 70 0.3633167742781227
127 58 0.414330594878888
127 59 0.1450622902515239
127 71 0.4302338327155124
127 65 0.10965242688500595
127 73 0.12337538532653311
127 67 0.42460297275879033
127 66 0.35901412209001804
127 72 0.14849766519661672
127 57 0.4823407472460328
127 94 0.4998039556888223
127 80 0.4496120965055129
127 81 0.34725955061709446
127 95 0.19814303825964572
127 56 0.3504329192096276
127 68 0.6238918460380234
127 54 0.21679901982083444
127 83 0.18004244109014816
127 82 0.19469280657702775
127 55 0.25731395105048616
127 69 0.3880197743136087
127 51 0.30739077104712426
127 79 0.2903837089074396
127 86 0.28392168796640405
127 92 0.4697498654870683
127 93 0.4517918614193376
127 87 0.45527880748230165
127 78 0.37843896789207776
127 50 0.4273384005294082
127 52 0.14434549223719587
127 46 0.3001695219111916
127 91 0.4881444042326353
127 85 0.4243225992605577
127 84 0.16818671899757856
127 90 0.43839052830811
127 47 0.27870177432481774
127 53 0.19013529887041072
133 76 0.08264548361833308
133 62 0.3609222647759902
133 89 0.07258838492371607
133 88 0.15075703267593565
133 63 0.10047485489175076
133 77 0.3655138198852562
133 49 0.4825735423855225
133 61 0.1316431856166476
133 75 0.133225557657345
133 74 0.23062336799215316
133 60 0.0634387772876294
133 48 0.32887591555788387
133 64 0.10463501593085665
133 70 0.16594904992957904
133 58 0.1891196709335132
133 59 0.10431033476058729
133 71 0.34454266188144456
133 65 0.0824371930497818
133 73 0.11401072407834965
133 67 0.262760444447903
133 66 0.11729265465331379
133 72 0.10965089150567918
133 57 0.41003682549923637
133 94 0.21592400748109736
133 80 0.36682946680753037
133 81 0.250814520070875
133 95 0.17749040443768732
133 56 0.15872529670959948
133 68 0.2987739006758434
133 54 0.1554841609963103
133 83 0.14509045848659674
133 82 0.2707389948193312
133 55 0.07936183259044292
133 69 0.1280138707255317
133 51 0.11220028626607222
133 79 0.4281858732566257
133 86 0.14498674329798752
133 92 0.1842391063668654
133 93 0.17936220781557694
133 87 0.1626251371023012
133 78 0.17381137470039398
133 50 0.182285499893053
133 52 0.05546314064462632
133 46 0.1208505397864133
133 91 0.20298189290873936
133 85 0.20480837997410758
133 84 0.18886027743636297
133 90 0.1840227156909222
133 47 0.3479144858248665
133 53 0.5593096019129269
132 76 0.13146352535448413
132 62 0.18911684864121509
132 89 0.21316959900151009
132 88 0.4669738556077834
132 63 0.17943822607559787
132 77 0.17363017421067783
132 49 0.1511634597277064
132 61 0.11681690577809521
132 75 0.09000091015512739
132 74 0.17943977871445232
132 60 0.11448365631291091
132 48 0.1572854910236517
132 64 0.17429929041018297
132 70 0.3102745095226986
132 58 0.33970267481432975
132 59 0.1012477313769517
132 71 0.16810171571893107
132 65 0.10685156552546274
132 73 0.08749245455592233
132 67 0.33936421131266936
132 66 0.3011862673363632
132 72 0.14477359283046914
132 57 0.3590783498197287
132 94 0.6068741139978865
132 80 0.1778874009426243
132 81 0.2921242318985628
132 95 0.14454931832477028
132 56 0.43033314509516163
132 68 0.5569592381093655
132 54 0.19177946315522193
132 83 0.27993660850676416
132 82 0.14891899466013586
132 55 0.20659795450436885
132 69 0.31942476927564944
132 51 0.1013282454220806
132 79 0.18500876283860182
132 86 0.17560823347291646
132 92 0.6334318733785997
132 93 0.5793168787449806
132 87 0.3877173680461191
132 78 0.31448877642864415
132 50 0.13568845161569237
132 52 0.16190146844391307
132 46 0.40171891341359567
132 91 0.5202948666062267
132 85 0.5455713753391108
132 84 0.1128832460164076
132 90 0.5512754077586746
132 47 0.2519737920021983
132 53 0.14983841648400942
126 76 0.1137179672475392
126 62 0.10445391619910101
126 89 0.18539677550601452
126 88 0.23405051732587825
126 63 0.1306844055156795
126 77 0.17046413998254537
126 49 0.2202746685678475
126 61 0.08139296694580771
126 75 0.09957735648987846
126 74 0.13949208587159173
126 60 0.08902252727378067
126 48 0.1263775889533322
126 64 0.08502737518559668
126 70 0.18040962168583163
126 58 0.20107178979813878
126 59 0.08978610312636044
126 71 0.41238414351654373
126 65 0.09090120238346448
126 73 0.10204182835741425
126 67 0.4671213044953326
126 66 0.22535641399937323
126 72 0.09347711547675765
126 57 0.42994074110651737
126 94 0.5034233876972599
126 80 0.45004046398773556
126 81 0.17047333369604573
126 95 0.05137500530251783
126 56 0.12690751599114253
126 68 0.4403289039014945
126 54 0.0846805362610858
126 83 0.4417306298366075
126 82 0.11394228621860059
126 55 0.11001845787777173
126 69 0.2881180076175833
126 51 0.18161627270716915
126 79 0.1409641645001646
126 86 0.2170012007048499
126 92 0.5352147010044866
126 93 0.47982948318194607
126 87 0.2616296388700671
126 78 0.37401919906477343
126 50 0.24042086593688347
126 52 0.09794125754758319
126 46 0.14316684674497523
126 91 0.5444412375208407
126 85 0.705531791068901
126 84 0.07461623424215441
126 90 0.692782736130685
126 47 0.10983999468041397
126 53 0.10168250120970976
118 76 0.22253485131933307
118 62 0.2968157749978877
118 89 0.13353532716338337
118 88 0.22126051562177967
118 63 0.09934910688896281
118 77 0.11274093544929661
118 49 0.4294989899436804
118 61 0.054626109913719106
118 75 0.05884863279410277
118 74 0.12148329503922714
118 60 0.07730011174072826
118 48 0.2588744575270028
118 64 0.10051142726218772
118 70 0.21017544870202773
118 58 0.38998071152884106
118 59 0.3431493604678758
118 71 0.2685000589268839
118 65 0.10534465653844895
118 73 0.07476723277192884
118 67 0.22429718760233608
118 66 0.17218351788690983
118 72 0.06132228723403377
118 57 0.3711540235552308
118 94 0.2650522378890214
118 80 0.290170684064922
118 81 0.5134178089903645
118 95 0.10527283375380335
118 56 0.40148190499319814
118 68 0.3683952565669829
118 54 0.11199810478426489
118 83 0.18451741665605872
118 82 0.11208284579590023
118 55 0.15762254411259896
118 69 0.2269046365931997
118 51 0.22385659437022837
118 79 0.30111597125806877
118 86 0.1353127492386857
118 92 0.2443589167427873
118 93 0.23823755080570969
118 87 0.2427748633580887
118 78 0.19985966468520075
118 50 0.3613582014011615
118 52 0.0837438063405727
118 46 0.23417129081297644
118 91 0.2618438547875946
118 85 0.22373725109799444
118 84 0.20600454636505922
118 90 0.23219917129738774
118 47 0.480444709787594
118 53 0.41724627626885696
130 76 0.062204605101213034
130 62 0.12625054987078455
130 89 0.12384000512871807
130 88 0.3161052074063865
130 63 0.10222887996086626
130 77 0.11746077811344308
130 49 0.11725014050411384
130 61 0.0990731655185648
130 75 0.0995901583469742
130 74 0.03208400037407419
130 60 0.06934009073315413
130 48 0.08400514500671619
130 64 0.09848436894552882
130 70 0.20472601874660973
130 58 0.18744286342766503
130 59 0.0861733987411461
130 71 0.11850606773344108
130 65 0.07650175460105091
130 73 0.09804284099664914
130 67 0.2158715338443084
130 66 0.21200227976085173
130 72 0.10922989991366819
130 57 0.18452969363648883
130 94 0.3206524920022851
130 80 0.1162338926500937
130 81 0.17723381220414017
130 95 0.13671142230984767
130 56 0.23447329795332134
130 68 0.275185431775141
130 54 0.13792222858264555
130 83 0.2706398513476916
130 82 0.10741430950499481
130 55 0.11382248268349468
130 69 0.20138386433123306
130 51 0.05424896912328889
130 79 0.16014483091623027
130 86 0.04383253041787977
130 92 0.32220613184932523
130 93 0.29474494565055065
130 87 0.1846871162899426
130 78 0.18935464233476915
130 50 0.09405121447239487
130 52 0.08328614554027833
130 46 0.3256295658056231
130 91 0.22078388249262892
130 85 0.27797370165050955
130 84 0.1394488976775263
130 90 0.26881563423640586
130 47 0.09956805293248518
130 53 0.11740520280800901
124 76 0.13037353327177598
124 62 0.17597805690608762
124 89 0.07697180673069015
124 88 0.4112369543259571
124 63 0.08489076970545195
124 77 0.07779208055826889
124 49 0.1959218780675146
124 61 0.09929360903744279
124 75 0.08363328184840246
124 74 0.08314145650722907
124 60 0.09738811267336708
124 48 0.11012107351485656
124 64 0.10207993067543952
124 70 0.17620142829621666
124 58 0.19445652571077654
124 59 0.07603003282850353
124 71 0.36284012750514993
124 65 0.08121520112453219
124 73 0.10529683579004896
124 67 0.339894064425994
124 66 0.17898682689808262
124 72 0.16304069221228487
124 57 0.33586593362546124
124 94 0.27995127412200754
124 80 0.3897574749829194
124 81 0.1544309253029977
124 95 0.30805733557142956
124 56 0.17443138217361925
124 68 0.37651687939801004
124 54 0.10130112974678825
124 83 0.40148169741445605
124 82 0.07111246431730359
124 55 0.10479762221722043
124 69 0.297032120272624
124 51 0.10594817032884822
124 79 0.09853209014144973
124 86 0.1249043394928907
124 92 0.3762068481412225
124 93 0.3092282387099464
124 87 0.23350455441718976
124 78 0.32668159635210536
124 50 0.17313637310458835
124 52 0.16986061011838857
124 46 0.1354282432800316
124 91 0.9783535671271101
124 85 0.253914999783439
124 84 0.0574679825865714
124 90 0.2788274347640427
124 47 0.19107430986880583
124 53 0.12145325952584993
125 76 0.1021110637383397
125 62 0.17097494586218087
125 89 0.18409431327158834
125 88 0.2885238793221794
125 63 0.12869482235728383
125 77 0.08818909579688827
125 49 0.22032013051131139
125 61 0.07892617919151136
125 75 0.10150345886923523
125 74 0.10224383542362157
125 60 0.09473964535480922
125 48 0.12614699856632092
125 64 0.09433716333042284
125 70 0.2079829775522882
125 58 0.22174801439867872
125 59 0.08074424734860505
125 71 0.3871365983039925
125 65 0.0877360295360307
125 73 0.1195242614750402
125 67 0.4763652217479424
125 66 0.22277352291341262
125 72 0.045545842735383923
125 57 0.41340236104768036
125 94 0.2912678175821883
125 80 0.42344948423786144
125 81 0.17467479605893377
125 95 0.08289214950492944
125 56 0.37945609752235776
125 68 0.5949406093101142
125 54 0.10483338927537017
125 83 0.44591709214534514
125 82 0.08956526456640786
125 55 0.14010952875789234
125 69 0.2965258013233737
125 51 0.1511640399251341
125 79 0.12241000725264378
125 86 0.2134167551058107
125 92 0.30635442761445364
125 93 0.2548714932059338
125 87 0.2573258362026002
125 78 0.35757612885702594
125 50 0.22843143899138824
125 52 0.038034500402082894
125 46 0.1422838420604456
125 91 0.40534238000711315
125 85 0.37213277354262575
125 84 0.11604417248812113
125 90 0.3606523229879512
125 47 0.1294541100215594
125 53 0.08170364407115195
131 76 0.11859241821970831
131 62 0.19360798160336054
131 89 0.2256148522736786
131 88 0.5771015154450179
131 63 0.1943488483356899
131 77 0.09562389323927974
131 49 0.12411075010357692
131 61 0.07768751036065179
131 75 0.07550294363806699
131 74 0.2012315637670512
131 60 0.1380997147688694
131 48 0.14192369688086734
131 64 0.17837084940770115
131 70 0.3248235884179834
131 58 0.7234509406348271
131 59 0.23927853325065784
131 71 0.1619495037057896
131 65 0.10248648511089442
131 73 0.07383080482486733
131 67 0.3669674225278103
131 66 0.2598929179144647
131 72 0.08427986484696735
131 57 0.5810498534956525
131 94 0.4836048947688154
131 80 0.17064172962113872
131 81 0.3155250571073679
131 95 0.12192563817387778
131 56 0.2321948256560144
131 68 0.49325777155436534
131 54 0.19972886638558385
131 83 0.11469600890841358
131 82 0.13875100472107832
131 55 0.22108616169168133
131 69 0.3321962050438242
131 51 0.08865411248017367
131 79 0.1378157013870831
131 86 0.17316947608752375
131 92 0.5100285302040851
131 93 0.4611066557814224
131 87 0.5151599471564076
131 78 0.2968445855310124
131 50 0.12520666648733694
131 52 0.06483608344573266
131 46 0.2506994296035695
131 91 0.5245893173987993
131 85 0.45504957315154404
131 84 0.10135093161148415
131 90 0.4520848322725909
131 47 0.22629273989037008
131 53 0.0957344339185173
119 76 0.06433969911667593
119 62 0.17192760847422592
119 89 0.1164415346108749
119 88 0.27349504834387833
119 63 0.08697136044812692
119 77 0.3918922521648466
119 49 0.0798340397433865
119 61 0.2796236023091158
119 75 0.09740539617846411
119 74 0.18401286212841944
119 60 0.11414975733816728
119 48 0.13156525271107483
119 64 0.09153457940308547
119 70 0.2700608914103422
119 58 0.49414749746168984
119 59 0.04448232301986538
119 71 0.16279430380724388
119 65 0.09400431716049398
119 73 0.04989673553555364
119 67 0.181751537310226
119 66 0.15407786787873004
119 72 0.05575832931207286
119 57 0.2555595777928235
119 94 0.21949245984849386
119 80 0.16133022541492154
119 81 0.172909118840917
119 95 0.08235842404581079
119 56 0.1672595950120162
119 68 0.3253236667471433
119 54 0.08167729865907733
119 83 0.09455164126622802
119 82 0.06873321567049671
119 55 0.21247683610900822
119 69 0.20691173371384558
119 51 0.1036097867167139
119 79 0.48760317808664966
119 86 0.23028597094534492
119 92 0.21475618570776994
119 93 0.2012011480144717
119 87 0.20912249974171904
119 78 0.18131007165558335
119 50 0.06922885698222582
119 52 0.10861709120421431
119 46 0.16798211653038514
119 91 0.21975652264972628
119 85 0.20011514880123382
119 84 0.1140416052603018
119 90 0.20428741966523856
119 47 0.13517249608728082
119 53 0.08156403210541067
