114 76 0.1282448371478078
114 62 0.1459225334267327
114 89 0.07362469525527329
114 88 0.2235576754202477
114 63 0.08649727595141618
114 77 0.029682809369361032
114 49 0.047883696037527027
114 61 0.004846910045878436
114 75 0.04062922893013714
114 74 0.20051490625912116
114 60 0.031149304193239635
114 48 0.06240210531907349
114 64 0.10146911499570599
114 70 0.26590318605686253
114 58 0.5032932111502094
114 59 0.08566238337001582
114 71 0.05025515166195863
114 65 0.017773162494594333
114 73 0.03316516337682392
114 67 0.21723532483621055
114 66 0.17432335283350742
114 72 0.08637453818776294
114 57 0.27485975782020056
114 94 0.2810899453068452
114 80 0.05512871243743004
114 81 0.21352992050804454
114 95 0.0661287508981667
114 56 0.1493810556454428
114 68 0.4355133121278166
114 54 0.12440361811922486
114 83 0.03660767616549436
114 82 0.03902460036136231
114 55 0.1560173171374006
114 69 0.3086009449355988
114 51 0.030871764224664047
114 79 0.06321015375468578
114 86 0.03459394512307097
114 92 0.2947963702502541
114 93 0.2502643830786832
114 87 0.18854540243945195
114 78 0.2453457530794947
114 50 0.06292751150508871
114 52 0.027281540682157657
114 46 0.1652979141774533
114 91 0.24623016761919386
114 85 0.24853106150745602
114 84 0.03394936986394853
114 90 0.24866675978549507
114 47 0.12123286102196168
114 53 0.05436932533073044
100 76 0.048702345199158996
100 62 0.08357663993928977
100 89 0.0384535694778152
100 88 0.1387547097180588
100 63 0.22595944205876134
100 77 0.04400123799473739
100 49 0.17790460981912792
100 61 0.026525567095125047
100 75 0.03502680395129604
100 74 0.05382551988408615
100 60 0.028882662650441468
100 48 0.08128200104836605
100 64 0.09373431591332743
100 70 0.15746203669642606
100 58 0.29701401406624506
100 59 0.04019506509549298
100 71 0.3929023712413889
100 65 0.031019790463121782
100 73 0.0043910231217661605
100 67 0.18041987378146912
100 66 0.11963877713776394
100 72 0.01581895154047115
100 57 0.2259636632590234
100 94 0.2209049582241503
100 80 0.41859211982584726
100 81 0.11893061332654509
100 95 0.05055907877019447
100 56 0.10369040326254908
100 68 0.32040853732086266
100 54 0.06506885187334138
100 83 0.052657895886902124
100 82 0.027660484789756065
100 55 0.20264086352903787
100 69 0.1897680347223431
100 51 0.10991397289548481
100 79 0.040607899245638096
100 86 0.1798921067186383
100 92 0.19502420883836818
100 93 0.17994007760027883
100 87 0.12371172071043812
100 78 0.15834534834904296
100 50 0.20633812274538765
100 52 0.020255544404326878
100 46 0.10705404413824487
100 91 0.19173066054475552
100 85 0.19110417419627826
100 84 0.040552404794582525
100 90 0.18649304982712134
100 47 0.07831088649838776
100 53 0.04284231788153954
128 76 0.07673304443418921
128 62 0.06051925265851785
128 89 0.124471297434565
128 88 0.2539013482008193
128 63 0.06741391739847204
128 77 0.05329220309316132
128 49 0.03975067440986925
128 61 0.05235852426293017
128 75 0.03845718126346677
128 74 0.026695844166479146
128 60 0.046611177473382726
128 48 0.050000332598382394
128 64 0.06830353797014663
128 70 0.1697487219365644
128 58 0.1680179287659752
128 59 0.020585169510745904
128 71 0.058472107040827774
128 65 0.015452280790027181
128 73 0.060547724211487755
128 67 0.24203575947399825
128 66 0.1681014455300823
128 72 0.06934320617415066
128 57 0.15785633294480594
128 94 0.37928044373240044
128 80 0.06456305227678868
128 81 0.18952238953107473
128 95 0.13071951638350054
128 56 0.20248572596667141
128 68 0.4473863688641394
128 54 0.08273291662977966
128 83 0.03025994718844842
128 82 0.030555877471202864
128 55 0.10738532595895256
128 69 0.21299196559826242
128 51 0.0691233964676235
128 79 0.12946633777503122
128 86 0.03050789642984278
128 92 0.38887180854207953
128 93 0.3300009834723371
128 87 0.30389968547812973
128 78 0.21579916114191536
128 50 0.08896645709901096
128 52 0.09948740139557008
128 46 0.11757158864246824
128 91 0.27635677557848454
128 85 0.3328389714870831
128 84 0.03786335652783292
128 90 0.33832644222589
128 47 0.09886433530453417
128 53 0.0229218555039217
129 76 0.03283197483361282
129 62 0.15399500429332727
129 89 0.11016138746161194
129 88 0.3188443434147407
129 63 0.14520880874994344
129 77 0.04906339364781934
129 49 0.06916326842842971
129 61 0.04797762062473188
129 75 0.016511889088216297
129 74 0.09701606929971299
129 60 0.008396615324838
129 48 0.11155123601385455
129 64 0.15502762296678063
129 70 0.34325995601934794
129 58 0.5739335046762944
129 59 0.015081097505978094
129 71 0.10365102462454219
129 65 0.058573528424180475
129 73 0.02488347963213755
129 67 0.31484683350104437
129 66 0.24846643364582105
129 72 0.01748098957511153
129 57 0.3922775739964737
129 94 0.40528114638174567
129 80 0.11402014982616208
129 81 0.2749686585577219
129 95 0.09945675966098208
129 56 0.21449397806337708
129 68 0.5930710177390907
129 54 0.18799735661660635
129 83 0.05208216889522542
129 82 0.277234404309792
129 55 0.20258008203770683
129 69 0.3953120468145885
129 51 0.05187957977924337
129 79 0.09988018630833302
129 86 0.03477190573726753
129 92 0.42323975926135077
129 93 0.35871475821038173
129 87 0.2663326794689083
129 78 0.32703470990534295
129 50 0.05683733887636617
129 52 0.03829399381791429
129 46 0.23809963223682618
129 91 0.3543892337706616
129 85 0.360243482127976
129 84 0.056846903462440354
129 90 0.3586129989147798
129 47 0.2115350497225808
129 53 0.07194872918559433
101 76 0.010369870527128441
101 62 0.08709439526746547
101 89 0.0882448192881703
101 88 0.08261306703833254
101 63 0.03354634631706006
101 77 0.09551410695569416
101 49 0.09538312146164657
101 61 0.04743162425486965
101 75 0.03176389590987176
101 74 0.010768116655033813
101 60 0.029321010235456912
101 48 0.04679282252963762
101 64 0.03266576256777501
101 70 0.09608158321476637
101 58 0.17566879217772247
101 59 0.04453604380924575
101 71 0.1471060400508152
101 65 0.04256477576562043
101 73 0.04732760370762396
101 67 0.10625383133435629
101 66 0.0735812782825998
101 72 0.011682733051161812
101 57 0.1537068052556984
101 94 0.12460353812818693
101 80 0.168134936978065
101 81 0.09589428571525926
101 95 0.017346480551592963
101 56 0.11066181891788482
101 68 0.19622498378898617
101 54 0.031011206206384243
101 83 0.027871554546360644
101 82 0.06324689523143122
101 55 0.056414064266983956
101 69 0.1150091506650762
101 51 0.07700878543258657
101 79 0.12379136012414702
101 86 0.10385193451993496
101 92 0.11548299282870532
101 93 0.10375666122416188
101 87 0.07228155081853574
101 78 0.09763535911327093
101 50 0.10551824674498406
101 52 0.012605978019524719
101 46 0.07934327419834691
101 91 0.14191725021068366
101 85 0.1085380075916622
101 84 0.05866065576892909
101 90 0.10667597847145782
101 47 0.04204288887936011
101 53 0.021467132029363914
115 76 0.016762311170754815
115 62 0.05647451918066836
115 89 0.06328609135872443
115 88 0.08616392464315853
115 63 0.028619841382806724
115 77 0.08726650433694444
115 49 0.061706256222637215
115 61 0.03469133987212471
115 75 0.04775842222856199
115 74 0.15349737426374555
115 60 0.029201450302471163
115 48 0.040464687481915895
115 64 0.11058811058736648
115 70 0.09100901715078387
115 58 0.0498308805433123
115 59 0.04870313141092595
115 71 0.051052346920098184
115 65 0.011527419044415732
115 73 0.005180810017735904
115 67 0.10356624029764201
115 66 0.18628208513827
115 72 0.14456488734932893
115 57 0.0749983050921035
115 94 0.14250368837125563
115 80 0.05657521817339449
115 81 0.04962952049781518
115 95 0.056565211712452185
115 56 0.20277925230827093
115 68 0.16506514992295263
115 54 0.06507789641838882
115 83 0.13338911515200264
115 82 0.05549711012390999
115 55 0.11198894094061378
115 69 0.07623347634208355
115 51 0.07506048833627788
115 79 0.0580170671568464
115 86 0.055638338231509404
115 92 0.14584925012642863
115 93 0.12742579757025718
115 87 0.07571483398361983
115 78 0.08351538841087806
115 50 0.026835369750990573
115 52 0.7589254076114994
115 46 0.4763498951956538
115 91 0.13272737468527107
115 85 0.1299883661119732
115 84 0.02657111187811835
115 90 0.12976213976720014
115 47 0.2734851979302866
115 53 0.2348971808494485
103 76 0.03783895280628066
103 62 0.17363706335599072
103 89 0.0656717085071831
103 88 0.23086791787229577
103 63 0.07779828174367807
103 77 0.062349282892765985
103 49 0.06329267721654133
103 61 0.041396280421903686
103 75 0.04532536483541534
103 74 0.0374435987103091
103 60 0.01797437866133897
103 48 0.06718423964523414
103 64 0.094386028473161
103 70 0.34742273695872267
103 58 0.8093115689790509
103 59 0.03050408166537466
103 71 0.11708302322428062
103 65 0.05705020457091582
103 73 0.052148808482289484
103 67 0.27080177727339544
103 66 0.20892400729967614
103 72 0.04117631808848134
103 57 0.42346486759292723
103 94 0.3101045100595176
103 80 0.12900964186615577
103 81 0.2437975360930451
103 95 0.05438376655085705
103 56 0.1986945153457585
103 68 0.5877721326433398
103 54 0.11496720882645142
103 83 0.04401660437491926
103 82 0.08375224135551035
103 55 0.206002600141957
103 69 0.39314658608628716
103 51 0.03400896346761108
103 79 0.06742528253585925
103 86 0.039406663874948164
103 92 0.3158708036606023
103 93 0.27330812115454234
103 87 0.20059323240375737
103 78 0.29161754115561894
103 50 0.06689908818238796
103 52 0.02998223434223675
103 46 0.1664537969155473
103 91 0.2828665989689759
103 85 0.27635122684908875
103 84 0.06269164498828267
103 90 0.27535947215432666
103 47 0.1268338423502647
103 53 0.04564040795726673
117 76 0.18557939127861806
117 62 0.20210007604028069
117 89 0.04965611591279127
117 88 0.15615779432911198
117 63 0.05056592255057305
117 77 0.33012650002125726
117 49 0.19076825760553032
117 61 0.07712130489209387
117 75 0.5764216868457869
117 74 0.3671303919669015
117 60 0.033113341286225104
117 48 0.38756081417594923
117 64 0.12301782175560798
117 70 0.224067566225447
117 58 0.5417137033191969
117 59 0.03352334825475524
117 71 0.052866589056744635
117 65 0.02484091877654844
117 73 0.43673419129711505
117 67 0.1632020647066726
117 66 0.12834320473000554
117 72 0.125762524252198
117 57 0.22889606137331595
117 94 0.20976512603878775
117 80 0.051269519068742296
117 81 0.15372901154097615
117 95 0.13176552336137998
117 56 0.19556478954374173
117 68 0.3404330286121654
117 54 0.07330298477123676
117 83 0.6174345524035734
117 82 0.065499024581841
117 55 0.13937029689605046
117 69 0.2370099600228993
117 51 0.12852922298648797
117 79 0.3530056126004073
117 86 0.01378123448750862
117 92 0.22165642255258997
117 93 0.18869397737503435
117 87 0.20798317226624458
117 78 0.2263118393700047
117 50 0.02597675169112061
117 52 0.08517972204040115
117 46 0.2931691840462688
117 91 0.1915503202299016
117 85 0.18803301262191036
117 84 0.0784677796028907
117 90 0.18989600332260997
117 47 0.09485075070221038
117 53 0.050032878605259325
116 76 0.042244411398030327
116 62 0.15882353091519152
116 89 0.08123815618307162
116 88 0.2584717690252698
116 63 0.08805361456745175
116 77 0.06863441234706946
116 49 0.05455071217329493
116 61 0.09998423383482412
116 75 0.04091885671946102
116 74 0.04434066600049921
116 60 0.0386223626272503
116 48 0.07578646780163692
116 64 0.10201581510579255
116 70 0.34399482892014915
116 58 0.6744954309731843
116 59 0.09590167794989046
116 71 0.06220985174159265
116 65 0.03865417608944868
116 73 0.03203200875520708
116 67 0.2645607170507206
116 66 0.22239245350938996
116 72 0.04366086281848787
116 57 0.37228591162334507
116 94 0.33877140798749084
116 80 0.06825417446197397
116 81 0.24476142159325875
116 95 0.05184008778921189
116 56 0.24529172446796504
116 68 0.5400379262286356
116 54 0.12287255043160894
116 83 0.23697757452208568
116 82 0.3896902000028007
116 55 0.18932367144085097
116 69 0.37148168582621016
116 51 0.01790416579899952
116 79 0.09527251656037528
116 86 0.04617173773489572
116 92 0.35534059376400706
116 93 0.3014719195710177
116 87 0.22467036292049916
116 78 0.29817563575985107
116 50 0.04987716568647395
116 52 0.046979227851377967
116 46 0.2558947089446765
116 91 0.3011371280828963
116 85 0.30161871562549425
116 84 0.10785100176315095
116 90 0.3019051812138012
116 47 0.13737349399262466
116 53 0.037346544731170744
102 76 0.04730179665854681
102 62 0.08926910757880065
102 89 0.056553609610737805
102 88 0.08387906272598802
102 63 0.05451773522602291
102 77 0.04784110796083961
102 49 0.037565626769444055
102 61 0.022157289120117704
102 75 0.03458577672923305
102 74 0.017698668784813312
102 60 0.04912981860875424
102 48 0.02967651894251716
102 64 0.04091968591574573
102 70 0.1628203276077271
102 58 0.4869868389533248
102 59 0.05644933374335602
102 71 0.07605922138625987
102 65 0.011616718130423032
102 73 0.030039581347069813
102 67 0.11853013436306041
102 66 0.06775561657032814
102 72 0.057143362483644294
102 57 0.2352676186455202
102 94 0.11321700193607556
102 80 0.08410407633448566
102 81 0.11709497972397435
102 95 0.016615035836559225
102 56 0.08606459870345047
102 68 0.28160826778864007
102 54 0.05120798185092385
102 83 0.05806223772544869
102 82 0.017527859063675433
102 55 0.08751280224177081
102 69 0.1891697379894242
102 51 0.026650561975248704
102 79 0.040726485324787357
102 86 0.051544259641427836
102 92 0.10803632604342014
102 93 0.09046771825606975
102 87 0.07133750939451974
102 78 0.12018841242197749
102 50 0.03484540605126239
102 52 0.029228410803508395
102 46 0.06525104240509588
102 91 0.09518832634687252
102 85 0.09889319352997725
102 84 0.01958415005172766
102 90 0.09020848068804455
102 47 0.06970350287094353
102 53 0.04289754880952673
106 76 0.060719860062977735
106 62 0.0826111255121813
106 89 0.03387472757899253
106 88 0.1131894245646664
106 63 0.036614483749899854
106 77 0.014872476837193185
106 49 0.04612411341682522
106 61 0.04570099450740821
106 75 0.022343668583972104
106 74 0.026222651476024664
106 60 0.043879613698251954
106 48 0.04869711184696246
106 64 0.04899667581852466
106 70 0.17366068356514824
106 58 0.41960028840699276
106 59 0.040775654423523544
106 71 0.050183336450458645
106 65 0.024979629238526008
106 73 0.026492424827806782
106 67 0.12396916331055699
106 66 0.09171368155434077
106 72 0.14203153100075888
106 57 0.20091185632216907
106 94 0.1398686889285921
106 80 0.04684455546202987
106 81 0.12220012188813033
106 95 0.07561478025060389
106 56 0.08704682900071799
106 68 0.2779775449525627
106 54 0.06092712313172889
106 83 0.02822125101301229
106 82 0.03353284644219784
106 55 0.11626571208154542
106 69 0.20171106931287364
106 51 0.048588263828757305
106 79 0.05549986874999031
106 86 0.05356561946451217
106 92 0.14788469264735798
106 93 0.12488976051048348
106 87 0.09825835619257875
106 78 0.14663608328496616
106 50 0.02028742959407623
106 52 0.05345891645421239
106 46 0.08446043985163718
106 91 0.12505453880671674
106 85 0.12250247932328255
106 84 0.026092221852556843
106 90 0.12373207793187206
106 47 0.0897929356409851
106 53 0.056493789856598906
112 76 0.036454589274650825
112 62 0.1610386635916775
112 89 0.06569839714142427
112 88 0.2090010192056699
112 63 0.0697122425409119
112 77 0.03240966266035113
112 49 0.04596323236322222
112 61 0.031793125805491665
112 75 0.036999697447884436
112 74 0.029386882570447373
112 60 0.03580810322466976
112 48 0.06204464120894458
112 64 0.09474311025617918
112 70 0.324981431766737
112 58 0.8094713220632456
112 59 0.035422336678850155
112 71 0.08263998077112619
112 65 0.046733732493038575
112 73 0.025464372759239864
112 67 0.23490327596806032
112 66 0.1671695577548314
112 72 0.018837279856168593
112 57 0.3889630139287933
112 94 0.2558653923133558
112 80 0.09070348507673628
112 81 0.23254581488384027
112 95 0.04066008573829158
112 56 0.1625879866778277
112 68 0.5220911254138331
112 54 0.11713104393289257
112 83 0.059074235955306836
112 82 0.04309834891764777
112 55 0.21674498589082314
112 69 0.38055196081986864
112 51 0.030221283681041405
112 79 0.06531445550516238
112 86 0.04661524429239781
112 92 0.2703126421365011
112 93 0.22946817960000587
112 87 0.18098225116444144
112 78 0.27318020843219765
112 50 0.04631649386678301
112 52 0.04205727681831718
112 46 0.1610476785797905
112 91 0.23086956651668855
112 85 0.22481597616429816
112 84 0.051877651180230744
112 90 0.22703449637253212
112 47 0.10527158100066934
112 53 0.03295527077624395
113 76 0.04256189957262764
113 62 0.1649280421997853
113 89 0.09951924636771912
113 88 0.32594689534839283
113 63 0.12782173352567816
113 77 0.09629310273834643
113 49 0.07101264087103229
113 61 0.05115589806692246
113 75 0.03578717942716812
113 74 0.053407443934156106
113 60 0.01598899736177363
113 48 0.10253270243912832
113 64 0.14228914835259412
113 70 0.36691708276060736
113 58 0.6046014657069121
113 59 0.02371664372971391
113 71 0.09438938615907858
113 65 0.03340372640778248
113 73 0.04371889959295251
113 67 0.32545609012444493
113 66 0.26572476133630796
113 72 0.0496967629293432
113 57 0.37760689207125936
113 94 0.42670609258320175
113 80 0.10362367850377063
113 81 0.28618546044261245
113 95 0.12190511929962704
113 56 0.2861485148974926
113 68 0.6182132142470281
113 54 0.1713880681600724
113 83 0.1888393304239831
113 82 0.0963035745190168
113 55 0.2158574654199142
113 69 0.4137306577503007
113 51 0.026929497070671216
113 79 0.11726659561057451
113 86 0.032287773525571745
113 92 0.44442897042942175
113 93 0.37850888276430855
113 87 0.2784578615019968
113 78 0.34734053676037857
113 50 0.06493025422228857
113 52 0.04984747354643363
113 46 0.25689407272952286
113 91 0.37694196868524527
113 85 0.38099901968855043
113 84 0.09091760099068738
113 90 0.3795813204216137
113 47 0.1894427040687197
113 53 0.04828298357388695
107 76 0.039025001559001654
107 62 0.09518435381880817
107 89 0.034087570962403016
107 88 0.10776917512861917
107 63 0.03945285149769043
107 77 0.022339327934261174
107 49 0.04596811726365156
107 61 0.023641929237921744
107 75 0.014623976465852395
107 74 0.005194479466242588
107 60 0.04876544455908912
107 48 0.02743562019150285
107 64 0.042031802822160486
107 70 0.03438636689581201
107 58 0.004401922876051886
107 59 0.03314141519642813
107 71 0.0666053028648333
107 65 0.027667168783841775
107 73 0.03822958252579617
107 67 0.09703675375303347
107 66 0.15187973633464785
107 72 0.0011613087639565645
107 57 0.08443004454708825
107 94 0.06802142890974945
107 80 0.07381286203101609
107 81 0.02359138698207476
107 95 0.04827034733768045
107 56 0.544628165094335
107 68 0.3804276966901136
107 54 0.020255960398318507
107 83 0.06929741043775706
107 82 0.014480848044647929
107 55 0.06799676958050652
107 69 0.04059831365842463
107 51 0.015840812720225583
107 79 0.0400556230895133
107 86 0.035086539254329044
107 92 0.065848101470427
107 93 0.09190468887319786
107 87 0.05784544451398436
107 78 0.0468034741131715
107 50 0.03586927744759788
107 52 0.009664651706262184
107 46 0.04911693549658077
107 91 0.0656996134831331
107 85 0.06161857148685054
107 84 0.026525907076205085
107 90 0.06029070192332573
107 47 0.01973727313116047
107 53 0.026346495822437824
139 76 0.12304994708392633
139 62 0.044802617429110736
139 89 0.06088976235590094
139 88 0.15958225020486072
139 63 0.03567024619422382
139 77 0.03455380203613945
139 49 0.03793748418209489
139 61 0.10353964343483536
139 75 0.025770090435991627
139 74 0.08940754579119067
139 60 0.04348131729129716
139 48 0.028020062906288654
139 64 0.0330357615082353
139 70 0.11650308521124593
139 58 0.11875065893981746
139 59 0.08725486821785769
139 71 0.057710934736703745
139 65 0.039892441312820756
139 73 0.02177967249221538
139 67 0.11895396956720465
139 66 0.24469010307576616
139 72 0.031153803887246923
139 57 0.14830463097410396
139 94 0.21828168743360143
139 80 0.0639088027743919
139 81 0.07378815240068841
139 95 0.02231913307297477
139 56 0.08028899161187832
139 68 0.2135252394563092
139 54 0.06351019283890691
139 83 0.03902062922670864
139 82 0.06249246265186947
139 55 0.05655089695113773
139 69 0.11664642690617745
139 51 0.04349140394919673
139 79 0.07704904516962982
139 86 0.05472752527804428
139 92 0.2273601735788744
139 93 0.20406803224008502
139 87 0.12924602012361583
139 78 0.10941432539863175
139 50 0.05136819484040295
139 52 0.0845531409000995
139 46 0.09546613323122446
139 91 0.17581110875490535
139 85 0.2036227329427367
139 84 0.026666094020782516
139 90 0.1988063250137014
139 47 0.055724968466550166
139 53 0.030968649754740174
111 76 0.04987808455871817
111 62 0.1987816464656158
111 89 0.11063070812871498
111 88 0.34849907273001773
111 63 0.11415371060238061
111 77 0.05487667446236047
111 49 0.05459207639704361
111 61 0.019317185628147493
111 75 0.04889180787330983
111 74 0.04761008355827009
111 60 0.03671048829878179
111 48 0.09162369272130992
111 64 0.13829446195684328
111 70 0.45425090474090596
111 58 0.8873389564623574
111 59 0.032951209661934294
111 71 0.0825880472197216
111 65 0.041710892357923565
111 73 0.043376395788236696
111 67 0.36096240431069965
111 66 0.2951439607648761
111 72 0.021638916854984064
111 57 0.4819821728345071
111 94 0.4469795089510267
111 80 0.09046460007458076
111 81 0.33487829223122284
111 95 0.07336887804933735
111 56 0.25584838400572313
111 68 0.746698058119176
111 54 0.16905048083182156
111 83 0.0621829754988224
111 82 0.07140363643113318
111 55 0.25636397998554716
111 69 0.5334535300193276
111 51 0.035876952389183064
111 79 0.10941563968276387
111 86 0.0264611609825353
111 92 0.4697156373060646
111 93 0.3980011609299626
111 87 0.3041177976439764
111 78 0.42919842139732894
111 50 0.07397710062885143
111 52 0.042625586207676425
111 46 0.24701148833096276
111 91 0.394400405004999
111 85 0.3946782648269229
111 84 0.0625288747240942
111 90 0.39604525176524913
111 47 0.1753412100054097
111 53 0.026801874103326476
105 76 0.031704175122008266
105 62 0.0660455180615144
105 89 0.028809433342017077
105 88 0.11223278729078885
105 63 0.033534528448955006
105 77 0.0420607110118137
105 49 0.13302398440211477
105 61 0.03826071071622783
105 75 0.028612261175363696
105 74 0.057986433487133955
105 60 0.045040137218291865
105 48 0.08183241627420575
105 64 0.03683430035945817
105 70 0.11707593666456459
105 58 0.19083181368940325
105 59 0.03181594108392034
105 71 0.2858943658475984
105 65 0.039339150370549705
105 73 0.029933153266081827
105 67 0.19657656233502266
105 66 0.1145875190373457
105 72 0.03660834867670358
105 57 0.25528349309345544
105 94 0.208571628316629
105 80 0.30160586693233
105 81 0.08336112082361098
105 95 0.05663292190122408
105 56 0.26977068369490464
105 68 0.375177327013279
105 54 0.041251953698388244
105 83 0.14697353213470243
105 82 0.04045571528792531
105 55 0.06252145965630995
105 69 0.14812987906686084
105 51 0.09786146589259638
105 79 0.054322626477980106
105 86 0.16038707371714628
105 92 0.16789684893258103
105 93 0.15650388595065812
105 87 0.10494384427305228
105 78 0.1335123231727435
105 50 0.11803889187532943
105 52 0.028306172794380094
105 46 0.0639411947911446
105 91 0.17392643014205586
105 85 0.18183557682943455
105 84 0.0396756700945885
105 90 0.16405647513541155
105 47 0.06205839565233485
105 53 0.04581611743511968
104 76 0.049933949223055045
104 62 0.15714507641046757
104 89 0.05447477976214667
104 88 0.18175481699147095
104 63 0.06568196824491807
104 77 0.021853169677037307
104 49 0.054655005776819685
104 61 0.036888688616302776
104 75 0.04393706138380084
104 74 0.029819090115750346
104 60 0.0352854021956171
104 48 0.05353940667841526
104 64 0.08897593559729457
104 70 0.3111827935334584
104 58 0.8298550291808594
104 59 0.043072453457942805
104 71 0.05507141375129829
104 65 0.013331399103774691
104 73 0.04395932957938366
104 67 0.19417292131198396
104 66 0.1415648842020736
104 72 0.08283286120073562
104 57 0.36504094632287437
104 94 0.21848933345831958
104 80 0.051225520445295616
104 81 0.22238159083438108
104 95 0.07121071658595578
104 56 0.14611545191713377
104 68 0.46670719993283644
104 54 0.11014252769481792
104 83 0.03182924351249837
104 82 0.039156043176621025
104 55 0.18367751107946795
104 69 0.3520419825207559
104 51 0.0162710859908948
104 79 0.05309025971262884
104 86 0.020199015773205584
104 92 0.23086432927859735
104 93 0.19497514887116363
104 87 0.1540352800291156
104 78 0.23706791583137693
104 50 0.0415915035447451
104 52 0.028263907703892102
104 46 0.1436459759807832
104 91 0.19685654622323567
104 85 0.1915768472247686
104 84 0.04654728875215437
104 90 0.19347409122236983
104 47 0.098649364000784
104 53 0.057483792995734466
110 76 0.02099119471223186
110 62 0.186757644180261
110 89 0.18653016438283754
110 88 0.33296144989739945
110 63 0.05774990727136616
110 77 0.2925549189059642
110 49 0.03368743117252354
110 61 0.040454697895721425
110 75 0.05073384104937241
110 74 0.05218898481074299
110 60 0.09449568449611516
110 48 0.0755668600986338
110 64 0.0646427017794479
110 70 0.19002984002680345
110 58 0.354404416486141
110 59 0.022002417554422116
110 71 0.18024148771311232
110 65 0.06468465488220362
110 73 0.03864180831561205
110 67 0.1581632217675335
110 66 0.12760960419693923
110 72 0.17857493608483532
110 57 0.19989075319603813
110 94 0.2045860714620204
110 80 0.18461546542056936
110 81 0.30747838238823927
110 95 0.07862284409664083
110 56 0.15276173333187715
110 68 0.31487018723088395
110 54 0.08150933723841122
110 83 0.03710124482580228
110 82 0.24384432180915067
110 55 0.11684950318776852
110 69 0.30456260386810563
110 51 0.06648600867374585
110 79 0.16940909132966508
110 86 0.0130546264165637
110 92 0.2135077786158233
110 93 0.3170540630874501
110 87 0.1338677551345641
110 78 0.22184726290432855
110 50 0.02509683220344444
110 52 0.026022163735811385
110 46 0.14713562551693782
110 91 0.1963124849902954
110 85 0.20692334950149724
110 84 0.028956236374924588
110 90 0.20222411536583532
110 47 0.09017836794245275
110 53 0.04600970834478896
138 76 0.029828672887600202
138 62 0.10444420628607497
138 89 0.053833775223202485
138 88 0.16599232688234522
138 63 0.05707454124691776
138 77 0.10931772660278226
138 49 0.04336813914395132
138 61 0.048627007020523756
138 75 0.02512903926835866
138 74 0.05570019685040147
138 60 0.03732177984237699
138 48 0.0630172315507597
138 64 0.05380590531099863
138 70 0.15590686793144812
138 58 0.1342624021622341
138 59 0.016006050657265014
138 71 0.08207952057660708
138 65 0.044254705875033495
138 73 0.029592125433698463
138 67 0.1864486608247513
138 66 0.22676241948912917
138 72 0.14480250667104166
138 57 0.2074834824989074
138 94 0.2518277130471837
138 80 0.090680461724125
138 81 0.14417229070108614
138 95 0.041599588077996144
138 56 0.11539385839723205
138 68 0.3205890568385596
138 54 0.0644167912282138
138 83 0.04495553813141004
138 82 0.1411935642491255
138 55 0.07562261464304594
138 69 0.1771387667818486
138 51 0.022146867953684188
138 79 0.04791909098864936
138 86 0.053528684411071434
138 92 0.23891597569496636
138 93 0.20511500131075666
138 87 0.14841825197251507
138 78 0.17559518539933328
138 50 0.04517327446954254
138 52 0.015504267636773164
138 46 0.10394324826059813
138 91 0.20577662058625507
138 85 0.20912002683711256
138 84 0.07202706764598898
138 90 0.20735406736462086
138 47 0.09585124356890665
138 53 0.11879288852665729
140 76 0.14698842183509597
140 62 0.0583518725816332
140 89 0.04718475778268804
140 88 0.10691578024453437
140 63 0.07428067517780094
140 77 0.046253416857012675
140 49 0.10485182722716534
140 61 0.03923146492119947
140 75 0.04202335588476723
140 74 0.014490167828910161
140 60 0.0025681506319124997
140 48 0.055541595261769605
140 64 0.03285220497549486
140 70 0.17016241934508347
140 58 0.22595727939726137
140 59 0.0887483316265638
140 71 0.054610123376249986
140 65 0.008775404114327673
140 73 0.0660533979268344
140 67 0.12871526052197932
140 66 0.20174369498359393
140 72 0.006185783816746851
140 57 0.15469474676801215
140 94 0.16167758059876458
140 80 0.060382986313319675
140 81 0.12293650779583923
140 95 0.06702604097855999
140 56 0.08683388817727108
140 68 0.2538897111931623
140 54 0.049742126828265405
140 83 0.04105411878985897
140 82 0.11450831217217892
140 55 0.06632099681968351
140 69 0.18632260996254837
140 51 0.02744669850171702
140 79 0.0343502338674376
140 86 0.017260895913853797
140 92 0.1564499740264124
140 93 0.1341962927474299
140 87 0.10632921560415136
140 78 0.2228754470641302
140 50 0.10532891593256896
140 52 0.010921272082527689
140 46 0.06152784507733899
140 91 0.13620948475934377
140 85 0.14455534553924562
140 84 0.06978738655792252
140 90 0.13539435636709762
140 47 0.048690578926351584
140 53 0.05552704402929104
135 76 0.12205717767171342
135 62 0.2502478700695912
135 89 0.05654715484927833
135 88 0.18431240875279928
135 63 0.08085275883313137
135 77 0.23067999217598972
135 49 0.2928024631353997
135 61 0.046972538775052426
135 75 0.3405803547849181
135 74 0.19775949560423603
135 60 0.022810496111719328
135 48 0.31748846205371645
135 64 0.07842518983078242
135 70 0.17660641395886
135 58 0.1897111783286306
135 59 0.010796286545885325
135 71 0.18842787617000017
135 65 0.022134578530171367
135 73 0.2540809996662445
135 67 0.21327277118734933
135 66 0.1563737794796231
135 72 0.04172395429675489
135 57 0.23690162916703555
135 94 0.2854731157712683
135 80 0.20424464742973317
135 81 0.19240645670740109
135 95 0.1193305311901973
135 56 0.2796958635886931
135 68 0.3375978951992734
135 54 0.09002946926050406
135 83 0.5607717289547983
135 82 0.035831759177653744
135 55 0.11050695419404516
135 69 0.18770901775825774
135 51 0.12130376791912305
135 79 0.14409614166446855
135 86 0.09022975492264548
135 92 0.2687284468772042
135 93 0.23392262707296968
135 87 0.18808192634381166
135 78 0.21767573890037983
135 50 0.1173433538661442
135 52 0.07253707167836557
135 46 0.2962303839756212
135 91 0.23924335151355292
135 85 0.2414310760420269
135 84 0.16185882274733182
135 90 0.239384167509532
135 47 0.14361056404010147
135 53 0.2724147784100285
121 76 0.0809041995172455
121 62 0.15130571012339306
121 89 0.13901242124404192
121 88 0.28807417189138673
121 63 0.13646609114618855
121 77 0.10101479460982185
121 49 0.11458877212722247
121 61 0.051137694239956566
121 75 0.029094166935734314
121 74 0.08473407386310741
121 60 0.06620363092841908
121 48 0.10504175897526459
121 64 0.09574366579934339
121 70 0.11994946628308313
121 58 0.10588436674841403
121 59 0.038490299331397554
121 71 0.3243221068232462
121 65 0.09081326711899053
121 73 0.022871993096760523
121 67 0.34143460706958584
121 66 0.14722885751106757
121 72 0.059392522017027397
121 57 0.37641164213340444
121 94 0.5017354375652687
121 80 0.3565126280647543
121 81 0.1540807079749446
121 95 0.08271949796128851
121 56 0.20581504426700845
121 68 0.34234943775017185
121 54 0.10335355817148227
121 83 0.3288638757822852
121 82 0.08477385730151242
121 55 0.18770281695868193
121 69 0.3428728747156955
121 51 0.11812077079081068
121 79 0.09706614645192983
121 86 0.1409424930661535
121 92 0.37226167559185885
121 93 0.2879986768334808
121 87 0.2106334746016898
121 78 0.448807535335379
121 50 0.12617838187750474
121 52 0.02244303148437571
121 46 0.15978164952844418
121 91 0.31631835682290366
121 85 0.2570114501910453
121 84 0.02835376628699776
121 90 0.27461349954679964
121 47 0.16484559827821443
121 53 0.07094453982243162
109 76 0.0726371026431303
109 62 0.1300926819935135
109 89 0.05738702600375661
109 88 0.18411274012731166
109 63 0.08838367079462622
109 77 0.14423804178958277
109 49 0.09771124643759314
109 61 0.061617076057879305
109 75 0.03465112093117448
109 74 0.13003790894400558
109 60 0.008463043408572374
109 48 0.05348048352392792
109 64 0.07925118435005671
109 70 0.24152406748727923
109 58 0.49077064705488277
109 59 0.007605854440289911
109 71 0.05948533480498569
109 65 0.06192071617051509
109 73 0.003448462898931498
109 67 0.19270296414016702
109 66 0.15048907720081117
109 72 0.13671799099410642
109 57 0.2600790780881833
109 94 0.2365135456746556
109 80 0.06526608463637207
109 81 0.2844178547941248
109 95 0.08807404622018287
109 56 0.13932052481624457
109 68 0.39633993111466354
109 54 0.0958812989270418
109 83 0.04412131879693321
109 82 0.03248871009959384
109 55 0.14767739236531768
109 69 0.2832029403819772
109 51 0.016784643058063972
109 79 0.06177208788542604
109 86 0.03398426513597737
109 92 0.24839954733834235
109 93 0.21239434042999505
109 87 0.16025169161127853
109 78 0.3075932753431847
109 50 0.10370301219496146
109 52 0.042978858197702474
109 46 0.1548588443382485
109 91 0.21288698249189247
109 85 0.20995004824975677
109 84 0.63164494333259
109 90 0.21549347611883413
109 47 0.09652328857488644
109 53 0.024918329565474254
108 76 0.05546556176468798
108 62 0.2360183793146295
108 89 0.12594514404559845
108 88 0.4084803236197807
108 63 0.1551631366096187
108 77 0.07640543043456254
108 49 0.07988092996914176
108 61 0.04505066804919276
108 75 0.0610819036170218
108 74 0.07112927761014523
108 60 0.035925721469802274
108 48 0.12495985762245733
108 64 0.17952478122332388
108 70 0.5152013307457888
108 58 1.0
108 59 0.032639722069605845
108 71 0.11329816208503364
108 65 0.03833792641616611
108 73 0.053956618339058376
108 67 0.4196119837332489
108 66 0.338206211321405
108 72 0.06192789445284481
108 57 0.5600116187469198
108 94 0.5250466251794264
108 80 0.12435735753444187
108 81 0.3890972995960258
108 95 0.07989368977478775
108 56 0.30044572492588145
108 68 0.8482733632318773
108 54 0.21835046369930305
108 83 0.08088736212728463
108 82 0.08636128547757288
108 55 0.2991135913733712
108 69 0.5899507774460357
108 51 0.04405852107410865
108 79 0.13666639435291011
108 86 0.039009207616326674
108 92 0.5489890041115247
108 93 0.4654042549805743
108 87 0.35158300901459477
108 78 0.47152425407473736
108 50 0.06830253613435135
108 52 0.03676418611989879
108 46 0.3064624516924119
108 91 0.4647672162099216
108 85 0.4652515761569304
108 84 0.06857568688170038
108 90 0.46597317025485646
108 47 0.23377201247816953
108 53 0.04055844566310163
120 76 0.02467705522061564
120 62 0.10066947551331915
120 89 0.07265153005283946
120 88 0.15845164133605869
120 63 0.03525623145321986
120 77 0.2886451401979645
120 49 0.03568573182767272
120 61 0.004970364723367968
120 75 0.09351954002626918
120 74 0.030388855702116024
120 60 0.030190374582361706
120 48 0.034160276381352855
120 64 0.05179125156496334
120 70 0.07774717860843658
120 58 0.06762752632921071
120 59 0.07177663065626214
120 71 0.08102192581456757
120 65 0.0015261291884983846
120 73 0.03992491015028249
120 67 0.14613558140904087
120 66 0.1516335382163129
120 72 0.04766137806357157
120 57 0.10246559901922553
120 94 0.20030377098891633
120 80 0.08949058165016963
120 81 0.0841027147314968
120 95 0.020542175544851576
120 56 0.09265267770004525
120 68 0.17523727951918167
120 54 0.05264713110991132
120 83 0.052368745857234486
120 82 0.04458600956687335
120 55 0.27841579386230997
120 69 0.09549987498571608
120 51 0.10368323735613044
120 79 0.04699328213006665
120 86 0.040161156554907915
120 92 0.18656513187200463
120 93 0.17311906146783856
120 87 0.13076793658479036
120 78 0.13482426416373333
120 50 0.08254504746546276
120 52 0.0018194277261797953
120 46 0.055835900737031346
120 91 0.1575416789600983
120 85 0.14784347687808555
120 84 0.0797919255056885
120 90 0.14420361405117274
120 47 0.0668682366980359
120 53 0.4484635075732343
134 76 0.16382483578572457
134 62 0.07597742594649762
134 89 0.03426254879383113
134 88 0.1273882750595134
134 63 0.05073605874972775
134 77 0.060726505512140504
134 49 0.2708991636225126
134 61 0.01760021757669157
134 75 0.3846242189672515
134 74 0.12379802344047859
134 60 0.06667555916093457
134 48 0.27466009742332603
134 64 0.06887581109296381
134 70 0.128516372185103
134 58 0.17083135984016912
134 59 0.01681780005531397
134 71 0.37406230298451304
134 65 0.0
134 73 0.2931269090881986
134 67 0.20360864238291487
134 66 0.11485003116292476
134 72 0.07297434115082599
134 57 0.2679450473666789
134 94 0.23439710785318324
134 80 0.40277374822887785
134 81 0.09048575442201795
134 95 0.1243355933481736
134 56 0.10177390004384863
134 68 0.2802748251028211
134 54 0.07900486409996091
134 83 0.3126630292904777
134 82 0.024857269977888827
134 55 0.19383360435387328
134 69 0.144721832378003
134 51 0.12785961221958947
134 79 0.046886179485478914
134 86 0.11826910125783568
134 92 0.18943699022109783
134 93 0.17316190136549203
134 87 0.11442005002802355
134 78 0.13368123681437993
134 50 0.09984772239642303
134 52 0.5778181607513174
134 46 0.11368563964294956
134 91 0.18289527324647903
134 85 0.18333038459654027
134 84 0.08081542242905951
134 90 0.17964153816078385
134 47 0.2547454267702566
134 53 0.48621483053590087
122 76 0.06876111714034536
122 62 0.07429759540132724
122 89 0.09837297741637906
122 88 0.16993529852294448
122 63 0.11366718301082405
122 77 0.08599634219494193
122 49 0.23692269802522115
122 61 0.028604936346171395
122 75 0.01993029909795406
122 74 0.12261800592674041
122 60 0.02190591523986811
122 48 0.0848056072551925
122 64 0.05673507958197656
122 70 0.13956570946961944
122 58 0.14115416354766422
122 59 0.04192530448167649
122 71 0.5430731685986916
122 65 0.008077141671273477
122 73 0.002552583803469455
122 67 0.4102891851779706
122 66 0.15817309622466252
122 72 0.019161196606066702
122 57 0.433679393676932
122 94 0.2846437219445618
122 80 0.5796215365189875
122 81 0.12034977079330209
122 95 0.04566561789517545
122 56 0.11217876211196694
122 68 0.3805466567377718
122 54 0.06786563109741289
122 83 0.3091332102670042
122 82 0.03473988884981502
122 55 0.09972130547432999
122 69 0.20463501746189405
122 51 0.16967960864742687
122 79 0.045276360853037545
122 86 0.28019063344411127
122 92 0.2527927870068233
122 93 0.22858040456190415
122 87 0.15548287974847858
122 78 0.24811496890215307
122 50 0.269876535626533
122 52 0.057746560554476134
122 46 0.1038179209389896
122 91 0.24476740681712922
122 85 0.5007659991953797
122 84 0.10241601812225506
122 90 0.4556784322451595
122 47 0.10144532121464049
122 53 0.06820568053015469
136 76 0.00980873127210971
136 62 0.0733625001137781
136 89 0.08761007470397131
136 88 0.08211018589501425
136 63 0.09622531422731596
136 77 0.28334374257248657
136 49 0.21175926875616052
136 61 0.052900942092067665
136 75 0.00566861486974099
136 74 0.01683788156053989
136 60 0.0504847773502008
136 48 0.18748667987071424
136 64 0.03251320505772576
136 70 0.07971074530849048
136 58 0.08612276518789362
136 59 0.09703462875451918
136 71 0.028220385466884837
136 65 0.05516632992868301
136 73 0.0631044496024911
136 67 0.0836371442019429
136 66 0.06803773838949595
136 72 0.08581222965483817
136 57 0.08453580416752335
136 94 0.11664782545606314
136 80 0.03140621513813614
136 81 0.43954941819218324
136 95 0.03557045214556931
136 56 0.2798970487982692
136 68 0.19729604884986612
136 54 0.04424372161864028
136 83 0.03075060682247048
136 82 0.05538853951690683
136 55 0.08257968985218325
136 69 0.08198698976826987
136 51 0.06822910900439033
136 79 0.6491909529408847
136 86 0.04872442387888222
136 92 0.11905838701055096
136 93 0.10074177759907593
136 87 0.06997667011081954
136 78 0.1096760280820413
136 50 0.08040758209244553
136 52 0.029520531414801515
136 46 0.15137362593776266
136 91 0.14206283797838354
136 85 0.10209766008684804
136 84 0.012749597485204225
136 90 0.102526023454356
136 47 0.204435585489279
136 53 0.02151979309484435
137 76 0.04439420115441013
137 62 0.06779437632926265
137 89 0.05498422821241282
137 88 0.1860927419723914
137 63 0.058935903302194996
137 77 0.07587322281085498
137 49 0.03763924662264455
137 61 0.03989705221974066
137 75 0.05018961456795292
137 74 0.048128122377725124
137 60 0.019712680736764132
137 48 0.04581843989937809
137 64 0.058583250981088984
137 70 0.1899949476516639
137 58 0.18940913858262415
137 59 0.03575554596451486
137 71 0.05910081996251179
137 65 0.027851462914696146
137 73 0.06669733243608453
137 67 0.20022727525759082
137 66 0.20089861622343108
137 72 0.048291170122204255
137 57 0.18757367923745283
137 94 0.25954865557227047
137 80 0.06538602384820541
137 81 0.13805745965002753
137 95 0.05093590759116165
137 56 0.1362235560859608
137 68 0.3593101851215678
137 54 0.07054177445816759
137 83 0.04798297087314289
137 82 0.07583616408974636
137 55 0.08902281113022738
137 69 0.21439199433385547
137 51 0.07431383412076636
137 79 0.13930045378476608
137 86 0.01855815636639728
137 92 0.2683624210784892
137 93 0.2277008122219666
137 87 0.16604748728381713
137 78 0.20690942207692178
137 50 0.08135856556541907
137 52 0.06288426561894615
137 46 0.11667475103130881
137 91 0.22848769027389393
137 85 0.23061114449086745
137 84 0.0450049318808408
137 90 0.22980764217324046
137 47 0.09836966922817111
137 53 0.048596651795943635
123 76 0.07092444342377957
123 62 0.08264488512226442
123 89 0.04049412446028067
123 88 0.20949675925947947
123 63 0.05871371774940665
123 77 0.0534743115914477
123 49 0.16290205280453884
123 61 0.03641971671026914
123 75 0.01906481095453666
123 74 0.040705789358722475
123 60 0.050381659253443296
123 48 0.07138703057123263
123 64 0.05014135837672858
123 70 0.12383838967033839
123 58 0.11402644519351307
123 59 0.020582063693080507
123 71 0.31321886004194444
123 65 0.053526301755074356
123 73 0.011218914472738303
123 67 0.2330542514092387
123 66 0.13949846844687208
123 72 0.031391622954476214
123 57 0.38070675082770283
123 94 0.5807401912623836
123 80 0.34342034218625656
123 81 0.10559148802408971
123 95 0.11759478025128955
123 56 0.1561526354070793
123 68 0.35231302564335615
123 54 0.0594895098320045
123 83 0.22659672436892195
123 82 0.04369400584765801
123 55 0.08802813292940515
123 69 0.15749941546249174
123 51 0.10207725274578895
123 79 0.08593156557116564
123 86 0.2010183271357301
123 92 0.2806036537543063
123 93 0.2160353940902825
123 87 0.14302534537682962
123 78 0.24744784852381152
123 50 0.1703669587253505
123 52 0.060933579635975885
123 46 0.09259743990223536
123 91 0.23457633262280708
123 85 0.22863258677449338
123 84 0.03622810081218139
123 90 0.22062648826231462
123 47 0.09117150891655762
123 53 0.0671910770305845
127 76 0.14817791064804606
127 62 0.12481412321775329
127 89 0.0882623327656084
127 88 0.3044140654596166
127 63 0.11203670538873971
127 77 0.08114936401489573
127 49 0.2265252291474849
127 61 0.02506821914860552
127 75 0.009875743699008274
127 74 0.044764790709168806
127 60 0.044796547591397826
127 48 0.10553957686394921
127 64 0.11112230518267745
127 70 0.2853143566579316
127 58 0.30899482387453353
127 59 0.07724171038615983
127 71 0.34357573701020044
127 65 0.00727065965696691
127 73 0.005884342798992193
127 67 0.3557497779314626
127 66 0.2716521072025908
127 72 0.08985652036088565
127 57 0.3559115974791823
127 94 0.44343463025343643
127 80 0.3610269501509235
127 81 0.2263168492859795
127 95 0.09265189619713049
127 56 0.27171053971970704
127 68 0.5932121325157849
127 54 0.13279296468259602
127 83 0.06525599019185016
127 82 0.06340195313572802
127 55 0.16541995941031634
127 69 0.33351120315619637
127 51 0.23294867179601766
127 79 0.2176328587018464
127 86 0.21181344649939773
127 92 0.42921363471422286
127 93 0.37598471313391485
127 87 0.33859197803580915
127 78 0.3166213497611602
127 50 0.3409682379709785
127 52 0.03313175621336653
127 46 0.20646391690247873
127 91 0.4387588645431317
127 85 0.3908020783926767
127 84 0.05695286550657495
127 90 0.38481821777448716
127 47 0.17727887561320946
127 53 0.07288498232649124
133 76 0.030552938318761658
133 62 0.28115678357152946
133 89 0.03306220300734372
133 88 0.12508159930550772
133 63 0.06549576469661013
133 77 0.28529173640979916
133 49 0.39071058041377854
133 61 0.07467811641750527
133 75 0.07610313116853756
133 74 0.16381532076467248
133 60 0.01325622228987998
133 48 0.252297249164955
133 64 0.059776632636163285
133 70 0.10962463941630744
133 58 0.12780341828154948
133 59 0.05006335158605355
133 71 0.26640603271114466
133 65 0.030365360982299416
133 73 0.058799096096850634
133 67 0.19275656013609735
133 66 0.10058632692681535
133 72 0.05487282239616993
133 57 0.32538719950469724
133 94 0.2096053279616505
133 80 0.28647655023560586
133 81 0.1819985853904928
133 95 0.11596610775799843
133 56 0.09906707603254197
133 68 0.2368836993067721
133 54 0.09614825158244807
133 83 0.08678813966613384
133 82 0.19994169212700474
133 55 0.07480388287535826
133 69 0.11979829910784498
133 51 0.05716869533017442
133 79 0.34173143468219547
133 86 0.08669473832316615
133 92 0.17805252327339444
133 93 0.15799692512247207
133 87 0.10547899085407879
133 78 0.11265293518524795
133 50 0.12028436009105209
133 52 0.04023425170895138
133 46 0.11107418761576127
133 91 0.16399720990027974
133 85 0.16546330594786868
133 84 0.12620531593645465
133 90 0.16346079708997496
133 47 0.26944254924055744
133 53 0.4598157048410228
132 76 0.07451632227733365
132 62 0.11840325815960608
132 89 0.14809722310301082
132 88 0.37666218774883164
132 63 0.1185103192075671
132 77 0.09165564024870748
132 49 0.08315080691560665
132 61 0.06132622006856123
132 75 0.0371769123561453
132 74 0.1177216286015351
132 60 0.05922499809281265
132 48 0.09597499843868622
132 64 0.11819992402900559
132 70 0.2645239553314389
132 58 0.2663247434685463
132 59 0.018169347588266896
132 71 0.10109349775686943
132 65 0.05235187238431623
132 73 0.0090383065538166
132 67 0.2810007364806733
132 66 0.23465073456502483
132 72 0.08650278437517482
132 57 0.25304507130457143
132 94 0.5026502150594999
132 80 0.11134326887209753
132 81 0.20374148798734637
132 95 0.05986852361595552
132 56 0.34366517337681945
132 68 0.4770875202736455
132 54 0.1366672098654912
132 83 0.2082246589905406
132 82 0.0502269362612281
132 55 0.15076227875699982
132 69 0.2866097922597755
132 51 0.027343694182224793
132 79 0.10455141855552649
132 86 0.11427110726520608
132 92 0.5265669665556797
132 93 0.4778333794967768
132 87 0.30455818326601186
132 78 0.27066300700565543
132 50 0.05668200842980998
132 52 0.08379374196272575
132 46 0.31789645326110294
132 91 0.42468074802319644
132 85 0.4474436614674086
132 84 0.05396296510818912
132 90 0.45258046250356554
132 47 0.17756872138354735
132 53 0.07515490448537454
126 76 0.058535452154945364
126 62 0.062266109428736456
126 89 0.12308623823915366
126 88 0.1669016609103156
126 63 0.07381468117488597
126 77 0.10963856263225638
126 49 0.15449573665022612
126 61 0.029424976822757715
126 75 0.045801039260880944
126 74 0.08174649120864533
126 60 0.03693260475962491
126 48 0.0699361513642672
126 64 0.050263662786428874
126 70 0.12040611785771341
126 58 0.12442476001294621
126 59 0.03698346658186143
126 71 0.32750109100049946
126 65 0.03798767598986916
126 73 0.048020434367984186
126 67 0.3767949737399746
126 66 0.15907213336014311
126 72 0.04030743016961311
126 57 0.3433117915817673
126 94 0.40948703523084967
126 80 0.36141271908852474
126 81 0.10964684208678276
126 95 0.0368002972966487
126 56 0.09515482039453832
126 68 0.3526669146743336
126 54 0.06049498206143041
126 83 0.3539292474779129
126 82 0.05873746396662798
126 55 0.08540396464819514
126 69 0.21559246764561257
126 51 0.11968168348457224
126 79 0.08307218055757429
126 86 0.15154779528635975
126 92 0.4381168954990435
126 93 0.3882394012332638
126 87 0.19173820630556865
126 78 0.2929513072832748
126 50 0.17263851703922806
126 52 0.04432764042233167
126 46 0.0902977435522214
126 91 0.4464259089918133
126 85 0.5914969852961264
126 84 0.03146322503527832
126 90 0.5800157464462146
126 47 0.08257059564099468
126 53 0.053152690214734094
118 76 0.15653115795321915
118 62 0.22342529488168467
118 89 0.07638209597843676
118 88 0.14123848320906202
118 63 0.05135294118758304
118 77 0.053827649625918766
118 49 0.34291396988931017
118 61 0.004431629295463882
118 75 0.010005563685818133
118 74 0.06552856525676465
118 60 0.025739131211819657
118 48 0.18925701101479306
118 64 0.05771902640546263
118 70 0.17236055347086968
118 58 0.3361731932758038
118 59 0.2651512866616044
118 71 0.1979254048119537
118 65 0.05099481634456699
118 73 0.023458131674234453
118 67 0.16688974905399684
118 66 0.11625940249021992
118 72 0.006766116688639953
118 57 0.2903710560778813
118 94 0.20016257425685086
118 80 0.21744101788621473
118 81 0.41848757202270426
118 95 0.05093013589967374
118 56 0.31768301388875714
118 68 0.3126200037622194
118 54 0.06889309674134964
118 83 0.12229432628645867
118 82 0.0570629336015422
118 55 0.11032882557794364
118 69 0.19481686407647944
118 51 0.15772146168467804
118 79 0.2272978627389809
118 86 0.07798276422267622
118 92 0.1957151883585932
118 93 0.1712863803853293
118 87 0.16675239742009307
118 78 0.15702094931539634
118 50 0.2815493689467816
118 52 0.03665959343109547
118 46 0.16701042420758144
118 91 0.20251720307027193
118 85 0.17575264726854023
118 84 0.14164469143772854
118 90 0.17481911383080254
118 47 0.388793447289266
118 53 0.33187971417843787
130 76 0.015687939339089005
130 62 0.06982174554696878
130 89 0.06765091484020797
130 88 0.24079651038232097
130 63 0.05782006315524629
130 77 0.06190606321041162
130 49 0.06171637223212166
130 61 0.045346987019702106
130 75 0.04581256805103598
130 74 0.026144952607964247
130 60 0.018570685952059227
130 48 0.04669361435894773
130 64 0.06136895128603618
130 70 0.14049330562640722
130 58 0.15316553548008843
130 59 0.03373002370771995
130 71 0.06284740512576648
130 65 0.025020165841241337
130 73 0.0444191220143072
130 67 0.15053046693460723
130 66 0.1470459866716824
130 72 0.05449369586129196
130 57 0.12454290756507026
130 94 0.24489159514092057
130 80 0.06080118405548669
130 81 0.11573503206378818
130 95 0.07924234775108442
130 56 0.16728239857191532
130 68 0.24086898578899912
130 54 0.08033274669330609
130 83 0.19985240787151964
130 82 0.05285865489264011
130 55 0.07993693313185493
130 69 0.15059416595982567
130 51 0.007646965802658376
130 79 0.10034544618318769
130 86 0.010970416794400167
130 92 0.24629073494046277
130 93 0.2215603969367464
130 87 0.12235441892079263
130 78 0.13936469571755408
130 50 0.040824438506650296
130 52 0.038996217836684915
130 46 0.2493737291804008
130 91 0.17136182218500273
130 85 0.20645695130036276
130 84 0.08170759781819832
130 90 0.19820959807343935
130 47 0.08742615166925724
130 53 0.06185601453159213
124 76 0.07353472328770291
124 62 0.11460415400389505
124 89 0.03829257804015965
124 88 0.32646798280800976
124 63 0.054282416042323305
124 77 0.04356619664040927
124 49 0.1325646832700996
124 61 0.04554550876938711
124 75 0.03144250601377108
124 74 0.030999589715911602
124 60 0.04382950244659585
124 48 0.05529624765995937
124 64 0.050263662786428874
124 70 0.12023509150550438
124 58 0.12442476001294621
124 59 0.02459535393419747
124 71 0.2828839264994996
124 65 0.0292648887328303
124 73 0.050951751079178514
124 67 0.2622197100416003
124 66 0.12547073559696953
124 72 0.10295333165998045
124 57 0.2585921523862506
124 94 0.21973248616510646
124 80 0.3071245072402701
124 81 0.10362404932827263
124 95 0.23354895052644217
124 56 0.11321128668057975
124 68 0.2952006084758402
124 54 0.06049498206143041
124 83 0.31768282695246014
124 82 0.0279958670483805
124 55 0.08218556221513698
124 69 0.22362012593271863
124 51 0.05450392660029579
124 79 0.04485971830287781
124 86 0.06860940761559012
124 92 0.29492140794471305
124 93 0.23460341445875466
124 87 0.13622022007584675
124 78 0.25032114167804076
124 50 0.11204505839884508
124 52 0.1090950501478386
124 46 0.094197427469502
124 91 0.8371882925782149
124 85 0.19294599312791297
124 84 0.029363744594705227
124 90 0.20722578584049497
124 47 0.12819917628935923
124 53 0.06550151659278419
125 76 0.04808278471074631
125 62 0.11009857196929715
125 89 0.12191329796405793
125 88 0.2159579778740541
125 63 0.0720229499788094
125 77 0.04443990219886203
125 49 0.1545366776795041
125 61 0.027203496129767468
125 75 0.047535602455874175
125 74 0.04820235305825182
125 60 0.04144440911866669
125 48 0.06972849179086349
125 64 0.05405638436700367
125 70 0.1434263796584444
125 58 0.13333384675002455
125 59 0.028840768449807208
125 71 0.3047642608304184
125 65 0.03513726035994537
125 73 0.06376434568327699
125 67 0.38511963956033246
125 66 0.1567460951067244
125 72 0.007285120784071009
125 57 0.3284180529818225
125 94 0.2315540210404698
125 80 0.3374660507871493
125 81 0.11343049453325743
125 95 0.04312873077946898
125 56 0.29784753920766055
125 68 0.4919034249404802
125 54 0.06499356112525942
125 83 0.3576993915345273
125 82 0.03678458907553683
125 55 0.08655126105542246
125 69 0.2231641573280849
125 51 0.09225774031560616
125 79 0.06636312156849841
125 86 0.14831980103372527
125 92 0.2320153864239877
125 93 0.2299491273114071
125 87 0.18786239067628951
125 78 0.27814340054854697
125 50 0.16184136579139935
125 52 0.011348663489000585
125 46 0.09648221073793754
125 91 0.3211595881072904
125 85 0.2912524753229993
125 84 0.06063033041144873
125 90 0.28091368585494847
125 47 0.09120445351917479
125 53 0.05005279596369577
131 76 0.06292516858058515
131 62 0.12260326748804797
131 89 0.15930487151756978
131 88 0.47583832062304426
131 63 0.09787657455737057
131 77 0.03420151017591526
131 49 0.03828600267454475
131 61 0.006386876330998548
131 75 0.010861528927656294
131 74 0.13734635297266193
131 60 0.08049258295618726
131 48 0.06976885864428231
131 64 0.10998843106765059
131 70 0.2546919902647368
131 58 0.6076341842611236
131 59 0.1716097824012343
131 71 0.06318415595882007
131 65 0.048420872707743784
131 73 0.0011099865288568683
131 67 0.28660078709731307
131 66 0.18415259021971947
131 72 0.011605952577562362
131 57 0.47939402043288926
131 94 0.39163937106598
131 80 0.06958903584604048
131 81 0.2069209224660722
131 95 0.041975104638213315
131 56 0.1518449963144556
131 68 0.4329878892749502
131 54 0.13436390793342418
131 83 0.03450490960007126
131 82 0.04488215483643221
131 55 0.14819496210917912
131 69 0.291183332695162
131 51 0.035815153790984475
131 79 0.06721152251856968
131 86 0.11207486949116235
131 92 0.4154353364285524
131 93 0.3713784453135642
131 87 0.42005646512818073
131 78 0.2408014386112003
131 50 0.03506901120460523
131 52 0.01140169134986728
131 46 0.17282746821465628
131 91 0.42854814176474526
131 85 0.36592370276642466
131 84 0.02846164023276826
131 90 0.3632537873629448
131 47 0.1373707369952764
131 53 0.019684802522163466
119 76 0.020742167652856927
119 62 0.11095649807011758
119 89 0.060988177284282935
119 88 0.20242367286611063
119 63 0.03444863296898268
119 77 0.3090469937960042
119 49 0.04169628468488508
119 61 0.20794277935835423
119 75 0.04384506721207429
119 74 0.12183994664242291
119 60 0.058924303343331166
119 48 0.07460793346610362
119 64 0.0409052841054353
119 70 0.19933102198390407
119 58 0.40202188843138426
119 59 0.006107986136850374
119 71 0.10273144508549932
119 65 0.04078220484760951
119 73 0.01555276872440102
119 67 0.1228479739575225
119 66 0.09135949422397746
119 72 0.005778141885780866
119 57 0.18982096499051232
119 94 0.15722745356544185
119 80 0.10141296039791176
119 81 0.11872276111530661
119 95 0.026068880106397102
119 56 0.11926544363679971
119 68 0.2693879624913159
119 54 0.04986874182596569
119 83 0.06719362764935652
119 82 0.024146372357844684
119 55 0.14747335127300548
119 69 0.19095584381513778
119 51 0.04943246879069836
119 79 0.39524004938952145
119 86 0.1635114758051495
119 92 0.16620588538940367
119 93 0.14136653099982172
119 87 0.10569725778350432
119 78 0.14433385686932546
119 50 0.0204492427459802
119 52 0.04653283305360219
119 46 0.11783544080467612
119 91 0.14446106472693787
119 85 0.14179045304006116
119 84 0.05882690633279864
119 90 0.14320648153728535
119 47 0.07785645839541704
119 53 0.024724340730917727
