114 76 0.06368230434727405
114 62 0.14145572804892104
114 89 0.08615868336918223
114 88 0.2637784954728307
114 63 0.10993418359170021
114 77 0.09909283805913865
114 49 0.030961029569757575
114 61 0.024402886089294334
114 75 0.03565775084996836
114 74 0.13937427928743562
114 60 0.02474045383394148
114 48 0.057967146693541055
114 64 0.10050777988187962
114 70 0.20716881565299244
114 58 0.46173595616752056
114 59 0.03830635041680919
114 71 0.06614763579083813
114 65 0.027858912607792788
114 73 0.031933238398309305
114 67 0.19815510675689008
114 66 0.16400452558355785
114 72 0.04785715514269448
114 57 0.21619414906333395
114 94 0.3028287808899519
114 80 0.06791261143136398
114 81 0.19364022513614748
114 95 0.06794139628544078
114 56 0.11811823739488063
114 68 0.28649904270623794
114 54 0.11426341203893092
114 83 0.0623678224038436
114 82 0.05523962163389444
114 55 0.16042254017557267
114 69 0.24060941136032946
114 51 0.027973564858387978
114 79 0.08944611096138136
114 86 0.03132561256927828
114 92 0.3135283812093557
114 93 0.27452621453153625
114 87 0.25502461134626475
114 78 0.18348043616255202
114 50 0.04102198201415608
114 52 0.073275098360425
114 46 0.14909362956636493
114 91 0.26492885106043135
114 85 0.2753162875391729
114 84 0.09477035395168845
114 90 0.2706836687516244
114 47 0.1230309211175109
114 53 0.03366587958017579
100 76 0.024587773373902652
100 62 0.059122667341483956
100 89 0.025154531699509333
100 88 0.07250448006573673
100 63 0.14520044516844197
100 77 0.06163473484849999
100 49 0.11982769591089243
100 61 0.027608057955978038
100 75 0.01815936165300927
100 74 0.023627102832795968
100 60 0.01611508033779155
100 48 0.05365660874459578
100 64 0.1086156488954482
100 70 0.07458884839845971
100 58 0.1770310874914761
100 59 0.0077559271878643865
100 71 0.306492141073056
100 65 0.02779738188493311
100 73 0.01740706533085168
100 67 0.14329991908987566
100 66 0.040475902667277866
100 72 0.016999443473743575
100 57 0.20622632489190101
100 94 0.07950642021194985
100 80 0.3360524748288092
100 81 0.07217664817816129
100 95 0.05607385652539168
100 56 0.10618669336637682
100 68 0.21262467059965995
100 54 0.06583162471364538
100 83 0.05186291434121987
100 82 0.027788016260866646
100 55 0.12490825161153608
100 69 0.09316302184259748
100 51 0.08417548129674464
100 79 0.045023260706728865
100 86 0.12282731402700575
100 92 0.06261027863190721
100 93 0.05597520430482733
100 87 0.07258638773971013
100 78 0.07382561257094508
100 50 0.13081250047422383
100 52 0.1078606248904287
100 46 0.11700345587792783
100 91 0.08109112775858282
100 85 0.10340830280710905
100 84 0.10182618741405472
100 90 0.07037039353202158
100 47 0.04930204301894653
100 53 0.0500384568982518
128 76 0.041243144090317735
128 62 0.042674379072077384
128 89 0.08207926136097954
128 88 0.2650510027719697
128 63 0.06513292083050415
128 77 0.10677401023123581
128 49 0.03141018334325614
128 61 0.008764324850066396
128 75 0.024958360057196524
128 74 0.04706442286428468
128 60 0.006425707764435101
128 48 0.03424333085863396
128 64 0.05863716236784779
128 70 0.16235241856634425
128 58 0.11882739724862942
128 59 0.015774001158646328
128 71 0.034383850919715714
128 65 0.006070305375590362
128 73 0.021804547446593076
128 67 0.19883660821381008
128 66 0.16487730787397725
128 72 0.037739325954000036
128 57 0.1529139445328886
128 94 0.33778845987425954
128 80 0.037479928917737326
128 81 0.1664025804069059
128 95 0.06752417221092645
128 56 0.13031709677032322
128 68 0.3882832700709553
128 54 0.09708466025487217
128 83 0.04757569899486315
128 82 0.043549148155702405
128 55 0.0688776102713677
128 69 0.18488715914076556
128 51 0.01259426463398336
128 79 0.10470800778352787
128 86 0.017514544022781575
128 92 0.3515638603446373
128 93 0.2964331669394711
128 87 0.25479525931131364
128 78 0.18776060980168405
128 50 0.01998863248973637
128 52 0.058150571802754
128 46 0.12579373702605015
128 91 0.2872937783761944
128 85 0.300393616530041
128 84 0.03513027135683258
128 90 0.29809799766982203
128 47 0.08190075411417716
128 53 0.02611674544511894
129 76 0.036235291459253596
129 62 0.1749285621170542
129 89 0.13044726217347427
129 88 0.3519168895509216
129 63 0.17277518948607565
129 77 0.10007590038082353
129 49 0.08446890234006918
129 61 0.03774465078880278
129 75 0.036172856792364455
129 74 0.08416115438607978
129 60 0.041256094786226355
129 48 0.10994346529288532
129 64 0.11819298491525534
129 70 0.30080194646135483
129 58 0.48678229142622775
129 59 0.047574876746647135
129 71 0.10085643269768994
129 65 0.05976411412751556
129 73 0.040676923178687666
129 67 0.2972970388598286
129 66 0.23713468637081508
129 72 0.04308070288812288
129 57 0.4319154255464981
129 94 0.4595634272884567
129 80 0.10650540405403644
129 81 0.2936545354558226
129 95 0.0848292818538037
129 56 0.2182013093295836
129 68 0.46389308397889517
129 54 0.16643661537002907
129 83 0.06347266550972239
129 82 0.2097313109410218
129 55 0.15993658637870692
129 69 0.33003300616046355
129 51 0.045262447404071565
129 79 0.1217233921960551
129 86 0.07307025665568843
129 92 0.43948238316622595
129 93 0.3738828223716919
129 87 0.3295884603807223
129 78 0.2774631942114685
129 50 0.0747983637548304
129 52 0.07406770494976427
129 46 0.20680517494191789
129 91 0.3615645364146532
129 85 0.36026650169563956
129 84 0.09088433531848306
129 90 0.36484877073973504
129 47 0.20861154946830618
129 53 0.05163650241390276
101 76 0.021462670785861337
101 62 0.018861739209046713
101 89 0.006432086882501548
101 88 0.05558382433436612
101 63 0.03261516660428146
101 77 0.0417125012631442
101 49 0.055318020213543845
101 61 0.010885408540215247
101 75 0.002835438989901823
101 74 0.00415135126785296
101 60 0.004235918109015968
101 48 0.019072709648418396
101 64 0.03627153530299651
101 70 0.03430813643710934
101 58 0.10690736123343478
101 59 0.02647154009420838
101 71 0.1201995485736207
101 65 0.00965103609664178
101 73 0.0023034470959934494
101 67 0.06730681664480415
101 66 0.04410507883918344
101 72 0.0
101 57 0.09386886554617102
101 94 0.09040957977198213
101 80 0.13270613113676766
101 81 0.046975897996936924
101 95 0.01963631541573746
101 56 0.06619364034578062
101 68 0.09631486722409335
101 54 0.04213445856296687
101 83 0.016146494795365535
101 82 0.01439153940129495
101 55 0.06270958883310145
101 69 0.043371096342962046
101 51 0.029942261853709226
101 79 0.023336455236988823
101 86 0.0461667331694888
101 92 0.0827903870030836
101 93 0.07983303924679158
101 87 0.03977419541818927
101 78 0.0487681272800983
101 50 0.07098696780565247
101 52 0.08570590225723715
101 46 0.04834841927272679
101 91 0.07563538707463645
101 85 0.07520200545215293
101 84 0.06850628880319226
101 90 0.07424419556430886
101 47 0.029521901794455296
101 53 0.03690323070547438
115 76 0.10696573326644343
115 62 0.12983991498497363
115 89 0.11354111838764792
115 88 0.15048866860714671
115 63 0.043929293241522935
115 77 0.31060644045958474
115 49 0.1500925474037248
115 61 0.09026899932088153
115 75 0.07748723642714014
115 74 0.09414832984740816
115 60 0.07623222914175595
115 48 0.11949837421453106
115 64 0.16084092131589087
115 70 0.15192532683422738
115 58 0.09910601408995545
115 59 0.06657903561220273
115 71 0.09992629468717873
115 65 0.06682370731530127
115 73 0.08411677576572646
115 67 0.1740315651434648
115 66 0.27749729789576033
115 72 0.15645782195842176
115 57 0.10423519547055203
115 94 0.26784032644951
115 80 0.10479862011788901
115 81 0.10265106812689465
115 95 0.09580431345846843
115 56 0.3020461039400093
115 68 0.20721495410557866
115 54 0.11795514543444739
115 83 0.2513041325118869
115 82 0.09841197600021517
115 55 0.20811420323250016
115 69 0.0904615990575074
115 51 0.1093220692709552
115 79 0.22711282443273254
115 86 0.09835628805094046
115 92 0.25678139911497383
115 93 0.23837192059426848
115 87 0.1635263292739526
115 78 0.11940062517718125
115 50 0.09600176892880144
115 52 0.8957459876661868
115 46 0.5978748354920436
115 91 0.2538916446086914
115 85 0.24860092397410724
115 84 0.12537463772389432
115 90 0.25281715541569105
115 47 0.34902581267898686
115 53 0.3829289381516062
103 76 0.0851947576881743
103 62 0.19367805057746984
103 89 0.08009261146006921
103 88 0.13525141681781297
103 63 0.14464285625064632
103 77 0.08141623834656032
103 49 0.061120742845795634
103 61 0.07712524946919709
103 75 0.06491369526736819
103 74 0.06843203568025548
103 60 0.07221497992625261
103 48 0.0753529722925864
103 64 0.15443264920508343
103 70 0.2346516692297397
103 58 0.9593605375184922
103 59 0.05956465578218702
103 71 0.058219733984865144
103 65 0.08385421121292398
103 73 0.07136861887338468
103 67 0.12159109132499513
103 66 0.222194021633887
103 72 0.06823901913063046
103 57 0.3968225218127104
103 94 0.11321816783872063
103 80 0.06118364270366819
103 81 0.22059200454829694
103 95 0.059871151807320735
103 56 0.11420206264181856
103 68 0.28675144676655734
103 54 0.17013041098797854
103 83 0.05787172471926512
103 82 0.09679954859505062
103 55 0.14214793478639098
103 69 0.22879348584172352
103 51 0.0715500843250544
103 79 0.07232793280254603
103 86 0.09042286308208668
103 92 0.12548904288212312
103 93 0.1172927682322786
103 87 0.1379233227481155
103 78 0.15683747234152068
103 50 0.06369994136042856
103 52 0.1337993024492847
103 46 0.15186312104510863
103 91 0.12613950110467037
103 85 0.11783140709705792
103 84 0.08193750606508168
103 90 0.11579989054757425
103 47 0.13636075328545946
103 53 0.07880681439913205
117 76 0.19174642316836
117 62 0.24391747557257606
117 89 0.09709466072913131
117 88 0.18052807048877645
117 63 0.05666989581389967
117 77 0.46209674626777186
117 49 0.20273183463392555
117 61 0.12702806929539515
117 75 0.4937548511147275
117 74 0.2760568587977631
117 60 0.07590918799070996
117 48 0.32958568259497323
117 64 0.12750609207484384
117 70 0.2628861871082974
117 58 0.5561872048202786
117 59 0.09485472541606046
117 71 0.09732419276334955
117 65 0.036595974582105936
117 73 0.3263161328151749
117 67 0.18449109160454474
117 66 0.14472795802446412
117 72 0.1608882462644458
117 57 0.23153938116172912
117 94 0.2530400897872894
117 80 0.09944919225133977
117 81 0.21208970391234178
117 95 0.18954909912629453
117 56 0.32382681788999657
117 68 0.32626165965981324
117 54 0.07242343476658368
117 83 0.5442019051857899
117 82 0.10227610546897556
117 55 0.16516927828040098
117 69 0.24961739883618245
117 51 0.13575378733835453
117 79 0.42743175387118026
117 86 0.07767837236580682
117 92 0.2557080849183016
117 93 0.2313880041553799
117 87 0.2879900820028529
117 78 0.270753199793522
117 50 0.07849368059943931
117 52 0.3474737698959503
117 46 0.3608625767198085
117 91 0.2716143527145696
117 85 0.2913030264739111
117 84 0.19052455282945924
117 90 0.2807430854810346
117 47 0.15935054136351165
117 53 0.2025441549629582
116 76 0.14696659924132538
116 62 0.15617562559827494
116 89 0.10765492299557958
116 88 0.2278704404300662
116 63 0.09344642346691662
116 77 0.24169625680002124
116 49 0.10065654077768857
116 61 0.10721654527028948
116 75 0.11037922758557246
116 74 0.0912738720979771
116 60 0.05804839041173239
116 48 0.09442093318134663
116 64 0.1004332536571175
116 70 0.3062174054393948
116 58 0.6455083852374839
116 59 0.09665802988468533
116 71 0.08149095560458765
116 65 0.054277502653414036
116 73 0.1026691111194066
116 67 0.20912450210433045
116 66 0.2309470287269086
116 72 0.08997406071557046
116 57 0.32330688296754295
116 94 0.29337117483412933
116 80 0.08352588281851465
116 81 0.1790104417989884
116 95 0.14420434488006895
116 56 0.276143509449699
116 68 0.3791520095919578
116 54 0.11163651367025224
116 83 0.275039401601181
116 82 0.18170293901634316
116 55 0.1680396882421538
116 69 0.3076799249430151
116 51 0.06608222987721783
116 79 0.2098410113659212
116 86 0.059530514329408285
116 92 0.2995893822752519
116 93 0.2567201412240515
116 87 0.24348496909306555
116 78 0.24408847776506934
116 50 0.060213534058925544
116 52 0.1882509313906332
116 46 0.2858392291000055
116 91 0.27451801573822054
116 85 0.29978892417857994
116 84 0.14178171157025657
116 90 0.291395549843409
116 47 0.094936590482956
116 53 0.10625585313722834
102 76 0.06781468090394116
102 62 0.13401792372400886
102 89 0.07057226016942167
102 88 0.08800068614808962
102 63 0.09477288494359873
102 77 0.08125337413446601
102 49 0.10364571274283149
102 61 0.07068431853112925
102 75 0.08035519878071827
102 74 0.09423369164889622
102 60 0.07079109394074905
102 48 0.08758798156823884
102 64 0.10183233781325543
102 70 0.1439178916969422
102 58 0.613527526672027
102 59 0.08256713281168158
102 71 0.16167662145945447
102 65 0.07331512230731731
102 73 0.07762192194133469
102 67 0.11812392227474688
102 66 0.07020805219525218
102 72 0.08222498643289904
102 57 0.24996628387437533
102 94 0.09149422930396299
102 80 0.1678823703583747
102 81 0.1448441320000622
102 95 0.09874510649770862
102 56 0.1065753942183264
102 68 0.18699125803198818
102 54 0.11315204702275608
102 83 0.07983729084891218
102 82 0.08621411884971686
102 55 0.09297378862232028
102 69 0.15262702661609526
102 51 0.08953489492301683
102 79 0.07363845492752684
102 86 0.09698712062480683
102 92 0.07958896827019474
102 93 0.07497036144417958
102 87 0.08992740656750134
102 78 0.10013330354900188
102 50 0.09950315780554875
102 52 0.0698255925147684
102 46 0.09997944235090792
102 91 0.08143005285394421
102 85 0.08521799918076131
102 84 0.08094964895215581
102 90 0.07199593767494626
102 47 0.08949649808523824
102 53 0.08236267981568947
106 76 0.03565763596290707
106 62 0.07985150226050172
106 89 0.019808204975961807
106 88 0.07561401837334539
106 63 0.05607566234347455
106 77 0.05791223889137756
106 49 0.019158570764174848
106 61 0.015598026105225676
106 75 0.014079900824764596
106 74 0.021040066350145936
106 60 0.013402323888090983
106 48 0.021671619658218927
106 64 0.06101647396940031
106 70 0.10558443517739349
106 58 0.490340833367153
106 59 0.010627820846104002
106 71 0.04994457559293955
106 65 0.019005069640103206
106 73 0.013023860582965702
106 67 0.06596744311155865
106 66 0.044325366705100094
106 72 0.052019317353918404
106 57 0.18332828077389096
106 94 0.07781555538570008
106 80 0.051424473320247674
106 81 0.10193903688819081
106 95 0.020083332766543893
106 56 0.06309177578465079
106 68 0.15256820695499548
106 54 0.0689389789987624
106 83 0.03253600985906625
106 82 0.04642863820046596
106 55 0.10577767748389595
106 69 0.12805064666027188
106 51 0.01793636000181667
106 79 0.04194621202876633
106 86 0.021544257658720672
106 92 0.07590512682737235
106 93 0.06707387450449628
106 87 0.07403610262573321
106 78 0.0753180422475879
106 50 0.028877203858469633
106 52 0.040072712780877665
106 46 0.05971965853468848
106 91 0.0642728393972639
106 85 0.05761292813154141
106 84 0.07394416775898373
106 90 0.060337786302447544
106 47 0.05189576693527155
106 53 0.0163499636134668
112 76 0.05713668169554455
112 62 0.12046504314655579
112 89 0.06492982691968342
112 88 0.15530474221447543
112 63 0.10500382300989058
112 77 0.1507755340254458
112 49 0.06885861108483256
112 61 0.05446814581659429
112 75 0.06273849967336659
112 74 0.06948442897572676
112 60 0.04061093809259517
112 48 0.05322365751640076
112 64 0.1126234113593797
112 70 0.1894479067193276
112 58 0.628213740943173
112 59 0.051288240761111256
112 71 0.11764076189320397
112 65 0.04665429992932808
112 73 0.057569514414936074
112 67 0.12507377708724238
112 66 0.0928009232356469
112 72 0.06285696720031773
112 57 0.23981815354221128
112 94 0.12534659280517343
112 80 0.12031171163708003
112 81 0.16233667361779622
112 95 0.07479636305463505
112 56 0.13357392536143842
112 68 0.2510698166627677
112 54 0.12484128801424721
112 83 0.09980750344380793
112 82 0.06687031097131174
112 55 0.23837962626885645
112 69 0.23140052307982667
112 51 0.05987167849137549
112 79 0.11870784798885337
112 86 0.06494435528605082
112 92 0.1468054226069946
112 93 0.14545980948836007
112 87 0.16017071945101718
112 78 0.1614971618029341
112 50 0.07961793768042748
112 52 0.11494493400981098
112 46 0.1106234970687966
112 91 0.14056973331267575
112 85 0.12656087933503155
112 84 0.16095571762708713
112 90 0.12412984771196368
112 47 0.09855769942418133
112 53 0.059974123566726684
113 76 0.08125809331936444
113 62 0.12755437090943958
113 89 0.12395003503007841
113 88 0.36419003603748323
113 63 0.13120545055828425
113 77 0.20707010209427887
113 49 0.07047054988416203
113 61 0.04729059612230495
113 75 0.07801642864486923
113 74 0.09427543036643546
113 60 0.037401919449745774
113 48 0.07156747919198918
113 64 0.1203876008579999
113 70 0.24684276958438026
113 58 0.421541563865564
113 59 0.04971996701621166
113 71 0.07116591731302481
113 65 0.03140412196623124
113 73 0.07203252674262516
113 67 0.2783592878264677
113 66 0.2308070006872856
113 72 0.08258306443075884
113 57 0.27469890646314676
113 94 0.436544678906846
113 80 0.07301918499263536
113 81 0.25549478887949156
113 95 0.12597693255445805
113 56 0.26723713204867944
113 68 0.43965781598830267
113 54 0.13617372309381615
113 83 0.20498157395506938
113 82 0.06677400990617895
113 55 0.15794503607420565
113 69 0.2927154551819344
113 51 0.04363706615223756
113 79 0.177107097149057
113 86 0.03855221129932565
113 92 0.4526710942786429
113 93 0.39093247867751013
113 87 0.3471332041149171
113 78 0.2624332953436178
113 50 0.04478336505324655
113 52 0.15642014236723992
113 46 0.2586076979755772
113 91 0.3784005487813632
113 85 0.39389201561041454
113 84 0.12053540257108875
113 90 0.38911445627248614
113 47 0.1508884535302675
113 53 0.0788287178476013
107 76 0.1214574979570516
107 62 0.12496222301726483
107 89 0.10039160752841537
107 88 0.13768202591957052
107 63 0.04894299564274843
107 77 0.07532296729577405
107 49 0.09660072288215858
107 61 0.0883847301502133
107 75 0.07232852567561662
107 74 0.06437766669493555
107 60 0.09563864530463828
107 48 0.07604764721515735
107 64 0.08065346268298086
107 70 0.05628120552684081
107 58 0.0705032304886209
107 59 0.06783704803405849
107 71 0.1612166978988979
107 65 0.10320080424608938
107 73 0.08175155120146724
107 67 0.18849546662317646
107 66 0.1916399680672477
107 72 0.05495199013921841
107 57 0.1882375117398729
107 94 0.10655312912677195
107 80 0.17351052397904812
107 81 0.058692559205588385
107 95 0.08768038783994171
107 56 0.8350379601558855
107 68 0.5780609081384842
107 54 0.07867407780815981
107 83 0.09810195122912202
107 82 0.052535048040608615
107 55 0.13999703013324996
107 69 0.07482252595961002
107 51 0.08045594853053802
107 79 0.10835077419819791
107 86 0.10675962717207368
107 92 0.08531023858650275
107 93 0.12870272472750982
107 87 0.143437493998397
107 78 0.07460859228243821
107 50 0.11404015427672007
107 52 0.13880256909864086
107 46 0.08489816319620774
107 91 0.14934961172389044
107 85 0.05934457329502188
107 84 0.05917731959363384
107 90 0.07382203584580721
107 47 0.06710820323276707
107 53 0.08897140825927116
139 76 0.1012924798356287
139 62 0.03414034740635985
139 89 0.053663392555551595
139 88 0.1476483591337376
139 63 0.031422126039541615
139 77 0.09236117094291618
139 49 0.03345374919992261
139 61 0.05343130708827527
139 75 0.018343633569478213
139 74 0.024546001840194648
139 60 0.021259405304836748
139 48 0.022225911978961094
139 64 0.025100955256718085
139 70 0.1583939723489664
139 58 0.11161964621109915
139 59 0.08138928219491845
139 71 0.031665349284484126
139 65 0.031871267220229496
139 73 0.01706766735912696
139 67 0.13678024043295794
139 66 0.20526280945626715
139 72 0.027653015925721877
139 57 0.1395530299640242
139 94 0.21074043312662583
139 80 0.03535951889843961
139 81 0.10509998770762713
139 95 0.04666869028808386
139 56 0.09786780116709168
139 68 0.22443395771248176
139 54 0.05150408884228004
139 83 0.048202632120169814
139 82 0.06686255694613692
139 55 0.05644627418353544
139 69 0.11513388202788119
139 51 0.02076648121740171
139 79 0.07895457984554205
139 86 0.02811542695029272
139 92 0.21796077896873045
139 93 0.18796126171696798
139 87 0.16898396275583402
139 78 0.12684045787113662
139 50 0.025509531943045533
139 52 0.16571894156875236
139 46 0.12508275223678136
139 91 0.20579951470750624
139 85 0.1810630342890268
139 84 0.01987145231456844
139 90 0.1854810401838042
139 47 0.07164035399086124
139 53 0.08434184626068711
111 76 0.09917806203401326
111 62 0.17074033537288472
111 89 0.11697331000527589
111 88 0.25357030557842114
111 63 0.1274751895019314
111 77 0.16060315294180322
111 49 0.08040003024697553
111 61 0.07134201970235751
111 75 0.06788798490106161
111 74 0.09635321107473588
111 60 0.06178580890484828
111 48 0.07205528972448734
111 64 0.10939273582762721
111 70 0.3283445970067561
111 58 0.5732744014059556
111 59 0.09524488499455624
111 71 0.14654084536881928
111 65 0.054295679306513286
111 73 0.06318403862022222
111 67 0.25555145337228546
111 66 0.20989004208163656
111 72 0.07887915827812611
111 57 0.2816278310764765
111 94 0.27869585421358145
111 80 0.14972026545029957
111 81 0.21378688462962844
111 95 0.10047262006318577
111 56 0.20759002813209523
111 68 0.47280918052133897
111 54 0.12322429851120043
111 83 0.10692677055500138
111 82 0.08355523884364308
111 55 0.25163955371996066
111 69 0.41670800366204047
111 51 0.07777422619988693
111 79 0.158511359937348
111 86 0.08381259158090107
111 92 0.3061779504814818
111 93 0.27390412937116493
111 87 0.2672976559182081
111 78 0.3765328050135976
111 50 0.1012795928372532
111 52 0.12286857764744903
111 46 0.14791126900174126
111 91 0.2679739227943002
111 85 0.2771372002050276
111 84 0.19810169573842765
111 90 0.2747724098630635
111 47 0.13157609882282423
111 53 0.0649767146936858
105 76 0.0644933016677977
105 62 0.09932198344864138
105 89 0.059526950735155404
105 88 0.07463552192898654
105 63 0.08222587382217846
105 77 0.07108693511164442
105 49 0.16289155069515193
105 61 0.06252156392316582
105 75 0.07071071081065755
105 74 0.08977360791509728
105 60 0.062423227584864155
105 48 0.09866360959978929
105 64 0.06918078370423349
105 70 0.09030667550220534
105 58 0.20229853905118522
105 59 0.07483049996986747
105 71 0.31796309329148387
105 65 0.05810794407902961
105 73 0.0670983993136673
105 67 0.17152279482615848
105 66 0.10788558876539094
105 72 0.07355910975481227
105 57 0.2570751643779736
105 94 0.09754208787136698
105 80 0.34038152543457123
105 81 0.07525639224153834
105 95 0.10388158341499727
105 56 0.4231010538892801
105 68 0.341617062610585
105 54 0.0686966203472028
105 83 0.16323314500384167
105 82 0.07446392776478616
105 55 0.06139433124407763
105 69 0.12725806407396167
105 51 0.1115343923740135
105 79 0.06297668572173855
105 86 0.14843000086522815
105 92 0.06646150125158043
105 93 0.06517129997801686
105 87 0.07842775741058149
105 78 0.12002917823512127
105 50 0.1581577067832225
105 52 0.09068301992210263
105 46 0.07411480025411409
105 91 0.07682634100238679
105 85 0.13606143273429036
105 84 0.07767846465847125
105 90 0.08935050143153117
105 47 0.07890928409813039
105 53 0.07350204749553617
104 76 0.08404732947608769
104 62 0.19907850705507837
104 89 0.07899422958625359
104 88 0.14172114943758973
104 63 0.1514712243105561
104 77 0.08534944251926782
104 49 0.060204735338391324
104 61 0.07605539250107216
104 75 0.06396122654948552
104 74 0.07235010427290749
104 60 0.071192324808141
104 48 0.07953533403921628
104 64 0.16163486482373382
104 70 0.24122779334077904
104 58 1.0
104 59 0.058663606758739995
104 71 0.08595910286696148
104 65 0.08271966951818784
104 73 0.07035409972563582
104 67 0.11704774143651933
104 66 0.09934401373268317
104 72 0.06725458446121162
104 57 0.4081752255816122
104 94 0.11884650612255024
104 80 0.08807264301461518
104 81 0.23458930123749666
104 95 0.06346230178673398
104 56 0.11514486629357204
104 68 0.2766127519733834
104 54 0.17793208462862597
104 83 0.060005494947105525
104 82 0.09554056487770474
104 55 0.19008656275567892
104 69 0.23030567264986607
104 51 0.07053382077102452
104 79 0.07130419188157192
104 86 0.0892251777009182
104 92 0.12961062498368095
104 93 0.12296112107480228
104 87 0.14449508873201725
104 78 0.15102428361675002
104 50 0.06275914031768418
104 52 0.08412693423773837
104 46 0.15896721284906823
104 91 0.13226127259179976
104 85 0.11053066693926136
104 84 0.12023451300798173
104 90 0.1121293357220064
104 47 0.14287284867349717
104 53 0.07772079274291491
110 76 0.04967580755286813
110 62 0.1338982355092728
110 89 0.1506324280658844
110 88 0.27245055383862204
110 63 0.09149529626978356
110 77 0.23808149460648595
110 49 0.06084129732142032
110 61 0.02456108543503549
110 75 0.04671353072133212
110 74 0.08791724853277272
110 60 0.06824608009257863
110 48 0.06695845417173432
110 64 0.06128660671946351
110 70 0.20568426030838685
110 58 0.3385213613554823
110 59 0.04118499854118367
110 71 0.16497429904619748
110 65 0.03316989860566649
110 73 0.04239930882382356
110 67 0.17086798743941603
110 66 0.11880537078020349
110 72 0.12477313382463381
110 57 0.20033730183305337
110 94 0.23429828660511579
110 80 0.1653664445994869
110 81 0.22451906830441318
110 95 0.09573455523180852
110 56 0.14870425392746348
110 68 0.33743933223747313
110 54 0.09373898263859434
110 83 0.07765266089672454
110 82 0.13073202951190435
110 55 0.17565685839663184
110 69 0.36901213407926475
110 51 0.025162630468466285
110 79 0.17035901872504364
110 86 0.019080052593179075
110 92 0.2604079566200208
110 93 0.30057177602649326
110 87 0.2414049354661031
110 78 0.27391316867749504
110 50 0.047028721116409225
110 52 0.09028690749538776
110 46 0.14045765051689035
110 91 0.24276494292827658
110 85 0.2303827193295964
110 84 0.061895616590540145
110 90 0.22880649825353877
110 47 0.12202058519349371
110 53 0.05044642955540546
138 76 0.1266075108472051
138 62 0.11232063409523735
138 89 0.11630299444161248
138 88 0.2670531098745867
138 63 0.08341861854421241
138 77 0.09459705128632656
138 49 0.055571304345895606
138 61 0.046852889467953074
138 75 0.06400418569969656
138 74 0.07673382200179432
138 60 0.041613037957853566
138 48 0.0708367985861574
138 64 0.07663712363254686
138 70 0.26639947336859027
138 58 0.08223166697986029
138 59 0.06399004819204054
138 71 0.06969135013914435
138 65 0.018652449372464602
138 73 0.06011845013799148
138 67 0.27290678527862666
138 66 0.2917534946027224
138 72 0.11670462382480098
138 57 0.1878454836195031
138 94 0.3028544685196
138 80 0.07596504497152323
138 81 0.1679363523314502
138 95 0.11884519782431531
138 56 0.17196116532300182
138 68 0.45868282407989736
138 54 0.0869512505725189
138 83 0.07770874583972724
138 82 0.09357937035133958
138 55 0.06338005989703371
138 69 0.21826915254451917
138 51 0.06853374421024777
138 79 0.09142288662991595
138 86 0.051423418294921294
138 92 0.3078945694617808
138 93 0.27249397994891156
138 87 0.314781878504999
138 78 0.24916795042370773
138 50 0.06509674203941905
138 52 0.09052323239854057
138 46 0.13771065720210274
138 91 0.3146990972953775
138 85 0.2239034077744589
138 84 0.047503190322785646
138 90 0.24421863831348117
138 47 0.1337292647563796
138 53 0.11756188999489782
140 76 0.12454509902202561
140 62 0.05442895996561764
140 89 0.054597216785253144
140 88 0.12758303957741135
140 63 0.048786022057874884
140 77 0.04616499597886309
140 49 0.052355299754599016
140 61 0.05848019111454668
140 75 0.021341801736857763
140 74 0.031205793287272132
140 60 0.030013634823085777
140 48 0.025645463354932285
140 64 0.026849778302370397
140 70 0.16113032350665274
140 58 0.1790447462406291
140 59 0.06635019645423561
140 71 0.04541085262542145
140 65 0.04230151415299345
140 73 0.025159861708608636
140 67 0.12836326614479932
140 66 0.21297952892051414
140 72 0.03741704022151954
140 57 0.18829764099165974
140 94 0.1671952686420682
140 80 0.05021787906978564
140 81 0.11802749752475525
140 95 0.04441953235012719
140 56 0.09771765544616037
140 68 0.2431523280954253
140 54 0.027150778924540084
140 83 0.02411817030484252
140 82 0.07989254707486844
140 55 0.06678886897181938
140 69 0.1678825882507175
140 51 0.025061502621018042
140 79 0.05311990445748521
140 86 0.03795248356935502
140 92 0.18310599473520162
140 93 0.15184672244686526
140 87 0.1497884568253005
140 78 0.18267200192467725
140 50 0.059818896830694315
140 52 0.054427435066210395
140 46 0.041193186616145044
140 91 0.15416381759536282
140 85 0.15647495703747547
140 84 0.045798245526510406
140 90 0.161157645623692
140 47 0.044405237774098785
140 53 0.020292223656293434
135 76 0.09312007409858049
135 62 0.1900988159368829
135 89 0.07893512715460918
135 88 0.225234913305772
135 63 0.10596140444840577
135 77 0.27378998398139825
135 49 0.2524395916317044
135 61 0.03688483217310548
135 75 0.2568174738028499
135 74 0.14084574019344437
135 60 0.031129463920887585
135 48 0.27409411570825687
135 64 0.08952175467655252
135 70 0.17275625495191319
135 58 0.15963283897530778
135 59 0.038571324632782844
135 71 0.18772704358816433
135 65 0.0244244461100048
135 73 0.18151028289658536
135 67 0.25355990595877065
135 66 0.14100559560183853
135 72 0.06957633312197412
135 57 0.2796955776610481
135 94 0.31325775135847755
135 80 0.20252991471255913
135 81 0.20389927776122552
135 95 0.12584919451533608
135 56 0.25841782461564744
135 68 0.384331963705903
135 54 0.12073094038491371
135 83 0.3762573475650818
135 82 0.09725593423154934
135 55 0.08491911726898627
135 69 0.19561551763518145
135 51 0.11538669074123944
135 79 0.21348331133702872
135 86 0.08439749672216093
135 92 0.2822874161670181
135 93 0.24916664071893205
135 87 0.2620653089604045
135 78 0.22708102506312572
135 50 0.10100735291192123
135 52 0.2768329348786293
135 46 0.32419280551143614
135 91 0.2537014989372761
135 85 0.23426166368379386
135 84 0.12760440912993418
135 90 0.24645613116161325
135 47 0.20562993421411058
135 53 0.2938329193306231
121 76 0.15871288982786572
121 62 0.17546096116778884
121 89 0.12384589357643638
121 88 0.3430799684688692
121 63 0.23179928961401872
121 77 0.18754478330380053
121 49 0.15200094346700407
121 61 0.07309964061531563
121 75 0.05926092944536654
121 74 0.1147374237018946
121 60 0.1158938306322655
121 48 0.1378570317728225
121 64 0.1462883411595453
121 70 0.1535391004026378
121 58 0.05585068640072477
121 59 0.04027316047629463
121 71 0.3763620724592061
121 65 0.1333878066479675
121 73 0.04810027411800312
121 67 0.34713635989685454
121 66 0.2330081547287508
121 72 0.09669788197069465
121 57 0.3404467111659898
121 94 0.47217576884047485
121 80 0.4073199621608031
121 81 0.16097052402757706
121 95 0.12465213433103035
121 56 0.20700524331157683
121 68 0.39917893568495805
121 54 0.1589340222620593
121 83 0.23769055252508206
121 82 0.10379262528446359
121 55 0.307040273110595
121 69 0.381591424838287
121 51 0.1324921178990213
121 79 0.08623572391498
121 86 0.11018826749858152
121 92 0.5458399595621259
121 93 0.44109622660169584
121 87 0.24753420102095242
121 78 0.47943291761486684
121 50 0.1674812115433194
121 52 0.06060195124473204
121 46 0.15880406199863245
121 91 0.433462717906928
121 85 0.42132172067839435
121 84 0.08258527064293346
121 90 0.43862441321840157
121 47 0.25923974625686513
121 53 0.19184431571527302
109 76 0.09539390062578473
109 62 0.13381255856401844
109 89 0.0746043443430216
109 88 0.23330272293828008
109 63 0.08269247746499359
109 77 0.175266489163915
109 49 0.10939255052867444
109 61 0.08038464645273581
109 75 0.052678223809540015
109 74 0.09649642505076575
109 60 0.0500347729870083
109 48 0.09039195754358476
109 64 0.12782584678401507
109 70 0.2689542409530424
109 58 0.4474452821312966
109 59 0.03791016837319218
109 71 0.1620282592071588
109 65 0.03499210441623257
109 73 0.036968231577592076
109 67 0.20511845009721577
109 66 0.15629714085266408
109 72 0.08727713243300744
109 57 0.274396822118802
109 94 0.2222139872971971
109 80 0.16548016606362162
109 81 0.25751994133653516
109 95 0.11200849492956377
109 56 0.128349346517111
109 68 0.39072170527448546
109 54 0.10847577736742794
109 83 0.06242928313865562
109 82 0.06564095757034308
109 55 0.15755974965280067
109 69 0.2990147411600608
109 51 0.08736811423679443
109 79 0.13816097218032147
109 86 0.09392398742321713
109 92 0.24565784118067957
109 93 0.2254150653711749
109 87 0.21420070397759983
109 78 0.2676061185961906
109 50 0.11288796822897929
109 52 0.14054908242363384
109 46 0.1860037926601366
109 91 0.23444956038154782
109 85 0.21722359191543145
109 84 0.4962298507877573
109 90 0.21579750657353075
109 47 0.08744183072552228
109 53 0.07533735193418585
108 76 0.10945879700511413
108 62 0.17156981116125036
108 89 0.11607723222883831
108 88 0.2646277249899349
108 63 0.13902312433655395
108 77 0.18328234136544924
108 49 0.06365908510539073
108 61 0.06097450499967605
108 75 0.06386919663172098
108 74 0.09786441695068893
108 60 0.05722234537599505
108 48 0.07857287996383679
108 64 0.14850524157134215
108 70 0.300287579258645
108 58 0.6785740313129197
108 59 0.081108358762743
108 71 0.10580726865266876
108 65 0.05847473805283457
108 73 0.05863990059607774
108 67 0.2415588719784986
108 66 0.1892281745655326
108 72 0.0881096001514404
108 57 0.3208297481362181
108 94 0.30672187209481494
108 80 0.10827001898742791
108 81 0.26188238364852834
108 95 0.10872095071515431
108 56 0.24787247704125476
108 68 0.4874860158410477
108 54 0.19499585638238603
108 83 0.10137071477705845
108 82 0.09352354295327386
108 55 0.20196721861056152
108 69 0.35920718823820463
108 51 0.05254126100397341
108 79 0.1787654157299456
108 86 0.058893262078002925
108 92 0.3136500736599478
108 93 0.2787455565864072
108 87 0.26492774979243616
108 78 0.2960052319368924
108 50 0.07074830759463949
108 52 0.12762932957200923
108 46 0.17695801497702873
108 91 0.2726878810778265
108 85 0.28232034577024256
108 84 0.14574584180563818
108 90 0.2801589231533651
108 47 0.1514761355787334
108 53 0.06175904631072107
120 76 0.01819219200454722
120 62 0.10994242776532631
120 89 0.04868109404549267
120 88 0.17402423324310218
120 63 0.054363774605024964
120 77 0.1952697075704192
120 49 0.029515372958063238
120 61 0.006368332454414011
120 75 0.04126066863594284
120 74 0.03168923627798097
120 60 0.01072651652842413
120 48 0.02243677417361481
120 64 0.04857247278614546
120 70 0.09248835313632114
120 58 0.07573299848945893
120 59 0.01035776623557863
120 71 0.06267189738734621
120 65 0.027247396643928043
120 73 0.01694930004786524
120 67 0.1242934187571477
120 66 0.10431344803941278
120 72 0.008679709596229185
120 57 0.07106500609475962
120 94 0.21028616144325407
120 80 0.06852158074935032
120 81 0.10025746620013107
120 95 0.03854272692790442
120 56 0.10989296753785764
120 68 0.16049198958944888
120 54 0.05702352368352791
120 83 0.033850684463253816
120 82 0.013931484562929586
120 55 0.20141167868364457
120 69 0.1035517082080225
120 51 0.04787414030031531
120 79 0.046252101478172686
120 86 0.034462714816770615
120 92 0.21857391549632818
120 93 0.1870469594089274
120 87 0.19287258804763938
120 78 0.14409537749023238
120 50 0.07656394701365833
120 52 0.03374185400976813
120 46 0.08404591944451668
120 91 0.18047432533006702
120 85 0.18844700786876895
120 84 0.06133895182569565
120 90 0.18584096826747667
120 47 0.09336799856617833
120 53 0.27250956571751417
134 76 0.06889020582472531
134 62 0.12520875064418446
134 89 0.04338491798763293
134 88 0.12292276257704163
134 63 0.08024369729974454
134 77 0.13315949886610712
134 49 0.24528320406065515
134 61 0.0586615627690958
134 75 0.24123621336201612
134 74 0.0900300005171078
134 60 0.0531235068439181
134 48 0.2109812788282655
134 64 0.06682117030065832
134 70 0.10657540554049288
134 58 0.10940538646822776
134 59 0.01505533432387035
134 71 0.41032632117461054
134 65 0.04690343541359934
134 73 0.1622559164561457
134 67 0.21033946058900763
134 66 0.08262411131670673
134 72 0.0551664198939823
134 57 0.29663278012015915
134 94 0.17464113273800722
134 80 0.44434146570333233
134 81 0.0861135898823347
134 95 0.03999505965058456
134 56 0.11095769005408607
134 68 0.2754859079170212
134 54 0.09665869929302803
134 83 0.22545061609349998
134 82 0.07313591759353953
134 55 0.14588306262284215
134 69 0.128511785833335
134 51 0.12658136471964365
134 79 0.10003876720900498
134 86 0.13577057527820846
134 92 0.13344554428645897
134 93 0.12133979894397759
134 87 0.16551515285815796
134 78 0.12927593101937418
134 50 0.16763669913140847
134 52 0.5158698152248095
134 46 0.2116618141619587
134 91 0.14152513079415505
134 85 0.10213468671033178
134 84 0.10771777257819368
134 90 0.12365179786798086
134 47 0.171819400346442
134 53 0.3340246198571294
122 76 0.0835525099900003
122 62 0.08577068207335463
122 89 0.16666563461727676
122 88 0.16566906890635566
122 63 0.1681986329495117
122 77 0.053726249429248765
122 49 0.24963610957445054
122 61 0.04546550506813596
122 75 0.048223549474538566
122 74 0.1487581847026362
122 60 0.06584514713465658
122 48 0.09958852081393638
122 64 0.04022685999756542
122 70 0.14322707912115354
122 58 0.07758361042473944
122 59 0.06658985779951199
122 71 0.5087774312438971
122 65 0.033556627887921395
122 73 0.03978627801835162
122 67 0.40959355613826326
122 66 0.18760463207583084
122 72 0.020181491941096114
122 57 0.39982832499551396
122 94 0.24276168247582902
122 80 0.5545129408343141
122 81 0.1517017074270687
122 95 0.088970200620067
122 56 0.1302123412692101
122 68 0.4201243797888921
122 54 0.04654719642279147
122 83 0.24567339971825472
122 82 0.04487870639733091
122 55 0.14571804161645782
122 69 0.19468074786143943
122 51 0.16057778814046691
122 79 0.09840523888329733
122 86 0.2977483821470498
122 92 0.24196523025688432
122 93 0.19644645015729403
122 87 0.163977062130078
122 78 0.22591265909803182
122 50 0.27439521736072126
122 52 0.08335527287115078
122 46 0.09089074617878917
122 91 0.2034299196422639
122 85 0.7651516596879632
122 84 0.09849402192725679
122 90 0.3626807067548296
122 47 0.06954098757335088
122 53 0.05903756930372234
136 76 0.050520345690747634
136 62 0.08768306093351216
136 89 0.02562959504276699
136 88 0.10439067840148245
136 63 0.06928590730693415
136 77 0.2798980265803521
136 49 0.12064316589554645
136 61 0.05181184467133679
136 75 0.04443552799565782
136 74 0.09304104123365853
136 60 0.015978337039533053
136 48 0.12253176978714006
136 64 0.04131061913497311
136 70 0.10177943393865173
136 58 0.13006403365753078
136 59 0.024609169684129822
136 71 0.033332532888507044
136 65 0.012789804103276542
136 73 0.0402428135576529
136 67 0.07860129221890733
136 66 0.049548516364276124
136 72 0.055634675133649863
136 57 0.17498385326864468
136 94 0.14137096920074854
136 80 0.036156546975003256
136 81 0.24783412223741677
136 95 0.08867686650949647
136 56 0.17201116524096963
136 68 0.20006466495761674
136 54 0.08086723144157414
136 83 0.07450327621709096
136 82 0.047693523132479654
136 55 0.056224462298133424
136 69 0.07026629524143672
136 51 0.020347090075543278
136 79 0.31981577227904145
136 86 0.019441764533960904
136 92 0.12806594833003962
136 93 0.11441033285222364
136 87 0.10565759545515613
136 78 0.11237266224819276
136 50 0.02030567381639481
136 52 0.10001861313659181
136 46 0.1537050716954514
136 91 0.12921424118222466
136 85 0.13689191237453996
136 84 0.06269088422305075
136 90 0.13224969930193492
136 47 0.18095075933924115
136 53 0.05379443752262418
137 76 0.1373514183293501
137 62 0.09479144701441805
137 89 0.09939264482638749
137 88 0.19811813785636706
137 63 0.07737550772022286
137 77 0.07673624690641129
137 49 0.07155389442203748
137 61 0.09322520484175129
137 75 0.051422801232609214
137 74 0.05871637519652609
137 60 0.07442329993882783
137 48 0.05560543572885206
137 64 0.07007890845822132
137 70 0.16904894980611232
137 58 0.16929302930314563
137 59 0.13729609513248014
137 71 0.05021105408889186
137 65 0.059264568638811355
137 73 0.055685294999467755
137 67 0.18042413324410272
137 66 0.27542836103019874
137 72 0.06228636480815772
137 57 0.19708712616219115
137 94 0.22350331440554172
137 80 0.04804930547576157
137 81 0.14872143842604546
137 95 0.10426612119798678
137 56 0.17801370555869822
137 68 0.3189007680750293
137 54 0.08072658900907005
137 83 0.06160245633352206
137 82 0.06344719032994839
137 55 0.0811766851123106
137 69 0.20510673695618237
137 51 0.058731952042177446
137 79 0.1273201131412117
137 86 0.06133139647070089
137 92 0.2593692225730084
137 93 0.21489370270247407
137 87 0.18781017763207225
137 78 0.22193633438832222
137 50 0.08129015336137466
137 52 0.14103521998086613
137 46 0.10720864244280402
137 91 0.2164945690483822
137 85 0.21644914898629086
137 84 0.05874021437584534
137 90 0.21287419552214404
137 47 0.08733672460205927
137 53 0.06970721184415496
123 76 0.08066712886482158
123 62 0.09809565900210837
123 89 0.05920302645401787
123 88 0.16968709077670402
123 63 0.07106245792775216
123 77 0.13970618781436472
123 49 0.21834564647191587
123 61 0.0972001696354125
123 75 0.07406716360645305
123 74 0.07681098465423039
123 60 0.08936298546892202
123 48 0.11565807826455349
123 64 0.059367633106333736
123 70 0.141081683085564
123 58 0.14271300482902663
123 59 0.03471919166189212
123 71 0.5223084141080343
123 65 0.08056064652783049
123 73 0.0641958270908415
123 67 0.33690381773819
123 66 0.15478009265262554
123 72 0.09225401546677567
123 57 0.4565982604776096
123 94 0.6170570963061317
123 80 0.5647889737454144
123 81 0.08660254735728122
123 95 0.09692565048535284
123 56 0.16701557967142178
123 68 0.392421481810602
123 54 0.06660822875883633
123 83 0.20594584095076593
123 82 0.10427884508672322
123 55 0.06909108767818088
123 69 0.195714948075362
123 51 0.14287422032025718
123 79 0.07052680423984369
123 86 0.1863817569429811
123 92 0.26293646991841
123 93 0.26026652770797043
123 87 0.1758262124464964
123 78 0.2408871765421507
123 50 0.23032355957774897
123 52 0.07512202432023522
123 46 0.10226017246489068
123 91 0.28739681535736
123 85 0.23350003517936296
123 84 0.12056591508622788
123 90 0.2664270256691832
123 47 0.11431787268901905
123 53 0.12796693242736423
127 76 0.11293968771530404
127 62 0.10264843023090026
127 89 0.08227125035982404
127 88 0.2482658224400413
127 63 0.1057093290251644
127 77 0.13928922876679867
127 49 0.1729432579017195
127 61 0.04948474987087964
127 75 0.05028962583522183
127 74 0.11495078870803169
127 60 0.052400653159259444
127 48 0.09695885899486557
127 64 0.07327808830426412
127 70 0.16536447987902103
127 58 0.15384459730661743
127 59 0.07842399832079565
127 71 0.3863419087547385
127 65 0.044549278327092004
127 73 0.03473903401658052
127 67 0.2830064693397573
127 66 0.17864276089615322
127 72 0.08687362364169307
127 57 0.33370521341099146
127 94 0.3209499245140849
127 80 0.4183058318834007
127 81 0.19884501862899873
127 95 0.1747197820347529
127 56 0.2125415276049499
127 68 0.469373681691113
127 54 0.12537853876367816
127 83 0.06127876808958173
127 82 0.08506043071976149
127 55 0.10169694203761581
127 69 0.20329843986319773
127 51 0.2565459060062175
127 79 0.13468518775075572
127 86 0.1837771174700102
127 92 0.3128351572174576
127 93 0.2682606679710383
127 87 0.33481389736866074
127 78 0.21473545354933915
127 50 0.32822491703182827
127 52 0.15239178070241124
127 46 0.18021779565919263
127 91 0.33732274611921964
127 85 0.27051810814772503
127 84 0.09420204840642524
127 90 0.26724926838522306
127 47 0.12959607836371
127 53 0.09138776111415192
133 76 0.033677488434077696
133 62 0.21947690325480218
133 89 0.044997300378590385
133 88 0.16457193713322377
133 63 0.12179978613391458
133 77 0.24797531846064796
133 49 0.2981251225308814
133 61 0.049385088418961554
133 75 0.037840027017788005
133 74 0.12307873433783803
133 60 0.01744505961582335
133 48 0.2167031580049505
133 64 0.07962417190696854
133 70 0.13233516246846633
133 58 0.1779887149825407
133 59 0.02615701757232476
133 71 0.24965502916562796
133 65 0.0366261200255749
133 73 0.05965106146746768
133 67 0.20469456969395733
133 66 0.09204364631769299
133 72 0.027674877171545834
133 57 0.3437903282123763
133 94 0.21117288430883266
133 80 0.2728600968797474
133 81 0.23183601700397538
133 95 0.08112730899240886
133 56 0.17911358547074613
133 68 0.2925229579541404
133 54 0.12608958342845186
133 83 0.11072153592395953
133 82 0.17261765586850958
133 55 0.11042186006836047
133 69 0.11427124668787683
133 51 0.054841811077588884
133 79 0.28954929962016096
133 86 0.10129918315543088
133 92 0.19022978959388245
133 93 0.17151010412630358
133 87 0.15731291197617395
133 78 0.1471561197907519
133 50 0.10576301975595924
133 52 0.13124605844465273
133 46 0.1251068707152422
133 91 0.17934354062685484
133 85 0.1641243442775346
133 84 0.10734294849256382
133 90 0.17046688071603494
133 47 0.25778033735887773
133 53 0.2922610944745656
132 76 0.07616629808719931
132 62 0.12290908606639472
132 89 0.13645762385452298
132 88 0.39860468955986045
132 63 0.13409721970322513
132 77 0.24500451777632076
132 49 0.09739002071603053
132 61 0.054677232980935075
132 75 0.05588149912443453
132 74 0.10833935483896337
132 60 0.04465526664224424
132 48 0.09926184921491998
132 64 0.12309020681917762
132 70 0.24992564577336018
132 58 0.14114061340389106
132 59 0.05045890896643224
132 71 0.0995359187367469
132 65 0.03793777480913074
132 73 0.051078262645461406
132 67 0.32226573278113235
132 66 0.25370517326100755
132 72 0.10149589278032996
132 57 0.2818286575270658
132 94 0.5462639762778245
132 80 0.10557449152076309
132 81 0.2665658344030761
132 95 0.11178491713457991
132 56 0.2982025732304515
132 68 0.5080163593880528
132 54 0.17318274147465038
132 83 0.2104063980036041
132 82 0.11741186194037861
132 55 0.12166975053506268
132 69 0.28343793454098876
132 51 0.06828073458790203
132 79 0.2059495110275317
132 86 0.06294519671886357
132 92 0.5589036038302203
132 93 0.4827379294111376
132 87 0.3865827931991117
132 78 0.2865748757625865
132 50 0.07145956720852707
132 52 0.35471025101445874
132 46 0.3709020291747329
132 91 0.46275175840121685
132 85 0.4779219644559803
132 84 0.08910695659633266
132 90 0.47362675487885797
132 47 0.17685787530001823
132 53 0.19639215892492343
126 76 0.0920642062595603
126 62 0.10044568286776127
126 89 0.08252527417754545
126 88 0.18676350500888492
126 63 0.07035040010022099
126 77 0.11645533559743997
126 49 0.21293681375830736
126 61 0.10265340503187784
126 75 0.059958059206793604
126 74 0.08811272200195688
126 60 0.11404446811102062
126 48 0.0981665304921081
126 64 0.07355001026419346
126 70 0.13854669975039696
126 58 0.07191857383906977
126 59 0.06264316174364097
126 71 0.45875249719022887
126 65 0.06738160072513122
126 73 0.054751197818302344
126 67 0.35834411033438296
126 66 0.1855050773647771
126 72 0.07131910995731522
126 57 0.36329863909553173
126 94 0.49746402501268044
126 80 0.49589266990027536
126 81 0.0970549763640697
126 95 0.06470665802603288
126 56 0.11402088115346357
126 68 0.3941102171560725
126 54 0.06569405549955998
126 83 0.2760290542636188
126 82 0.06956717783613936
126 55 0.09077125439022757
126 69 0.23054137726479706
126 51 0.143630428420562
126 79 0.07979782689759861
126 86 0.1885849938987337
126 92 0.45813489460509427
126 93 0.426065605921283
126 87 0.22698493473562897
126 78 0.2640750989437237
126 50 0.23650073510848116
126 52 0.0696903658425017
126 46 0.07994841744874857
126 91 0.41510311887476775
126 85 0.47388325061916897
126 84 0.03628496261210082
126 90 0.735091892336073
126 47 0.06313198963409539
126 53 0.10558011827338179
118 76 0.08716128467351117
118 62 0.16439700662081996
118 89 0.028840408615755986
118 88 0.07687590061651806
118 63 0.08395215004065755
118 77 0.12389976151040027
118 49 0.24435400700933174
118 61 0.03013964475452033
118 75 0.048656106498884855
118 74 0.1056664252264143
118 60 0.021051654436519435
118 48 0.1303210249094972
118 64 0.04589737235001043
118 70 0.10753853063993604
118 58 0.36035534812115844
118 59 0.09991145884595193
118 71 0.22449865378042694
118 65 0.010082873535229325
118 73 0.06302791555432248
118 67 0.12987894443940023
118 66 0.05170539254582909
118 72 0.03696410169491157
118 57 0.25484742033506724
118 94 0.08981924134422337
118 80 0.24391901495604695
118 81 0.2108984263526163
118 95 0.0780532339868852
118 56 0.22432786787707745
118 68 0.20270143972757415
118 54 0.052561477571449244
118 83 0.17083278466121155
118 82 0.05575788896600098
118 55 0.09890920757155867
118 69 0.12284316094568709
118 51 0.14457549613322088
118 79 0.18675760599853072
118 86 0.10132980161064266
118 92 0.07703555759202672
118 93 0.06794646507579342
118 87 0.1476864532694571
118 78 0.0818315979345215
118 50 0.22309325132822316
118 52 0.13258811989150263
118 46 0.16622849949113802
118 91 0.12333458623511707
118 85 0.090753621817735
118 84 0.17100453377033736
118 90 0.08545314862762922
118 47 0.24452189682044745
118 53 0.22533798066614086
130 76 0.02938146064177491
130 62 0.051876768334974
130 89 0.08503493630944946
130 88 0.2639848290412081
130 63 0.09809897242204602
130 77 0.09455579626484382
130 49 0.028743611151481788
130 61 0.014807104571083668
130 75 0.03328042731961971
130 74 0.0638205046368019
130 60 0.01990222218840526
130 48 0.0503999995485446
130 64 0.08944676129577854
130 70 0.15533172702156792
130 58 0.11824744774860946
130 59 0.032353948739199875
130 71 0.029100885902060128
130 65 0.013740156716538054
130 73 0.029682720046609157
130 67 0.19173355326500277
130 66 0.16414870187734293
130 72 0.023758934670662757
130 57 0.1002863809151138
130 94 0.3118709416563059
130 80 0.03292270549103732
130 81 0.18007524912586137
130 95 0.06390976464630867
130 56 0.16058778855878697
130 68 0.2603269386279665
130 54 0.13852593205863972
130 83 0.16860550737952248
130 82 0.02820226976478518
130 55 0.0713000806421065
130 69 0.16226464390537532
130 51 0.014400381913759114
130 79 0.10092740900859924
130 86 0.010688653161861184
130 92 0.3233742288562085
130 93 0.28015042996106765
130 87 0.26225000149063327
130 78 0.17035570081939594
130 50 0.012403077401268253
130 52 0.15019065868919787
130 46 0.24651456412324807
130 91 0.2706775424262068
130 85 0.2817733029050823
130 84 0.061374598763140845
130 90 0.2777568128259364
130 47 0.11215480349599209
130 53 0.07513534381940612
124 76 0.03769336679277972
124 62 0.06428795204187064
124 89 0.059572792438874395
124 88 0.20430852794089735
124 63 0.054705824187140276
124 77 0.07854950471595429
124 49 0.14697458821148104
124 61 0.03081423497381816
124 75 0.03710791534094815
124 74 0.09057152104572697
124 60 0.03888946761985615
124 48 0.07847506434999889
124 64 0.04887374061692336
124 70 0.11933093622303584
124 58 0.0886321334589841
124 59 0.026836965724330628
124 71 0.33679001941581815
124 65 0.03551295736124817
124 73 0.023984356030555
124 67 0.2649558395159244
124 66 0.1217037567877036
124 72 0.04266889645326323
124 57 0.25533333641079037
124 94 0.2592012951545638
124 80 0.3653933410883943
124 81 0.10911930764181785
124 95 0.132621343735969
124 56 0.1348317604457521
124 68 0.31011400985097587
124 54 0.057355562482624925
124 83 0.2102607537405457
124 82 0.06645192523421493
124 55 0.04813600428613306
124 69 0.18637011034891549
124 51 0.13558188834092577
124 79 0.055019317082147245
124 86 0.15568422627602663
124 92 0.258923987485278
124 93 0.21965868466078228
124 87 0.24148979545348834
124 78 0.20966288287292217
124 50 0.1738028618234137
124 52 0.07372602898688549
124 46 0.0909485668788223
124 91 0.7580049415369863
124 85 0.22198553884871852
124 84 0.059564573847800575
124 90 0.21961196641222192
124 47 0.08611055809177763
124 53 0.07179172816105243
125 76 0.07005358634942864
125 62 0.0785131113413537
125 89 0.09360019902124464
125 88 0.20836913379674366
125 63 0.052260249820118745
125 77 0.037668218293604935
125 49 0.15025071030805615
125 61 0.03382704444570504
125 75 0.05550169965337248
125 74 0.07087474524244805
125 60 0.04270240793544057
125 48 0.07028891042000168
125 64 0.0421206553221013
125 70 0.12142568880557597
125 58 0.06869150902306294
125 59 0.022426661284825594
125 71 0.31833024895160555
125 65 0.07201758534036022
125 73 0.054212551077159526
125 67 0.34352932462694186
125 66 0.15339804252966832
125 72 0.02082273288059061
125 57 0.2646692032745808
125 94 0.267602318063084
125 80 0.34771689760478025
125 81 0.10261050801404559
125 95 0.09745306747612073
125 56 0.4254279171688088
125 68 0.45482090020597854
125 54 0.04975541838248301
125 83 0.25483680689089927
125 82 0.046890917800368456
125 55 0.07636003868379787
125 69 0.19444593205277727
125 51 0.09927771297427188
125 79 0.06321285457159327
125 86 0.15373798305265826
125 92 0.2599689190266222
125 93 0.22670672342190856
125 87 0.20544933961196254
125 78 0.21983303097208984
125 50 0.1638742907380083
125 52 0.04531169737122619
125 46 0.08998190404544316
125 91 0.2466993634035781
125 85 0.23809269076688377
125 84 0.04316399600814262
125 90 0.21976274955208958
125 47 0.07358772827965109
125 53 0.06951496849633539
131 76 0.033860030081848846
131 62 0.13409170332922662
131 89 0.129382652482792
131 88 0.45545722399624294
131 63 0.13392771730691067
131 77 0.04569396150306278
131 49 0.044718597647955494
131 61 0.03308517322193559
131 75 0.02802327720767142
131 74 0.09142539655929408
131 60 0.03636910081920884
131 48 0.07330803056530186
131 64 0.12293179231105038
131 70 0.2810271163529161
131 58 0.45599799466782603
131 59 0.1093457642963781
131 71 0.05023531214525116
131 65 0.03899690879263369
131 73 0.03144115339351013
131 67 0.2907053952491856
131 66 0.2404738667911545
131 72 0.032265468762526034
131 57 0.3432682812968024
131 94 0.4561566506764895
131 80 0.0537664777629378
131 81 0.2649451732175181
131 95 0.09647222265557755
131 56 0.1581120151954668
131 68 0.434852316855874
131 54 0.1690301771616036
131 83 0.05103121215350931
131 82 0.07846232762505405
131 55 0.1407956459149621
131 69 0.30869925502710394
131 51 0.022640923827904377
131 79 0.13212050646114717
131 86 0.03447106964826242
131 92 0.47309209170391536
131 93 0.40793835002556295
131 87 0.3874343301997416
131 78 0.26143296867277854
131 50 0.037660607003543456
131 52 0.05121310691589527
131 46 0.20736697745925153
131 91 0.39498568226574604
131 85 0.4112366297392097
131 84 0.06549844668298602
131 90 0.4064565598032615
131 47 0.15459210766454884
131 53 0.02237930145830333
119 76 0.1326359337293163
119 62 0.19032361577267323
119 89 0.10051367819077967
119 88 0.1764872333789858
119 63 0.043923604731521376
119 77 0.4200790581565192
119 49 0.15454068905379528
119 61 0.11941015341280345
119 75 0.1428698171201269
119 74 0.17181272762698252
119 60 0.07877638784459065
119 48 0.13802789324010975
119 64 0.052147403215911686
119 70 0.24203849150889895
119 58 0.4837568299943861
119 59 0.1314326678581008
119 71 0.059549530812050416
119 65 0.020933152029371127
119 73 0.13342666980741047
119 67 0.17919125711919645
119 66 0.14938767907994477
119 72 0.1178781068730038
119 57 0.21347749740132377
119 94 0.24220501419019008
119 80 0.06045705336755815
119 81 0.16765271885168936
119 95 0.18560163448254335
119 56 0.23364641543599587
119 68 0.30813390085770065
119 54 0.05505478489571969
119 83 0.21059066479888489
119 82 0.09114097428998871
119 55 0.15171975417246966
119 69 0.2025588805496998
119 51 0.08861602254948903
119 79 0.3771296506894829
119 86 0.08059165413164766
119 92 0.2441032913288091
119 93 0.22092185271839138
119 87 0.23016808848908232
119 78 0.21973254865980996
119 50 0.08142819868342284
119 52 0.23824502626908695
119 46 0.22187777718843987
119 91 0.25689823512515464
119 85 0.278316369135838
119 84 0.16340407530600515
119 90 0.2673226898555179
119 47 0.06193107527704429
119 53 0.14509779855892943
