114 76 0.13491348127084735
114 62 0.15200372936460316
114 89 0.08210842335317914
114 88 0.21385048434654508
114 63 0.09514172324780873
114 77 0.07843333378774747
114 49 0.05722282424166315
114 61 0.00962750651471074
114 75 0.050209430601617006
114 74 0.20478194101679872
114 60 0.04104453359765216
114 48 0.04842930807361619
114 64 0.11912369053145831
114 70 0.18345768546750918
114 58 0.3986709641923618
114 59 0.09374608660466754
114 71 0.05817148810138363
114 65 0.028112894963290086
114 73 0.04299340368943014
114 67 0.15797695989961505
114 66 0.14859509237206264
114 72 0.09443457577907215
114 57 0.1924511075158369
114 94 0.2708041136846705
114 80 0.06477433866056409
114 81 0.19170338294025618
114 95 0.07486157700291837
114 56 0.09581558572872902
114 68 0.2951036339697217
114 54 0.14831565449691453
114 83 0.0735491870018512
114 82 0.037667247100807114
114 55 0.14189516330836321
114 69 0.2294097308610599
114 51 0.04077621657013662
114 79 0.06423719304190137
114 86 0.04437470553611418
114 92 0.28618262558562835
114 93 0.23624706495527537
114 87 0.17220514526650227
114 78 0.19577834030587105
114 50 0.07176671811565379
114 52 0.03969354056997623
114 46 0.1609506730928424
114 91 0.22730308081050749
114 85 0.2358197002644664
114 84 0.08981059269680033
114 90 0.23816253600810608
114 47 0.11290739959564039
114 53 0.06349292934563705
100 76 0.05801426884243531
100 62 0.061355227761758
100 89 0.03382856948447718
100 88 0.07376094332798785
100 63 0.22938092849712827
100 77 0.052939523975591735
100 49 0.1829230081821226
100 61 0.03657444807970549
100 75 0.0447931800164546
100 74 0.0629671951180967
100 60 0.03885321490460407
100 48 0.08951126893152196
100 64 0.10154978045620906
100 70 0.07135405413232979
100 58 0.22552413028681711
100 59 0.04978969448157382
100 71 0.3907761709660726
100 65 0.040919323743135824
100 73 0.015175457963678071
100 67 0.18535468731380503
100 66 0.05043829177173738
100 72 0.026223624466357176
100 57 0.22627722748092
100 94 0.24576123359375857
100 80 0.4156122225560091
100 81 0.06323514053808833
100 95 0.059809301230836484
100 56 0.10452753811888811
100 68 0.1913439912429708
100 54 0.09317279135572648
100 83 0.06183837247756512
100 82 0.037533194200074296
100 55 0.20683725052129276
100 69 0.09380665079079473
100 51 0.11719177065300851
100 79 0.043001059703173194
100 86 0.18484445849794764
100 92 0.10604201848028733
100 93 0.09889161959129986
100 87 0.06121579425273398
100 78 0.07950121533395955
100 50 0.21041164597856005
100 52 0.08700933821124965
100 46 0.11442688029509679
100 91 0.19397731262166318
100 85 0.18218868304852542
100 84 0.10107715047021022
100 90 0.17690630076787808
100 47 0.05924820886291078
100 53 0.0493443306159156
128 76 0.08511347886445829
128 62 0.03408221004066089
128 89 0.13126534019672648
128 88 0.25639429611276604
128 63 0.08014170656869535
128 77 0.06245160099736742
128 49 0.04936007135941893
128 61 0.06154894928320911
128 75 0.048109562332066064
128 74 0.03673906666734328
128 60 0.05599259278944293
128 48 0.059046649725741675
128 64 0.09076328742529413
128 70 0.17503814891434233
128 58 0.1582377234205644
128 59 0.03083145606928142
128 71 0.050021433610433735
128 65 0.02586913856531385
128 73 0.06946601362247223
128 67 0.24492301320801324
128 66 0.17344561321163696
128 72 0.07796921259559184
128 57 0.11760534930606358
128 94 0.3776069142388078
128 80 0.05579306796441079
128 81 0.19415471702262832
128 95 0.13730592434844865
128 56 0.2066872683410532
128 68 0.4434496088292686
128 54 0.11336860033860956
128 83 0.044230855353480494
128 82 0.037060351961331006
128 55 0.11474715327724866
128 69 0.21684437473112095
128 51 0.07775670739363029
128 79 0.13609439016511454
128 86 0.040424440479591955
128 92 0.38687954804633345
128 93 0.32996506156284916
128 87 0.30473113677696734
128 78 0.21955828425483648
128 50 0.0969403625361929
128 52 0.10711168493995757
128 46 0.13784063941236088
128 91 0.278103506344709
128 85 0.3327087402919008
128 84 0.0475354710083984
128 90 0.33801385668567235
128 47 0.12061497906378522
128 53 0.030744789795786556
129 76 0.024224348694852432
129 62 0.14260851672661684
129 89 0.1174309633764482
129 88 0.30619759088500276
129 63 0.20892822092776675
129 77 0.10236647071120969
129 49 0.12150861995592839
129 61 0.05731362761740416
129 75 0.04492610410891448
129 74 0.10472247777326395
129 60 0.01904794018267203
129 48 0.20033737177535793
129 64 0.20127395719287822
129 70 0.307655283765972
129 58 0.5274798116983477
129 59 0.017733703034187157
129 71 0.13876015462402308
129 65 0.0675574224090943
129 73 0.03498692888651932
129 67 0.26493433784379544
129 66 0.2060587507943768
129 72 0.02730519785985966
129 57 0.3901721363817347
129 94 0.38888327223538943
129 80 0.1535821656371283
129 81 0.24117754604149605
129 95 0.10708206146199536
129 56 0.20282256614946442
129 68 0.4922706511154218
129 54 0.24954516831549056
129 83 0.09610715530807198
129 82 0.2789519705628731
129 55 0.19285427410257056
129 69 0.3437846317567291
129 51 0.06108592062154346
129 79 0.11765983323674989
129 86 0.04677274215281896
129 92 0.3976395331119912
129 93 0.3528024198517597
129 87 0.237606521721831
129 78 0.2758159025887741
129 50 0.05858997331594429
129 52 0.05271919452725557
129 46 0.25022219989163275
129 91 0.3400904325308605
129 85 0.3280342312394015
129 84 0.10261548909100805
129 90 0.33130240495984137
129 47 0.39448068936664604
129 53 0.08048815137454557
101 76 0.006622054672999714
101 62 0.09513051126127875
101 89 0.09624270549839237
101 88 0.09079810221786896
101 63 0.04336191952514619
101 77 0.10327042719598524
101 49 0.10314379448578181
101 61 0.056785775273297166
101 75 0.04163870179399903
101 74 0.008917473810611365
101 60 0.039276995744653015
101 48 0.056168201592050576
101 64 0.04251059848731582
101 70 0.06282176018183674
101 58 0.13252468354231897
101 59 0.0539864179695884
101 71 0.15314790683586604
101 65 0.05208065720793062
101 73 0.056685211436741344
101 67 0.113653259392775
101 66 0.041793439096947174
101 72 0.022224856808121182
101 57 0.15952932176573964
101 94 0.1058001149428005
101 80 0.1734779917040613
101 81 0.10363797222099616
101 95 0.004622289137252572
101 56 0.1179147649763121
101 68 0.1116330708153438
101 54 0.04201263971964067
101 83 0.03787570697168731
101 82 0.07207548838946044
101 55 0.06490043023091718
101 69 0.0861853959284915
101 51 0.08538005670344204
101 79 0.1306079979084635
101 86 0.11133118010108581
101 92 0.09828835339179486
101 93 0.0869523639812261
101 87 0.07478955948037153
101 78 0.07296613070603197
101 50 0.1129421190423611
101 52 0.06635849502372901
101 46 0.0876369679858521
101 91 0.1481315458646711
101 85 0.07926653844443807
101 84 0.0676416544217966
101 90 0.08258652562845689
101 47 0.0261600513205964
101 53 0.03700536483889848
115 76 0.028449239831936313
115 62 0.1769716927567616
115 89 0.07211338198878481
115 88 0.16522101983597762
115 63 0.0695476298093885
115 77 0.33145905406572845
115 49 0.21685685348341824
115 61 0.04446886375662555
115 75 0.05710171341132292
115 74 0.15932685038289934
115 60 0.039161408912265314
115 48 0.13387525451956792
115 64 0.11784350605007693
115 70 0.20336666128904718
115 58 0.1047805016628136
115 59 0.05801502892757004
115 71 0.09609574990521141
115 65 0.022074704046932306
115 73 0.018716779617590815
115 67 0.20829268383944832
115 66 0.2298274015514781
115 72 0.15069119927469618
115 57 0.08717951092604272
115 94 0.3055822054493646
115 80 0.10656645938689616
115 81 0.08167256233509285
115 95 0.0656158441450075
115 56 0.271987744974031
115 68 0.26946412801695063
115 54 0.07731254442725045
115 83 0.22945272221990481
115 82 0.06458323668024102
115 55 0.15792364090806513
115 69 0.08953445633547205
115 51 0.08349650354069285
115 79 0.19066989750007035
115 86 0.0647197716313234
115 92 0.3228889313482457
115 93 0.2827586663954504
115 87 0.1354786699586396
115 78 0.12567734101849468
115 50 0.03990389657330842
115 52 0.7446358821464639
115 46 0.47208765794783614
115 91 0.29814340008587953
115 85 0.282351846921035
115 84 0.08759257779948623
115 90 0.2851444439017282
115 47 0.27532735420056914
115 53 0.35822547628263485
103 76 0.04570148476759309
103 62 0.1483311902566777
103 89 0.04202155395227812
103 88 0.18435148447230426
103 63 0.16099272380060453
103 77 0.07120770463993911
103 49 0.042405881921267305
103 61 0.05095099217661728
103 75 0.05474950903926344
103 74 0.04712966217858358
103 60 0.02830742450808342
103 48 0.09053523296822469
103 64 0.23864681966638268
103 70 0.22488693938861315
103 58 0.9999999999999999
103 59 0.04042075248370541
103 71 0.06481058943336632
103 65 0.0660847201876821
103 73 0.061346202575505604
103 67 0.14874713832539135
103 66 0.21209025295486786
103 72 0.05073833941971112
103 57 0.3111371923188417
103 94 0.19189273797374623
103 80 0.0720905555408243
103 81 0.20490216272777073
103 95 0.06350689066903854
103 56 0.10866619610046124
103 68 0.3463319370589528
103 54 0.2955978088235715
103 83 0.05209718963981404
103 82 0.09189942059077391
103 55 0.21147425582685303
103 69 0.28364529234893104
103 51 0.02702947640273863
103 79 0.04527851374418505
103 86 0.01963013149746118
103 92 0.20289613866185596
103 93 0.16716700012492475
103 87 0.13327935263872254
103 78 0.24228432791160415
103 50 0.04888924894853604
103 52 0.11911085033231267
103 46 0.2484456170089851
103 91 0.16545710657949875
103 85 0.16686121859266678
103 84 0.08350441589066121
103 90 0.16853752905753613
103 47 0.19282381541780072
103 53 0.06852511930601912
117 76 0.19034274869233866
117 62 0.20631443396176752
117 89 0.07133094625113096
117 88 0.15596482020400987
117 63 0.05719173663814128
117 77 0.33008640706664494
117 49 0.19535918360857804
117 61 0.08548883702458873
117 75 0.5681969493406059
117 74 0.36586062129723806
117 60 0.042943303700660976
117 48 0.3856121193829393
117 64 0.12986016502233338
117 70 0.21413880266760682
117 58 0.5346423481106617
117 59 0.04333968571230898
117 71 0.062040130556888805
117 65 0.03494578237231197
117 73 0.43315141417274916
117 67 0.15701546683045264
117 66 0.11831801791326553
117 72 0.13251365820776675
117 57 0.19295533799093367
117 94 0.2410186324115931
117 80 0.06049613286129605
117 81 0.1595507901131199
117 95 0.13831717142938596
117 56 0.2423592546274927
117 68 0.31190877520185106
117 54 0.10841193276367614
117 83 0.6078469148315314
117 82 0.0742527771453264
117 55 0.13997087319477616
117 69 0.20072625812430944
117 51 0.13518841667310294
117 79 0.352205223001321
117 86 0.023648895164134875
117 92 0.2547457373775697
117 93 0.21729250687288784
117 87 0.21200202879735924
117 78 0.22972161528016152
117 50 0.04106743548050745
117 52 0.3159714307733589
117 46 0.2943572210388885
117 91 0.23288465352548987
117 85 0.22969203113151834
117 84 0.12435543609754661
117 90 0.23197563926054077
117 47 0.13763770522917942
117 53 0.1861501452116771
116 76 0.06208530727919542
116 62 0.1644760133237713
116 89 0.07272047491715049
116 88 0.21181852777067572
116 63 0.08073067570753881
116 77 0.18524079240377567
116 49 0.0880787377194353
116 61 0.1075920071218705
116 75 0.08410191054336089
116 74 0.08175299045663023
116 60 0.04826925454778219
116 48 0.06938661676206156
116 64 0.11984211076686992
116 70 0.34349387701002376
116 58 0.6630116012146179
116 59 0.10364511880400047
116 71 0.06831804384689698
116 65 0.048300010815629735
116 73 0.055445189538168106
116 67 0.19351260165037643
116 66 0.21860165544460058
116 72 0.05314032015101701
116 57 0.3708448176874602
116 94 0.31112302106035805
116 80 0.07595573185066573
116 81 0.24755809874760643
116 95 0.0579731051647475
116 56 0.24807077910768033
116 68 0.33139466944262663
116 54 0.14920092650032607
116 83 0.2400329169891216
116 82 0.3876707435098645
116 55 0.1297481426327601
116 69 0.2496599837122303
116 51 0.02421563698774848
116 79 0.1532069252809477
116 86 0.05556775608931576
116 92 0.2839372528616448
116 93 0.27905037698244883
116 87 0.12017366904588166
116 78 0.21001325451662295
116 50 0.059150048826266476
116 52 0.1557996280380165
116 46 0.2583214154113082
116 91 0.2521452128821559
116 85 0.2028886712543223
116 84 0.115197354191408
116 90 0.21268409728165782
116 47 0.10329416914553173
116 53 0.09044681850253602
102 76 0.05666026198267577
102 62 0.08579111100584752
102 89 0.06560462759316935
102 88 0.09272058102577642
102 63 0.08057267073077823
102 77 0.0571816514109441
102 49 0.05863987811509589
102 61 0.032351332513206696
102 75 0.04436680858647764
102 74 0.028040876756759092
102 60 0.058427536867192965
102 48 0.04393068915170477
102 64 0.1209573043110845
102 70 0.1239935010986062
102 58 0.5169051145350141
102 59 0.06550381692103005
102 71 0.1521497634939756
102 65 0.022161035631678955
102 73 0.03997168799282361
102 67 0.07420425607242481
102 66 0.06928526150775338
102 72 0.06617478236633288
102 57 0.1586565023383137
102 94 0.09664247021908234
102 80 0.16833736781524797
102 81 0.10340812560305516
102 95 0.026993254055473676
102 56 0.07385686419515933
102 68 0.17695981080434112
102 54 0.1505751216780451
102 83 0.06706312243066533
102 82 0.009103966167118227
102 55 0.10682599517841987
102 69 0.14435911989720857
102 51 0.03669528925030091
102 79 0.050303455065385555
102 86 0.060761743519749084
102 92 0.10236487674474293
102 93 0.08378365251095654
102 87 0.06616011042511052
102 78 0.12284901956436003
102 50 0.060303469371212545
102 52 0.039187473487885455
102 46 0.12605324723330544
102 91 0.08289440869807749
102 85 0.08362462837967044
102 84 0.04027425650276463
102 90 0.0844964070429311
102 47 0.09712668448999497
102 53 0.05240237185839093
106 76 0.06963242922105396
106 62 0.06229060607836928
106 89 0.03328977875199632
106 88 0.09953738464193118
106 63 0.058602877124025926
106 77 0.06354986212675823
106 49 0.055521714376737294
106 61 0.05511265614759839
106 75 0.0325315183941383
106 74 0.036281598660854966
106 60 0.05335180171212538
106 48 0.05800920939996123
106 64 0.08880594077257009
106 70 0.10192700321814414
106 58 0.42155828259866185
106 59 0.050350990223965206
106 71 0.059446045218160104
106 65 0.03507988334174818
106 73 0.03654240716431009
106 67 0.07979166055404147
106 66 0.06453731869792018
106 72 0.148242028985546
106 57 0.12856189533969298
106 94 0.11129387376755906
106 80 0.05826065036424365
106 81 0.09263061805080271
106 95 0.08403237575971613
106 56 0.08793648473335908
106 68 0.16978305326466528
106 54 0.11095666355395735
106 83 0.059520901320420254
106 82 0.043348868265129264
106 55 0.12333243495698817
106 69 0.1384571860287467
106 51 0.05790397851431441
106 79 0.0645859036343138
106 86 0.0627159314590714
106 92 0.11782860322348679
106 93 0.09730183243827012
106 87 0.07626775112982165
106 78 0.11778822078572242
106 50 0.03522574792112887
106 52 0.06261277430049178
106 46 0.09261712029269935
106 91 0.09367299219596582
106 85 0.09587534411926499
106 84 0.08101108944996234
106 90 0.09686553333225802
106 47 0.09773937633887636
106 53 0.06554679571151423
112 76 0.046173518552412904
112 62 0.11550330091642913
112 89 0.06312166030872512
112 88 0.19192191961435928
112 63 0.12530896864419294
112 77 0.13531937259444865
112 49 0.06344518296160218
112 61 0.041666960349865736
112 75 0.060503384010161344
112 74 0.05876580519614217
112 60 0.045548515904498876
112 48 0.06985599853299002
112 64 0.18642596566161332
112 70 0.1986463423137818
112 58 0.7490314704878049
112 59 0.045175568781169295
112 71 0.13157156487551772
112 65 0.05611107517866484
112 73 0.03930499945073353
112 67 0.1549840690262073
112 66 0.12644813902971855
112 72 0.02914165060108502
112 57 0.2319232414061041
112 94 0.21391450073373258
112 80 0.14566041854615955
112 81 0.18106266802939835
112 95 0.05023926200602723
112 56 0.13027206295721883
112 68 0.3269928620378634
112 54 0.2312487582735478
112 83 0.12716662397101125
112 82 0.03985299728916791
112 55 0.22047267826619432
112 69 0.2677414609570115
112 51 0.04014735216975056
112 79 0.11162279425695264
112 86 0.055996524463844184
112 92 0.22613886177527548
112 93 0.18773992593748567
112 87 0.14839197651956454
112 78 0.22864708759720848
112 50 0.07408307374499845
112 52 0.07065387221668382
112 46 0.1941380259371881
112 91 0.18095154187611215
112 85 0.18507142858795206
112 84 0.16243556234970066
112 90 0.18692375170564254
112 47 0.1503613591168345
112 53 0.04279048603769864
113 76 0.04059093525900799
113 62 0.13168922528325533
113 89 0.10196254053846347
113 88 0.286839988369007
113 63 0.12732652053278082
113 77 0.17723403954203906
113 49 0.08412783276109562
113 61 0.060386287603229095
113 75 0.08031701078341534
113 74 0.0780661419641261
113 60 0.02855082489252221
113 48 0.08472133524899012
113 64 0.1583984084193081
113 70 0.24283455463367326
113 58 0.41731194253547443
113 59 0.03385886815154204
113 71 0.07738339719374165
113 65 0.04322403902339919
113 73 0.053196428303260185
113 67 0.23246645652654824
113 66 0.19997601566595247
113 72 0.05897564103989421
113 57 0.25463811043329243
113 94 0.37290572697104324
113 80 0.0859456518511639
113 81 0.25735912627013335
113 95 0.12878443882321827
113 56 0.28756985600876334
113 68 0.39013932191964934
113 54 0.19671185281401501
113 83 0.19349435667823012
113 82 0.10403365993322974
113 55 0.15171560406451035
113 69 0.27651376192229893
113 51 0.02888032888418704
113 79 0.14653736617483837
113 86 0.024244882442983215
113 92 0.3831240953528736
113 93 0.32888963701850177
113 87 0.23140426899622513
113 78 0.25166845772861274
113 50 0.07370290761483174
113 52 0.1743094913309714
113 46 0.24113798761710728
113 91 0.3047472591197181
113 85 0.3160840602236067
113 84 0.10037661632178739
113 90 0.31920269937242735
113 47 0.1703805679547375
113 53 0.10150653977566326
107 76 0.048658513370158
107 62 0.10295163209790428
107 89 0.043885158714088865
107 88 0.11511824674082448
107 63 0.04907214541155627
107 77 0.037267613614381453
107 49 0.09886635056262986
107 61 0.033786636499817
107 75 0.034740877332461034
107 74 0.00921218754223073
107 60 0.058075271345179515
107 48 0.03745425916765456
107 64 0.05156539550825952
107 70 0.041626199206128006
107 58 0.03753929419670139
107 59 0.04297044468570427
107 71 0.1963408610092125
107 65 0.04028180020102537
107 73 0.047889526936547286
107 67 0.18020938259625563
107 66 0.15776296824023076
107 72 0.0
107 57 0.13568198766909934
107 94 0.05890924856550474
107 80 0.2170354727892909
107 81 0.04174561915811033
107 95 0.05759662671802349
107 56 0.8938727163178963
107 68 0.6656789471930912
107 54 0.03051318691716176
107 83 0.07792493869902536
107 82 0.02492998753777209
107 55 0.07666751948666944
107 69 0.048229182843088095
107 51 0.04571517433462778
107 79 0.04965488627810265
107 86 0.06790729095840323
107 92 0.06448317264612578
107 93 0.2516299514536015
107 87 0.06872596816952892
107 78 0.0581948424381215
107 50 0.10120146517108025
107 52 0.06016113990436825
107 46 0.05841508187420177
107 91 0.0662879213512433
107 85 0.050576110374981095
107 84 0.03657477676286265
107 90 0.051091861145644804
107 47 0.02565293881253873
107 53 0.05439399352676691
139 76 0.1298912227926673
139 62 0.042755736659068524
139 89 0.06979668548453724
139 88 0.16520951958439398
139 63 0.04541524000618029
139 77 0.08427286369038152
139 49 0.05347452472381635
139 61 0.11102926677269698
139 75 0.03584407669364363
139 74 0.09736679339357102
139 60 0.0529667411079439
139 48 0.03117394585281405
139 64 0.04286830197916909
139 70 0.12356191993135139
139 58 0.0982176794652964
139 59 0.09528565152906372
139 71 0.04828335634018949
139 65 0.049497127201125285
139 73 0.0319862644775676
139 67 0.09983954720890087
139 66 0.24748915021843232
139 72 0.041048883762161675
139 57 0.1543066673394248
139 94 0.2219583136226202
139 80 0.0474098774176592
139 81 0.0822664486480913
139 95 0.03018999103915647
139 56 0.07556190653054182
139 68 0.16564838893421266
139 54 0.07233003634430892
139 83 0.05685955426909155
139 82 0.07134612638712354
139 55 0.06560200507806155
139 69 0.08921996224455994
139 51 0.05297649257573815
139 79 0.08541897856765912
139 86 0.06383922593712574
139 92 0.2307351122557892
139 93 0.20821699293560875
139 87 0.1358813938978003
139 78 0.09244374992897562
139 50 0.06059152953470152
139 52 0.15750553572807788
139 46 0.12206557088752869
139 91 0.18089907632994
139 85 0.2077864913958392
139 84 0.03671030514984994
139 90 0.20313013769854876
139 47 0.06678807311210333
139 53 0.09146610553189752
111 76 0.060716461959139836
111 62 0.14126388862759967
111 89 0.1141623256820635
111 88 0.2866653142747036
111 63 0.1511146045547484
111 77 0.13796216558107907
111 49 0.0647492601693104
111 61 0.03833272776239209
111 75 0.0617526677976609
111 74 0.05998272515196125
111 60 0.04642091378651676
111 48 0.07945132994323059
111 64 0.18829415624017995
111 70 0.33894617130231236
111 58 0.6891544040394677
111 59 0.09215863654969561
111 71 0.1131029297615546
111 65 0.051255149231643704
111 73 0.052865306255270014
111 67 0.24060201016387925
111 66 0.18993973192664465
111 72 0.03098431334320527
111 57 0.3150820689850117
111 94 0.3191553461181883
111 80 0.12530818513088932
111 81 0.3093410620415195
111 95 0.08186110721836662
111 56 0.17681701020337598
111 68 0.5550393881249519
111 54 0.23355083265108062
111 83 0.12965756532245057
111 82 0.06201118650624545
111 55 0.22732646437131243
111 69 0.4552795669133189
111 51 0.0456150771398567
111 79 0.11382421902101356
111 86 0.037355458046503115
111 92 0.3372146124385073
111 93 0.28048718052162697
111 87 0.22235775393795398
111 78 0.38945753358396457
111 50 0.0824491179306285
111 52 0.07209221717892844
111 46 0.23418558363927522
111 91 0.2704585798256613
111 85 0.27654496185297656
111 84 0.17158726887888315
111 90 0.2792814317903398
111 47 0.17865696061705466
111 53 0.0368415731194002
105 76 0.0415809655898675
105 62 0.04707134661641507
105 89 0.033175469340679706
105 88 0.06584598760720736
105 63 0.04675022521660549
105 77 0.03472025635284878
105 49 0.13953381250428243
105 61 0.047919620704919605
105 75 0.03859179915104237
105 74 0.06698983724582419
105 60 0.05447375983173491
105 48 0.09004339328843788
105 64 0.046540611443980875
105 70 0.053745955117021696
105 58 0.2938519308372354
105 59 0.0462308985761635
105 71 0.2873241525954358
105 65 0.0489622226908176
105 73 0.03986879662736882
105 67 0.15618959822446313
105 66 0.10321678648484661
105 72 0.04632216837003396
105 57 0.2577305108968638
105 94 0.3411236648816561
105 80 0.30251354420091914
105 81 0.039377327063477324
105 95 0.0656813042539684
105 56 0.45969394695336596
105 68 0.34153157141828555
105 54 0.050811461579840095
105 83 0.15301980229526196
105 82 0.050041682997729986
105 55 0.052875066478170946
105 69 0.09056148217792188
105 51 0.10553978096039993
105 79 0.06344778234420774
105 86 0.16598759797648838
105 92 0.10660921098121438
105 93 0.10909322780409428
105 87 0.06890646901709772
105 78 0.08790759193411898
105 50 0.1250466901468307
105 52 0.06800595100269342
105 46 0.0573606222229847
105 91 0.21337689667821824
105 85 0.2697117289739461
105 84 0.05002409649736003
105 90 0.1875198238552996
105 47 0.06702866774319075
105 53 0.03798972672470605
104 76 0.059204945387022485
104 62 0.1386418899962128
104 89 0.042266263401424295
104 88 0.16092538498415612
104 63 0.14043275884123588
104 77 0.09285841955670607
104 49 0.06376911633415473
104 61 0.04659319232263129
104 75 0.05340734035149147
104 74 0.03975852391384539
104 60 0.045043184772861636
104 48 0.07862044615525099
104 64 0.2085586486266413
104 70 0.26123693095112344
104 58 0.9370373057746252
104 59 0.05257146424390417
104 71 0.0809719218012721
104 65 0.023818735977575584
104 73 0.05342886855183515
104 67 0.14648756018994766
104 66 0.1213917343594501
104 72 0.09101059239225506
104 57 0.31349294030341535
104 94 0.18900546804389282
104 80 0.08990016662598259
104 81 0.1890531129423469
104 95 0.07977466369916553
104 56 0.10698972444057582
104 68 0.3411978512593218
104 54 0.25852171583173256
104 83 0.08714542508093422
104 82 0.03145142842918884
104 55 0.1847201753474168
104 69 0.2794231858200542
104 51 0.029417434945672297
104 79 0.0762531705309204
104 86 0.03045813462101203
104 92 0.19984878880777343
104 93 0.16463944573697878
104 87 0.12285997898752941
104 78 0.2386639499065577
104 50 0.05562334326302485
104 52 0.047544420132125495
104 46 0.21715512741309834
104 91 0.16295442810373217
104 85 0.16433811278256527
104 84 0.12375369754050135
104 90 0.16599003590939188
104 47 0.16835815562919731
104 53 0.06650390001936463
110 76 0.022191926071699994
110 62 0.19148184702780893
110 89 0.19126192662002772
110 88 0.33282714861759033
110 63 0.050196008447734766
110 77 0.293763368566399
110 49 0.04874341669500051
110 61 0.050040699414523146
110 75 0.059978255978188705
110 74 0.06138504380288835
110 60 0.10228584797119064
110 48 0.08398604804410578
110 64 0.0635804354454092
110 70 0.13716107734872343
110 58 0.3125575615987246
110 59 0.032201607490294715
110 71 0.1851822291995473
110 65 0.07346546979558947
110 73 0.048288054035746944
110 67 0.12669682855559858
110 66 0.09926815338526884
110 72 0.18357105881066227
110 57 0.1824781583972375
110 94 0.17594167640234923
110 80 0.18941085509047356
110 81 0.3081909098764201
110 95 0.08694047852375844
110 56 0.15861565556230942
110 68 0.29825903391889935
110 54 0.08973105050414669
110 83 0.09908451555272861
110 82 0.24667147514066984
110 55 0.11298861894562869
110 69 0.3053720257011715
110 51 0.0752069627320172
110 79 0.17470980458482327
110 86 0.008514275018227116
110 92 0.20632087441236868
110 93 0.317448380772738
110 87 0.133843533956094
110 78 0.2254054013217341
110 50 0.022626118168603146
110 52 0.09063776983627458
110 46 0.15317650914625933
110 91 0.2007191705660848
110 85 0.21097742504248246
110 84 0.05460890686072559
110 90 0.2064343513318624
110 47 0.0754272178251396
110 53 0.05541111110392164
138 76 0.03976778824024714
138 62 0.11190377006204813
138 89 0.0629751761237306
138 88 0.15732924144152866
138 63 0.07389014794965038
138 77 0.11661533824312335
138 49 0.04886716311462003
138 61 0.057941434229627775
138 75 0.035224328321300166
138 74 0.06477957462414205
138 60 0.0470118914780005
138 48 0.07185345667113602
138 64 0.07738680714053722
138 70 0.15679974006369007
138 58 0.14073107635757143
138 59 0.051351502180254124
138 71 0.08742145905613279
138 65 0.05371442918677462
138 73 0.039539101503617766
138 67 0.1732238384962133
138 66 0.23015722215452214
138 72 0.15092092225985584
138 57 0.21151894423934037
138 94 0.20151634958458958
138 80 0.09700748597153432
138 81 0.150311649020331
138 95 0.05114754370839872
138 56 0.12248955387501607
138 68 0.3132526629289093
138 54 0.09688545730256108
138 83 0.05439197206026837
138 82 0.14743190873832673
138 55 0.04348928781778816
138 69 0.1517868958786505
138 51 0.017585722236592688
138 79 0.0312833676072172
138 86 0.06268022379577079
138 92 0.21111358060900295
138 93 0.19026040282922907
138 87 0.1526161582987079
138 78 0.17590350561281898
138 50 0.03407238052126914
138 52 0.07878402674314754
138 46 0.11799428824333441
138 91 0.1752930645423729
138 85 0.17366499121931211
138 84 0.08056388656663804
138 90 0.17540706424647579
138 47 0.10359636040981336
138 53 0.12577563070728223
140 76 0.15303419719546715
140 62 0.06734313242012765
140 89 0.05654711243007151
140 88 0.06612769415505908
140 63 0.08274260438240646
140 77 0.055646720929473766
140 49 0.11229784533642366
140 61 0.04885811574065574
140 75 0.05155722927135803
140 74 0.020320644505350163
140 60 0.004988058247074947
140 48 0.06462624353082254
140 64 0.04269084522042221
140 70 0.17543809872882946
140 58 0.1767255994322599
140 59 0.09672948559946645
140 71 0.04499890889797285
140 65 0.019414141427754467
140 73 0.07478872808899062
140 67 0.12139672644654162
140 66 0.2059698958172845
140 72 0.005714390963942967
140 57 0.15879205176389571
140 94 0.1522758513158297
140 80 0.04926201363461957
140 81 0.1297815532097965
140 95 0.0757290492031446
140 56 0.04908967150609664
140 68 0.17512710680125693
140 54 0.05901949744939607
140 83 0.05062020093054427
140 82 0.12163343526963555
140 55 0.07502899392333653
140 69 0.19106126944842955
140 51 0.03746496933412831
140 79 0.04208548899451792
140 86 0.012026572995458562
140 92 0.15408762964035133
140 93 0.12756567701002938
140 87 0.11372613856508533
140 78 0.22639941785532547
140 50 0.1127590798892423
140 52 0.04164654731234682
140 46 0.03919448509873581
140 91 0.13846245805589646
140 85 0.11502356282872547
140 84 0.07839863240444284
140 90 0.12167204858197754
140 47 0.05800289357507787
140 53 0.06461217585089402
135 76 0.12893144413786436
135 62 0.2528622268497457
135 89 0.06559838733013024
135 88 0.19743980462515143
135 63 0.14364302315857277
135 77 0.23394460983713428
135 49 0.2940026866443027
135 61 0.056341945680203724
135 75 0.34019286939228455
135 74 0.20211809551628007
135 60 0.032982832758879685
135 48 0.3178683442107352
135 64 0.1196342391022989
135 70 0.1633514665793562
135 58 0.2339732878282118
135 59 0.021367867839764826
135 71 0.1930965754759275
135 65 0.03232937661972256
135 73 0.2565679775736349
135 67 0.217115848859191
135 66 0.13820889631872346
135 72 0.05126777710869761
135 57 0.23995949537700217
135 94 0.2643984356622811
135 80 0.2083877390192952
135 81 0.19694294365492057
135 95 0.12629540694739375
135 56 0.2813316329965627
135 68 0.3364374799770665
135 54 0.13224168959854463
135 83 0.5530670557846966
135 82 0.04556038956964134
135 55 0.1062875191246592
135 69 0.18586486915366557
135 51 0.1282030709728952
135 79 0.15023803049519227
135 86 0.09816167966267755
135 92 0.27942179529920647
135 93 0.23284719918499963
135 87 0.19276212192133124
135 78 0.22137250138773423
135 50 0.12437426558720162
135 52 0.29911453635643387
135 46 0.29731669411907646
135 91 0.23187232407734445
135 85 0.22845886314641178
135 84 0.16741043925969365
135 90 0.23073055196376846
135 47 0.14976858911899255
135 53 0.2742925058313609
121 76 0.10401568719596326
121 62 0.15720801751543664
121 89 0.14532324737789432
121 88 0.33120201384002
121 63 0.15550723466796007
121 77 0.1805075109986587
121 49 0.12171122145690813
121 61 0.060368688708317055
121 75 0.03905769068309434
121 74 0.09284862578564869
121 60 0.1120559399522231
121 48 0.11248146545550973
121 64 0.10349235756112911
121 70 0.12975015456716096
121 58 0.07549648293330113
121 59 0.048141579852245986
121 71 0.32447489987574607
121 65 0.0987258011434344
121 73 0.03304228613531272
121 67 0.3410187339873822
121 66 0.21757519976107353
121 72 0.06834919999527449
121 57 0.3748334458928761
121 94 0.4959926015988779
121 80 0.35559569670381336
121 81 0.15989079930975966
121 95 0.0909009963308518
121 56 0.20990594994062767
121 68 0.3698743476610842
121 54 0.11758607431360212
121 83 0.32886574114090733
121 82 0.092887087179127
121 55 0.2699954938490097
121 69 0.34240920650763507
121 51 0.1251258481410148
121 79 0.10477089080976458
121 86 0.14718918091121255
121 92 0.6093166330107123
121 93 0.4316626638964127
121 87 0.21456425883692648
121 78 0.4448235484644335
121 50 0.13291569645279752
121 52 0.04085512102866315
121 46 0.16540229266160927
121 91 0.31673712279054234
121 85 0.41903219114606577
121 84 0.04217843153094902
121 90 0.4231458860153495
121 47 0.2562091604284816
121 53 0.22401450595613104
109 76 0.08115364946801096
109 62 0.13669992031548356
109 89 0.05585727934486065
109 88 0.13662370211862018
109 63 0.09637694282525133
109 77 0.15037521513194962
109 49 0.1053945534537156
109 61 0.07049982979772548
109 75 0.04442998133280318
109 74 0.13664696743122845
109 60 0.01911216079227636
109 48 0.04964165029345964
109 64 0.09022291331956478
109 70 0.23119875380974197
109 58 0.4434597573336464
109 59 0.01219537506734815
109 71 0.14635750337439674
109 65 0.07079337963443968
109 73 0.028245808125040142
109 67 0.1538711518749203
109 66 0.08812823470569206
109 72 0.14310506342527363
109 57 0.2524160141672963
109 94 0.2340046154510232
109 80 0.16195436066673907
109 81 0.2858967075359147
109 95 0.09607760739660282
109 56 0.09606444356779345
109 68 0.3088557653880701
109 54 0.11270272534846992
109 83 0.09492610592369188
109 82 0.038413710621387334
109 55 0.11125514517419313
109 69 0.258435705380877
109 51 0.05629635585285098
109 79 0.08312952009997142
109 86 0.04956128970698939
109 92 0.21731313747525666
109 93 0.1969963313617093
109 87 0.13871752284216948
109 78 0.3083019848192889
109 50 0.11118720661945496
109 52 0.1448764801451465
109 46 0.16038653900371158
109 91 0.21674288032227979
109 85 0.21328149295508145
109 84 0.6215850797289371
109 90 0.21926275746217183
109 47 0.08065310827382624
109 53 0.08392019163294326
108 76 0.06455273670572242
108 62 0.15152084816015446
108 89 0.08044727925153025
108 88 0.315501078469009
108 63 0.16662074080860906
108 77 0.18595227768201833
108 49 0.08842981770930586
108 61 0.05448394071220123
108 75 0.08443823920309691
108 74 0.08208060621682978
108 60 0.045662225573336004
108 48 0.14225187746331844
108 64 0.23333754079326702
108 70 0.32153830344770223
108 58 0.7993771415815428
108 59 0.07322918606463488
108 71 0.10030990309086815
108 65 0.047994270447050735
108 73 0.06309393703541644
108 67 0.2555659964453226
108 66 0.20926380837186942
108 72 0.0708003193750007
108 57 0.3323158220639836
108 94 0.35118607725247936
108 80 0.11121040999575008
108 81 0.2934247680042177
108 95 0.08347460775568735
108 56 0.1769254123578517
108 68 0.5267442446493925
108 54 0.28905545977353314
108 83 0.1748902245951142
108 82 0.0923855454673895
108 55 0.20675330173258488
108 69 0.4320105537596525
108 51 0.05352476381029492
108 79 0.15379958665045784
108 86 0.032659877468972906
108 92 0.37102123468708753
108 93 0.30871540658894686
108 87 0.24486971610409203
108 78 0.3695047865737938
108 50 0.07075951746611772
108 52 0.10207063542580552
108 46 0.2578606571575211
108 91 0.2977006250288847
108 85 0.30438552260875695
108 84 0.15254223441738965
108 90 0.30739108834215567
108 47 0.281892793096477
108 53 0.058343519133321635
120 76 0.034787364172323934
120 62 0.10825447750855902
120 89 0.08116759743992769
120 88 0.16411648202113088
120 63 0.041136120351053934
120 77 0.28998351586064475
120 49 0.02556488386228714
120 61 0.00993784399243458
120 75 0.10134214179467384
120 74 0.04030935559873462
120 60 0.040117470212482936
120 48 0.04395544805654697
120 64 0.06100052764545036
120 70 0.08609391230809088
120 58 0.05809899961341504
120 59 0.08032177185787051
120 71 0.07021671673675145
120 65 0.01139598228811417
120 73 0.04952851706543705
120 67 0.1522096975414552
120 66 0.15752495154075957
120 72 0.05700789412460186
120 57 0.05395987903726604
120 94 0.2045778219906425
120 80 0.07712830648218957
120 81 0.09223824737291658
120 95 0.027628690915964746
120 56 0.10050408620278284
120 68 0.13479068623955795
120 54 0.061827965425279754
120 83 0.0615588312033314
120 82 0.05403472331325879
120 55 0.2800941013150578
120 69 0.09497027693677823
120 51 0.11116808891903157
120 79 0.05636199971201123
120 86 0.04975691275696842
120 92 0.19129573210325618
120 93 0.17829648856679653
120 87 0.13735273549622146
120 78 0.1412742671019166
120 50 0.09073234300596703
120 52 0.01525774011614385
120 46 0.07288009315180269
120 91 0.16323675863886528
120 85 0.15386083787239152
120 84 0.08807071014484527
120 90 0.1503419314630003
120 47 0.07557648892255864
120 53 0.4444909531016985
134 76 0.16931111964539217
134 62 0.08438297036294763
134 89 0.047330979680565585
134 88 0.1725117325995817
134 63 0.12528843249017546
134 77 0.1307078935149148
134 49 0.2728272564954461
134 61 0.027945697184411936
134 75 0.38277311027928035
134 74 0.13061443979588036
134 60 0.07539021425988846
134 48 0.2764632105646824
134 64 0.10421330524570069
134 70 0.142588681928464
134 58 0.11953954047961443
134 59 0.027189280208903682
134 71 0.3725621777209708
134 65 0.00963221642486524
134 73 0.2943163509215286
134 67 0.20777286907993647
134 66 0.12051830692513202
134 72 0.08147968119026291
134 57 0.26997130858722374
134 94 0.353933989297096
134 80 0.4003195118562718
134 81 0.09511483431790826
134 95 0.13113414569789833
134 56 0.10655591249467185
134 68 0.29452514601783886
134 54 0.11528023903185229
134 83 0.313203265583844
134 82 0.03350529420790112
134 55 0.1983226657046604
134 69 0.1623511498171978
134 51 0.1345410577666027
134 79 0.07353180156128235
134 86 0.12526924943275108
134 92 0.2444762636296135
134 93 0.20359266297885786
134 87 0.1445447034457162
134 78 0.152089256640685
134 50 0.10746003210017673
134 52 0.5695470169696358
134 46 0.18781878318151043
134 91 0.19486945436299286
134 85 0.19974054201396518
134 84 0.0890601952037352
134 90 0.20173465095231985
134 47 0.25721032507574354
134 53 0.4809877604412759
122 76 0.07740646698420595
122 62 0.04717442836167125
122 89 0.10603429442563408
122 88 0.12316022746671777
122 63 0.1208202577028518
122 77 0.0940689476314105
122 49 0.23997986409517358
122 61 0.03858471773352212
122 75 0.03019834767962991
122 74 0.12947363548820529
122 60 0.043151453375722765
122 48 0.09291778204890855
122 64 0.07368361584185013
122 70 0.13597021722083716
122 58 0.13619712878394788
122 59 0.051462436218105215
122 71 0.5359566369486863
122 65 0.02159911176778237
122 73 0.018658351697032213
122 67 0.40758520303946566
122 66 0.16384719325273228
122 72 0.02945480326137115
122 57 0.43019813064635604
122 94 0.3549907386973115
122 80 0.571290464689827
122 81 0.09440677886894978
122 95 0.04036819590995862
122 56 0.06746736178429956
122 68 0.3788310496725145
122 54 0.0817007021208424
122 83 0.30979074610815055
122 82 0.04439037817531222
122 55 0.06732957306681181
122 69 0.20876513665033936
122 51 0.17497133233149628
122 79 0.054702133510052695
122 86 0.28180996113643897
122 92 0.2553225735572044
122 93 0.2306300413143309
122 87 0.13812350019465142
122 78 0.2508002042006504
122 50 0.2718386114885874
122 52 0.06762174008659913
122 46 0.10795898362835175
122 91 0.28863407656217965
122 85 0.9605916116273797
122 84 0.10994298069483657
122 90 0.4514661183424302
122 47 0.1256814188406897
122 53 0.0896452754030663
136 76 0.020717991228800012
136 62 0.08185494122822173
136 89 0.09562905413517274
136 88 0.0955959065466219
136 63 0.1039580003122061
136 77 0.28485828917762634
136 49 0.2156526416838113
136 61 0.06207334200521129
136 75 0.04370381772260565
136 74 0.0424014469382398
136 60 0.05973746892410665
136 48 0.19218665610600877
136 64 0.05993860944787627
136 70 0.083302938885238
136 58 0.14484522113141313
136 59 0.10474042047813607
136 71 0.04358360887924727
136 65 0.06426344865403208
136 73 0.07193777637653379
136 67 0.0902180903872192
136 66 0.06680822188948307
136 72 0.09389095334200265
136 57 0.12855719150712044
136 94 0.12370185030768871
136 80 0.04869865569153817
136 81 0.4358730881577426
136 95 0.04531876221728369
136 56 0.28152613261292564
136 68 0.20167004957831075
136 54 0.07538494803801903
136 83 0.09367004395401218
136 82 0.06447827398713418
136 55 0.09076583419024041
136 69 0.08447349247971983
136 51 0.07689213803048374
136 79 0.6385480172367353
136 86 0.058035613824728736
136 92 0.12129410527699852
136 93 0.10072540962625329
136 87 0.07847419966310529
136 78 0.11696173299254502
136 50 0.08866590782457888
136 52 0.11216350869019323
136 46 0.15727367641684334
136 91 0.14827229559982705
136 85 0.09929740924744264
136 84 0.04674319301241438
136 90 0.10919026038916903
136 47 0.20857233200905317
136 53 0.06437405341563648
137 76 0.06044862955485641
137 62 0.0616625577315953
137 89 0.05944631221198577
137 88 0.15289596279691303
137 63 0.06620185308251259
137 77 0.0842822300055978
137 49 0.03789327665365712
137 61 0.0495015848828248
137 75 0.05945211470729713
137 74 0.05745912804102453
137 60 0.029987961002328103
137 48 0.059979179776115256
137 64 0.07511588506475074
137 70 0.14826502482990583
137 58 0.1844505001053295
137 59 0.14014002603617756
137 71 0.04017377602917942
137 65 0.03785628300578457
137 73 0.07541126398651848
137 67 0.17862447844846296
137 66 0.20515289990095736
137 72 0.05761675753981704
137 57 0.13060418655953737
137 94 0.19409972991722052
137 80 0.04494105727436175
137 81 0.13687338408964714
137 95 0.06017360763918285
137 56 0.10540163608019257
137 68 0.3030160573754573
137 54 0.09408711778408822
137 83 0.057318800071510245
137 82 0.08424640278423311
137 55 0.06476094008205728
137 69 0.17013168820545227
137 51 0.08277466141929923
137 79 0.14560170829850244
137 86 0.015988431198752706
137 92 0.20522549363742243
137 93 0.1690990301416585
137 87 0.14530413085073463
137 78 0.21709356475529282
137 50 0.08958528913024842
137 52 0.11492845572318136
137 46 0.11462497762992054
137 91 0.16574366388017447
137 85 0.1687898481737984
137 84 0.05443972440416767
137 90 0.1704848000057345
137 47 0.12242251462535339
137 53 0.06602612091261512
123 76 0.07949790369113004
123 62 0.09082886295386627
123 89 0.04213758941817776
123 88 0.21346531772470112
123 63 0.11258369939421392
123 77 0.06659522535409536
123 49 0.18284839325690766
123 61 0.046139804839520404
123 75 0.029361620605025618
123 74 0.05028344684774162
123 60 0.059637777548672784
123 48 0.07994511858781352
123 64 0.09353919911726015
123 70 0.12821703822993707
123 58 0.10235540878067281
123 59 0.030828453461158464
123 71 0.46755522679894523
123 65 0.06267792031790484
123 73 0.02348322622190857
123 67 0.26803845962544465
123 66 0.10827318413180234
123 72 0.041278799855085715
123 57 0.3789858236697657
123 94 0.9689995728071662
123 80 0.5159107304391592
123 81 0.08531738246608779
123 95 0.12461733681275304
123 56 0.16189387444402625
123 68 0.36686350026524606
123 54 0.10353981363837288
123 83 0.22999703325504117
123 82 0.053172361802946974
123 55 0.06072900607213906
123 69 0.1631958996011259
123 51 0.10961547284324732
123 79 0.09400632360203855
123 86 0.20526863269545986
123 92 0.2822092563532828
123 93 0.21587199025142023
123 87 0.1299845935046889
123 78 0.25015525292451346
123 50 0.19844252932154555
123 52 0.06983904667094105
123 46 0.13629472511183063
123 91 0.34509273115135247
123 85 0.25993165966351783
123 84 0.048534039580091046
123 90 0.24448934915150672
123 47 0.10311343125442168
123 53 0.09922076853490105
127 76 0.15418415806125524
127 62 0.07493966021508769
127 89 0.09188431526505442
127 88 0.2195041804540026
127 63 0.13387823412063113
127 77 0.07706836382609294
127 49 0.2299279138939771
127 61 0.03516552931721806
127 75 0.028877633950002382
127 74 0.03888660578664603
127 60 0.05423826494082906
127 48 0.12499500944446192
127 64 0.11597536520411664
127 70 0.15230549908168503
127 58 0.22494926382340874
127 59 0.08560524131918482
127 71 0.3430887119589836
127 65 0.01795940118964634
127 73 0.017674597361410638
127 67 0.288670272508373
127 66 0.15292997645248188
127 72 0.09780084807257514
127 57 0.302714420225486
127 94 0.27791865194870813
127 80 0.3599600031841607
127 81 0.2058346477979852
127 95 0.10050333067001935
127 56 0.27361166972325557
127 68 0.4911837002043247
127 54 0.1444361364480806
127 83 0.06410818249967125
127 82 0.08091103132432471
127 55 0.0945723346997307
127 69 0.1862755283581078
127 51 0.2361378988799911
127 79 0.22133104614268007
127 86 0.21570501904443912
127 92 0.2936916177018869
127 93 0.2424752261055529
127 87 0.3382705684651768
127 78 0.17665049034187474
127 50 0.3405678628177042
127 52 0.14449310750980482
127 46 0.16524750616536063
127 91 0.5574688206435816
127 85 0.2816602643758124
127 84 0.10703832653164788
127 90 0.2641903011862164
127 47 0.24844357329613342
127 53 0.08369112486872587
133 76 0.04046798557981893
133 62 0.28274400509289477
133 89 0.05796508675837991
133 88 0.215713461189042
133 63 0.1552340564338046
133 77 0.2867415491589879
133 49 0.38865721562130007
133 61 0.08312683823743322
133 75 0.08450449827005914
133 74 0.1693019208183612
133 60 0.023746057367191403
133 48 0.25484350295186314
133 64 0.13813320914977165
133 70 0.1672805406941063
133 58 0.23426431275426063
133 59 0.059330047575264735
133 71 0.26848343698517774
133 65 0.040286641632828135
133 73 0.06777549423401022
133 67 0.19728548075122
133 66 0.15307955416173585
133 72 0.06397969468129305
133 57 0.3255045984225271
133 94 0.2600554159769089
133 80 0.28788699039230625
133 81 0.18688093669839687
133 95 0.12304278679590631
133 56 0.15064970933109442
133 68 0.32666426829527956
133 54 0.1717400985780042
133 83 0.09483443285126997
133 82 0.20422777538491282
133 55 0.11286020184352952
133 69 0.19151421568241206
133 51 0.06619927337609416
133 79 0.3413056977105127
133 86 0.09474413533181987
133 92 0.2716255155698551
133 93 0.22417300419494401
133 87 0.16010562079623988
133 78 0.1562586282322078
133 50 0.1272175391244267
133 52 0.17668103624225423
133 46 0.14680473643053282
133 91 0.22039217206240969
133 85 0.22376689024336632
133 84 0.1329417354650285
133 90 0.225993228315298
133 47 0.2945535810344117
133 53 0.45546590507816553
132 76 0.08297042068437466
132 62 0.1081055439063126
132 89 0.1541061518470432
132 88 0.3750756656176014
132 63 0.20249317132881534
132 77 0.20462792701423582
132 49 0.13302545147260225
132 61 0.07021863925464983
132 75 0.058373388739364276
132 74 0.12473996986073332
132 60 0.06818724306484122
132 48 0.10689954549280134
132 64 0.16907823154975116
132 70 0.22992298403823824
132 58 0.19637641311020831
132 59 0.03377125937205894
132 71 0.1510675544356212
132 65 0.06154251845342107
132 73 0.03784819118316497
132 67 0.29756483170354253
132 66 0.1960981843475006
132 72 0.09455856021264206
132 57 0.2571101061422527
132 94 0.4968769800880389
132 80 0.16714478529770732
132 81 0.23953502700845136
132 95 0.06880938356729169
132 56 0.34317517626236527
132 68 0.4708205947096716
132 54 0.18662502601098493
132 83 0.21223549066730202
132 82 0.05696958787145971
132 55 0.1377224060174357
132 69 0.26125668213303166
132 51 0.04117300420933094
132 79 0.11666406516605579
132 86 0.12140411292778552
132 92 0.519998953122145
132 93 0.4728848337146155
132 87 0.3053677520002714
132 78 0.24498629199328714
132 50 0.08016454940403527
132 52 0.37488518063171666
132 46 0.31826277744707476
132 91 0.42149851932236887
132 85 0.44350499753989975
132 84 0.06310007289482629
132 90 0.44847109734900525
132 47 0.18587690757913378
132 53 0.22135135887143279
126 76 0.06752061145378435
126 62 0.059455053834334914
126 89 0.12992630795515991
126 88 0.17228569867937304
126 63 0.08229209584360322
126 77 0.11692551255852039
126 49 0.1862090541227438
126 61 0.058726844938699715
126 75 0.05520937631013222
126 74 0.08996032360193937
126 60 0.16170988911851408
126 48 0.0785424536019532
126 64 0.06085624673957301
126 70 0.12558434391767556
126 58 0.08925408143617898
126 59 0.046684820718077974
126 71 0.4750560997475947
126 65 0.047655659205748074
126 73 0.057355018615554226
126 67 0.37520403899251337
126 66 0.16471635445159172
126 72 0.04989832554772079
126 57 0.34283353771094016
126 94 0.4068097093671915
126 80 0.5241766101929793
126 81 0.11693351687818586
126 95 0.040248261508866096
126 56 0.0790038237989897
126 68 0.35187778035867706
126 54 0.06759190761123512
126 83 0.3530981645337209
126 82 0.06771591020340957
126 55 0.07318752965987527
126 69 0.2193584593978279
126 51 0.12663489008676132
126 79 0.0912419589186092
126 86 0.17020754369534347
126 92 0.4344881696797112
126 93 0.38626815628841243
126 87 0.19629689990714538
126 78 0.2941465845467425
126 50 0.20509045444766505
126 52 0.053784940043406726
126 46 0.09315967941366735
126 91 0.44252106603482544
126 85 0.5827712799851981
126 84 0.04545896800973989
126 90 0.8933282135509224
126 47 0.09920215068638548
126 53 0.10503848825038099
118 76 0.1622598182933012
118 62 0.22693099365952274
118 89 0.08477419278994541
118 88 0.09001179078962487
118 63 0.06373369870667425
118 77 0.1248635204757866
118 49 0.34244893604600096
118 61 0.003193114641438316
118 75 0.05556076209371982
118 74 0.07428133615297729
118 60 0.03581414627660583
118 48 0.19389815730973012
118 64 0.05630343973760958
118 70 0.10449935934266077
118 58 0.2666266226420699
118 59 0.2672703874484644
118 71 0.20227849138892084
118 65 0.06023055879360436
118 73 0.03592449782706414
118 67 0.15006124461752193
118 66 0.06279757492490959
118 72 0.0035598679950198386
118 57 0.29165207776550783
118 94 0.11802630561804793
118 80 0.2211455803963555
118 81 0.4155111489848151
118 95 0.06016802774699049
118 56 0.3180564308864813
118 68 0.15380291787273428
118 54 0.07090551690074764
118 83 0.129160712058137
118 82 0.06609702621941659
118 55 0.09668239452972674
118 69 0.1039905015957328
118 51 0.16341056699701054
118 79 0.23067487206974266
118 86 0.08632166916798809
118 92 0.12493430366565121
118 93 0.10608642249594741
118 87 0.17214139536976863
118 78 0.08823367843234564
118 50 0.2831235444488825
118 52 0.13448667267849118
118 46 0.17239084765944546
118 91 0.22931788894908317
118 85 0.11232633175446419
118 84 0.1478680445024796
118 90 0.11347552967608551
118 47 0.3868037908192384
118 53 0.3317813600986996
130 76 0.022671550455494738
130 62 0.07843184960864269
130 89 0.07633315785816144
130 88 0.2437249456491783
130 63 0.09180118309978416
130 77 0.09337440388356227
130 49 0.07059582625709329
130 61 0.05477041269593602
130 75 0.055220521986631466
130 74 0.039451515454679814
130 60 0.028883915888957945
130 48 0.04586843301240762
130 64 0.10385098026052333
130 70 0.14675492043604937
130 58 0.17804038408000689
130 59 0.04353949312557741
130 71 0.0716892737544145
130 65 0.035119072871104565
130 73 0.05387338160718336
130 67 0.1564585364620068
130 66 0.15308984909281625
130 72 0.06361316691445339
130 57 0.10719232169899033
130 94 0.2646907886361193
130 80 0.06971105073293139
130 81 0.18733344228077975
130 95 0.08753939542912616
130 56 0.17265378403352258
130 68 0.22079306970313395
130 54 0.12949588557527825
130 83 0.20414145813785567
130 82 0.06203246005328628
130 55 0.0676116056923102
130 69 0.14384514167194595
130 51 0.015745137804722448
130 79 0.1079412160091955
130 86 0.01000415171565526
130 92 0.27973035730200185
130 93 0.2308953791320556
130 87 0.16826494682122523
130 78 0.1434726365668045
130 50 0.050398153161403864
130 52 0.1645064349053492
130 46 0.2520171345690861
130 91 0.22214852088217357
130 85 0.23047743358217476
130 84 0.08992272267920248
130 90 0.23276863309915521
130 47 0.10695641142157686
130 53 0.09564917227509473
124 76 0.08202144124742447
124 62 0.12172609217786262
124 89 0.03552831419716557
124 88 0.3265494661755288
124 63 0.07368318803053306
124 77 0.06636877996926287
124 49 0.13908977442533638
124 61 0.05496233736194456
124 75 0.041327992017536355
124 74 0.040899794287710164
124 60 0.05330335570934541
124 48 0.06438904908432988
124 64 0.06085624673957301
124 70 0.12192056593542401
124 58 0.08925408143617898
124 59 0.03470837790440781
124 71 0.3310429170804171
124 65 0.03922273921777625
124 73 0.06018892463165707
124 67 0.2644362301605916
124 66 0.1243456165746112
124 72 0.11046243874632661
124 57 0.2609292200091471
124 94 0.2122482589869236
124 80 0.36547566177788005
124 81 0.08519599714358103
124 95 0.2367182297255095
124 56 0.12037951128058258
124 68 0.29632113912738384
124 54 0.06759190761123512
124 83 0.31805625016227046
124 82 0.029714835278847176
124 55 0.06052071673060959
124 69 0.22711935027262475
124 51 0.15630369619950438
124 79 0.05429933642403712
124 86 0.11734862915952124
124 92 0.2960512167195326
124 93 0.23773765272751166
124 87 0.14262383395098888
124 78 0.2529330635666391
124 50 0.2622708494069858
124 52 0.11640006155776898
124 46 0.08965314945799881
124 91 0.8202980102603439
124 85 0.1895803062980311
124 84 0.04190627903858088
124 90 0.21126981110820567
124 47 0.13486933777009114
124 53 0.08731317264539298
125 76 0.057415296991749555
125 62 0.11737023530810492
125 89 0.12879234570214623
125 88 0.21971182334221895
125 63 0.08055990573381028
125 77 0.05478311743215788
125 49 0.16033161666803952
125 61 0.03722984882928346
125 75 0.05688629817082042
125 74 0.05753089195903253
125 60 0.0509975215068611
125 48 0.07834169477158792
125 64 0.06550792705061648
125 70 0.14959052537540127
125 58 0.0958649249391864
125 59 0.038812712891716256
125 71 0.30556698139343863
125 65 0.059001654253036655
125 73 0.07257574342601675
125 67 0.3832520675321338
125 66 0.1624676128622321
125 72 0.005393916060540918
125 57 0.3284347334945751
125 94 0.22359123723438018
125 80 0.3371820569469607
125 81 0.12059143462892204
125 95 0.07544305241662136
125 56 0.3942665070255424
125 68 0.486487316952773
125 54 0.07270828035373675
125 83 0.35674302279240483
125 82 0.04649255211759312
125 55 0.09049788769243738
125 69 0.22667853397771848
125 51 0.10012227299731351
125 79 0.07508815929275292
125 86 0.1543213332822282
125 92 0.23523562754901084
125 93 0.3547962019543325
125 87 0.19254988165177372
125 78 0.27983075991367623
125 50 0.1673935624165151
125 52 0.052625697402769636
125 46 0.09629152461571851
125 91 0.3214174749373356
125 85 0.29250420653477643
125 84 0.0695458747327187
125 90 0.2825089857656116
125 47 0.10649931028758632
125 53 0.07875252416659634
131 76 0.07176445304896026
131 62 0.1294593868231183
131 89 0.16494135847861868
131 88 0.4709560727168156
131 63 0.14356503609394553
131 77 0.06063096012813382
131 49 0.04049649236714034
131 61 0.016004787544964205
131 75 0.025197166958626643
131 74 0.1437125442834521
131 60 0.08874808402144296
131 48 0.07461343945213107
131 64 0.17896451027341304
131 70 0.27392709468797044
131 58 0.5983722230887917
131 59 0.17683736440921494
131 71 0.04920212552963989
131 65 0.057742149973892404
131 73 0.015157345414863854
131 67 0.2880070987342222
131 66 0.18683234028938117
131 72 0.01963857557599663
131 57 0.47439361293350185
131 94 0.38955514159665433
131 80 0.05489019944183509
131 81 0.21458126232848895
131 95 0.034488201371727756
131 56 0.13975369981475358
131 68 0.43872624667166815
131 54 0.2220543937021029
131 83 0.05676971584128714
131 82 0.058727699345040345
131 55 0.17144857780703418
131 69 0.30617839638665556
131 51 0.04555533217318147
131 79 0.06489362193724019
131 86 0.11928085841322157
131 92 0.4125603423456699
131 93 0.36996750742450496
131 87 0.4170279061449188
131 78 0.2455052840173781
131 50 0.02698917188557301
131 52 0.0393771634261217
131 46 0.2226587541690364
131 91 0.4252373955580748
131 85 0.36469403163064273
131 84 0.06375156764875348
131 90 0.36211284028563634
131 47 0.16978872298824849
131 53 0.0208839055755589
119 76 0.0738655334326109
119 62 0.19106800661031326
119 89 0.08693462848740882
119 88 0.20662727732939434
119 63 0.04743620725947974
119 77 0.3097073946999193
119 49 0.1481205300971614
119 61 0.2119629781877001
119 75 0.14162092655448183
119 74 0.13778192409316387
119 60 0.06789654071380835
119 48 0.11757070476764646
119 64 0.0724642459548612
119 70 0.2583473806751461
119 58 0.43975575980523485
119 59 0.034459460218059665
119 71 0.11024792569288816
119 65 0.05035732297066339
119 73 0.09478526658728437
119 67 0.1897820478167409
119 66 0.12625529874067776
119 72 0.014901351839359991
119 57 0.23292079650662034
119 94 0.2906113310653637
119 80 0.10897325561918893
119 81 0.13453140516299894
119 95 0.06939524675944822
119 56 0.29222048443715853
119 68 0.3757010087874492
119 54 0.09081964040604464
119 83 0.2889065289250396
119 82 0.04650801655985802
119 55 0.16932336453189176
119 69 0.2285056815546237
119 51 0.05872012966964091
119 79 0.3930361656443693
119 86 0.1690081729420335
119 92 0.30708802149985814
119 93 0.2621327824799091
119 87 0.1925210269333834
119 78 0.21272496217770875
119 50 0.05060923433733382
119 52 0.16404739083570946
119 46 0.23910091445487802
119 91 0.2808480887473938
119 85 0.27701597330935457
119 84 0.15058010266509017
119 90 0.2797569958562687
119 47 0.08619956061438983
119 53 0.07658231982819157
