114 76 0.054042155409053036
114 62 0.11847580536142169
114 89 0.04250501464815898
114 88 0.23117963044795872
114 63 0.09161137693367999
114 77 0.07333712749562958
114 49 0.0
114 61 0.0
114 75 0.0
114 74 0.11773256235431029
114 60 0.0
114 48 0.004015368487951157
114 64 0.07572216353487822
114 70 0.15416948421796922
114 58 0.3701512377207266
114 59 0.0
114 71 0.017804459319920828
114 65 0.0
114 73 0.0
114 67 0.1247101216980106
114 66 0.10306801302693135
114 72 0.0
114 57 0.14834530393601703
114 94 0.23856004816289922
114 80 0.020779514861705657
114 81 0.15516087388658417
114 95 0.02113271105052024
114 56 0.06059312530103744
114 68 0.196148627784273
114 54 0.09890875531548617
114 83 0.011433178886531364
114 82 0.0
114 55 0.08862505192379051
114 69 0.15876285027322745
114 51 0.0
114 79 0.03575997117339768
114 86 0.0
114 92 0.24843070933936104
114 93 0.2187202352223106
114 87 0.23130163634317014
114 78 0.10992039965868602
114 50 0.0
114 52 0.0298185611180597
114 46 0.13083374744562884
114 91 0.20576396566668595
114 85 0.21569564054139528
114 84 0.06605111742111423
114 90 0.20674328808600526
114 47 0.10381308864543831
114 53 0.0
100 76 0.0
100 62 0.040066481407654245
100 89 0.0
100 88 0.028519601418236645
100 63 0.15481370456753266
100 77 0.010197481268920741
100 49 0.14650648058107069
100 61 0.0
100 75 0.0
100 74 0.0
100 60 0.0
100 48 0.04567927086515563
100 64 0.08506883194288065
100 70 0.03203302756248748
100 58 0.2047103972262015
100 59 0.0
100 71 0.37061381426041456
100 65 0.0
100 73 0.0
100 67 0.14150659772364516
100 66 0.0
100 72 0.0
100 57 0.20527710225402143
100 94 0.04032212172329434
100 80 0.40814201750174434
100 81 0.027967005647785224
100 95 0.021439967856988762
100 56 0.06423513354473225
100 68 0.17323393607905718
100 54 0.01727178879185201
100 83 0.02803211094573333
100 82 0.0
100 55 0.1226675267252648
100 69 0.03697884514463493
100 51 0.07281320703378504
100 79 0.0
100 86 0.13651783127209385
100 92 0.011841864835719085
100 93 0.0006577361748545812
100 87 0.02865766557831697
100 78 0.0269807204096501
100 50 0.14441593128018138
100 52 0.08811617158138696
100 46 0.09001910881026269
100 91 0.04299331607887993
100 85 0.08061130568768847
100 84 0.07794448068468303
100 90 0.024922369919400666
100 47 0.0
100 53 0.0
128 76 0.0169773671476802
128 62 0.009965381144727364
128 89 0.0854717625090078
128 88 0.2408065124559487
128 63 0.016094048537608048
128 77 0.047366569837853326
128 49 0.0
128 61 0.0
128 75 0.0
128 74 0.01647709201979807
128 60 0.0
128 48 0.0
128 64 0.0051447516925460235
128 70 0.14765940693538013
128 58 0.10660184137229547
128 59 0.0
128 71 0.0
128 65 0.0
128 73 0.0
128 67 0.20256346199607897
128 66 0.16023505429081053
128 72 0.035612953996895756
128 57 0.09119890785073784
128 94 0.3583274251239101
128 80 0.0
128 81 0.12690874335859897
128 95 0.05934821960344128
128 56 0.1388834037084454
128 68 0.4594059268352486
128 54 0.04882943834862137
128 83 0.0
128 82 0.0
128 55 0.04544139766865301
128 69 0.19489816417533803
128 51 0.0
128 79 0.07686439947222412
128 86 0.0
128 92 0.37474544111632424
128 93 0.3022903129796274
128 87 0.2234352834828616
128 78 0.1994653296466577
128 50 0.0
128 52 0.004324551161715637
128 46 0.0752220709112443
128 91 0.29581309224034785
128 85 0.3110503308757839
128 84 0.0
128 90 0.31334990788709605
128 47 0.024502278712173316
128 53 0.0
129 76 0.0
129 62 0.1085961187678164
129 89 0.09336622752377728
129 88 0.26304822752192447
129 63 0.197536625160732
129 77 0.07499418436423237
129 49 0.048686917031104504
129 61 0.0
129 75 0.0
129 74 0.03994864111093265
129 60 0.0
129 48 0.09162702223547053
129 64 0.10553247141338831
129 70 0.22433164222048055
129 58 0.38145919294355823
129 59 0.0
129 71 0.07630985521062697
129 65 0.007044349625197635
129 73 0.0
129 67 0.23760731624819587
129 66 0.17503491325130804
129 72 0.0
129 57 0.37195692464942004
129 94 0.39142377458991034
129 80 0.08583180166314307
129 81 0.24680796465010432
129 95 0.04641997007810882
129 56 0.1540410779753677
129 68 0.37566353993790125
129 54 0.1335127866923974
129 83 0.013295510314499118
129 82 0.13509821194300353
129 55 0.126257263146376
129 69 0.2632976527305381
129 51 0.0
129 79 0.06539383984709962
129 86 0.029473278477964944
129 92 0.40935821482653467
129 93 0.33021088265162707
129 87 0.24407253228575862
129 78 0.21340774070221058
129 50 0.03238618814314792
129 52 0.031154584444346274
129 46 0.17272797235259318
129 91 0.3231354035985119
129 85 0.33978000583331763
129 84 0.059500816666395284
129 90 0.34229197966121183
129 47 0.236252955008354
129 53 0.0
101 76 0.0
101 62 0.005841850198531021
101 89 0.0
101 88 0.031455844775959606
101 63 0.0
101 77 0.0
101 49 0.07424898137285317
101 61 0.0
101 75 0.0
101 74 0.0
101 60 0.0
101 48 0.01769163559093427
101 64 0.0
101 70 0.0
101 58 0.08650934355475351
101 59 0.0
101 71 0.14353916826336582
101 65 0.0
101 73 0.0
101 67 0.05480567253426371
101 66 0.0
101 72 0.0
101 57 0.0795040643043925
101 94 0.059809270434210006
101 80 0.15807388573046496
101 81 0.0
101 95 0.00830372488928069
101 56 0.038643776101799414
101 68 0.06709370817544533
101 54 0.0
101 83 0.010856869698304461
101 82 0.0
101 55 0.04750927807212459
101 69 0.010210398514286637
101 51 0.028200641136581953
101 79 0.0
101 86 0.052873517391733856
101 92 0.0625496399667511
101 93 0.05676298278435442
101 87 0.0
101 78 0.01044966490112098
101 50 0.09044653546983036
101 52 0.05077201292379398
101 46 0.0
101 91 0.049374856601234945
101 85 0.046726325835680343
101 84 0.028737477909309778
101 90 0.047071770845856994
101 47 0.0
101 53 0.0
115 76 0.05901230551755028
115 62 0.10842585572826308
115 89 0.0976912519796307
115 88 0.15997030643907156
115 63 0.0
115 77 0.4298659659315284
115 49 0.1593026017102351
115 61 0.05846360191527364
115 75 0.03691857111843172
115 74 0.07507536885991095
115 60 0.03480312187730165
115 48 0.10773284493686765
115 64 0.1098191102319086
115 70 0.14413657957148784
115 58 0.07335933710725358
115 59 0.01853162993905428
115 71 0.07474200793882402
115 65 0.018944050308778312
115 73 0.048093369963171304
115 67 0.1996543809394839
115 66 0.25434920034022257
115 72 0.11040059016226308
115 57 0.08200512186528947
115 94 0.2831039176379434
115 80 0.0829548344737532
115 81 0.03970397381080241
115 95 0.0677939669483238
115 56 0.26317432606252456
115 68 0.2365874907019272
115 54 0.10513156748633938
115 83 0.18473306382127758
115 82 0.05397533589433341
115 55 0.14185715629267454
115 69 0.058788249406512734
115 51 0.09057959266407244
115 79 0.28912853060333343
115 86 0.0720955935427662
115 92 0.2610414078766409
115 93 0.23723522088962828
115 87 0.18194668034932848
115 78 0.10756807846157161
115 50 0.06812679929897009
115 52 0.7668001692123056
115 46 0.48068876428475243
115 91 0.2726198625511828
115 85 0.2670086231788905
115 84 0.08427766429897493
115 90 0.27368422580531454
115 47 0.3142457903322083
115 53 0.3930329930970851
103 76 0.04991042398855533
103 62 0.15361040276268378
103 89 0.04131020987659191
103 88 0.13428628602736495
103 63 0.15011656339122864
103 77 0.04354132480729789
103 49 0.00933109267920372
103 61 0.03630840331749597
103 75 0.015724520363091722
103 74 0.021655060084381263
103 60 0.02803161791606016
103 48 0.03332104025435316
103 64 0.16661830829539523
103 70 0.20630777472209283
103 58 1.0
103 59 0.006708141214157859
103 71 0.00444113142970716
103 65 0.0476507892782278
103 73 0.026604985682237042
103 67 0.08650545893546496
103 66 0.2002712592809453
103 72 0.02132971001017512
103 57 0.4135939383042448
103 94 0.09714688422845655
103 80 0.009437117128746314
103 81 0.21492871599556945
103 95 0.0072247731025378015
103 56 0.07865312110221702
103 68 0.23664622570744212
103 54 0.1930785676403387
103 83 0.003854524526788264
103 82 0.06947154240062982
103 55 0.14591110595707452
103 69 0.1812763213857106
103 51 0.02691086514325488
103 79 0.02822201209083565
103 86 0.05872295576976438
103 92 0.11783075881697402
103 93 0.10401505974492
103 87 0.13879006974117686
103 78 0.14235217149567095
103 50 0.013678608111222096
103 52 0.1318385916795221
103 46 0.16228709328223656
103 91 0.11892717584124134
103 85 0.10492299326133098
103 84 0.04441997739554558
103 90 0.1014986544602762
103 47 0.13615619149801073
103 53 0.03914286116994718
117 76 0.1227399641311826
117 62 0.1903263957263078
117 89 0.06996898552097124
117 88 0.16126030585895826
117 63 0.0018287131427179026
117 77 0.4037725429953834
117 49 0.12804221124327864
117 61 0.06052980063325322
117 75 0.5990298757143236
117 74 0.27616129551773133
117 60 0.03425860140654936
117 48 0.3544144957086238
117 64 0.08956319028599075
117 70 0.20300315990706067
117 58 0.44978747732402413
117 59 0.06619333456388057
117 71 0.03919694756631284
117 65 0.0
117 73 0.33230733695047354
117 67 0.16096250915071258
117 66 0.15026001154881258
117 72 0.09849555936223979
117 57 0.16861731309009842
117 94 0.23900920225305883
117 80 0.039568846573948546
117 81 0.14926999274665365
117 95 0.17574088918289268
117 56 0.2525156140124828
117 68 0.3153062007537026
117 54 0.028382990883312316
117 83 0.5728108491260523
117 82 0.05457135080397151
117 55 0.0954907820107136
117 69 0.1780684177676028
117 51 0.0847097675062975
117 79 0.3192577964833283
117 86 0.03724075122137829
117 92 0.23920758952365867
117 93 0.20729098875008373
117 87 0.24920916811020474
117 78 0.19362387564409145
117 50 0.03861504060137609
117 52 0.4920097996661358
117 46 0.29153343237756224
117 91 0.24795947791634376
117 85 0.2873789530009492
117 84 0.152168285071545
117 90 0.268766194200497
117 47 0.1749079424319173
117 53 0.23011361381411977
116 76 0.08606100130143998
116 62 0.08760302342391357
116 89 0.05370095897926526
116 88 0.15129605694013842
116 63 0.06381949074297762
116 77 0.3137104683288996
116 49 0.07597291596302176
116 61 0.06140132170185994
116 75 0.09236154626741384
116 74 0.05542983690263549
116 60 0.004152313479423297
116 48 0.06546213127572478
116 64 0.0755965415982942
116 70 0.2406984277050749
116 58 0.5970897528656209
116 59 0.03832754705629595
116 71 0.043667268750919114
116 65 0.0
116 73 0.07936531890098958
116 67 0.1460583121453247
116 66 0.1483792539524989
116 72 0.05796645129626772
116 57 0.23536906451074832
116 94 0.2251331409680115
116 80 0.04709735659231197
116 81 0.11007496382759245
116 95 0.12267827696434447
116 56 0.1869958560389911
116 68 0.2748755074557864
116 54 0.09448083666890698
116 83 0.18556305046241037
116 82 0.19141610240014767
116 55 0.11196914804735596
116 69 0.23148628681126235
116 51 0.017694210644917933
116 79 0.233083629982451
116 86 0.006650592137581096
116 92 0.23544839804764234
116 93 0.18992564585803928
116 87 0.184225900220226
116 78 0.1842503156820381
116 50 0.007801895070488368
116 52 0.2236226462135046
116 46 0.20109705348781132
116 91 0.1858560800153663
116 85 0.21620241545257396
116 84 0.10293046500810281
116 90 0.20060968505070587
116 47 0.053856180153680766
116 53 0.08541115685595008
102 76 0.02061444246544722
102 62 0.08503754873269237
102 89 0.025262637764752245
102 88 0.05464011703521682
102 63 0.06605538367914905
102 77 0.04326679972852524
102 49 0.0810114855704743
102 61 0.025451524139353858
102 75 0.041752828939179296
102 74 0.06514651561170126
102 60 0.025631505532196175
102 48 0.05394445924866539
102 64 0.07795484784149
102 70 0.09197170310185958
102 58 0.6285850220025492
102 59 0.04548128073521554
102 71 0.17882879965009876
102 65 0.02988602576871701
102 73 0.037145597982825816
102 67 0.09066525817905419
102 66 0.024648726203008023
102 72 0.0449045563561792
102 57 0.2313581030637144
102 94 0.060528858323027984
102 80 0.18928925430382848
102 81 0.11279164652155865
102 95 0.0727509886928442
102 56 0.07394158482567259
102 68 0.14926696056376293
102 54 0.09703543050895684
102 83 0.04087983963140901
102 82 0.05162866644079857
102 55 0.06302281407426256
102 69 0.09762030056262273
102 51 0.05722619030064841
102 79 0.030431037541971302
102 86 0.06978771515327344
102 92 0.04046126531967367
102 93 0.03267610867639654
102 87 0.057887810731166986
102 78 0.05821594673975979
102 50 0.07402876538990596
102 52 0.02400404943478092
102 46 0.07483159402028584
102 91 0.04356461063958252
102 85 0.04994960001440607
102 84 0.04275483839259294
102 90 0.027662398733272926
102 47 0.05716146831673161
102 53 0.04513665330535619
106 76 0.027730269772920625
106 62 0.05585273288539708
106 89 0.0
106 88 0.03376106139197744
106 63 0.0008270689620787364
106 77 0.003922815504577126
106 49 0.0
106 61 0.0
106 75 0.0
106 74 0.0
106 60 0.0
106 48 0.0
106 64 0.009155336316662002
106 70 0.0674014663531902
106 58 0.3693004111593155
106 59 0.0
106 71 0.0
106 65 0.0
106 73 0.0
106 67 0.017466193555313814
106 66 0.0
106 72 0.058169020741208645
106 57 0.1140183105349015
106 94 0.037471987899212064
106 80 0.0
106 81 0.044597579552942114
106 95 0.0
106 56 0.03411940942315393
106 68 0.08552922638461735
106 54 0.022509567361686696
106 83 0.0
106 82 0.0355349193995579
106 55 0.08507831454006791
106 69 0.07809562265260354
106 51 0.0
106 79 0.0
106 86 0.0
106 92 0.034251755880630966
106 93 0.01936573390910646
106 87 0.03110131534131557
106 78 0.019981421044002863
106 50 0.0
106 52 0.0
106 46 0.006969414960511219
106 91 0.014644289132665925
106 85 0.0034182951506860765
106 84 0.030946349273498007
106 90 0.008011335539344022
106 47 0.0
106 53 0.0
112 76 0.0026155307577193504
112 62 0.05785466113951557
112 89 0.01575171199141636
112 88 0.16808831449886358
112 63 0.08330072593368115
112 77 0.16045384883640512
112 49 0.022374098632131016
112 61 0.0
112 75 0.012057995138714778
112 74 0.023428981737428183
112 60 0.0
112 48 0.0
112 64 0.09614435846025479
112 70 0.15582294077169562
112 58 0.5826898618498356
112 59 0.0
112 71 0.10460164034448763
112 65 0.0
112 73 0.00334511667999747
112 67 0.0990385498882792
112 66 0.06273143094420905
112 72 0.012257684848014788
112 57 0.1924396577814491
112 94 0.11759064395015817
112 80 0.10910381230363136
112 81 0.13374529868284435
112 95 0.0323828157486128
112 56 0.07550234832035788
112 68 0.2409157592310709
112 54 0.11673889858664349
112 83 0.07454177257081597
112 82 0.019022605764106137
112 55 0.1762555493259905
112 69 0.21546110375093142
112 51 0.007225660884941212
112 79 0.10640032828642303
112 86 0.015776201109499184
112 92 0.15376180068244483
112 93 0.1514936256018536
112 87 0.1762904404723759
112 78 0.15782868650066167
112 50 0.04051009636440626
112 52 0.10005753361574103
112 46 0.0927732886524466
112 91 0.14325087828445443
112 85 0.11963745399502367
112 84 0.17761363900293042
112 90 0.11553968973335499
112 47 0.07243509399159945
112 53 0.007398343035421251
113 76 0.02687946469762946
113 62 0.07213718374496425
113 89 0.0825413208804082
113 88 0.2876365150909321
113 63 0.1274663764116719
113 77 0.20960179114605743
113 49 0.025091194181695115
113 61 0.0
113 75 0.03781058129912402
113 74 0.049304703917172205
113 60 0.0
113 48 0.026940186055161873
113 64 0.10923173171627151
113 70 0.1884528151214701
113 58 0.31153125679856286
113 59 0.0
113 71 0.02626331048478467
113 65 0.0
113 73 0.027724073527002686
113 67 0.2100590572643666
113 66 0.15474131624597703
113 72 0.034391946264676565
113 57 0.1870005592625154
113 94 0.34604199222270693
113 80 0.02938719171806521
113 81 0.2003965126256536
113 95 0.06133971257532089
113 56 0.24550509268146067
113 68 0.40881999538640396
113 54 0.13584093207156167
113 83 0.1416786948175891
113 82 0.0188602800011169
113 55 0.10176224027118186
113 69 0.2527833653448066
113 51 0.0
113 79 0.1470264599600215
113 86 0.0
113 92 0.3618971084209568
113 93 0.29192614016893426
113 87 0.287776530464512
113 78 0.20914666901952786
113 50 0.0
113 52 0.16996844096043986
113 46 0.17247842152969334
113 91 0.2856709941445643
113 85 0.3003858165212099
113 84 0.07692348394843722
113 90 0.30260655139794673
113 47 0.14146920160856918
113 53 0.039179781779080436
107 76 0.11103515790561178
107 62 0.1169427474912168
107 89 0.07552634258639457
107 88 0.1383833380840952
107 63 0.0
107 77 0.03327046361748692
107 49 0.06913640035934449
107 61 0.05528746434731174
107 75 0.02822301144191787
107 74 0.01482098677409923
107 60 0.06751471552533933
107 48 0.034491989263891784
107 64 0.04225558470246918
107 70 0.0011735340195610788
107 58 0.025146280841914108
107 59 0.020652144659677345
107 71 0.17805354921252184
107 65 0.08026154463167075
107 73 0.044106530549699416
107 67 0.16952813940180608
107 66 0.14214060387605326
107 72 0.0
107 57 0.16429726009311663
107 94 0.08591224738650731
107 80 0.1987761102324541
107 81 0.005238128997781422
107 95 0.05410021992003817
107 56 0.8701285006234315
107 68 0.5244888479988976
107 54 0.03891911942445144
107 83 0.07166688157991638
107 82 0.0
107 55 0.14228552571605174
107 69 0.03242691612804428
107 51 0.041922653436839596
107 79 0.08894237075428095
107 86 0.08626032196608632
107 92 0.05010507941532275
107 93 0.12324776388158837
107 87 0.1480847961724236
107 78 0.03206630799429449
107 50 0.09853243043741972
107 52 0.14027213366753438
107 46 0.04941048219517945
107 91 0.15805030402366588
107 85 0.006337168602380067
107 84 0.006055244569111773
107 90 0.030740482848612298
107 47 0.01942359865859021
107 53 0.05627637315688407
139 76 0.05111224914447553
139 62 0.003766475612485304
139 89 0.03230456561279166
139 88 0.09101426662169107
139 63 0.0
139 77 0.06199018133970377
139 49 0.0
139 61 0.036936826889734514
139 75 0.0
139 74 0.013625004764858159
139 60 0.0
139 48 0.0
139 64 0.0
139 70 0.1089017948794288
139 58 0.09445240475932318
139 59 0.06353278850667793
139 71 0.0
139 65 0.0
139 73 0.0
139 67 0.07656007617857306
139 66 0.180705673061134
139 72 0.0
139 57 0.07373518258851085
139 94 0.19247717868445102
139 80 0.0
139 81 0.04796592121559101
139 95 0.01606123551206138
139 56 0.05587704503095392
139 68 0.14555087979412312
139 54 0.03691075856315845
139 83 0.015528029239477277
139 82 0.05239818201704474
139 55 0.022052025077899225
139 69 0.06583054287747248
139 51 0.0
139 79 0.02905136109456722
139 86 0.0
139 92 0.20129618938876243
139 93 0.1683921127344855
139 87 0.10195570833585366
139 78 0.06737318943681991
139 50 0.0
139 52 0.18564256328892903
139 46 0.08064177566438077
139 91 0.158897325240055
139 85 0.16213020243374685
139 84 0.0
139 90 0.1633288215938884
139 47 0.019558424708781524
139 53 0.04847275039650378
111 76 0.07348078163618735
111 62 0.12137081319000985
111 89 0.06340489890975842
111 88 0.22082826392879742
111 63 0.12117862174062131
111 77 0.1770193534520656
111 49 0.04182839717880392
111 61 0.026560149929633264
111 75 0.0207380042063919
111 74 0.06519146608146602
111 60 0.010452132776985909
111 48 0.027762442971759553
111 64 0.09069870871656452
111 70 0.28015625414264933
111 58 0.5761634851292529
111 59 0.06685099033517496
111 71 0.15331582740066674
111 65 0.0
111 73 0.01280899876873011
111 67 0.20038293015747188
111 66 0.14937701959940788
111 72 0.03926480452892371
111 57 0.23551682646551866
111 94 0.20808280276391244
111 80 0.1586750805914086
111 81 0.19355959487025148
111 95 0.05573999616456195
111 56 0.15355506829792148
111 68 0.3996985591698936
111 54 0.1140132895348299
111 83 0.086542060045771
111 82 0.04714683931787455
111 55 0.17862255411958877
111 69 0.34053851436297194
111 51 0.037402323128510315
111 79 0.12009352356844105
111 86 0.047580634929320444
111 92 0.24670957098138896
111 93 0.2262776858577552
111 87 0.2392526185256495
111 78 0.2829740179925284
111 50 0.07702313696328247
111 52 0.11341368390700529
111 46 0.13037414871028657
111 91 0.2193183991734252
111 85 0.22762041873073227
111 84 0.2402271649336561
111 90 0.22255620181035385
111 47 0.11878218365051944
111 53 0.015830746358058298
105 76 0.012972180237221395
105 62 0.05356056479134241
105 89 0.0066445853176642505
105 88 0.03211170079879775
105 63 0.04490605214588399
105 77 0.026130177522196978
105 49 0.10784711537718714
105 61 0.011692326689231272
105 75 0.025496011154170994
105 74 0.04394751702088439
105 60 0.011526570255257704
105 48 0.03898795358484585
105 64 0.022917155099740204
105 70 0.058527109155524795
105 58 0.24730139398754894
105 59 0.032440357176669134
105 71 0.27281817588133733
105 65 0.0042526975662392635
105 73 0.019407073102554614
105 67 0.11833192023560668
105 66 0.07498742127170474
105 72 0.03029729275231114
105 57 0.19780706412965737
105 94 0.07072317190660052
105 80 0.30044363278135916
105 81 0.03315824423071527
105 95 0.06562656978536607
105 56 0.409152801608442
105 68 0.2626340940163342
105 54 0.022101045888151476
105 83 0.14971667071561195
105 82 0.03182246045042064
105 55 0.009792255236799663
105 69 0.06973784703857488
105 51 0.05359963811027625
105 79 0.012459483242524327
105 86 0.10049421869838542
105 92 0.01833351318158081
105 93 0.016158740702687233
105 87 0.03850392000354065
105 78 0.06847688452810462
105 50 0.10630820931132245
105 52 0.05916147799684261
105 46 0.031233968625623797
105 91 0.035804561071602486
105 85 0.13565165463977927
105 84 0.037240906790553065
105 90 0.05691537531481101
105 47 0.039315584826224284
105 53 0.03020110820064502
104 76 0.04797631080150212
104 62 0.1506794337407989
104 89 0.039458769547524385
104 88 0.14519171352584243
104 63 0.16162650934828954
104 77 0.050171161844312515
104 49 0.007787063884331549
104 61 0.03450504477313154
104 75 0.014119032291500327
104 74 0.028259384479583587
104 60 0.026307823147104434
104 48 0.04037085907698199
104 64 0.17875841436678092
104 70 0.20287023199268148
104 58 0.9889327862216473
104 59 0.005189326546649262
104 71 0.05119880967942467
104 65 0.04573839769683166
104 73 0.024894904963016495
104 67 0.07508389386504163
104 66 0.07376051100437814
104 72 0.01967033990243401
104 57 0.40816377779333113
104 94 0.10663405142661614
104 80 0.05476140804321196
104 81 0.2289136749728881
104 95 0.013278041149031111
104 56 0.060932201646222185
104 68 0.23291704297730928
104 54 0.20622912443379687
104 83 0.007451222858183254
104 82 0.0673493904573934
104 55 0.15726045607697492
104 69 0.16699880931739675
104 51 0.025197844040351747
104 79 0.026496387084822146
104 86 0.056704128739665224
104 92 0.12477812703589646
104 93 0.11356967576892252
104 87 0.14986748540675252
104 78 0.12824822667803645
104 50 0.012092787156152238
104 52 0.0481104931561256
104 46 0.17426180115096504
104 91 0.1292460775700488
104 85 0.0926168135232849
104 84 0.10897368574321682
104 90 0.09531154103814587
104 47 0.14713302598114353
104 53 0.0373122553119169
110 76 0.01287425698973417
110 62 0.09598169920257402
110 89 0.14848830606456165
110 88 0.20516206144353374
110 63 0.060530656808232726
110 77 0.19871466397126958
110 49 0.032984178093792185
110 61 0.0
110 75 0.0
110 74 0.03528298187604208
110 60 0.06753113701363098
110 48 0.04106194085319759
110 64 0.009610674008944692
110 70 0.13289132390609515
110 58 0.2601682798542969
110 59 0.0
110 71 0.15115735568713196
110 65 0.0
110 73 0.0
110 67 0.10938219342391296
110 66 0.0607546284933159
110 72 0.10830948074815622
110 57 0.16667416908529226
110 94 0.19013249253079967
110 80 0.15259153038866452
110 81 0.1635053890402395
110 95 0.057854208168605
110 56 0.11206621358856278
110 68 0.2702096894692464
110 54 0.037028281976597535
110 83 0.037197411785510746
110 82 0.1117520200723739
110 55 0.12503750166203068
110 69 0.32169632541218557
110 51 0.0
110 79 0.12967619675911873
110 86 0.0
110 92 0.1988440732923581
110 93 0.2687579831424144
110 87 0.1683924412126498
110 78 0.2177779929183053
110 50 0.0
110 52 0.058493788062087035
110 46 0.08846304553686068
110 91 0.1793623861331597
110 85 0.1815349231850084
110 84 0.0106372253960276
110 90 0.1828770003174493
110 47 0.06146146220671699
110 53 0.010181314967561944
138 76 0.0905979524237874
138 62 0.06214444834628892
138 89 0.06509969032660207
138 88 0.2515131749716396
138 63 0.04691655116566881
138 77 0.0412829350505355
138 49 0.0
138 61 0.0
138 75 0.014191444541830703
138 74 0.027384004116752222
138 60 0.0
138 48 0.025708545608834565
138 64 0.035485614921969
138 70 0.2519344786365836
138 58 0.04491581713383751
138 59 0.014167614257981756
138 71 0.023777769527924215
138 65 0.0
138 73 0.0076416209344540575
138 67 0.24428713441171393
138 66 0.22282302802675494
138 72 0.09350513156728343
138 57 0.1315877572024637
138 94 0.2606467793081481
138 80 0.034352754332233164
138 81 0.13407578379439983
138 95 0.07342467495028224
138 56 0.12088875936304275
138 68 0.40365923828593864
138 54 0.05287118093595272
138 83 0.026750020532991553
138 82 0.0456916209356687
138 55 0.014179154193839874
138 69 0.18025788648399427
138 51 0.02182650070874686
138 79 0.033496071406192124
138 86 0.0
138 92 0.2619877443471343
138 93 0.2338908511121415
138 87 0.32215725855271693
138 78 0.2301392134108851
138 50 0.016033065309036393
138 52 0.05889213900622651
138 46 0.07892183894050232
138 91 0.30785475022783276
138 85 0.14816878332954025
138 84 0.0
138 90 0.18141016821546618
138 47 0.08321173940576873
138 53 0.07496613869750991
140 76 0.062316876689170936
140 62 0.02037459897079113
140 89 0.024453479887260196
140 88 0.0688947675373165
140 63 0.02714724345530426
140 77 0.0
140 49 0.04255162629865812
140 61 0.027959947342232047
140 75 0.0
140 74 0.015384209590063001
140 60 0.0
140 48 0.0
140 64 0.0
140 70 0.11385272619340422
140 58 0.20810463479151273
140 59 0.01745298257021874
140 71 0.0
140 65 0.0
140 73 0.0
140 67 0.0748530073683619
140 66 0.15851146942924477
140 72 0.0
140 57 0.11442619634923383
140 94 0.10251751252231188
140 80 0.0
140 81 0.06499761994804595
140 95 0.012157820175214523
140 56 0.04172103860289736
140 68 0.16468928539244704
140 54 0.0
140 83 0.0
140 82 0.05574056020208218
140 55 0.018844735340718753
140 69 0.1253936845109208
140 51 0.0
140 79 0.01226359241159665
140 86 0.0
140 92 0.10773559569560004
140 93 0.08648528907756953
140 87 0.08701822444590182
140 78 0.14766532238797692
140 50 0.04194444310609528
140 52 0.0
140 46 0.015409668857077619
140 91 0.08463215556980291
140 85 0.08899153108250211
140 84 0.011641410263032462
140 90 0.08964944029771703
140 47 0.014409506695145569
140 53 0.0
135 76 0.060068230927296885
135 62 0.17584203208268126
135 89 0.030539220104482283
135 88 0.17302571158252178
135 63 0.08491483204367593
135 77 0.18725928525489213
135 49 0.29618008683038644
135 61 0.0
135 75 0.32651934232216995
135 74 0.15589038208571773
135 60 0.0
135 48 0.3246053867180869
135 64 0.05720404100738574
135 70 0.11350982382409516
135 58 0.15614814941494076
135 59 0.0
135 71 0.178623889105459
135 65 0.0
135 73 0.20832703588742552
135 67 0.1703968186956147
135 66 0.08673328721871693
135 72 0.025449149725147675
135 57 0.217641917010133
135 94 0.2551631810451172
135 80 0.19475052596499695
135 81 0.17423895830084857
135 95 0.08535611604979389
135 56 0.25652833237935524
135 68 0.29275574223060086
135 54 0.07491676854780234
135 83 0.46512650884276147
135 82 0.0702408292881551
135 55 0.03334944333658527
135 69 0.12166362614807705
135 51 0.11398515077158003
135 79 0.1587736488902301
135 86 0.057927081970998426
135 92 0.19474998191477846
135 93 0.16975768504348998
135 87 0.18603553262807415
135 78 0.1747693710126113
135 50 0.07348128355747935
135 52 0.3729371037778336
135 46 0.24319896278269096
135 91 0.1690226154309556
135 85 0.171069911425064
135 84 0.10160434428181098
135 90 0.17233462133401245
135 47 0.13289259882464516
135 53 0.2420753265511054
121 76 0.09157099716820813
121 62 0.13394190144116716
121 89 0.05790530206731691
121 88 0.2559069851780489
121 63 0.20583654499719498
121 77 0.18323925323868223
121 49 0.11787168625799427
121 61 0.029522808290117004
121 75 0.006196177932175945
121 74 0.05722632725184802
121 60 0.05269488760832051
121 48 0.08131759214719993
121 64 0.08607823401124315
121 70 0.1269385309260163
121 58 0.0004478479066278851
121 59 0.0
121 71 0.320091289794431
121 65 0.07872631829601238
121 73 0.0
121 67 0.2820455479714558
121 66 0.17079148218557239
121 72 0.03983250692448486
121 57 0.30973378892119474
121 94 0.38105711625360356
121 80 0.35049250047511954
121 81 0.12373019625162998
121 95 0.07392911702895191
121 56 0.14333293049334206
121 68 0.32615596843448275
121 54 0.09339876677900856
121 83 0.3047129592506992
121 82 0.0632575967649408
121 55 0.29503761545205986
121 69 0.32846392163858007
121 51 0.08226155701219723
121 79 0.05717271476382012
121 86 0.10983532545798605
121 92 0.45884170592132467
121 93 0.3706259413753644
121 87 0.16363481572967553
121 78 0.45195330556139784
121 50 0.11618973628333135
121 52 0.008456613852225223
121 46 0.0895146475140961
121 91 0.371830645844534
121 85 0.34451422000580295
121 84 0.04551185399308074
121 90 0.37166907255213644
121 47 0.19299769372865713
121 53 0.21497275627467574
109 76 0.03474002129998802
109 62 0.06601005137197637
109 89 0.03175401742524921
109 88 0.18213241485069703
109 63 0.04569256257781272
109 77 0.1595133802110928
109 49 0.058379252482176056
109 61 0.04180246614539121
109 75 0.0
109 74 0.06168812451602673
109 60 0.0
109 48 0.03851728268089823
109 64 0.0710086275407758
109 70 0.1886473950533276
109 58 0.4055997843077556
109 59 0.0
109 71 0.17942152274835993
109 65 0.0
109 73 0.0
109 67 0.12912172214298379
109 66 0.08773842227607813
109 72 0.04477670875431412
109 57 0.21945112861479957
109 94 0.1862989997020023
109 80 0.18524008159259697
109 81 0.172713803703959
109 95 0.05094255946880463
109 56 0.07271313008779587
109 68 0.29886799312519363
109 54 0.08915307698887122
109 83 0.011536777539966653
109 82 0.013676839632911539
109 55 0.10568067867192432
109 69 0.21250844222341106
109 51 0.05357384930490632
109 79 0.13052134204211663
109 86 0.06462447595757402
109 92 0.19483493567012003
109 93 0.1627720015711479
109 87 0.14599858839003707
109 78 0.2282688788750131
109 50 0.09659029740861538
109 52 0.1432160689984352
109 46 0.1276428653014428
109 91 0.17574604254114531
109 85 0.17787477642659313
109 84 0.4689726635307344
109 90 0.17918979430685467
109 47 0.04632140330509806
109 53 0.02331867339455062
108 76 0.07247434606652353
108 62 0.11172660721530396
108 89 0.05581099077148938
108 88 0.22232726820017634
108 63 0.14064390315134867
108 77 0.1640912154574019
108 49 0.013609740516012117
108 61 0.009084593121631374
108 75 0.013963906005014085
108 74 0.05753436572321248
108 60 0.0027599260691340416
108 48 0.03874853961549714
108 64 0.15662702766563763
108 70 0.2648956881038397
108 58 0.7086506689111287
108 59 0.04302236078252295
108 71 0.08465501964583608
108 65 0.004870968107432774
108 73 0.005149367269601565
108 67 0.18794400638210368
108 66 0.1387422131119528
108 72 0.03846232452410773
108 57 0.2706425447335884
108 94 0.22981961884247126
108 80 0.08880624919440634
108 81 0.2124070158718614
108 95 0.04841720138161749
108 56 0.18134866817004908
108 68 0.3802096921993493
108 54 0.18225568828587443
108 83 0.07717673275563898
108 82 0.06394948389982205
108 55 0.13657061573841245
108 69 0.32314218252065324
108 51 0.0
108 79 0.10940700828858345
108 86 0.005576435192562859
108 92 0.2326320391959505
108 93 0.21292284516385682
108 87 0.22543884473792847
108 78 0.26761378553429394
108 50 0.025559384561696055
108 52 0.1214384413433213
108 46 0.15243193500995164
108 91 0.2062097136658841
108 85 0.21421808456867147
108 84 0.15197576371815846
108 90 0.20933299279665002
108 47 0.150912590009942
108 53 0.010407021557237689
120 76 0.0
120 62 0.1351248673236061
120 89 0.04115664402702278
120 88 0.11595394340316553
120 63 0.0
120 77 0.26032348511587045
120 49 0.0
120 61 0.0
120 75 0.039722595320577855
120 74 0.0036232418774616304
120 60 0.0
120 48 0.0
120 64 0.0
120 70 0.06618019957516641
120 58 0.0339616151252287
120 59 0.0
120 71 0.011945729849849887
120 65 0.0
120 73 0.0
120 67 0.09753902404171619
120 66 0.0771569100309888
120 72 0.0
120 57 0.024489583036377285
120 94 0.17254299955953506
120 80 0.021805997892207815
120 81 0.03831581515493163
120 95 0.020462325992160593
120 56 0.07201215208680391
120 68 0.11940834793481059
120 54 0.0024247908047034666
120 83 0.020183898013142167
120 82 0.0
120 55 0.22842741473766875
120 69 0.08386939022145457
120 51 0.039320647692876166
120 79 0.020640346883288724
120 86 0.0
120 92 0.180448656585837
120 93 0.14555982512714238
120 87 0.14764990805101036
120 78 0.14411535482625118
120 50 0.06498967456631635
120 52 0.0
120 46 0.02593537846756322
120 91 0.14244089250629133
120 85 0.14977797773847368
120 84 0.08657983657940346
120 90 0.15088527761961668
120 47 0.05824942996783242
120 53 0.3785273315932347
134 76 0.049225695114933576
134 62 0.10356933858641633
134 89 0.0
134 88 0.11350501841121288
134 63 0.041564881246717304
134 77 0.1307601341914517
134 49 0.2724604760476519
134 61 0.005185881183111196
134 75 0.33530320214079434
134 74 0.0923335781699192
134 60 0.0
134 48 0.2540106259316518
134 64 0.01893977389878191
134 70 0.06491191445836567
134 58 0.09072003272668783
134 59 0.0
134 71 0.3449180343601187
134 65 0.0
134 73 0.2139313454718151
134 67 0.14176353523462615
134 66 0.045577324110119624
134 72 0.0
134 57 0.22741959905180648
134 94 0.20068187242922184
134 80 0.37783080136710745
134 81 0.034090742401917215
134 95 0.018684229144193175
134 56 0.04986038508047271
134 68 0.18564592703234234
134 54 0.03583239153407554
134 83 0.27453588157560527
134 82 0.029583957023631487
134 55 0.1612250283247632
134 69 0.06561652673447389
134 51 0.11087008210188251
134 79 0.06245662948347047
134 86 0.1189708146378884
134 92 0.13124229439439167
134 93 0.1108367636087908
134 87 0.1241271835218216
134 78 0.06556161005748767
134 50 0.12585374988010514
134 52 0.481576388908578
134 46 0.15542574813060783
134 91 0.14486130310087364
134 85 0.07846448930120466
134 84 0.05485821063541519
134 90 0.11473388550300884
134 47 0.12127885716456852
134 53 0.35645567318433946
122 76 0.024511123921827818
122 62 0.043933841174585035
122 89 0.13718445014007974
122 88 0.14102080597105954
122 63 0.1898223487855989
122 77 0.0
122 49 0.20377869882172603
122 61 0.0
122 75 0.0
122 74 0.12679633507320823
122 60 0.017294582281258943
122 48 0.0635361817655272
122 64 0.0
122 70 0.08048700035121653
122 58 0.03708101981690472
122 59 0.018549871895252687
122 71 0.5154939258373119
122 65 0.0
122 73 0.0
122 67 0.34221484967184923
122 66 0.12869658916712085
122 72 0.0
122 57 0.34442836703197094
122 94 0.2098432545579603
122 80 0.5676926299171884
122 81 0.1154161053894453
122 95 0.05470712704269168
122 56 0.08072017304966271
122 68 0.38617641572450356
122 54 0.0
122 83 0.2828918348316045
122 82 0.0
122 55 0.1328744431189163
122 69 0.19850678566027827
122 51 0.10127729863916184
122 79 0.04707573918629525
122 86 0.21830703782003363
122 92 0.21945795236693078
122 93 0.17702687165252295
122 87 0.12350093981808818
122 78 0.23377853639097818
122 50 0.20087091334583257
122 52 0.04680977524686186
122 46 0.031542074959396225
122 91 0.17323368981624362
122 85 0.6783383314416207
122 84 0.07232775874811923
122 90 0.3341391433475491
122 47 0.01189641844360409
122 53 0.005819680482604728
136 76 0.017915669929659234
136 62 0.07547320170878581
136 89 0.0
136 88 0.04254825412119813
136 63 0.023094352195045985
136 77 0.2765290713655353
136 49 0.13736817605144436
136 61 0.048722224395871226
136 75 0.0
136 74 0.10201303908030764
136 60 0.0
136 48 0.14269756581525203
136 64 0.0
136 70 0.067753638292561
136 58 0.09713679499545715
136 59 0.0
136 71 0.0
136 65 0.0
136 73 0.0
136 67 0.029555964735465734
136 66 0.0
136 72 0.03758120581822372
136 57 0.11028994085271462
136 94 0.07552051110444251
136 80 0.0
136 81 0.2763305895024901
136 95 0.05808746233341476
136 56 0.16358084299779382
136 68 0.16790712884403733
136 54 0.05152813700115317
136 83 0.03188878648257729
136 82 0.0
136 55 0.013617265442901733
136 69 0.021868331990999627
136 51 0.0
136 79 0.3876590928173639
136 86 0.0
136 92 0.07898074571707181
136 93 0.07167399703366321
136 87 0.053241077121416465
136 78 0.08988248809645683
136 50 0.0
136 52 0.07489762057631812
136 46 0.12505581560698012
136 91 0.09351763645910503
136 85 0.08850123024887023
136 84 0.02502404507568013
136 90 0.08915551469852881
136 47 0.16886813910659135
136 53 0.014168202371149824
137 76 0.11385967017843418
137 62 0.040345578235556095
137 89 0.04222129932982746
137 88 0.1511659579052012
137 63 0.036730240412295986
137 77 0.035652697820144914
137 49 0.02691728746993479
137 61 0.0634466030488746
137 75 0.0
137 74 0.0027837838322839065
137 60 0.031753977896897954
137 48 3.4451623003070586e-05
137 64 0.024431040597768974
137 70 0.14040854135304143
137 58 0.19166707109339037
137 59 0.13773281039379007
137 71 0.0
137 65 0.006202312182629302
137 73 0.00016906297975663453
137 67 0.13548923931111234
137 66 0.2217773156577153
137 72 0.011295873381627616
137 57 0.16275419186846066
137 94 0.15047728531407192
137 80 0.0
137 81 0.12755291178408534
137 95 0.06633577944661637
137 56 0.13624047042754
137 68 0.27381876683015843
137 54 0.042378846959855644
137 83 0.010143072373602208
137 82 0.013252569169576539
137 55 0.031100008167099895
137 69 0.18759696971769077
137 51 0.00530452984440527
137 79 0.06841911547640572
137 86 0.009686171933434615
137 92 0.20485909715013131
137 93 0.15669638601938035
137 87 0.14485884121200548
137 78 0.21445504638931803
137 50 0.04332879505601013
137 52 0.14403550593597989
137 46 0.0670906969067786
137 91 0.16179113423741087
137 85 0.15607739589918718
137 84 0.005318456893028969
137 90 0.14920067592220945
137 47 0.046175093763783336
137 53 0.023804506131144675
123 76 0.024884336275395935
123 62 0.04047868743352488
123 89 0.03552065463426305
123 88 0.100075214451412
123 63 0.02608891860625765
123 77 0.14179527982669377
123 49 0.14461126388257228
123 61 0.07014683208674324
123 75 0.03115367195219612
123 74 0.02147187630241023
123 60 0.05693641849737566
123 48 0.05617125361045752
123 64 0.006376038384975857
123 70 0.08699633911564994
123 58 0.14686359205560814
123 59 0.0
123 71 0.42089279275625613
123 65 0.042099133128630783
123 73 0.014514476639083923
123 67 0.24285228150232135
123 66 0.10061291597986077
123 72 0.06180955930401765
123 57 0.3846410514431461
123 94 0.5996182427798263
123 80 0.45545559126354007
123 81 0.0330688487684995
123 95 0.03882283492225644
123 56 0.10514725833044067
123 68 0.29372443945470145
123 54 0.018580838115461566
123 83 0.20075378836748495
123 82 0.08207869796996979
123 55 0.013521970732202779
123 69 0.14087005820325313
123 51 0.07526404705734553
123 79 0.01781385850341212
123 86 0.13475182834550983
123 92 0.19377509935076526
123 93 0.21938578179687168
123 87 0.11503718490142695
123 78 0.2152012268209193
123 50 0.15199281063481396
123 52 0.03293175270316518
123 46 0.056292220337232725
123 91 0.2678086144687346
123 85 0.17062747193468442
123 84 0.10953229945255606
123 90 0.22517377593238339
123 47 0.0907488326759259
123 53 0.12200750712682515
127 76 0.0707580885735653
127 62 0.05495743270288144
127 89 0.06067138200204327
127 88 0.17093439373330938
127 63 0.08448993191041498
127 77 0.07384696121207368
127 49 0.12350230201493413
127 61 0.0
127 75 0.0
127 74 0.057413827927906745
127 60 0.0
127 48 0.03850679563003114
127 64 0.02982360098874421
127 70 0.11206942537669626
127 58 0.16562708381658808
127 59 0.03849758365495702
127 71 0.31242071366507357
127 65 0.0
127 73 0.0
127 67 0.2630753909038596
127 66 0.11374144984984197
127 72 0.050559086948491136
127 57 0.26641685411577654
127 94 0.2543555842692508
127 80 0.3440563073426091
127 81 0.12368656749146234
127 95 0.12865000759746031
127 56 0.1969148701385723
127 68 0.4992724387714912
127 54 0.06932229826621891
127 83 0.02363056035750126
127 82 0.04968400149148754
127 55 0.041416029345712244
127 69 0.1752802867519579
127 51 0.2186708365528081
127 79 0.12912003174317593
127 86 0.11508205207932867
127 92 0.2660097691222474
127 93 0.21457813102159123
127 87 0.23646237168524115
127 78 0.17938773474585668
127 50 0.3297175895777784
127 52 0.163178205775272
127 46 0.12726082266091726
127 91 0.26491882889733465
127 85 0.2207963529994805
127 84 0.065093177536256
127 90 0.2224286875998316
127 47 0.11065917739475309
127 53 0.06034939478208985
133 76 0.0
133 62 0.23167751673944642
133 89 0.0
133 88 0.14094087236833552
133 63 0.11161212130050627
133 77 0.24393715457553988
133 49 0.40939960759234617
133 61 0.052462773466920506
133 75 0.0
133 74 0.12092598930186478
133 60 0.0
133 48 0.23979126236036727
133 64 0.04052060482117707
133 70 0.07295528521894659
133 58 0.175738198142446
133 59 0.0
133 71 0.25005494461018846
133 65 0.0
133 73 0.04323910730807517
133 67 0.15586139422380174
133 66 0.061454959564267476
133 72 0.0
133 57 0.24306840825318893
133 94 0.1809416099210659
133 80 0.2753754060224466
133 81 0.14874671722452049
133 95 0.05786260272701506
133 56 0.12939007280509207
133 68 0.20857108608639216
133 54 0.06335892997943852
133 83 0.07641981927250528
133 82 0.14053008196236078
133 55 0.057890620453232296
133 69 0.08113475629191598
133 51 0.04912742523658274
133 79 0.3541800620735198
133 86 0.09210924532095263
133 92 0.14191389288974973
133 93 0.11822756676582462
133 87 0.11414474792480608
133 78 0.09088803084081101
133 50 0.09743813184394766
133 52 0.12753482535487917
133 46 0.09291445026097407
133 91 0.1079110231220201
133 85 0.09529573108906994
133 84 0.11188955016788435
133 90 0.09764547652798113
133 47 0.2000302431271888
133 53 0.38492143710274945
132 76 0.03583035844652156
132 62 0.08190349314316848
132 89 0.10040700249718829
132 88 0.29531167037371375
132 63 0.1323407631299248
132 77 0.26364354548674074
132 49 0.0704668464237894
132 61 0.0
132 75 0.0004997860537189064
132 74 0.052812339272913233
132 60 0.0
132 48 0.07362201390657319
132 64 0.11378726362132793
132 70 0.1734612462137017
132 58 0.14421315784235095
132 59 0.0
132 71 0.07408398744945056
132 65 0.0
132 73 0.0
132 67 0.2379591743218809
132 66 0.1882343480938389
132 72 0.04183592166502589
132 57 0.27422302674680965
132 94 0.5095932600756303
132 80 0.08426264885024269
132 81 0.20654617096818828
132 95 0.06971866098231425
132 56 0.2643287891582745
132 68 0.4379496696911197
132 54 0.14086175802266732
132 83 0.1723443835477143
132 82 0.10421580494963381
132 55 0.0580111557978742
132 69 0.2289544509508411
132 51 0.021400025882805554
132 79 0.1631598999291332
132 86 0.012406405154444189
132 92 0.5329420458702286
132 93 0.4392489355071668
132 87 0.2954541340854179
132 78 0.23431967779795965
132 50 0.026758288845335085
132 52 0.5042076639087409
132 46 0.2999299823118974
132 91 0.42068886576483594
132 85 0.434662866036499
132 84 0.039604276264877634
132 90 0.4378763033332681
132 47 0.18109310880201798
132 53 0.23734555747453695
126 76 0.031432407209914984
126 62 0.04288754409022383
126 89 0.06418773347456555
126 88 0.18084129526208226
126 63 0.02488866884800267
126 77 0.10260347731627772
126 49 0.13457317976932426
126 61 0.07933884460770821
126 75 0.007371264835618188
126 74 0.03880083538687134
126 60 0.098539701867318
126 48 0.040738546795864305
126 64 0.03028195458595316
126 70 0.1032143682277688
126 58 0.027531993699133478
126 59 0.011897292843646518
126 71 0.3490542320236624
126 65 0.01988443942380761
126 73 0.0
126 67 0.3126460585566617
126 66 0.12033360090143372
126 72 0.026521533099812783
126 57 0.2600727095811198
126 94 0.40682022175276056
126 80 0.3781888640228087
126 81 0.05975718839977983
126 95 0.05103395534342989
126 56 0.10351338263572382
126 68 0.34072551868346185
126 54 0.017039901142330928
126 83 0.33777276892351155
126 82 0.023568463807376726
126 55 0.03487527822660627
126 69 0.2310482773845222
126 51 0.08347236353874889
126 79 0.03219060047017544
126 86 0.12175190086036333
126 92 0.42546010371118065
126 93 0.3577226838248026
126 87 0.1948491645821463
126 78 0.27572886455251777
126 50 0.17615712685717805
126 52 0.023776110390476043
126 46 0.04044871004411599
126 91 0.3358457638037987
126 85 0.3638966454830182
126 84 0.0
126 90 0.7772811277683115
126 47 0.014911305309269873
126 53 0.08427213334463186
118 76 0.07297490614750317
118 62 0.20105755716197415
118 89 0.0
118 88 0.03588809911104307
118 63 0.039487791368644685
118 77 0.11515185478915865
118 49 0.32557088524891453
118 61 0.0
118 75 0.0
118 74 0.10258060846730299
118 60 0.0
118 48 0.15306812895720617
118 64 0.0
118 70 0.04802774344663996
118 58 0.26314954794835504
118 59 0.12161026154462173
118 71 0.1831612965066483
118 65 0.0
118 73 0.03167196300270413
118 67 0.10330040368223123
118 66 0.0
118 72 0.0
118 57 0.24773792704181236
118 94 0.05770548665849855
118 80 0.20170813447318195
118 81 0.2309235041187068
118 95 0.027276760053410835
118 56 0.24188883841658657
118 68 0.14655895901227853
118 54 0.0
118 83 0.15253813084188683
118 82 0.023385083986040535
118 55 0.08905602415530907
118 69 0.06867684276235803
118 51 0.12819903476100175
118 79 0.15215219419209347
118 86 0.06746856703647518
118 92 0.036157218048928366
118 93 0.020836578806474493
118 87 0.09460943948405538
118 78 0.02757216675589711
118 50 0.2543133245804181
118 52 0.12979701371215138
118 46 0.13587624976721369
118 91 0.11419919130973057
118 85 0.059280485056225754
118 84 0.1072136091208817
118 90 0.05034596960103882
118 47 0.29242928248590044
118 53 0.27077413868897116
130 76 0.0
130 62 0.02755670649009704
130 89 0.05377792580744396
130 88 0.19976734302849997
130 63 0.07166186048143976
130 77 0.0656894574522037
130 49 0.0
130 61 0.0
130 75 0.0
130 74 0.009147468884114496
130 60 0.0
130 48 0.0
130 64 0.05707763162929275
130 70 0.09933614571344138
130 58 0.10562427435416065
130 59 0.0
130 71 0.0
130 65 0.0
130 73 0.0
130 67 0.12745078036007604
130 66 0.10081819548877115
130 72 0.0
130 57 0.04334930301191797
130 94 0.2254558127434801
130 80 0.0
130 81 0.12999202345035477
130 95 0.026737395020148706
130 56 0.1482860884135531
130 68 0.18458625365031642
130 54 0.07835990359218292
130 83 0.1846150814435118
130 82 0.0
130 55 0.036710357995761805
130 69 0.1095891550798834
130 51 0.0
130 79 0.04836226433982057
130 86 0.0
130 92 0.23578585415162856
130 93 0.19019785653787313
130 87 0.19987932855304508
130 78 0.11215722342075106
130 50 0.0
130 52 0.15946797879355318
130 46 0.21416935236972995
130 91 0.18612245799535782
130 85 0.1957095668227958
130 84 0.042424049671032506
130 90 0.19715643627151952
130 47 0.08286144296081072
130 53 0.03295420414606952
124 76 0.027650814220809936
124 62 0.03772779813222536
124 89 0.056465388785120724
124 88 0.15908450871574262
124 63 0.0
124 77 0.03870913813076509
124 49 0.11494060740030242
124 61 0.0
124 75 0.0
124 74 0.03413275616244208
124 60 0.0
124 48 0.03583734397290748
124 64 0.0
124 70 0.09079677867891903
124 58 0.05570448913106156
124 59 0.0
124 71 0.29076240691252275
124 65 0.0
124 73 0.0
124 67 0.2750320083436629
124 66 0.10585641821276354
124 72 0.0
124 57 0.2274983691531472
124 94 0.23672259443416116
124 80 0.32020488930710533
124 81 0.052567876961044466
124 95 0.08495889106728628
124 56 0.09105981904323134
124 68 0.2997332642863474
124 54 0.00298447777525479
124 83 0.29713575609972753
124 82 0.01831737177833445
124 55 0.02149519321635375
124 69 0.20325115258695087
124 51 0.07771825241825016
124 79 0.028317790212910178
124 86 0.10710408430501792
124 92 0.24756886259195512
124 93 0.19970268012867487
124 87 0.17404197589963746
124 78 0.2425562750616064
124 50 0.1133004819567626
124 52 0.030578653001715125
124 46 0.035582377112639944
124 91 0.9840442889390072
124 85 0.20548982902734156
124 84 0.006708003104971286
124 90 0.2070090033859068
124 47 0.0383367585814118
124 53 0.027318181718577472
125 76 0.030133461750717648
125 62 0.041115214650735414
125 89 0.06153517287441339
125 88 0.17336802165159193
125 63 0.0
125 77 0.0
125 49 0.1252606295439428
125 61 0.0
125 75 0.0
125 74 0.037197389344630565
125 60 0.0
125 48 0.039055024753744276
125 64 0.0
125 70 0.09894903041771738
125 58 0.022092430203685627
125 59 0.0
125 71 0.3168687112530325
125 65 0.027698888192662217
125 73 0.0
125 67 0.3665228285805587
125 66 0.1153608101305609
125 72 0.0
125 57 0.24792446799153162
125 94 0.25797689673615215
125 80 0.3489547073469784
125 81 0.057287720248393285
125 95 0.04892497513979725
125 56 0.4154194296527715
125 68 0.44930523916786863
125 54 0.0
125 83 0.32381429601675593
125 82 0.0
125 55 0.023425154045619366
125 69 0.2215001982711502
125 51 0.06225409357996537
125 79 0.030860322644798398
125 86 0.11672049878813098
125 92 0.2697970046020876
125 93 0.2176331237524383
125 87 0.1518294655950857
125 78 0.2643343584242325
125 50 0.12347324430007184
125 52 0.0
125 46 0.03877716551711509
125 91 0.21296986554601816
125 85 0.22393987582820277
125 84 0.0
125 90 0.22559545031005837
125 47 0.016050437308849634
125 53 0.023480459371422284
131 76 0.0
131 62 0.0723869933720941
131 89 0.08866995788000655
131 88 0.37916569334163847
131 63 0.1320550486804318
131 77 0.0
131 49 0.0
131 61 0.0
131 75 0.0
131 74 0.052606737591590985
131 60 0.0
131 48 0.02987407187774037
131 64 0.11352023899533202
131 70 0.21304788459806853
131 58 0.3469408849270811
131 59 0.09940380104162706
131 71 0.0
131 65 0.0
131 73 0.0
131 67 0.22565579955925122
131 66 0.16623075385124225
131 72 0.0
131 57 0.25874931891289155
131 94 0.37173537505605714
131 80 0.0
131 81 0.20618570587802057
131 95 0.0440850712380861
131 56 0.09439513899785777
131 68 0.3567678714968417
131 54 0.14056745996928385
131 83 0.0
131 82 0.03856219180388936
131 55 0.09648994740229018
131 69 0.2500539263147994
131 51 0.0
131 79 0.06690423533115776
131 86 0.0
131 92 0.3887677228605992
131 93 0.3136014577517653
131 87 0.2950041077705671
131 78 0.2026734492888594
131 50 0.0
131 52 0.0
131 46 0.17780804818966267
131 91 0.3068818713846197
131 85 0.32268925932598025
131 84 0.016710181524445707
131 90 0.32507488225862313
131 47 0.14628837784114088
131 53 0.0
119 76 0.12987760905856643
119 62 0.1343801193936947
119 89 0.07573210576647557
119 88 0.1694012893988463
119 63 0.0
119 77 0.41823023818968313
119 49 0.12705555378546401
119 61 0.06539587939150801
119 75 0.14712791597313707
119 74 0.10189493232464747
119 60 0.03909157395236387
119 48 0.11418222189612781
119 64 0.0
119 70 0.21223141877691787
119 58 0.40823514054394006
119 59 0.071858110500309
119 71 0.006682646456501448
119 65 0.0
119 73 0.13121047943774183
119 67 0.1690957359853728
119 66 0.1581144706308369
119 72 0.10500171073710612
119 57 0.17694992445820362
119 94 0.24917530982697236
119 80 0.008212372955873265
119 81 0.12145940096886068
119 95 0.18425904820276906
119 56 0.2630335228380669
119 68 0.32745961480466834
119 54 0.0
119 83 0.26127866035453545
119 82 0.05993340914919522
119 55 0.09548995310542142
119 69 0.18664720188050796
119 51 0.05567733246698394
119 79 0.3194806129142161
119 86 0.042151399767022604
119 92 0.2493788644870577
119 93 0.21663093261672567
119 87 0.25964095400190224
119 78 0.20260783247412784
119 50 0.04356148523651128
119 52 0.30789304950380136
119 46 0.28030429758955766
119 91 0.2583587131511954
119 85 0.2988049465578464
119 84 0.1600724489179275
119 90 0.27970738158091485
119 47 0.010696994811177224
119 53 0.13861526232111826
