114 76 0.22236753049733063
114 62 0.2692551377155281
114 89 0.1843685968139759
114 88 0.31920669008521274
114 63 0.21544753561913604
114 77 0.07584292934219214
114 49 0.15256097824242176
114 61 0.08908704540308973
114 75 0.12920825324033408
114 74 0.30236401827154946
114 60 0.12197086137636068
114 48 0.13592241358001111
114 64 0.14629177218018902
114 70 0.31166889907081335
114 58 0.5575273016871527
114 59 0.1863642734848038
114 71 0.1512186077996174
114 65 0.10733434070882458
114 73 0.1228012102266108
114 67 0.29926147894739685
114 66 0.27578551244294985
114 72 0.18125019187085586
114 57 0.3274220226858271
114 94 0.37728041347749125
114 80 0.15012138335166766
114 81 0.30387603511267125
114 95 0.17051875110943174
114 56 0.20099234208101208
114 68 0.4445559816890414
114 54 0.14044894986574807
114 83 0.13771114909354348
114 82 0.035467867308668966
114 55 0.26309230743982487
114 69 0.3486284929230916
114 51 0.11951498894096882
114 79 0.15508493880177235
114 86 0.12828016684907204
114 92 0.38630039345737455
114 93 0.3454375606507134
114 87 0.32799286817125434
114 78 0.2868404959922619
114 50 0.1661418207160374
114 52 0.10851731252574287
114 46 0.18126737409525848
114 91 0.3522251625938303
114 85 0.3653128799457452
114 84 0.0839604026465835
114 90 0.3688997909443368
114 47 0.2072822463905285
114 53 0.14642427552691137
100 76 0.14169426065685709
100 62 0.16383695946210003
100 89 0.12471111134558019
100 88 0.17394968320877652
100 63 0.3384550143814374
100 77 0.10790294722724617
100 49 0.2803413420952847
100 61 0.11624644044414559
100 75 0.11910670626339158
100 74 0.14544537328573104
100 60 0.11727532497928428
100 48 0.18322598095804415
100 64 0.19801936254025024
100 70 0.18833193382867575
100 58 0.1550738534267126
100 59 0.13829265174818656
100 71 0.5033444668994375
100 65 0.11672110879709423
100 73 0.0898268191204959
100 67 0.3274425193024145
100 66 0.1768862572185663
100 72 0.10582409497764517
100 57 0.3857261339767746
100 94 0.18688316585399462
100 80 0.5309604971549149
100 81 0.16959036032175262
100 95 0.14822605568485503
100 56 0.2230715556511553
100 68 0.3780777170437226
100 54 0.16658910550137102
100 83 0.14786235338497086
100 82 0.13539391949216645
100 55 0.31487140606291475
100 69 0.21929189184019632
100 51 0.19717965377180552
100 79 0.10837257048201304
100 86 0.2735444568475327
100 92 0.1872009101513008
100 93 0.18125709324868286
100 87 0.19779311431881014
100 78 0.19582157414430262
100 50 0.3086361561255493
100 52 0.10197675362023703
100 46 0.229361023487023
100 91 0.193973125368464
100 85 0.204098127946015
100 84 0.12499801854044554
100 90 0.1859012246109951
100 47 0.13213793112796776
100 53 0.10555274750129048
128 76 0.1728025748999772
128 62 0.13509711647921743
128 89 0.23333062065115132
128 88 0.4272443334973116
128 63 0.14448102371141763
128 77 0.1447822352857538
128 49 0.14750360843932403
128 61 0.14505729413046287
128 75 0.12560062168538533
128 74 0.12319295023639139
128 60 0.13805440950192588
128 48 0.1326063707094915
128 64 0.145352913899695
128 70 0.32381667075547277
128 58 0.07849961376135373
128 59 0.12312147557356114
128 71 0.13902103727879472
128 65 0.10440279291255031
128 73 0.14997256701948614
128 67 0.40427595258325133
128 66 0.3203109409185746
128 72 0.1626386154555442
128 57 0.23677243533595482
128 94 0.5681671036830189
128 80 0.14024421922853358
128 81 0.3437774113862978
128 95 0.2334613179309808
128 56 0.33994426159162267
128 68 0.65947199159119
128 54 0.19575092675760355
128 83 0.13127599780107746
128 82 0.10607875245790271
128 55 0.22615144313571045
128 69 0.3762720281731212
128 51 0.15865852857331508
128 79 0.23665819797171336
128 86 0.12753251102725016
128 92 0.5729835023559442
128 93 0.503045449578693
128 87 0.47869689953992234
128 78 0.3771293184933997
128 50 0.19442779381424313
128 52 0.18295924002972835
128 46 0.2460656850920425
128 91 0.4498037482959065
128 85 0.495512933394594
128 84 0.13024246873608908
128 90 0.5045088427032394
128 47 0.18913399800482045
128 53 0.10920141550571102
129 76 0.11730393355922719
129 62 0.3097178997183746
129 89 0.25945322215400807
129 88 0.5293911897166712
129 63 0.1790564446213319
129 77 0.15202449750439545
129 49 0.164954055987655
129 61 0.16782811696170857
129 75 0.13004944412283342
129 74 0.22754762719863483
129 60 0.12783201569686892
129 48 0.2138151243868718
129 64 0.23520472069062692
129 70 0.3903809006253624
129 58 0.7127353752467331
129 59 0.1381178047348971
129 71 0.1693002895095469
129 65 0.1786705909636043
129 73 0.14304514246805616
129 67 0.4928036514069944
129 66 0.4033554945489516
129 72 0.1408854032789701
129 57 0.6658784449835218
129 94 0.6713986196506929
129 80 0.17772538102582308
129 81 0.4113448615787097
129 95 0.2339021259521393
129 56 0.3370421684120084
129 68 0.7085857103727413
129 54 0.29679229313471134
129 83 0.1648020776012508
129 82 0.44715360460331943
129 55 0.2033271095917483
129 69 0.4943864554356421
129 51 0.1682229222786257
129 79 0.2080713955392105
129 86 0.1337666320804966
129 92 0.6682391565485647
129 93 0.604657164038692
129 87 0.4864943670991725
129 78 0.47501122960214703
129 50 0.11763090001428067
129 52 0.14368198912549213
129 46 0.3067987335931325
129 91 0.5891665714178747
129 85 0.5617599678440006
129 84 0.17970047618213716
129 90 0.5709027544541547
129 47 0.2433968870992194
129 53 0.1957642294171848
101 76 0.08517190531904931
101 62 0.19203688030757768
101 89 0.18642823171581557
101 88 0.2277123968395767
101 63 0.13643566511398209
101 77 0.1789770113944171
101 49 0.1933381504682658
101 61 0.13805788470599178
101 75 0.11366447573378707
101 74 0.08576516351148139
101 60 0.11677034583881436
101 48 0.14315868478503366
101 64 0.1299585005639504
101 70 0.13777560811085632
101 58 0.1068872384221076
101 59 0.14623430536250798
101 71 0.24762121271494208
101 65 0.12647612192356603
101 73 0.13093308690755323
101 67 0.24561010320012838
101 66 0.17036783381386922
101 72 0.09899859266937511
101 57 0.3030368808346426
101 94 0.24206122680527442
101 80 0.26991509124282986
101 81 0.2277065633993453
101 95 0.044905055079274864
101 56 0.23398758320542404
101 68 0.2860482751087578
101 54 0.10521437497637509
101 83 0.11940976920980555
101 82 0.16461213558963883
101 55 0.1598911926118512
101 69 0.1577129681150567
101 51 0.16204959580765757
101 79 0.2213352274019861
101 86 0.19417158318030858
101 92 0.24654342642752464
101 93 0.2250769174377636
101 87 0.21130727415448805
101 78 0.1844844862447253
101 50 0.20396741365890805
101 52 0.09544541845563131
101 46 0.19265944926852918
101 91 0.2898066066625026
101 85 0.21062888036997313
101 84 0.14461207095662904
101 90 0.21586970750879003
101 47 0.07811702008285232
101 53 0.09386025872020828
115 76 0.09730078309910062
115 62 0.0811511516510455
115 89 0.14906612502582828
115 88 0.12825586704372338
115 63 0.07543000164071667
115 77 0.10902119404773092
115 49 0.0870124362519582
115 61 0.11261209136948563
115 75 0.1197619576959538
115 74 0.2286826662694091
115 60 0.10514519514259948
115 48 0.10899976381369286
115 64 0.19871518323043694
115 70 0.0926316837029921
115 58 0.13035185721271114
115 59 0.13298557295756697
115 71 0.13284158240051314
115 65 0.0840207739982898
115 73 0.06011472052015748
115 67 0.14506610415726634
115 66 0.30341262531640184
115 72 0.2212913933800702
115 57 0.132423403312579
115 94 0.2405491467827503
115 80 0.1318914995262438
115 81 0.12670797715718768
115 95 0.13942141366277944
115 56 0.30805943737870045
115 68 0.2048520482270615
115 54 0.15598869445480387
115 83 0.21527177159237812
115 82 0.1455213777094496
115 55 0.20076841922220184
115 69 0.143438609724511
115 51 0.1492431393249865
115 79 0.1300000334409711
115 86 0.13488809471892677
115 92 0.23866497141306342
115 93 0.22956093388236334
115 87 0.20204514409455956
115 78 0.1417027956095167
115 50 0.10721849649797469
115 52 0.8341146394956763
115 46 0.5800578109389076
115 91 0.21067787030102347
115 85 0.22185068087572443
115 84 0.08645213531424209
115 90 0.22913075363680108
115 47 0.3751479898278233
115 53 0.3137483535017665
103 76 0.11799235463672611
103 62 0.26105877282033657
103 89 0.14808472453393678
103 88 0.2048189524040012
103 63 0.17375495565094118
103 77 0.16117661832346142
103 49 0.14833403776167525
103 61 0.1485387261952576
103 75 0.14362253328919267
103 74 0.1461666686210505
103 60 0.12174928704792601
103 48 0.14423219044649116
103 64 0.1588261195646895
103 70 0.3032148639909546
103 58 0.8439097645804547
103 59 0.15187734456782234
103 71 0.14862112217416495
103 65 0.1584153746246056
103 73 0.15216214667545475
103 67 0.2313496555782278
103 66 0.376925013551125
103 72 0.14587616045443974
103 57 0.3968517675779708
103 94 0.24455141847895448
103 80 0.14889258549830753
103 81 0.2840746743055309
103 95 0.17079278160638045
103 56 0.18329488832970464
103 68 0.40258034678462595
103 54 0.1566519902286898
103 83 0.1462857594630031
103 82 0.20586901167440647
103 55 0.1146971487655031
103 69 0.3270898509810258
103 51 0.11497992278571614
103 79 0.11852064478004108
103 86 0.1128717909216001
103 92 0.23334495094787416
103 93 0.22849382518613248
103 87 0.1562977816250864
103 78 0.2611931930845614
103 50 0.1461792092598102
103 52 0.12927148097127106
103 46 0.20252447602829496
103 91 0.22915559135380478
103 85 0.19467909051257756
103 84 0.16505858195899026
103 90 0.19881166812702122
103 47 0.16143448872120622
103 53 0.14924916323644857
117 76 0.2681907508400213
117 62 0.30583635761767053
117 89 0.10541134259093277
117 88 0.11573686141546487
117 63 0.1458422073010608
117 77 0.40923337436692964
117 49 0.28124158341176203
117 61 0.15687568523641748
117 75 0.6538596719757875
117 74 0.45187824261058746
117 60 0.1122094792233318
117 48 0.4804477508153324
117 64 0.21962782486880955
117 70 0.2761655090070689
117 58 0.6933062353442067
117 59 0.12046327181614272
117 71 0.14805728921342937
117 65 0.10328331005507646
117 73 0.5151493750991506
117 67 0.19510345982691357
117 66 0.1428957797360047
117 72 0.20819335644641368
117 57 0.3029574397622433
117 94 0.28506671932217414
117 80 0.14770137042474152
117 81 0.2809944885320354
117 95 0.2194223068638817
117 56 0.309734714957941
117 68 0.3162790156845102
117 54 0.16901975957071066
117 83 0.7047398562898854
117 82 0.1631337505393558
117 55 0.17812104341311277
117 69 0.3353938093759571
117 51 0.20594960832061981
117 79 0.443922917905112
117 86 0.07800435774561401
117 92 0.28270471062250674
117 93 0.26222426223395323
117 87 0.3480022232923866
117 78 0.3598332643451899
117 50 0.08685933721233016
117 52 0.12542331610922916
117 46 0.4070096672754848
117 91 0.2893569550411678
117 85 0.2692672693932901
117 84 0.15974550477390742
117 90 0.28571561816159696
117 47 0.1305790705176444
117 53 0.12135594423990002
116 76 0.16578800888785142
116 62 0.31404002794031205
116 89 0.20466660175384538
116 88 0.43248542752238894
116 63 0.1793688276069395
116 77 0.12255604718264333
116 49 0.16438441410340504
116 61 0.22057104778969197
116 75 0.1520208380526889
116 74 0.14281386434499044
116 60 0.1557589620444847
116 48 0.1435348415300441
116 64 0.1780537094402575
116 70 0.5517879474179089
116 58 0.8969470645339604
116 59 0.23359942455826077
116 71 0.1275194849509727
116 65 0.152938251173881
116 73 0.14559163640811418
116 67 0.3987684335830046
116 66 0.4176100335651777
116 72 0.16428900929424148
116 57 0.6017659008657142
116 94 0.5507464041629244
116 80 0.1309071778871784
116 81 0.4479548053601731
116 95 0.18282938533908422
116 56 0.42699154961253516
116 68 0.6157431309311032
116 54 0.1610060398260274
116 83 0.36510207938001216
116 82 0.5360980287014361
116 55 0.2801311453688657
116 69 0.44530522625691515
116 51 0.1136468488905005
116 79 0.18668491765320971
116 86 0.16644062552862487
116 92 0.5237311486476615
116 93 0.5028237913832911
116 87 0.3145623052743384
116 78 0.39253938169634495
116 50 0.1833608460087881
116 52 0.1003501052430287
116 46 0.42849014897449844
116 91 0.47514423317968757
116 85 0.41190782463491243
116 84 0.22644556282503564
116 90 0.4253969692697164
116 47 0.1811300512765725
116 53 0.11626716228593761
102 76 0.1276970665025391
102 62 0.17669876010148838
102 89 0.14442775353768558
102 88 0.16754811348327348
102 63 0.1517936019443027
102 77 0.12508684774774198
102 49 0.12555524193789752
102 61 0.10026248905414917
102 75 0.11028887389358663
102 74 0.10068405884703394
102 60 0.12661903750136316
102 48 0.11642488729613008
102 64 0.11024621180199448
102 70 0.2372754773111735
102 58 0.48245194679073966
102 59 0.1413113326383234
102 71 0.140436223361352
102 65 0.08858962450250157
102 73 0.1066456110998609
102 67 0.17321798661410773
102 66 0.15272211814118047
102 72 0.1368082589988011
102 57 0.233117535985216
102 94 0.1630716349991297
102 80 0.14471696585938384
102 81 0.17768806727924408
102 95 0.10181319567505687
102 56 0.14786988642584525
102 68 0.25949527816857126
102 54 0.11685880772079449
102 83 0.14146231672755277
102 82 0.07017806660069867
102 55 0.143142584432091
102 69 0.20363836918963035
102 51 0.1039794510207385
102 79 0.1276540591986186
102 86 0.13318804161069503
102 92 0.16002342994479143
102 93 0.16158156619079897
102 87 0.17356956836653847
102 78 0.1520072183098688
102 50 0.12124232725058318
102 52 0.10277154569804436
102 46 0.1339172269253603
102 91 0.16669530719229042
102 85 0.16316312430079288
102 84 0.09822981006069981
102 90 0.16381059673680004
102 47 0.17336512006438226
102 53 0.12196578642568892
106 76 0.1529343251313134
106 62 0.16081310344623956
106 89 0.12105402421287959
106 88 0.20125242481836397
106 63 0.10117988230033659
106 77 0.0864474832506664
106 49 0.1420005661585423
106 61 0.1327124762728613
106 75 0.10353459954747055
106 74 0.114852574009537
106 60 0.12894711136665182
106 48 0.1454120361975299
106 64 0.1276943836932951
106 70 0.22958532287627081
106 58 0.506623587641713
106 59 0.1377729063546434
106 71 0.1497372872305735
106 65 0.10807053794672178
106 73 0.10911793491677163
106 67 0.17942896108677486
106 66 0.16470124908673028
106 72 0.22924079215857054
106 57 0.2705736493511471
106 94 0.17668290348394816
106 80 0.14759236876218726
106 81 0.21609978055287413
106 95 0.17050247340237026
106 56 0.20156468612046138
106 68 0.288681715370349
106 54 0.13928254551899563
106 83 0.11889250215476885
106 82 0.1362607983004596
106 55 0.2251833873204127
106 69 0.2435391635825007
106 51 0.13159678281420376
106 79 0.151154796756663
106 86 0.14157383872911145
106 92 0.1913730336564882
106 93 0.18482792986723864
106 87 0.21272157245442957
106 78 0.17890139574668742
106 50 0.11620573799777609
106 52 0.13360934553942133
106 46 0.14025250713978898
106 91 0.11659008413772036
106 85 0.19210409257028557
106 84 0.1115984398871265
106 90 0.19295720312892686
106 47 0.2050686058185375
106 53 0.14235301655032112
112 76 0.15029398666613905
112 62 0.24425985020305474
112 89 0.17372123467348366
112 88 0.2421492023979894
112 63 0.17802954689429001
112 77 0.12289898569635707
112 49 0.14096686004120368
112 61 0.13764813748810498
112 75 0.1364627116143728
112 74 0.13935093426058304
112 60 0.13938146259728168
112 48 0.14467379009043535
112 64 0.16656066953860127
112 70 0.2564581879741102
112 58 0.6251897046596521
112 59 0.1563243827015467
112 71 0.1396601895295354
112 65 0.14848106879652556
112 73 0.1261096851210674
112 67 0.2176198857845487
112 66 0.20293521468995404
112 72 0.12656398617540354
112 57 0.3652212657253537
112 94 0.2195530499634217
112 80 0.1443579750884465
112 81 0.2404019533039942
112 95 0.15936352292860034
112 56 0.2774417988408814
112 68 0.35622928582355057
112 54 0.1562292747369495
112 83 0.1704210843805153
112 82 0.13509023127559275
112 55 0.3573468444571284
112 69 0.2896504306757346
112 51 0.13044918357708102
112 79 0.1555541045191347
112 86 0.15178453963182512
112 92 0.2316096683830789
112 93 0.21796892510449695
112 87 0.22363273572350545
112 78 0.23675618714320024
112 50 0.14331673019204128
112 52 0.13946084537957598
112 46 0.18425944764829222
112 91 0.2300114359511118
112 85 0.2034670094750505
112 84 0.10156091417365859
112 90 0.20817326192046254
112 47 0.18169958700034833
112 53 0.13638541124026965
113 76 0.14684078454671623
113 62 0.27542649167641536
113 89 0.22913792330672716
113 88 0.5031043273817588
113 63 0.17427670339452803
113 77 0.20527380727405786
113 49 0.17752194412080247
113 61 0.16338141141192
113 75 0.1413225630528244
113 74 0.09152097278595098
113 60 0.1268803280926778
113 48 0.15268914784564877
113 64 0.1737383325148083
113 70 0.43237431079242084
113 58 0.49885736585864815
113 59 0.14992788122649442
113 71 0.17722084332253402
113 65 0.1421280937777683
113 73 0.15186041469257178
113 67 0.43343496864472775
113 66 0.3775401201488293
113 72 0.16349735774304863
113 57 0.3973709902129685
113 94 0.6132917662442556
113 80 0.17722029425680774
113 81 0.3874510785573775
113 95 0.24858820936637233
113 56 0.4596787293983666
113 68 0.6649628129652213
113 54 0.20442331383578333
113 83 0.31252589780767664
113 82 0.23997124933566377
113 55 0.29641187814199427
113 69 0.4865247526941127
113 51 0.12570349149121862
113 79 0.2499017690339952
113 86 0.11608659433101408
113 92 0.6084586369647151
113 93 0.5494545769365171
113 87 0.3974871595738677
113 78 0.4554030616114174
113 50 0.1927064435280028
113 52 0.1426952292954711
113 46 0.4120499688497915
113 91 0.4805902944182129
113 85 0.5090069680482914
113 84 0.20375455146114294
113 90 0.5152563979812964
113 47 0.1904039956554609
113 53 0.14065640416443878
107 76 0.1210448368574902
107 62 0.18101824435781202
107 89 0.11621914610401496
107 88 0.22366895800313946
107 63 0.12253001687729767
107 77 0.0729497676029591
107 49 0.1277176651821656
107 61 0.10021939577261624
107 75 0.08536690324431223
107 74 0.07217825562554694
107 60 0.12336368314738631
107 48 0.10727607519943486
107 64 0.12202872788842406
107 70 0.13768117762825122
107 58 0.07694479747099703
107 59 0.11744715400179191
107 71 0.11167278906835043
107 65 0.10053269738365722
107 73 0.11013345071883601
107 67 0.20932128126234742
107 66 0.2639545224126481
107 72 0.06105715422102034
107 57 0.19723926652067017
107 94 0.14362372764997752
107 80 0.11612733396630132
107 81 0.1284750493577247
107 95 0.1301039775255869
107 56 0.6497360246117263
107 68 0.5251320154374639
107 54 0.10210580014140441
107 83 0.1465927130607388
107 82 0.09711621858112016
107 55 0.154689987538559
107 69 0.14616979203963654
107 51 0.06915258327226342
107 79 0.12145760924707076
107 86 0.11250058850233907
107 92 0.15894177873979543
107 93 0.1685523457211553
107 87 0.17346508061579669
107 78 0.12423742524081967
107 50 0.11892027087863928
107 52 0.0736840239311512
107 46 0.13970458800601465
107 91 0.1139065501492093
107 85 0.1368526610194999
107 84 0.09884252945799296
107 90 0.13670861921383393
107 47 0.07005662609333127
107 53 0.06978240384943346
139 76 0.22313202565007736
139 62 0.13032792312201477
139 89 0.16377606769791336
139 88 0.3159076647501881
139 63 0.1465607109027499
139 77 0.1160264669824849
139 49 0.1400164803401352
139 61 0.19652388996179831
139 75 0.11037235644239235
139 74 0.18005538860959197
139 60 0.13324928218464713
139 48 0.12187777343674171
139 64 0.13728949100095547
139 70 0.25923649574387336
139 58 0.11935413735591148
139 59 0.19115695537189722
139 71 0.14243969831651138
139 65 0.1261377632407485
139 73 0.10838016092595631
139 67 0.2407577209736036
139 66 0.39144247637771357
139 72 0.12200383666827405
139 57 0.3076941217071933
139 94 0.38698947067691836
139 80 0.14303916057205945
139 81 0.21370665822343304
139 95 0.12033836709617785
139 56 0.19570266988357848
139 68 0.3542583306929543
139 54 0.1714497518252298
139 83 0.13451372999237593
139 82 0.17068200027841504
139 55 0.16473050245277704
139 69 0.23181053373517718
139 51 0.13117308600509214
139 79 0.17880152482707654
139 86 0.1486047773933558
139 92 0.3951806037521983
139 93 0.3610421556832616
139 87 0.285946483537498
139 78 0.23577617224483813
139 50 0.1530362022649658
139 52 0.1700280805686143
139 46 0.2173389201744929
139 91 0.33458523521954986
139 85 0.35230816029065004
139 84 0.11578650173377197
139 90 0.3502695005971316
139 47 0.14552739996807462
139 53 0.11744088340705564
111 76 0.1989905206813969
111 62 0.32366493149641257
111 89 0.27954423982119025
111 88 0.40827295015098486
111 63 0.22482436754534793
111 77 0.15326830655994467
111 49 0.1743245818783517
111 61 0.1709775361874874
111 75 0.18350977387776302
111 74 0.19946913156661078
111 60 0.1817633779293142
111 48 0.17692502415550115
111 64 0.22423243135023843
111 70 0.4742041572616149
111 58 0.6306910460202964
111 59 0.1999253246005815
111 71 0.17369007865048913
111 65 0.18228818906849048
111 73 0.18105909283841667
111 67 0.4636743754752506
111 66 0.37818654822469483
111 72 0.15487063151280098
111 57 0.49033876974931223
111 94 0.4988251548722496
111 80 0.17843865197380324
111 81 0.3380860226981689
111 95 0.24221503996225707
111 56 0.37442520919741346
111 68 0.6991654877568978
111 54 0.21805307597141124
111 83 0.20516106132324125
111 82 0.2001487367882746
111 55 0.41950151578434686
111 69 0.5880857384166371
111 51 0.17277633461670128
111 79 0.22109364388236646
111 86 0.13428638520965203
111 92 0.5138094873843082
111 93 0.46577282941219966
111 87 0.400203318329982
111 78 0.5758199719670839
111 50 0.23815523090203972
111 52 0.1802356820770664
111 46 0.25140099183865505
111 91 0.489896292470091
111 85 0.4161195909308294
111 84 0.16162555061450845
111 90 0.4331504547775844
111 47 0.22760293789502595
111 53 0.16759249688660663
105 76 0.14409823454236773
105 62 0.16058917692653657
105 89 0.1372068736338518
105 88 0.21089463680334627
105 63 0.12303114721827675
105 77 0.11463228354428132
105 49 0.250446413544894
105 61 0.14418230886548278
105 75 0.12376724950004848
105 74 0.16039290138054435
105 60 0.14721384849581362
105 48 0.1959176776133969
105 64 0.15084056973129378
105 70 0.18458003165340137
105 58 0.14453876377307429
105 59 0.15080719299784867
105 71 0.4094912649894411
105 65 0.13683661915351408
105 73 0.1272789662198292
105 67 0.31753098737801444
105 66 0.2595961449436574
105 72 0.13794655276566564
105 57 0.4366982926934335
105 94 0.21129247573659235
105 80 0.427298683219563
105 81 0.1839419465901439
105 95 0.17019148465653836
105 56 0.4161877635105201
105 68 0.4877232842908775
105 54 0.15864169464855643
105 83 0.2545339680474978
105 82 0.1601967796741076
105 55 0.16318535090662928
105 69 0.25093060829259806
105 51 0.19829772783958785
105 79 0.16818644697809443
105 86 0.2684830765452991
105 92 0.21113531561939464
105 93 0.1994682011554045
105 87 0.23185238551064957
105 78 0.24885624190562983
105 50 0.2358424555788224
105 52 0.12540502236732215
105 46 0.1678771166591625
105 91 0.18294353610731126
105 85 0.22241161166844836
105 84 0.13950132664398163
105 90 0.21098105635906023
105 47 0.17181934522563852
105 53 0.12498869594759979
104 76 0.13698074536183852
104 62 0.2242812646081373
104 89 0.10564129503399122
104 88 0.18631729687957166
104 63 0.16097389891786096
104 77 0.09505601100480696
104 49 0.1504362464923582
104 61 0.12075108213960585
104 75 0.12604816004234337
104 74 0.12158241156601071
104 60 0.11903763575522582
104 48 0.13921350278483258
104 64 0.12717816924812514
104 70 0.3133012824381208
104 58 0.8856198594926632
104 59 0.1344900647821454
104 71 0.15739178819147692
104 65 0.09765152132126995
104 73 0.12713837490784394
104 67 0.18785975997970644
104 66 0.17550267762084615
104 72 0.17053787456665723
104 57 0.33738534521958985
104 94 0.19318726665309283
104 80 0.1549822341019086
104 81 0.256514399503006
104 95 0.16422281184214094
104 56 0.13949656978516328
104 68 0.3321615780965904
104 54 0.13687016625393422
104 83 0.11738727789226004
104 82 0.08911006118636108
104 55 0.2228698388756286
104 69 0.31452254062616125
104 51 0.0991891663237836
104 79 0.12162189133875387
104 86 0.1081185428696165
104 92 0.19269211225897814
104 93 0.18790560957064903
104 87 0.1750896766999817
104 78 0.20704494159504425
104 50 0.1369216288474578
104 52 0.10596857491398909
104 46 0.12327865966406606
104 91 0.1498307854656083
104 85 0.1813030074414429
104 84 0.1325969677516443
104 90 0.18200046371039877
104 47 0.20002617328097322
104 53 0.14329758806289278
110 76 0.028587171526620714
110 62 0.29910538626411104
110 89 0.28871058615440004
110 88 0.4910261519722196
110 63 0.09971307805855323
110 77 0.3754643699171392
110 49 0.1261621872745134
110 61 0.1266621405458384
110 75 0.13412885988052392
110 74 0.14532189419567254
110 60 0.18045534695279686
110 48 0.17621759816880317
110 64 0.14069025055723883
110 70 0.2744279266181519
110 58 0.46877137852079354
110 59 0.11734230441418746
110 71 0.2859261768513362
110 65 0.14908681565002832
110 73 0.12278242875984025
110 67 0.2661396362170362
110 66 0.22760582546256802
110 72 0.26887364650094875
110 57 0.33533904895942
110 94 0.3372932527579456
110 80 0.2917266202540967
110 81 0.4496869222301192
110 95 0.17605973294997984
110 56 0.2784064037250752
110 68 0.4895011036798857
110 54 0.19300468212947175
110 83 0.09710175006202634
110 82 0.35089442524090797
110 55 0.1932799833851978
110 69 0.4609465429455854
110 51 0.15020024161574608
110 79 0.2674978081302795
110 86 0.07849953942520754
110 92 0.3680629125780216
110 93 0.4750361679423659
110 87 0.2872167912317291
110 78 0.3723556375910705
110 50 0.1040393874385914
110 52 0.10453383081644538
110 46 0.2723600186326025
110 91 0.3539629256002953
110 85 0.3559939747950075
110 84 0.09830161040468094
110 90 0.3534266123362257
110 47 0.14674119428777388
110 53 0.1337059551796841
138 76 0.16193131268333408
138 62 0.2463195802926
138 89 0.18849726989651508
138 88 0.35837067863568484
138 63 0.15096582135225564
138 77 0.21987125013729425
138 49 0.17096844831525815
138 61 0.16944266528515095
138 75 0.1322750749818741
138 74 0.17108240564151606
138 60 0.1526568801372979
138 48 0.19434623791947148
138 64 0.16438494470951803
138 70 0.344195387731873
138 58 0.29920910057309236
138 59 0.15334410848696536
138 71 0.16484986818211567
138 65 0.15252965682645125
138 73 0.13965156777598087
138 67 0.33969062560356544
138 66 0.4289006383272985
138 72 0.26045083485855114
138 57 0.41669223953380063
138 94 0.42766514166291525
138 80 0.16937601565086774
138 81 0.3316388312088049
138 95 0.17378629143675187
138 56 0.2882165544235445
138 68 0.5687092881825686
138 54 0.18129652065910473
138 83 0.16797071694040533
138 82 0.2801110121504285
138 55 0.1404249398441035
138 69 0.3226936729315778
138 51 0.11793084951905092
138 79 0.13838103901237916
138 86 0.1723780482132411
138 92 0.4224749984323207
138 93 0.40016440344624704
138 87 0.31387853752925127
138 78 0.34604501930612885
138 50 0.10046403556943487
138 52 0.11141656614012652
138 46 0.24739198621124966
138 91 0.3875593104124996
138 85 0.341159113907584
138 84 0.1855329986943168
138 90 0.35286824191487315
138 47 0.25454838602824703
138 53 0.23460975087025132
140 76 0.2482168110182338
140 62 0.16537767643997925
140 89 0.14769877458896125
140 88 0.19395002106559522
140 63 0.17863010984823363
140 77 0.12947495584549001
140 49 0.2025417496225413
140 61 0.1311301812069137
140 75 0.12571971100385299
140 74 0.09030581592815534
140 60 0.0824178837500471
140 48 0.15251453586037805
140 64 0.1312772664197207
140 70 0.30996207054366065
140 58 0.1431989845864131
140 59 0.19295451376245293
140 71 0.1347462284678737
140 65 0.09452017529001341
140 73 0.15117607865775304
140 67 0.25618910656697047
140 66 0.34461512984415366
140 72 0.07789467515072993
140 57 0.3050047834830008
140 94 0.30383340754549365
140 80 0.13508097769327612
140 81 0.2602120617274781
140 95 0.16644638478609877
140 56 0.16332154594427312
140 68 0.35722104115793485
140 54 0.15122442881769593
140 83 0.133338477328446
140 82 0.21720329365029134
140 55 0.17488258401783163
140 69 0.33602983886728394
140 51 0.11394249373732346
140 79 0.13199773905071646
140 86 0.06833618227973312
140 92 0.308474208769912
140 93 0.27086094889382517
140 87 0.2554094160330782
140 78 0.37186354196812077
140 50 0.20454510862711683
140 52 0.060772653719564584
140 46 0.12232097259114381
140 91 0.28396268903691935
140 85 0.25129855671194773
140 84 0.15731693967437277
140 90 0.26004681235244215
140 47 0.16192811762836515
140 53 0.14365893929767792
135 76 0.21993775454762876
135 62 0.3817855429625403
135 89 0.17313493617843853
135 88 0.3165377828595629
135 63 0.20559282710363017
135 77 0.33347359915459596
135 49 0.4132580820357311
135 61 0.1450385412791096
135 75 0.43306870733842195
135 74 0.2968351647062152
135 60 0.11967725703088573
135 48 0.4414248749217118
135 64 0.16507553635047403
135 70 0.2820239185469799
135 58 0.21106381725181728
135 59 0.11632515762567837
135 71 0.3143355866912366
135 65 0.11634689693709309
135 73 0.34989560426507466
135 67 0.3931701138658589
135 66 0.23699527942432905
135 72 0.1414416278160469
135 57 0.43869275745804126
135 94 0.39777170544897955
135 80 0.33307040462279053
135 81 0.3566406313034336
135 95 0.22628248551355495
135 56 0.4281344841053782
135 68 0.5498368135515578
135 54 0.20257667783739733
135 83 0.6720298403908653
135 82 0.1123691780047209
135 55 0.22308191497352836
135 69 0.32740349013725945
135 51 0.2162620284171253
135 79 0.25829671186329595
135 86 0.19664826280955083
135 92 0.407636819535869
135 93 0.3577767609900822
135 87 0.3797851581134006
135 78 0.3899870758807194
135 50 0.23200488801902805
135 52 0.049201097939285315
135 46 0.45174607422798796
135 91 0.4181589500401645
135 85 0.37986829940552
135 84 0.2610667852722797
135 90 0.37767017164902494
135 47 0.29944837291798826
135 53 0.3753756928614268
121 76 0.16626545707078827
121 62 0.25627024917539654
121 89 0.23425113289702912
121 88 0.43491651289023087
121 63 0.24657436304513103
121 77 0.18420449825674318
121 49 0.21159246351399277
121 61 0.13468068375880848
121 75 0.10764676625299963
121 74 0.17056088400999458
121 60 0.14883627131864885
121 48 0.20330080564249717
121 64 0.1971666594582815
121 70 0.23419574388888953
121 58 0.14721923631897996
121 59 0.12901461994014363
121 71 0.42801960908356806
121 65 0.17136182195872807
121 73 0.10317199965320425
121 67 0.48103103717106815
121 66 0.2775025609657683
121 72 0.14328132751097794
121 57 0.5303946321257593
121 94 0.6633093442515128
121 80 0.46221396596429287
121 81 0.28485393331684167
121 95 0.17340494016399438
121 56 0.3244155183732993
121 68 0.5211574285993408
121 54 0.2091709771481953
121 83 0.4191872904329671
121 82 0.1882823704325069
121 55 0.2914696382671199
121 69 0.4815716949498411
121 51 0.19964154098386183
121 79 0.1910121722203184
121 86 0.22923695195034158
121 92 0.5284223060737114
121 93 0.4357904326974801
121 87 0.3584674615622815
121 78 0.5861299248183709
121 50 0.2215619570056875
121 52 0.09843504707063502
121 46 0.2786165091789283
121 91 0.464736640995687
121 85 0.3966010849447745
121 84 0.10984999122594313
121 90 0.4171334710838937
121 47 0.28441731052374
121 53 0.12199685847111871
109 76 0.16816540324816912
109 62 0.24422436510374257
109 89 0.10638145888467013
109 88 0.2411493189397725
109 63 0.20192613059943562
109 77 0.22711002696654228
109 49 0.19614031968657303
109 61 0.15084875952725607
109 75 0.11978035682450988
109 74 0.22640582680650034
109 60 0.09653273404510523
109 48 0.14041949067710568
109 64 0.17572831250754556
109 70 0.37534760498784675
109 58 0.5423364015100691
109 59 0.10202159330010188
109 71 0.11482449045525661
109 65 0.14870081154259185
109 73 0.0795374137284949
109 67 0.2943763314291754
109 66 0.21995630853260456
109 72 0.22843966302337385
109 57 0.40949805772242287
109 94 0.3949076096712031
109 80 0.11400186177152091
109 81 0.4303988757671634
109 95 0.188619109698554
109 56 0.13961978842547454
109 68 0.48507920585519226
109 54 0.12760874821703977
109 83 0.12695471425070343
109 82 0.13457870885713313
109 55 0.1899611159961602
109 69 0.41739365919515625
109 51 0.06467721442550292
109 79 0.1499824668164429
109 86 0.12336137136815611
109 92 0.38003296176391455
109 93 0.35025974674622873
109 87 0.2915148704883389
109 78 0.4626544653743897
109 50 0.20312109615885532
109 52 0.12557603053355276
109 46 0.2782318925332245
109 91 0.37082191958936905
109 85 0.35921248028480957
109 84 0.7222512493633222
109 90 0.3669697667359817
109 47 0.09227058910366726
109 53 0.10211956315973786
108 76 0.2183187055954339
108 62 0.344136723750941
108 89 0.2489031230639768
108 88 0.4652622747171001
108 63 0.2710953941118037
108 77 0.21337507205249218
108 49 0.1706507342006775
108 61 0.19618642776748785
108 75 0.19771859119088273
108 74 0.22688112434587632
108 60 0.18211867614441046
108 48 0.18390584255665068
108 64 0.22774146782775312
108 70 0.41577470958023943
108 58 0.7627486956165027
108 59 0.17058504459702778
108 71 0.19676675660163873
108 65 0.18150195030060054
108 73 0.1947246824916191
108 67 0.41256395509342986
108 66 0.3958576657774467
108 72 0.21129015798525447
108 57 0.5451064488230519
108 94 0.5348498206893211
108 80 0.2048316002674188
108 81 0.4353373510906328
108 95 0.24364635619478395
108 56 0.40119207380108196
108 68 0.7373457257390712
108 54 0.27534943473801743
108 83 0.1931360318863097
108 82 0.24291117428777254
108 55 0.35973714063265444
108 69 0.5027565192758301
108 51 0.18415636207026181
108 79 0.3119445858344192
108 86 0.1388124560923271
108 92 0.5378272139576372
108 93 0.4823093479695237
108 87 0.4225203558145255
108 78 0.4480160265204667
108 50 0.2311936277097922
108 52 0.16209878924009535
108 46 0.2942683908076594
108 91 0.49981810459219556
108 85 0.43381517857925594
108 84 0.18209415498678028
108 90 0.4405550895529493
108 47 0.2205502625098358
108 53 0.17203019137982123
120 76 0.09895002745715084
120 62 0.19026259433849657
120 89 0.1553992583984109
120 88 0.2817662499479866
120 63 0.08105815096603397
120 77 0.3618034087475603
120 49 0.09336944707570344
120 61 0.07205896906987291
120 75 0.16351444691571426
120 74 0.10729237970076977
120 60 0.10311385235905826
120 48 0.11849786874127805
120 64 0.13906319502721354
120 70 0.18785219325472932
120 58 0.11715296236981783
120 59 0.15050880003172334
120 71 0.15086538684606166
120 65 0.07033234583543374
120 73 0.11084499894121308
120 67 0.263605687857878
120 66 0.26134901284739154
120 72 0.12077138089055862
120 57 0.17091729019521418
120 94 0.3342263449086459
120 80 0.15208980944157785
120 81 0.19489347943275473
120 95 0.09706369398432144
120 56 0.19356539887274546
120 68 0.2762511498586671
120 54 0.1433776321158739
120 83 0.1308949312562196
120 82 0.1318366862308108
120 55 0.3685250721253348
120 69 0.20357539042497821
120 51 0.17602972575852172
120 79 0.12910058292653176
120 86 0.11700365742737764
120 92 0.317016928593427
120 93 0.297705300509504
120 87 0.2557417643876988
120 78 0.25003316316943713
120 50 0.1652812111135536
120 52 0.06465148589371103
120 46 0.14684601535694808
120 91 0.28285599317449495
120 85 0.26638895760437464
120 84 0.15255559548838504
120 90 0.264781174265787
120 47 0.16730535712126354
120 53 0.5231353454787462
134 76 0.25179835655283334
134 62 0.1916948158667889
134 89 0.11966928471311333
134 88 0.21782740034835135
134 63 0.12813305997333296
134 77 0.12438633362366981
134 49 0.37836042995645797
134 61 0.1060775509433127
134 75 0.4689088108540458
134 74 0.21261108961588876
134 60 0.15448660193019287
134 48 0.38271468843275336
134 64 0.17978045353338662
134 70 0.2255823132673663
134 58 0.19236686582605433
134 59 0.11014526419811757
134 71 0.4907006932739341
134 65 0.07311115527644368
134 73 0.37951413332242223
134 67 0.3580289657215968
134 66 0.1936174539764886
134 72 0.16387613491993894
134 57 0.44250941449827674
134 94 0.2926943770989946
134 80 0.5220756242469873
134 81 0.04888466027116614
134 95 0.21948778777215572
134 56 0.1219590111567737
134 68 0.41861526754664913
134 54 0.19510968252331057
134 83 0.4114299284792289
134 82 0.07737512413812764
134 55 0.30523679509752794
134 69 0.21858956524996026
134 51 0.2146028282679723
134 79 0.07096028873357718
134 86 0.21423939617110999
134 92 0.19107562847558263
134 93 0.20576813072611339
134 87 0.1859016689221718
134 78 0.19809946452104285
134 50 0.2037798600760822
134 52 0.6593916609760634
134 46 0.22951701178714284
134 91 0.12922089137584267
134 85 0.17575243348808683
134 84 0.17084496134985744
134 90 0.15605098714295168
134 47 0.3872154469904522
134 53 0.5803652310525382
122 76 0.15992211382997612
122 62 0.09202611556936674
122 89 0.20185402246521492
122 88 0.20681364211691988
122 63 0.23466320610116914
122 77 0.17679174777582068
122 49 0.3442608436681732
122 61 0.11854241654809211
122 75 0.10459263321473986
122 74 0.2158947938688731
122 60 0.11126381793054199
122 48 0.19228042327479325
122 64 0.1412594490707389
122 70 0.271106132551395
122 58 0.19343124327095873
122 59 0.1390338846970146
122 71 0.660033581573853
122 65 0.0944178209431841
122 73 0.08532712828707992
122 67 0.5653054156651933
122 66 0.3005707218299585
122 72 0.10912309467531547
122 57 0.6058933099379067
122 94 0.38938123148173104
122 80 0.6992342407119179
122 81 0.22884114191677807
122 95 0.09853353200559656
122 56 0.17355212935258946
122 68 0.5788300918093956
122 54 0.14577521987937603
122 83 0.40745057298557785
122 82 0.14771471411714399
122 55 0.14766618311512736
122 69 0.35494090218121743
122 51 0.25892680807872215
122 79 0.14696460499653602
122 86 0.37831934999810857
122 92 0.42418802165869357
122 93 0.3897417272577406
122 87 0.29425261364113287
122 78 0.39707807760928837
122 50 0.3756217858247657
122 52 0.13893396390431745
122 46 0.2094539985260213
122 91 0.3764807627840015
122 85 0.6558870445604527
122 84 0.19215845694407951
122 90 0.6136150530903094
122 47 0.13438208878261504
122 53 0.1397754877380992
136 76 0.04143028456821021
136 62 0.1760640481959274
136 89 0.18100999347972535
136 88 0.22171991192229865
136 63 0.20388191160733377
136 77 0.3630173253229714
136 49 0.3061144103526823
136 61 0.13543556181389976
136 75 0.08154435016130301
136 74 0.08147453600527158
136 60 0.13134019822981297
136 48 0.2837662701782362
136 64 0.09685682625947764
136 70 0.1966720200842682
136 58 0.07186761035677786
136 59 0.18842840490916385
136 71 0.09091495037231859
136 65 0.13491274920263993
136 73 0.1419721988455639
136 67 0.21642980760458624
136 66 0.1574613768037763
136 72 0.16738219026429493
136 57 0.22697006829159985
136 94 0.27153706917741977
136 80 0.09715023156699734
136 81 0.5700795439506074
136 95 0.1244452821793371
136 56 0.3985782607795311
136 68 0.37123386098284245
136 54 0.14708743729305307
136 83 0.09071131831671406
136 82 0.15717693633859725
136 55 0.18404345720734136
136 69 0.16517578942802175
136 51 0.14793991283725494
136 79 0.742870520322076
136 86 0.13539028854539903
136 92 0.25977224690149997
136 93 0.23475747593873542
136 87 0.21173939492980237
136 78 0.2437271101532782
136 50 0.17306963889874838
136 52 0.10239287208750003
136 46 0.2667586480616229
136 91 0.28449680988482967
136 85 0.21355180983445932
136 84 0.0647853884664863
136 90 0.23804761687493783
136 47 0.3219022548676081
136 53 0.060047512936351743
137 76 0.21201456072759764
137 62 0.21354201541412024
137 89 0.20612269800675934
137 88 0.3743918835493183
137 63 0.17853104182635882
137 77 0.19561109097352458
137 49 0.16148556425754396
137 61 0.1880300556351262
137 75 0.17314599005228187
137 74 0.18424186082990007
137 60 0.15759115544333346
137 48 0.15969834601943544
137 64 0.1898942134016102
137 70 0.29275635922228266
137 58 0.17589386287431363
137 59 0.20649328705317144
137 71 0.16760925259709064
137 65 0.1576555833609958
137 73 0.19367638473963059
137 67 0.3286494146845431
137 66 0.44824619762702067
137 72 0.18135668076608127
137 57 0.3361920280823328
137 94 0.4252628187029801
137 80 0.17105377973051555
137 81 0.2634271316906539
137 95 0.20875649175253216
137 56 0.2874840611157898
137 68 0.49860757261920735
137 54 0.21028808427206225
137 83 0.18712628778615648
137 82 0.22874107406902594
137 55 0.2045984845927909
137 69 0.3360308374345731
137 51 0.20336650581442248
137 79 0.2988342501901654
137 86 0.14170482886700617
137 92 0.43969500333581957
137 93 0.3880086295466841
137 87 0.32084141790837944
137 78 0.3711185892138946
137 50 0.2340488632713299
137 52 0.19809276955226038
137 46 0.23962298035271665
137 91 0.38173878936382166
137 85 0.3904918644318106
137 84 0.17543675579356882
137 90 0.3888753659757034
137 47 0.1876445505074299
137 53 0.17856893106260066
123 76 0.16319414965937024
123 62 0.20001413517894245
123 89 0.12116647845531581
123 88 0.37507169278816677
123 63 0.08690643952720892
123 77 0.09564069290371152
123 49 0.27390669072437374
123 61 0.1285385300955212
123 75 0.10574876229453287
123 74 0.13337532029794252
123 60 0.1416208899784659
123 48 0.1823081624665483
123 64 0.15915942654748721
123 70 0.22359155047920878
123 58 0.13216386580069184
123 59 0.11819384909892476
123 71 0.4347237407621565
123 65 0.14132046015987043
123 73 0.09999450654184222
123 67 0.3879186482205974
123 66 0.23119974230839352
123 72 0.12424660370123185
123 57 0.5601267355603963
123 94 0.7674886592704968
123 80 0.4679095359739892
123 81 0.1907973537013912
123 95 0.21743727493866574
123 56 0.28771231470276076
123 68 0.477165206274775
123 54 0.16690159328197712
123 83 0.3278083730125704
123 82 0.16143206053774006
123 55 0.1522196665546094
123 69 0.3110994367349509
123 51 0.1932517396870211
123 79 0.18873542652239855
123 86 0.30154894290263434
123 92 0.4568758754865739
123 93 0.37949925391520223
123 87 0.28855202002872943
123 78 0.4001167947894063
123 50 0.2789959697736587
123 52 0.1438521307604429
123 46 0.18252865811010574
123 91 0.19766686591608468
123 85 0.23545396836302857
123 84 0.08805434042195245
123 90 0.2653393387338584
123 47 0.19333560465246843
123 53 0.1054727497400196
127 76 0.301279376316072
127 62 0.22444213829809262
127 89 0.2453731360711759
127 88 0.4583621681920627
127 63 0.22493684154725685
127 77 0.18393478701739951
127 49 0.3891902414826197
127 61 0.1680655235792855
127 75 0.12939029983572486
127 74 0.17004163249224585
127 60 0.18244530580505217
127 48 0.26784522107184866
127 64 0.17643061139799365
127 70 0.376363134472552
127 58 0.11964375751047089
127 59 0.24194578718083676
127 71 0.5118379237209019
127 65 0.13782424969500304
127 73 0.12949874615425638
127 67 0.5375812885306726
127 66 0.3919917334241392
127 72 0.22737104807082778
127 57 0.5743475808980884
127 94 0.5451982056820779
127 80 0.5323043218352568
127 81 0.4368189400582331
127 95 0.2506676181790725
127 56 0.4856465683988031
127 68 0.8331352833202949
127 54 0.2445237217600873
127 83 0.18527366722724872
127 82 0.12846778756728935
127 55 0.2563170486218238
127 69 0.4349756848697118
127 51 0.3672947963710357
127 79 0.37920200249127023
127 86 0.35825144134619047
127 92 0.5493823306904491
127 93 0.49971832229942087
127 87 0.6049668479449539
127 78 0.42622843395690646
127 50 0.5031534192439857
127 52 0.1577510402483307
127 46 0.35293813784921
127 91 0.45276776384193507
127 85 0.5303050550885093
127 84 0.1668765605246555
127 90 0.5173915592682621
127 47 0.2761634730763609
127 53 0.1680938453592392
133 76 0.11429085943299791
133 62 0.40072224958355707
133 89 0.1242673164003985
133 88 0.24233149864259265
133 63 0.1784595131818658
133 77 0.37651756115269597
133 49 0.4998261660951709
133 61 0.1608810574117413
133 75 0.15821840894773875
133 74 0.2541267680870278
133 60 0.09943822901335686
133 48 0.36555719974350853
133 64 0.16788449547041098
133 70 0.24788543782777345
133 58 0.2815552986794214
133 59 0.14133409458832585
133 71 0.3825718447795291
133 65 0.11677763022738893
133 73 0.14442848482292997
133 67 0.34992367717566447
133 66 0.18429142920448713
133 72 0.1433432052662398
133 57 0.5127546451255416
133 94 0.2855834956583661
133 80 0.4056042536735016
133 81 0.3300422558898848
133 95 0.20845531308552412
133 56 0.23107040491763306
133 68 0.42690730309947966
133 54 0.22031812654916672
133 83 0.18525129244072808
133 82 0.32114981645912843
133 55 0.13159651963069857
133 69 0.20884134506112584
133 51 0.14307595422075997
133 79 0.4433312656379379
133 86 0.18453174735389477
133 92 0.28235584856193274
133 93 0.28268752256439184
133 87 0.1924390765034128
133 78 0.25969927899556083
133 50 0.22386402486769194
133 52 0.0836026854853083
133 46 0.16741404445639646
133 91 0.30320255992004347
133 85 0.29405928861128483
133 84 0.21401949143183885
133 90 0.28008425589854224
133 47 0.41364192472770595
133 53 0.5521421139591531
132 76 0.20083414216073212
132 62 0.2367598803808519
132 89 0.29496644991987725
132 88 0.623334365346901
132 63 0.20545300000292643
132 77 0.19708077748682257
132 49 0.1564164915752942
132 61 0.1837507870559566
132 75 0.14995411802079958
132 74 0.2415102592486827
132 60 0.17896164573847467
132 48 0.16298428404650675
132 64 0.182015086472267
132 70 0.43956789960109044
132 58 0.20386924370057002
132 59 0.14526788400397644
132 71 0.18487907106439141
132 65 0.16766305713892904
132 73 0.10358206203880721
132 67 0.4810195220141273
132 66 0.4056600998432439
132 72 0.20956829099694346
132 57 0.4167773047823681
132 94 0.7747060171821845
132 80 0.1875217696848403
132 81 0.37435256670586425
132 95 0.19655123245549508
132 56 0.5338674434149127
132 68 0.7610246366023026
132 54 0.23211014554122794
132 83 0.3443113972144346
132 82 0.09347847446154167
132 55 0.28809454464694506
132 69 0.45664713844106963
132 51 0.1273807452565368
132 79 0.2282051028457332
132 86 0.2429055823913023
132 92 0.7897218243698326
132 93 0.7230775774822442
132 87 0.5525891761915105
132 78 0.45775580389119747
132 50 0.18336394209722073
132 52 0.14852063640921292
132 46 0.5124382430708938
132 91 0.6700018773989007
132 85 0.6762160458964638
132 84 0.1759518095550714
132 90 0.6869710116302898
132 47 0.21937510879629077
132 53 0.11746426745194709
126 76 0.14968466777249684
126 62 0.16253029058552815
126 89 0.22416116549087878
126 88 0.32307253869028874
126 63 0.19164079777617646
126 77 0.20077852574747984
126 49 0.26114154892078195
126 61 0.12007288309668314
126 75 0.1299180156729611
126 74 0.1736340050979679
126 60 0.12654610950484763
126 48 0.175505437735389
126 64 0.14150165060020842
126 70 0.2574674401959896
126 58 0.19783085005685797
126 59 0.1333560294836116
126 71 0.4458224388861759
126 65 0.12420757960328369
126 73 0.13384277197481453
126 67 0.5294379747699964
126 66 0.29920012337210394
126 72 0.13020507169652296
126 57 0.512795085348992
126 94 0.5880401750568576
126 80 0.4825387027500192
126 81 0.24847096018390474
126 95 0.08797862501528478
126 56 0.19614476924473495
126 68 0.5471091875150773
126 54 0.14384390076183734
126 83 0.4511263936325678
126 82 0.16965625460328104
126 55 0.14944367838334363
126 69 0.3633667045080414
126 51 0.20874057524116105
126 79 0.18329094174003735
126 86 0.24845134123747536
126 92 0.60886916058617
126 93 0.5506764368394649
126 87 0.3508113284281036
126 78 0.43949458878986924
126 50 0.27842096861274584
126 52 0.12483409547103692
126 46 0.21127510898374943
126 91 0.6097672771634604
126 85 0.7475639171191548
126 84 0.11100264651214192
126 90 0.7393058885571406
126 47 0.14898013752463088
126 53 0.140438574280141
118 76 0.2335614315239187
118 62 0.32911936840796696
118 89 0.16834368268674277
118 88 0.17489641608341386
118 63 0.14082113697512694
118 77 0.04197730539778041
118 49 0.4381289821127655
118 61 0.06266791427016591
118 75 0.08551921440723226
118 74 0.150362495310143
118 60 0.10424526231121278
118 48 0.2869981224225634
118 64 0.10692098952898638
118 70 0.15776389979067962
118 58 0.4087284062836566
118 59 0.3476447643640669
118 71 0.30206187519580585
118 65 0.12873521281394873
118 73 0.10139431557587025
118 67 0.2788197027258695
118 66 0.12871814002850376
118 72 0.04310592763067783
118 57 0.4477219238306247
118 94 0.17105331894486925
118 80 0.32386842200305466
118 81 0.5470893844349578
118 95 0.13730845306275535
118 56 0.43168389417360703
118 68 0.3208894736138504
118 54 0.12143775711296191
118 83 0.21027682686588256
118 82 0.1604284591258232
118 55 0.1934767590526234
118 69 0.21600507141793732
118 51 0.23740791681704848
118 79 0.3178201313179953
118 86 0.16458641269872992
118 92 0.17742043360909984
118 93 0.1731808081625891
118 87 0.31148426953611696
118 78 0.1722439781968391
118 50 0.37450942124770653
118 52 0.07930351067367541
118 46 0.28595380635357964
118 91 0.17025546241645967
118 85 0.19569159870164454
118 84 0.22218759978917924
118 90 0.18982028312072588
118 47 0.5095194431586425
118 53 0.4153676479831043
130 76 0.0984946972854519
130 62 0.174503510235214
130 89 0.1644611225672799
130 88 0.39112373923129884
130 63 0.1586930195772725
130 77 0.14422027983715374
130 49 0.15682086609800236
130 61 0.1293182719347507
130 75 0.12454155078851865
130 74 0.06373449563126968
130 60 0.10141433043477144
130 48 0.12961417909514653
130 64 0.147855817516172
130 70 0.2741987356731458
130 58 0.1016066524705243
130 59 0.1261353081741317
130 71 0.16099491836887178
130 65 0.105469987814645
130 73 0.1249013905050495
130 67 0.2909364885503488
130 66 0.28017709928011364
130 72 0.1379133616874746
130 57 0.17872605932764124
130 94 0.40742660204455805
130 80 0.1604865579795004
130 81 0.24972278199080095
130 95 0.17155178813684535
130 56 0.28765912254465903
130 68 0.38481137836108503
130 54 0.18797014559990333
130 83 0.2903011297164721
130 82 0.15454651294183142
130 55 0.1626242704713473
130 69 0.2786385300721943
130 51 0.08523437689822508
130 79 0.19643015796505647
130 86 0.08171490356659453
130 92 0.40592414387022646
130 93 0.3719185370762358
130 87 0.25309520671824737
130 78 0.26648488574398166
130 50 0.13386557895732337
130 52 0.10755420284925504
130 46 0.3705367655994445
130 91 0.30522478433850964
130 85 0.3493394343693343
130 84 0.16491285528477656
130 90 0.34336023448594427
130 47 0.16520337717998068
130 53 0.14531873917184268
124 76 0.16142952483328193
124 62 0.22586739505648085
124 89 0.12621273241761877
124 88 0.48567593040053875
124 63 0.0682949270967326
124 77 0.04798752229197567
124 49 0.23714077879083945
124 61 0.1329216608452165
124 75 0.11453350180889227
124 74 0.12164204107405205
124 60 0.13080147918114626
124 48 0.16091571066602858
124 64 0.1568813474678487
124 70 0.25395369113205274
124 58 0.19969220143786665
124 59 0.11824378390515203
124 71 0.39643638896501776
124 65 0.112375442814898
124 73 0.13575213716346843
124 67 0.4139150596284774
124 66 0.25569014804809187
124 72 0.19126562010247278
124 57 0.425047706783828
124 94 0.3841737902157173
124 80 0.42329733912621836
124 81 0.20436885414200706
124 95 0.330851212346961
124 56 0.23806189204742287
124 68 0.4890015661349858
124 54 0.1612102996449609
124 83 0.41400644916638685
124 82 0.12289250664104764
124 55 0.13602457406877858
124 69 0.36972896173970476
124 51 0.1389984226148991
124 79 0.14402943125226303
124 86 0.1636970115821414
124 92 0.46273883598971777
124 93 0.3942153245185822
124 87 0.29850365493485514
124 78 0.3956107990862868
124 50 0.2146906789717199
124 52 0.18808950316872208
124 46 0.18793512039343513
124 91 1.0
124 85 0.33330135413398154
124 84 0.07311867050871551
124 90 0.36005511895027903
124 47 0.2576442838575734
124 53 0.15677887576882232
125 76 0.1394235767920906
125 62 0.22505657561397557
125 89 0.22609239567549383
125 88 0.3795044025171347
125 63 0.19278719997936408
125 77 0.12614433827050217
125 49 0.2613923035729483
125 61 0.11720773892691884
125 75 0.13278466479848347
125 74 0.1411257499012788
125 60 0.1309125382278029
125 48 0.1775717240407495
125 64 0.13392277758117146
125 70 0.2866339728324046
125 58 0.14538619186947052
125 59 0.1258773348507786
125 71 0.42006562186738466
125 65 0.12219197188710175
125 73 0.1510251267840521
125 67 0.541176000196047
125 66 0.3001150153512503
125 72 0.08465760214613485
125 57 0.5004721701673969
125 94 0.39828703606104254
125 80 0.45532195961018274
125 81 0.2566672364223274
125 95 0.12965882765334785
125 56 0.43024993899398534
125 68 0.6932919808912745
125 54 0.1422872817051647
125 83 0.45665288143108484
125 82 0.1502088252996791
125 55 0.1954198817690485
125 69 0.3752001696286599
125 51 0.1811124980795687
125 79 0.16829712088222515
125 86 0.2455379920848441
125 92 0.40478834573787603
125 93 0.34992089757651373
125 87 0.35331000802732276
125 78 0.4286262421807944
125 50 0.26688522254214087
125 52 0.013135938771089956
125 46 0.1837526927301288
125 91 0.4868009356121846
125 85 0.4449591543719169
125 84 0.15027603263698125
125 90 0.43844661738922763
125 47 0.1418425357841126
125 53 0.10733087204143327
131 76 0.1731362703213842
131 62 0.2695305811049861
131 89 0.28994827664588013
131 88 0.6925277751109586
131 63 0.18868671267534548
131 77 0.08796522382781183
131 49 0.11422739076368055
131 61 0.11230486190482847
131 75 0.11231131620215584
131 74 0.254624900274829
131 60 0.18715058814080374
131 48 0.1900087825294301
131 64 0.16252826780247992
131 70 0.43833073420713053
131 58 0.8131705351509272
131 59 0.291994277149991
131 71 0.14686911189655177
131 65 0.1542247114060041
131 73 0.10328706065036561
131 67 0.484233015313334
131 66 0.36550908025049567
131 72 0.11850239994956
131 57 0.7013985099108476
131 94 0.6250451188287517
131 80 0.15340073108387267
131 81 0.4017109982302337
131 95 0.1337876886532989
131 56 0.29759386143324973
131 68 0.6608620298262297
131 54 0.22063913346089123
131 83 0.1409012971672229
131 82 0.10456771166516943
131 55 0.22460010494285254
131 69 0.4564406641683115
131 51 0.13920271961171415
131 79 0.18314608781094013
131 86 0.22522845207550315
131 92 0.6435123676967774
131 93 0.585533699245899
131 87 0.6369897779019
131 78 0.40458205542655334
131 50 0.07057055203650461
131 52 0.10421320886709143
131 46 0.2738227227188911
131 91 0.641718811501395
131 85 0.5667543577027596
131 84 0.11652043739885865
131 90 0.5679099602102765
131 47 0.24731541805057033
131 53 0.10655252732030435
119 76 0.07545367846242296
119 62 0.20351908908481847
119 89 0.14503961608829072
119 88 0.3248979263086066
119 63 0.12732729027674702
119 77 0.37974865794465007
119 49 0.10603890858390144
119 61 0.28235043383683134
119 75 0.1149473844383549
119 74 0.2015168746271479
119 60 0.13249793640066512
119 48 0.15800107978627345
119 64 0.12487698639822914
119 70 0.3135307725503646
119 58 0.5327568895884381
119 59 0.06537478694673726
119 71 0.18870831687266162
119 65 0.11409364467184563
119 73 0.05193943440748594
119 67 0.19116693016689795
119 66 0.15832517955396974
119 72 0.07082337720680193
119 57 0.2104242530384851
119 94 0.20406971779273683
119 80 0.18836491518919454
119 81 0.0
119 95 0.02586788066445131
119 56 0.19064943034746587
119 68 0.2734916629182193
119 54 0.11288309159207119
119 83 0.08944074580182754
119 82 0.09047437941043315
119 55 0.2437172744092581
119 69 0.17190443157712962
119 51 0.12217103297198105
119 79 0.4788728580400386
119 86 0.23977565293513445
119 92 0.22147017162436358
119 93 0.2185120454663494
119 87 0.20817637263645572
119 78 0.15305408478057347
119 50 0.031720964458247514
119 52 0.0751018720281274
119 46 0.1325255088070621
119 91 0.23131170621397473
119 85 0.22672327673319612
119 84 0.1327981080117491
119 90 0.20332177484503713
119 47 0.17702316074698976
119 53 0.09003393358214554
