114 76 0.05810001129075222
114 62 0.16620216249156877
114 89 0.08001274245418113
114 88 0.2411141355319627
114 63 0.062017475511164835
114 77 0.02338638562829755
114 49 0.02397784859821689
114 61 0.006499175084806574
114 75 0.005798724162224933
114 74 0.10747437086637233
114 60 0.0060154734632833495
114 48 0.04563392465802606
114 64 0.07219760206390557
114 70 0.2945951222100668
114 58 0.5709897574461232
114 59 0.010264470581477655
114 71 0.03737458356479753
114 65 0.00071184205447683
114 73 0.004294401813122906
114 67 0.2338413789395219
114 66 0.1788951519207121
114 72 0.01098972719149216
114 57 0.2778806431983821
114 94 0.322156194927847
114 80 0.04068836921998695
114 81 0.20401955952314382
114 95 0.044846550729395016
114 56 0.14824063495093454
114 68 0.4400346798658099
114 54 0.08779195513776505
114 83 0.027749794384872406
114 82 0.02973835175927847
114 55 0.1728610969220152
114 69 0.3228715683128732
114 51 0.012031761168391275
114 79 0.06147435673282785
114 86 0.013021177758891028
114 92 0.3373326528212407
114 93 0.2812063450232789
114 87 0.20663533203531345
114 78 0.24582054722682484
114 50 0.02307936186697028
114 52 0.009161940547883052
114 46 0.13481181795632516
114 91 0.27615267322506765
114 85 0.2831527062228057
114 84 0.026287440445366975
114 90 0.2840652959990135
114 47 0.09271907812871093
114 53 0.012294251425551225
100 76 0.014956519140493604
100 62 0.08877244927222547
100 89 0.029350078371965377
100 88 0.09755000344525233
100 63 0.14666474163371943
100 77 0.03312222469332615
100 49 0.15443114582512305
100 61 0.008429265049835766
100 75 0.007456359468776652
100 74 0.017634009747772808
100 60 0.00902835173412704
100 48 0.06925072427065311
100 64 0.10098455424886982
100 70 0.11027008115513891
100 58 0.20515867741291138
100 59 0.005131471532201476
100 71 0.3624432784906003
100 65 0.0037837887386686364
100 73 0.0054507170008244454
100 67 0.226135511862175
100 66 0.08455209368510955
100 72 0.007820646433107495
100 57 0.3040991749877978
100 94 0.1534081998670255
100 80 0.3989241324737267
100 81 0.0840705765383547
100 95 0.040797309739422985
100 56 0.11978572038955648
100 68 0.34533161712882904
100 54 0.0474471833583249
100 83 0.04869345030935977
100 82 0.02201130270827721
100 55 0.16458322656466248
100 69 0.15114751076918564
100 51 0.08069619751879592
100 79 0.030814918436562408
100 86 0.13312596063947052
100 92 0.13581054180727528
100 93 0.12555406199289568
100 87 0.08732149835806512
100 78 0.13022475431172814
100 50 0.15660785304836455
100 52 0.016976301328942928
100 46 0.1378360652992732
100 91 0.13357108823464775
100 85 0.1331451078128574
100 84 0.03077718489340517
100 90 0.13000976622325172
100 47 0.056451126554612555
100 53 0.032334215058573215
128 76 0.0297859989856889
128 62 0.051502136762622386
128 89 0.09742011432639411
128 88 0.28990360546259886
128 63 0.049041714514429235
128 77 0.05978454455832617
128 49 0.02738761273815328
128 61 0.00729583361952299
128 75 0.004733504998108429
128 74 0.030084793727152823
128 60 0.007739667499962785
128 48 0.03720131892392187
128 64 0.04964661348353906
128 70 0.21559914108172418
128 58 0.11744757730822954
128 59 0.01107499353393257
128 71 0.04296171587283654
128 65 0.0019324629733205312
128 73 0.003668844520224507
128 67 0.2624785107743893
128 66 0.21394109248257395
128 72 0.03481069081050239
128 57 0.1759578412656142
128 94 0.41398587850783086
128 80 0.04710326409176055
128 81 0.18141056956971796
128 95 0.06771085517843015
128 56 0.17638865126626166
128 68 0.5313058594015666
128 54 0.09448468485502699
128 83 0.023305640509995923
128 82 0.023980029718353474
128 55 0.09541531071941133
128 69 0.2648886801809073
128 51 0.013265011639689392
128 79 0.09274835567486062
128 86 0.0156294459654817
128 92 0.4305156579467121
128 93 0.3553611759057873
128 87 0.2607429021461153
128 78 0.25962978094501854
128 50 0.02480190827200149
128 52 0.012211135477689455
128 46 0.1371055083660013
128 91 0.3499520287911736
128 85 0.3644057610626167
128 84 0.015018090764183908
128 90 0.3641413722265934
128 47 0.08466959056295911
128 53 0.0187892639411215
129 76 0.025527665858920315
129 62 0.17431602616014474
129 89 0.13473435067670966
129 88 0.4086944725862376
129 63 0.10193847868427558
129 77 0.0365642457453559
129 49 0.050231188620947165
129 61 0.00860853843644202
129 75 0.007918868059632864
129 74 0.03679920360644122
129 60 0.007858991504388749
129 48 0.07905295681232209
129 64 0.10861479754060041
129 70 0.3975233636316603
129 58 0.6411946268656239
129 59 0.013457927660230684
129 71 0.07368119510030466
129 65 0.0015880657469026782
129 73 0.006209302521276855
129 67 0.38772684556781356
129 66 0.2977063594260804
129 72 0.0150897382149945
129 57 0.4537133616053731
129 94 0.5595548727385797
129 80 0.08073169881474068
129 81 0.30098463661719327
129 95 0.07710578639756566
129 56 0.23517601476681105
129 68 0.6759376246086897
129 54 0.16929460830602597
129 83 0.038616866933839464
129 82 0.1498019691920488
129 55 0.17655534058396566
129 69 0.46086773316308594
129 51 0.021622281458005918
129 79 0.11802613120753015
129 86 0.02684672506362837
129 92 0.5846307622976497
129 93 0.48398217364037344
129 87 0.3593772563709224
129 78 0.3786549451755473
129 50 0.04185015257394055
129 52 0.01466260044478665
129 46 0.2240425881012163
129 91 0.47596557705741893
129 85 0.4918858453572096
129 84 0.03325219039311632
129 90 0.492579108293424
129 47 0.16259577064063255
129 53 0.02275464634762471
101 76 0.010254521136723593
101 62 0.03931839521587256
101 89 0.017577339578454795
101 88 0.08008864042971785
101 63 0.01841674855879484
101 77 0.019179030762628377
101 49 0.08058328230702799
101 61 0.0049627965949613495
101 75 0.0035052042292139096
101 74 0.01052530924560069
101 60 0.004602979585478506
101 48 0.0324954811356165
101 64 0.020584270863556325
101 70 0.0685343409792364
101 58 0.12264979445329206
101 59 0.006525559450622442
101 71 0.15521328851947044
101 65 0.001917350778342014
101 73 0.0026526953965272104
101 67 0.1143914020742404
101 66 0.053235221678854
101 72 0.005076156293727374
101 57 0.14926300503447684
101 94 0.1308308390722202
101 80 0.17082518781430442
101 81 0.05035047839400615
101 95 0.020954784565108214
101 56 0.0747612847680888
101 68 0.18475530004806476
101 54 0.024289631239818782
101 83 0.023843639680301468
101 82 0.012595567983070752
101 55 0.07564214817907665
101 69 0.08872839058633132
101 51 0.03518236481825568
101 79 0.01912348425112481
101 86 0.05695683338368339
101 92 0.12659505694224682
101 93 0.11447077918762456
101 87 0.052351469854572175
101 78 0.07708668529375595
101 50 0.09322119176983387
101 52 0.011774966099482378
101 46 0.04125001622980419
101 91 0.11328999433923273
101 85 0.1105222744109005
101 84 0.03619130661700036
101 90 0.10950398251324689
101 47 0.031790641995301336
101 53 0.017800122324889048
115 76 0.03400792163343089
115 62 0.053610660363213034
115 89 0.018015074299609662
115 88 0.06179081274151137
115 63 0.022663618799678598
115 77 0.06254051361553352
115 49 0.04516078092181729
115 61 0.004591564444707402
115 75 0.005989526898352637
115 74 0.07927823565903565
115 60 0.004017824695585426
115 48 0.030717541362562314
115 64 0.0716926213330081
115 70 0.07818035366846944
115 58 0.03708609972071425
115 59 0.005026457908149068
115 71 0.037916637790140054
115 65 0.0016026355706882656
115 73 0.006726210919176051
115 67 0.07362354585795179
115 66 0.1528352764744544
115 72 0.05214867671106363
115 57 0.05419873138575777
115 94 0.15366583043927703
115 80 0.04167192317136338
115 81 0.06537761702752193
115 95 0.019895989894294766
115 56 0.18058115734558777
115 68 0.12906984053609477
115 54 0.021817501710573645
115 83 0.151071086860026
115 82 0.024015915298806437
115 55 0.12517087887048392
115 69 0.05503858810622525
115 51 0.010867979630337407
115 79 0.04265231075621918
115 86 0.014660409017315815
115 92 0.15839499525709627
115 93 0.14068526117226213
115 87 0.054685936382602385
115 78 0.059989936179562386
115 50 0.021450264382233616
115 52 0.5518390788879464
115 46 0.39888140127313976
115 91 0.1376730836436772
115 85 0.13343859879229317
115 84 0.04520087157722846
115 90 0.13359416514898434
115 47 0.18285831192205657
115 53 0.17354833173040063
103 76 0.028932168756510876
103 62 0.17805228037472068
103 89 0.04785709671683171
103 88 0.1601825306461593
103 63 0.05610258010958037
103 77 0.038120106307434204
103 49 0.04623947048267177
103 61 0.013859706962284973
103 75 0.006604116747357031
103 74 0.02516585893969507
103 60 0.008735749427170175
103 48 0.04888554474881833
103 64 0.06738144574735598
103 70 0.3079594196624361
103 58 0.9289539836118363
103 59 0.012498562148855363
103 71 0.08281430461324224
103 65 0.003889072102274377
103 73 0.0048418443206147965
103 67 0.20509303064945023
103 66 0.28892219459706076
103 72 0.012339072215121469
103 57 0.4070584762672341
103 94 0.21405958166758848
103 80 0.09092382855090927
103 81 0.2143151990117665
103 95 0.03633402696640223
103 56 0.1527619549189168
103 68 0.5126184167743256
103 54 0.0813756531377425
103 83 0.03313267308877352
103 82 0.03764206003552607
103 55 0.1432753170086002
103 69 0.3499218855288331
103 51 0.026327961214073076
103 79 0.04904944225826545
103 86 0.029998136472965467
103 92 0.2179803824740659
103 93 0.18903981658539698
103 87 0.13959720852892174
103 78 0.22180390727189891
103 50 0.04869165554323138
103 52 0.021265759224736905
103 46 0.11638404328709664
103 91 0.19553911927724713
103 85 0.1911089813013818
103 84 0.030587642216818686
103 90 0.19043463606750063
103 47 0.08944439009584448
103 53 0.03382027267021276
117 76 0.09584320048069207
117 62 0.22362759236461893
117 89 0.0369672682231017
117 88 0.1447796138094831
117 63 0.03758589274102121
117 77 0.26322374116828073
117 49 0.13337194853410722
117 61 0.04859263285721328
117 75 0.44594092692547294
117 74 0.23095135319593624
117 60 0.0014494083013164571
117 48 0.2983901901052052
117 64 0.11029274487021762
117 70 0.260593725521871
117 58 0.6431578931143842
117 59 0.007468497346008435
117 71 0.05654378743803479
117 65 0.0
117 73 0.2509786288577043
117 67 0.15457482509926773
117 66 0.09047068352541271
117 72 0.066619642671259
117 57 0.2506403099058564
117 94 0.2131352987563433
117 80 0.0592508102889588
117 81 0.2137668620859858
117 95 0.06246627386322051
117 56 0.24880182224503786
117 68 0.33578787732193394
117 54 0.05304599554864371
117 83 0.4683586081501566
117 82 0.040051967171456246
117 55 0.1664669181972143
117 69 0.2712365873425272
117 51 0.07063561567827539
117 79 0.28957268963874466
117 86 0.01257408366550819
117 92 0.22430446411020702
117 93 0.19538003702373913
117 87 0.19811746401619582
117 78 0.2494040369447998
117 50 0.02086644562195389
117 52 0.0611216025649948
117 46 0.27713028133585715
117 91 0.21678861750113262
117 85 0.20992654555371412
117 84 0.09296313400444149
117 90 0.2117763680930249
117 47 0.06769743439040773
117 53 0.04984973158327753
116 76 0.08068632567232134
116 62 0.1705164769972089
116 89 0.09696280499843915
116 88 0.28748092413032833
116 63 0.06307571050977057
116 77 0.0498715920596625
116 49 0.04029535699089426
116 61 0.056706259778867146
116 75 0.012520225238006638
116 74 0.036744255559940917
116 60 0.005947499836401693
116 48 0.054734643914837566
116 64 0.0725693317018355
116 70 0.4037155401006268
116 58 0.716007964910616
116 59 0.04393782795845627
116 71 0.04550320152219871
116 65 0.0008234061139694715
116 73 0.009497002056594109
116 67 0.28786392601859184
116 66 0.26085642574381873
116 72 0.014333702870896955
116 57 0.4074226796804834
116 94 0.3950463066385681
116 80 0.04961304868506651
116 81 0.23710863743872435
116 95 0.05760433330151668
116 56 0.2724397397837513
116 68 0.5644632829471216
116 54 0.08675090314845138
116 83 0.18117190000537783
116 82 0.17742569888394666
116 55 0.21225321367874292
116 69 0.39455811512219785
116 51 0.01537747758358822
116 79 0.0873029063403913
116 86 0.017498409254894945
116 92 0.4137119888840253
116 93 0.34442908692088203
116 87 0.25101437598868037
116 78 0.3017066168698258
116 50 0.0304570697036204
116 52 0.03514711378835966
116 46 0.27547120117800616
116 91 0.34128222567975863
116 85 0.3484769544215136
116 84 0.0693656257381866
116 90 0.3497081337464659
116 47 0.10555963306145319
116 53 0.028597355076950076
102 76 0.007348058620226916
102 62 0.09773829373072776
102 89 0.018682324844979517
102 88 0.060237217127537365
102 63 0.023615721127683814
102 77 0.007872716333006471
102 49 0.026120032480037594
102 61 0.0030976085190544678
102 75 0.0021760608323433406
102 74 0.008606075839866625
102 60 0.0006432794992259905
102 48 0.02338210844223164
102 64 0.031026918295081016
102 70 0.15474589711117606
102 58 0.5580566468385424
102 59 0.002542344770381816
102 71 0.054920103162760386
102 65 0.0
102 73 0.0014437209791989813
102 67 0.09437945324441666
102 66 0.04927405342764972
102 72 0.0031284073164795367
102 57 0.2322474708563012
102 94 0.08018559708752732
102 80 0.060390215500270225
102 81 0.10984006429390518
102 95 0.013678955780700983
102 56 0.07033710559604534
102 68 0.24649791835235468
102 54 0.03802246201701995
102 83 0.013682935755260042
102 82 0.015121607200737075
102 55 0.0627079842805193
102 69 0.17914084165974278
102 51 0.013122174948118542
102 79 0.017521026565378933
102 86 0.020126484987241552
102 92 0.07666298800390373
102 93 0.06471718427854871
102 87 0.051709567337514487
102 78 0.09703075041723451
102 50 0.026896701722869787
102 52 0.0023172728132437037
102 46 0.047571064109679845
102 91 0.06792696950453886
102 85 0.07044610003175936
102 84 0.01307643938495287
102 90 0.06454091526831458
102 47 0.03452828977114558
102 53 0.005311790065572308
106 76 0.031842305291636355
106 62 0.09943988843135156
106 89 0.026236687301094574
106 88 0.08016684580853567
106 63 0.028099589010161963
106 77 0.013316075693784513
106 49 0.016083698427378945
106 61 0.003697318739589145
106 75 0.004359838549997969
106 74 0.01231780012665172
106 60 0.000686206580371107
106 48 0.023978568734818323
106 64 0.0365188808477281
106 70 0.16963343103256395
106 58 0.5534214578946164
106 59 0.007586230093615864
106 71 0.02558974455332713
106 65 0.0
106 73 0.003099773567078773
106 67 0.1000255609971514
106 66 0.06556437906997992
106 72 0.04758059843856795
106 57 0.22160254351995123
106 94 0.0983074554394131
106 80 0.027915553186625322
106 81 0.11828483917891079
106 95 0.01595616239956689
106 56 0.086866000454564
106 68 0.2535674274993097
106 54 0.04463100809675477
106 83 0.016041846264518905
106 82 0.04368090326076843
106 55 0.13122671091281898
106 69 0.1963775696083557
106 51 0.008162965372640218
106 79 0.026087447005665163
106 86 0.009324259174191205
106 92 0.1037579503360571
106 93 0.08812250845529837
106 87 0.07001444134133371
106 78 0.11724221709120891
106 50 0.016105510774013287
106 52 0.00501963755340229
106 46 0.060632525459163755
106 91 0.0882345497285072
106 85 0.08649927269042076
106 84 0.019819878897572182
106 90 0.08733534028422041
106 47 0.041818272620618824
106 53 0.005146212965413566
112 76 0.021082179162544762
112 62 0.15420286377390485
112 89 0.04787524369752599
112 88 0.14531409697654207
112 63 0.050604464470541524
112 77 0.025240514002969353
112 49 0.03445628598718958
112 61 0.006317160859429266
112 75 0.008822291763421919
112 74 0.023185169715250628
112 60 0.0011738084433348672
112 48 0.04539086634912959
112 64 0.06762424409230545
112 70 0.27425719638603385
112 58 0.8280100723777235
112 59 0.011900132045866943
112 71 0.05939470131686134
112 65 0.0
112 73 0.006188112391350531
112 67 0.17590447030512937
112 66 0.11687072604556424
112 72 0.010507301208434947
112 57 0.3523997870960738
112 94 0.17717960445627023
112 80 0.06487749431556034
112 81 0.19446123264823406
112 95 0.029583986668403506
112 56 0.15389461138764624
112 68 0.4217519184354236
112 54 0.08284695637294764
112 83 0.031648926439283645
112 82 0.032508303782162934
112 55 0.2574956598361445
112 69 0.3199886614324533
112 51 0.017441474377539012
112 79 0.04761418195124019
112 86 0.02166224134661389
112 92 0.18700303570633928
112 93 0.15923077630853438
112 87 0.1262626896198499
112 78 0.2037998496057658
112 50 0.03469648672684633
112 52 0.010157419027079617
112 46 0.11270814424394689
112 91 0.16018365164462256
112 85 0.15606750294014596
112 84 0.038477804777563004
112 90 0.15757598940014755
112 47 0.07478309507037662
112 53 0.008962870352526478
113 76 0.043904367486685
113 62 0.16709272649983029
113 89 0.13008110176045312
113 88 0.3916468346585714
113 63 0.09011610832339786
113 77 0.08940821120909101
113 49 0.051488672451300385
113 61 0.011747953682800627
113 75 0.012903245481716646
113 74 0.050932254897875576
113 60 0.010453136715138103
113 48 0.07292079009323957
113 64 0.09995325080090625
113 70 0.38787212835326335
113 58 0.6333238383257492
113 59 0.018081565732729205
113 71 0.06738372881141139
113 65 0.002061750945246882
113 73 0.009907082499248418
113 67 0.3751794509854595
113 66 0.2948839939530191
113 72 0.04171958507291569
113 57 0.3907553572384642
113 94 0.5415691134470926
113 80 0.07366260106056394
113 81 0.29576351205559614
113 95 0.08843533041585167
113 56 0.3377819411460804
113 68 0.716817202675084
113 54 0.11973910912544956
113 83 0.15716462179099663
113 82 0.04534004146696709
113 55 0.22297319546501965
113 69 0.4658492904775532
113 51 0.021514266407875515
113 79 0.12076933227852199
113 86 0.025157635285546084
113 92 0.5649931543208612
113 93 0.46997844984341197
113 87 0.3386321289856288
113 78 0.38940533351460305
113 50 0.04144677846809687
113 52 0.03709738216044432
113 46 0.29963718143192564
113 91 0.46442602390504306
113 85 0.47773999708644344
113 84 0.06468941305840151
113 90 0.4783690285547564
113 47 0.14577016903862033
113 53 0.03603360463358843
107 76 0.008774847497436608
107 62 0.013457859689379348
107 89 0.008706474965603714
107 88 0.03608868634931739
107 63 0.007997690734403609
107 77 0.018393173363199733
107 49 0.02570466300837554
107 61 0.006277122029937077
107 75 0.0060790152779908735
107 74 0.00673550548314325
107 60 0.005128361551264254
107 48 0.011033080437460915
107 64 0.004099472679281485
107 70 0.026584577295047387
107 58 0.006196605327692589
107 59 0.004040554527031309
107 71 0.04849189573395234
107 65 0.007312972598636558
107 73 0.005796988262055935
107 67 0.10371967479289562
107 66 0.14860320581424538
107 72 0.003993144438743879
107 57 0.10315147549710289
107 94 0.04945479296449512
107 80 0.05339268742901748
107 81 0.018551405956705486
107 95 0.014379220508590501
107 56 0.4672580046423791
107 68 0.423482215383035
107 54 0.004387642376510931
107 83 0.012863613655477099
107 82 0.009948569569920157
107 55 0.018149241871692937
107 69 0.030808400700790148
107 51 0.01397449726815947
107 79 0.009616090864031965
107 86 0.017619312086175593
107 92 0.04797703540195407
107 93 0.06569425481020882
107 87 0.03179123235973516
107 78 0.03502760974535157
107 50 0.027592884760744604
107 52 0.009775006440996784
107 46 0.015320822364449566
107 91 0.04787607075106903
107 85 0.04510115954167747
107 84 0.00714742595696613
107 90 0.044198272450637635
107 47 0.016623901925377577
107 53 0.02111785375143002
139 76 0.053468851356315295
139 62 0.03636892764241213
139 89 0.04517851941012263
139 88 0.13743578773572218
139 63 0.024799217212720714
139 77 0.026698425093762496
139 49 0.027175380642363023
139 61 0.034505611764550734
139 75 0.0028120854429712905
139 74 0.023195064619744618
139 60 0.005487087020801806
139 48 0.02225579843930059
139 64 0.023744144246931484
139 70 0.155331520913784
139 58 0.08394821625748415
139 59 0.05450545159933774
139 71 0.04244415551425258
139 65 0.0017856350372300878
139 73 0.002666942609357653
139 67 0.13900525106048509
139 66 0.20275663037613112
139 72 0.007719568520871356
139 57 0.13206778530319352
139 94 0.24207937780830804
139 80 0.04665840606785554
139 81 0.08620387169659507
139 95 0.02990063824598796
139 56 0.09787838948797196
139 68 0.24814370488475845
139 54 0.05342369775706575
139 83 0.030867185624865054
139 82 0.054720271294424194
139 55 0.054391316926967
139 69 0.12973962396649227
139 51 0.012322440676241442
139 79 0.04744332706605266
139 86 0.015499639194786599
139 92 0.2505231943226566
139 93 0.21262381453706766
139 87 0.12817259424394234
139 78 0.12592873039489078
139 50 0.02349455996593726
139 52 0.02349135550699266
139 46 0.0791705522781154
139 91 0.2076238849146433
139 85 0.2101089375686631
139 84 0.01128889301045427
139 90 0.20995146453141042
139 47 0.04647706442472324
139 53 0.024260694910614958
111 76 0.03711819616853258
111 62 0.19054097933515696
111 89 0.10717163631576096
111 88 0.3211504980314841
111 63 0.08082251368393376
111 77 0.04051699558480994
111 49 0.04032348266278214
111 61 0.013400044718203677
111 75 0.009540348334046558
111 74 0.03810660716901733
111 60 0.005855749746049438
111 48 0.06550319101513394
111 64 0.09723705722395451
111 70 0.4409111728404925
111 58 0.8192087513211214
111 59 0.025608739776307232
111 71 0.05935938901327138
111 65 0.0007676652476783508
111 73 0.007050231197025136
111 67 0.34668647603321084
111 66 0.28331032043371607
111 72 0.017916927699264243
111 57 0.4353013651905603
111 94 0.427635320633579
111 80 0.06471506406592294
111 81 0.28334609511742115
111 95 0.06226352117999741
111 56 0.2508131626578577
111 68 0.7286871499498013
111 54 0.1181496627815982
111 83 0.04548492697677686
111 82 0.05175453052468813
111 55 0.2864439460834166
111 69 0.5582944944474759
111 51 0.018747685509829096
111 79 0.11590616460053844
111 86 0.021195820515401323
111 92 0.4486162517964025
111 93 0.3754868430075111
111 87 0.294355273315152
111 78 0.48012150648031326
111 50 0.03721732651506518
111 52 0.01921409019497
111 46 0.1892731464202224
111 91 0.37086018040597024
111 85 0.3761734734802975
111 84 0.045720121723216836
111 90 0.37787631808738775
111 47 0.12910464518397058
111 53 0.018756734875199577
105 76 0.02456058987400668
105 62 0.06257464680794286
105 89 0.022792532163790638
105 88 0.07951637872267316
105 63 0.02600536834377283
105 77 0.03180276018354
105 49 0.14367244458127273
105 61 0.009609129158106161
105 75 0.005724500455686732
105 74 0.02339166568754597
105 60 0.010688413092063268
105 48 0.05797378515813548
105 64 0.023007387001464832
105 70 0.0828094860953221
105 58 0.13295991583879505
105 59 0.008717709637942828
105 71 0.33901356268726757
105 65 0.004593138682028319
105 73 0.003944669241522425
105 67 0.22174903230444526
105 66 0.13490816425116917
105 72 0.007680866950459525
105 57 0.3085083712309804
105 94 0.1450221319361687
105 80 0.3733219199696177
105 81 0.059885041680181314
105 95 0.03691738148364905
105 56 0.27218144625437174
105 68 0.446701107184982
105 54 0.02682898008786197
105 83 0.13201262824963986
105 82 0.021099808615721458
105 55 0.045715079835696046
105 69 0.14056211115420927
105 51 0.07600484623252188
105 79 0.02411538189339095
105 86 0.12451825988415516
105 92 0.11736524887661262
105 93 0.10961858498157825
105 87 0.07456024994405294
105 78 0.14310591650387489
105 50 0.14905959592848403
105 52 0.011792833935941022
105 46 0.04668043107285759
105 91 0.12146507252492338
105 85 0.1268429098075392
105 84 0.02295079650729913
105 90 0.11475398040455899
105 47 0.04540021870550755
105 53 0.03435625495015725
104 76 0.0168188141392607
104 62 0.17547088095226493
104 89 0.04024372662319811
104 88 0.12678799702304985
104 63 0.04786407284235848
104 77 0.01806260925757726
104 49 0.02283923867182283
104 61 0.006071053576048646
104 75 0.00618217320759562
104 74 0.018918874031521482
104 60 0.0009230119254044211
104 48 0.039607718158356606
104 64 0.06370284420912965
104 70 0.29373528654205394
104 58 0.9999999999999999
104 59 0.00624447224538574
104 71 0.034423161004132896
104 65 0.0
104 73 0.004356783122069413
104 67 0.15568861266797165
104 66 0.09946078620199486
104 72 0.00753880093837464
104 57 0.38495520658561033
104 94 0.1517656918392979
104 80 0.037531147274078844
104 81 0.20664619875682255
104 95 0.024150070593372083
104 56 0.13086244828307783
104 68 0.4207161129390121
104 54 0.0780951032766764
104 83 0.024845857049919318
104 82 0.029827726517437703
104 55 0.1779184131238249
104 69 0.33404286079495127
104 51 0.01157896972851398
104 79 0.03930231994114633
104 86 0.012537965600838197
104 92 0.16018009057597904
104 93 0.13577718340198267
104 87 0.1079400523299911
104 78 0.18780104099567094
104 50 0.022596612933816415
104 52 0.007117756411988946
104 46 0.10087582797558464
104 91 0.13705644262213768
104 85 0.13346650261505
104 84 0.029979785821837454
104 90 0.13475653678786426
104 47 0.07028030774284016
104 53 0.008766419294361213
110 76 0.026711590989145648
110 62 0.13161217580993015
110 89 0.14339174074949718
110 88 0.2582886552498266
110 63 0.04247065495321736
110 77 0.17245310438949155
110 49 0.04976985543975161
110 61 0.005623024693517942
110 75 0.0076055090306358375
110 74 0.046279384535314105
110 60 0.05227689565814239
110 48 0.06558923179075002
110 64 0.047157421901935725
110 70 0.2277414659965874
110 58 0.43080773155782226
110 59 0.007978175684054609
110 71 0.1426218859901839
110 65 0.0008925466055261233
110 73 0.005719034382097948
110 67 0.18920991613095908
110 66 0.13355295176187446
110 72 0.08792122169993409
110 57 0.25867983812278095
110 94 0.2786997725420026
110 80 0.14659349731801788
110 81 0.21724620626642915
110 95 0.06460362710988841
110 56 0.16261913745496726
110 68 0.41112936575291714
110 54 0.08309828398599348
110 83 0.02843056300333517
110 82 0.10468829583958764
110 55 0.1381456032858283
110 69 0.3834430933230901
110 51 0.010360552520047403
110 79 0.1332556228964838
110 86 0.012080025314053819
110 92 0.2910151749663439
110 93 0.321204759414911
110 87 0.1981157566735574
110 78 0.2795862906161273
110 50 0.020268142920845
110 52 0.0208745065183521
110 46 0.1497771542336835
110 91 0.25542660331966727
110 85 0.2573204645882161
110 84 0.022892351127172736
110 90 0.25822805049033637
110 47 0.10860855378410424
110 53 0.025526334021944583
138 76 0.04265161069681764
138 62 0.08569860001876414
138 89 0.06217206627741098
138 88 0.1913460856696345
138 63 0.04201143871545476
138 77 0.05937752163132616
138 49 0.03269174808972848
138 61 0.009762091353647875
138 75 0.004031446163133889
138 74 0.037630971879951125
138 60 0.009149796951987213
138 48 0.03253965677573284
138 64 0.039788924341364953
138 70 0.18339591264348315
138 58 0.08937447903837162
138 59 0.014086851074889509
138 71 0.05901361548691754
138 65 0.002641190676992783
138 73 0.0031623318341244544
138 67 0.2175167419331246
138 66 0.23506497445603544
138 72 0.07815051164268386
138 57 0.17867577693570333
138 94 0.286446890288341
138 80 0.06486183954913131
138 81 0.11989400721041996
138 95 0.050940271886159585
138 56 0.16736939717428384
138 68 0.41903184312837183
138 54 0.04700381365151576
138 83 0.042518540015715756
138 82 0.0359791716505346
138 55 0.06479435584211975
138 69 0.191052221652367
138 51 0.018262309883248062
138 79 0.059813892032364424
138 86 0.021474170830878214
138 92 0.2827997848763664
138 93 0.2371673728560138
138 87 0.18643203777563366
138 78 0.19158215386610916
138 50 0.03391915281970051
138 52 0.013745662885815843
138 46 0.11656799356858592
138 91 0.2355924707307625
138 85 0.24262896736452116
138 84 0.01378355107733474
138 90 0.2421470452663157
138 47 0.0973579831738006
138 53 0.07924663563079068
140 76 0.062440898942341644
140 62 0.056520988483430054
140 89 0.042307391023434227
140 88 0.12532131321681708
140 63 0.03881575406626803
140 77 0.022799930996674073
140 49 0.05364123449179273
140 61 0.028671640030917017
140 75 0.004826357147083765
140 74 0.024091669869952773
140 60 0.0049497288779112025
140 48 0.019153520211632996
140 64 0.018670749981722315
140 70 0.17755888478700468
140 58 0.1568435339482437
140 59 0.022592208292791155
140 71 0.04033575373593967
140 65 0.0014920009655589594
140 73 0.003357623104237123
140 67 0.1444179262371448
140 66 0.18828069079362142
140 72 0.0074095445047065445
140 57 0.1904697324426438
140 94 0.18667527276810808
140 80 0.044261021373211695
140 81 0.09351957091186722
140 95 0.027175470396774717
140 56 0.08326272338742532
140 68 0.29397270289239064
140 54 0.02227127593997652
140 83 0.018972204545812568
140 82 0.05769486869467301
140 55 0.061816464041722724
140 69 0.199314387384331
140 51 0.011813156472302869
140 79 0.03535704395329173
140 86 0.014940085168469508
140 92 0.18649018989812954
140 93 0.15648894074637487
140 87 0.12103616786551905
140 78 0.20036900743259822
140 50 0.05324173002592292
140 52 0.010629447530117006
140 46 0.05609327846556807
140 91 0.15652850681719488
140 85 0.16533039677955852
140 84 0.022098049936010875
140 90 0.1595733047647289
140 47 0.04354418288723379
140 53 0.015783996238666845
135 76 0.06288601618503625
135 62 0.19230427342668954
135 89 0.0615903350283491
135 88 0.20954035198058044
135 63 0.05817947682421218
135 77 0.1949958382004599
135 49 0.2731195913477279
135 61 0.00762555621525296
135 75 0.24693842771765556
135 74 0.14344413564273903
135 60 0.00814816937434451
135 48 0.2888291440366544
135 64 0.05652884729324295
135 70 0.18353933238078748
135 58 0.1459962251083974
135 59 0.008365288675197494
135 71 0.20681784073431755
135 65 0.0023684401284837786
135 73 0.15983063945388498
135 67 0.26459603757597533
135 66 0.1505988650782312
135 72 0.029359415849277287
135 57 0.2530099282266992
135 94 0.3258366625671565
135 80 0.2261553925436756
135 81 0.21911129598514134
135 95 0.09434206934339238
135 56 0.2869228024113938
135 68 0.4427560545912067
135 54 0.08944947207923885
135 83 0.38849792830822005
135 82 0.027567374151464
135 55 0.10226543180835992
135 69 0.2181094614013242
135 51 0.10483318398054216
135 79 0.17235404957384187
135 86 0.07198322235248544
135 92 0.3203399277821254
135 93 0.2745538554723313
135 87 0.22836635188725252
135 78 0.2498904714236584
135 50 0.09703980792500048
135 52 0.05252521168296331
135 46 0.294738094988984
135 91 0.2871223115991337
135 85 0.2900784440904637
135 84 0.10306408878257364
135 90 0.2895938588697794
135 47 0.1864469311197593
135 53 0.22282906622458065
121 76 0.08956998266759066
121 62 0.09619234460909577
121 89 0.07023805114007503
121 88 0.30217922192138513
121 63 0.11744609793475523
121 77 0.07284309359645418
121 49 0.13508326671790744
121 61 0.01187949376893084
121 75 0.006225905231983658
121 74 0.06063974294732678
121 60 0.060405478644734986
121 48 0.09946956861005732
121 64 0.09156935518915471
121 70 0.1758200873380873
121 58 0.07519975974619253
121 59 0.004333269853233873
121 71 0.3410014688849764
121 65 0.04950733437505381
121 73 0.0030767773614716887
121 67 0.32400310744225297
121 66 0.1862085172010119
121 72 0.033709825710170574
121 57 0.3461485667800368
121 94 0.40727754093275015
121 80 0.37368268477228317
121 81 0.11001937040898063
121 95 0.08305516406495773
121 56 0.17545438880525888
121 68 0.43402650916177765
121 54 0.1102674113019897
121 83 0.24316659417934375
121 82 0.0382847042791616
121 55 0.17035047649765733
121 69 0.35351873718749893
121 51 0.09285059392120779
121 79 0.07191833392301686
121 86 0.1180222719425968
121 92 0.5126251412021264
121 93 0.3532031540893733
121 87 0.2073832193953361
121 78 0.4417707022331099
121 50 0.1403638758575325
121 52 0.007942963751126506
121 46 0.13043661186281238
121 91 0.3334887588564514
121 85 0.35349002557399395
121 84 0.022482700601195768
121 90 0.3520038441531187
121 47 0.18760725300117256
121 53 0.061992076133971744
109 76 0.0434860605660814
109 62 0.12736971776949868
109 89 0.06500200346446129
109 88 0.21262715647886188
109 63 0.04127580613982909
109 77 0.1466218448466552
109 49 0.05468282940288985
109 61 0.005369528074678359
109 75 0.007052660229167534
109 74 0.06744062076096805
109 60 0.0027656501284671065
109 48 0.054024407603904215
109 64 0.09350288758237778
109 70 0.29009821406187386
109 58 0.5197673727115687
109 59 0.008375123857966488
109 71 0.0436506617555277
109 65 0.0004952169001942175
109 73 0.005548298649979494
109 67 0.22685501496268118
109 66 0.16846615558372371
109 72 0.04258150947287638
109 57 0.2871991187331334
109 94 0.29765903397514404
109 80 0.0475812920995463
109 81 0.244089158176008
109 95 0.058195865065261115
109 56 0.1500939962326227
109 68 0.46353441021981934
109 54 0.06839815734878656
109 83 0.03320387383203863
109 82 0.03510506158882881
109 55 0.15111043772262783
109 69 0.3482063682476742
109 51 0.014616256256823959
109 79 0.13883233907080514
109 86 0.01557700851034663
109 92 0.3118640181469342
109 93 0.2643825333259708
109 87 0.19922572302931696
109 78 0.31893077473969367
109 50 0.027918107462265154
109 52 0.027664379132830028
109 46 0.174632059422976
109 91 0.27249584468306043
109 85 0.27355419724815155
109 84 0.38211872688457027
109 90 0.27481461530960455
109 47 0.074126205220038
109 53 0.02730287443308395
108 76 0.053813861084949594
108 62 0.22378117814676063
108 89 0.12194856623262502
108 88 0.3742294872444233
108 63 0.10870694026465946
108 77 0.09185145513686985
108 49 0.05751868019169737
108 61 0.01505518205690319
108 75 0.013257234909991547
108 74 0.05388400430004586
108 60 0.009144569040431386
108 48 0.08817017110173506
108 64 0.12527168053916846
108 70 0.45937663002650564
108 58 0.9280973876479076
108 59 0.025396943276215847
108 71 0.08024078206413496
108 65 0.0018064849618039946
108 73 0.009871057051348164
108 67 0.3785692319320058
108 66 0.2952362291100219
108 72 0.04733334780241005
108 57 0.510561336544989
108 94 0.4990119820683395
108 80 0.08776050017714859
108 81 0.3648465670260915
108 95 0.08704484520865804
108 56 0.3375788059387669
108 68 0.8294796661839632
108 54 0.1895005308054669
108 83 0.05820300539091529
108 82 0.06192500856508047
108 55 0.2856161197032663
108 69 0.539662510463595
108 51 0.02561618008380473
108 79 0.16479342257562407
108 86 0.029727885437005497
108 92 0.521651345005975
108 93 0.43675144916499753
108 87 0.3336728100418175
108 78 0.4225506203885583
108 50 0.04964593228364432
108 52 0.028201379382562175
108 46 0.24899568138798212
108 91 0.43380926934163255
108 85 0.4400409263528189
108 84 0.04983166158301515
108 90 0.44142234245030887
108 47 0.16984852224948688
108 53 0.0307812923918782
120 76 0.011191270143034171
120 62 0.12255101205488697
120 89 0.04862075666634148
120 88 0.15150204061725522
120 63 0.027176043129802874
120 77 0.2075308594898513
120 49 0.027468082614961975
120 61 0.0065831182955673195
120 75 0.032587332956133
120 74 0.01347757676360313
120 60 0.009823622530721846
120 48 0.022702568305270385
120 64 0.02480884181921282
120 70 0.10179819098533768
120 58 0.049186958257785185
120 59 0.004339294440826924
120 71 0.05829450219113415
120 65 0.004241204685709765
120 73 0.0026592558850099535
120 67 0.14653426758340046
120 66 0.11277040214225756
120 72 0.005796693820412174
120 57 0.09044226088600654
120 94 0.2249177307049747
120 80 0.06405277863820269
120 81 0.0758803129171218
120 95 0.031849424643310115
120 56 0.0951026502665388
120 68 0.20801150513348593
120 54 0.02993215048992108
120 83 0.02929326934091056
120 82 0.013592480325380185
120 55 0.203778053517589
120 69 0.12830078676836423
120 51 0.04579655557659355
120 79 0.033249975098824894
120 86 0.020917677030093604
120 92 0.22752968248424402
120 93 0.19290218726051048
120 87 0.16378775485786015
120 78 0.17013519568368987
120 50 0.07815216719050827
120 52 0.004440633508214331
120 46 0.05977343250664126
120 91 0.19359860278744992
120 85 0.20044947576920846
120 84 0.07314618386068492
120 90 0.1983392036080726
120 47 0.08201368468280051
120 53 0.2930754306059606
134 76 0.049445295857094715
134 62 0.12750182374639807
134 89 0.026500386973206724
134 88 0.08982137752727716
134 63 0.03770157712912299
134 77 0.044494597816756576
134 49 0.25350508766888
134 61 0.007400692719929297
134 75 0.2478873156751213
134 74 0.0869381423708867
134 60 0.008188994070543604
134 48 0.22148854635185578
134 64 0.03699023075815294
134 70 0.1056795204162515
134 58 0.11936057438881399
134 59 0.004111556374750636
134 71 0.34728386226638597
134 65 0.0032035106369836253
134 73 0.1597484815580133
134 67 0.22132727142544867
134 66 0.08129597799293717
134 72 0.008421728509147061
134 57 0.2574610173785238
134 94 0.16258220917114338
134 80 0.3808992691953773
134 81 0.07718836335519441
134 95 0.039094262133786487
134 56 0.10359161309403558
134 68 0.32649756737748126
134 54 0.06688933356885675
134 83 0.23519845531082184
134 82 0.020105252192044218
134 55 0.17690784453943997
134 69 0.14271706798201123
134 51 0.10781051301598511
134 79 0.044032503064263595
134 86 0.12225838415798398
134 92 0.13201150333021291
134 93 0.12094522992739021
134 87 0.12488399381578022
134 78 0.13617334535332612
134 50 0.1437114398002192
134 52 0.3830069699550763
134 46 0.15773081872098996
134 91 0.12756345212709563
134 85 0.12785930680433702
134 84 0.06775845837558313
134 90 0.12535106961059364
134 47 0.1471696740296934
134 53 0.3021457864600803
122 76 0.03400652616678004
122 62 0.08523731855182759
122 89 0.07035714620058262
122 88 0.21990966597250966
122 63 0.04605111170512728
122 77 0.042595071140701324
122 49 0.2254971488688633
122 61 0.01295884465449118
122 75 0.007746824104430228
122 74 0.04038807628564359
122 60 0.01596822907718315
122 48 0.0938562807165464
122 64 0.0417806211987367
122 70 0.15583713562191648
122 58 0.09918151601832918
122 59 0.0045382306547057105
122 71 0.5416145477657945
122 65 0.0058298176643308275
122 73 0.004939144187339373
122 67 0.41486504339445707
122 66 0.17412694277074314
122 72 0.009179306537730608
122 57 0.4223333341962555
122 94 0.34727421257253566
122 80 0.5963977584763186
122 81 0.1184623016049133
122 95 0.07349695308568421
122 56 0.13738259740849235
122 68 0.5325005152823791
122 54 0.04934885798606431
122 83 0.2349068050161941
122 82 0.026824955128410183
122 55 0.08467750073088381
122 69 0.2655422732257016
122 51 0.11906617442489781
122 79 0.05040955139079972
122 86 0.19884852460396601
122 92 0.3286390717626183
122 93 0.28561371160538035
122 87 0.19751520503306713
122 78 0.2876191185561967
122 50 0.23167856506079637
122 52 0.01181635611488649
122 46 0.09642073418716107
122 91 0.2938991295338775
122 85 0.7346214615802634
122 84 0.03102162122087543
122 90 0.2974474954999838
122 47 0.0805224571475574
122 53 0.049580075156463926
136 76 0.022724410316035504
136 62 0.08423304263450904
136 89 0.018630213569083967
136 88 0.08752603757330744
136 63 0.02715518287725603
136 77 0.2267186223248075
136 49 0.12285671397276289
136 61 0.03811409774511461
136 75 0.007057894629624861
136 74 0.08782940784484214
136 60 0.002384884679224736
136 48 0.12931884803355065
136 64 0.02531091782615566
136 70 0.10600463946677831
136 58 0.0821389989425711
136 59 0.0052843908594485955
136 71 0.02239200809345232
136 65 0.0006334385643440299
136 73 0.005484278392233505
136 67 0.08127408664075095
136 66 0.0494658826220407
136 72 0.032225236278678834
136 57 0.12593895505212274
136 94 0.13513611881631765
136 80 0.024558218211853514
136 81 0.2403451085508964
136 95 0.05620118262715455
136 56 0.16648701852887776
136 68 0.22197765705144457
136 54 0.06629394530496818
136 83 0.024112436260634168
136 82 0.015566824736231041
136 55 0.0440014125971879
136 69 0.07463749644898324
136 51 0.006740540627719199
136 79 0.30866956547655466
136 86 0.009367558488028518
136 92 0.140812667297067
136 93 0.12311691299926777
136 87 0.08897565226756185
136 78 0.1201119602007311
136 50 0.0137064456928387
136 52 0.02327604446651718
136 46 0.14329914699396246
136 91 0.13945897419899916
136 85 0.13610951660784776
136 84 0.02982310359772962
136 90 0.13687012045410496
136 47 0.16638440402261728
136 53 0.027999197390116637
137 76 0.04431182369631699
137 62 0.07824147756444082
137 89 0.06327293226366157
137 88 0.19364367907252192
137 63 0.04327707490264168
137 77 0.030598946555743883
137 49 0.028796378208885656
137 61 0.012059565229239316
137 75 0.0034278047718396543
137 74 0.02146071601619108
137 60 0.007915228120139561
137 48 0.034357834113544955
137 64 0.043037288377595795
137 70 0.16886501251905636
137 58 0.13199256556288025
137 59 0.027515552851993044
137 71 0.04338921025673641
137 65 0.0019424129975610105
137 73 0.002889234428595455
137 67 0.193105399212636
137 66 0.2326913269163236
137 72 0.011457193316356917
137 57 0.18509143099975595
137 94 0.27477827285465517
137 80 0.04766284496365922
137 81 0.11819303648268265
137 95 0.04048325484666253
137 56 0.14613255123640498
137 68 0.3694832711888594
137 54 0.05116850606037021
137 83 0.022817441756236123
137 82 0.02974516595893667
137 55 0.07236958715588976
137 69 0.1952029300665835
137 51 0.012518366023665461
137 79 0.0938199724419028
137 86 0.015822159544215286
137 92 0.28512827962720877
137 93 0.23825194804676186
137 87 0.1720744342238592
137 78 0.19119831943225776
137 50 0.02476063351334587
137 52 0.01848338801117992
137 46 0.09683055521075742
137 91 0.23706803881473038
137 85 0.24255559847212854
137 84 0.013097264621301355
137 90 0.24261952581195673
137 47 0.07535951936256666
137 53 0.021344743731951166
123 76 0.027628846952249292
123 62 0.07132607453155139
123 89 0.05621756691380694
123 88 0.1807413741628235
123 63 0.0431259994710341
123 77 0.03956345664703985
123 49 0.18246354490937092
123 61 0.01233603301786343
123 75 0.007901730559015968
123 74 0.03408566408247911
123 60 0.01499596268429959
123 48 0.07762584633008832
123 64 0.037297209633574566
123 70 0.12837967855369975
123 58 0.08073597936011256
123 59 0.0035688428987293297
123 71 0.43492276420235165
123 65 0.006034775435689588
123 73 0.005405567858386445
123 67 0.3358742127838101
123 66 0.14582343802011308
123 72 0.008464400268746036
123 57 0.3772845177928683
123 94 0.6823752539271087
123 80 0.478946943120631
123 81 0.09872187377855485
123 95 0.06039838727101639
123 56 0.1488685759548211
123 68 0.4393431260295878
123 54 0.04365350057200755
123 83 0.1775269028526753
123 82 0.024858327886455436
123 55 0.07275809136239555
123 69 0.21070907687341156
123 51 0.09894141413702312
123 79 0.04094946360063491
123 86 0.15964964469834064
123 92 0.26684931805371004
123 93 0.24021297724882462
123 87 0.1633222033936803
123 78 0.2647731337171877
123 50 0.19140657858591778
123 52 0.009272298079751579
123 46 0.08222184166129265
123 91 0.2508889928661946
123 85 0.25138991037050396
123 84 0.02783686729694035
123 90 0.2466316780491376
123 47 0.07111493060301353
123 53 0.048890193840219226
127 76 0.08594132705129176
127 62 0.12749366090750602
127 89 0.10673899475996886
127 88 0.33280662038418696
127 63 0.07938305251126668
127 77 0.10661832052790665
127 49 0.16958055972523017
127 61 0.017667597168638305
127 75 0.009918538788230041
127 74 0.06423806649805933
127 60 0.01729354576987706
127 48 0.0986443865687116
127 64 0.07876130458904892
127 70 0.2775941696545058
127 58 0.21330504872320216
127 59 0.02121630299062438
127 71 0.3750046388390722
127 65 0.005247750560501668
127 73 0.007204579189500321
127 67 0.43380786850369735
127 66 0.2695038930039598
127 72 0.05292562466709329
127 57 0.4363148277675033
127 94 0.4871743542321043
127 80 0.41280100243675555
127 81 0.24581203516796127
127 95 0.10250074602009146
127 56 0.2863172963188263
127 68 0.7647018729044777
127 54 0.1432232276451885
127 83 0.06452532401708443
127 82 0.04631377282343277
127 55 0.1453900192033015
127 69 0.35570870378528385
127 51 0.2055774696956173
127 79 0.15945052847465493
127 86 0.13793295080762133
127 92 0.4858646543667511
127 93 0.41277813566610333
127 87 0.3595067385740026
127 78 0.3471708134235529
127 50 0.32576972589169784
127 52 0.025731502700541475
127 46 0.23487691949236975
127 91 0.45216338706844594
127 85 0.4273137409468629
127 84 0.04192870509592919
127 90 0.4244159266870142
127 47 0.13385492215078934
127 53 0.052761774099677014
133 76 0.010197932614980088
133 62 0.21383239350137206
133 89 0.025684209883849646
133 88 0.11893190278093661
133 63 0.04773746343380576
133 77 0.21384599965632367
133 49 0.34799006289913426
133 61 0.042109264054716614
133 75 0.00767736198142252
133 74 0.10583357476834546
133 60 0.005584178035339393
133 48 0.22042695674667911
133 64 0.04384873019435838
133 70 0.13007593516745347
133 58 0.11204416643925845
133 59 0.0021868069606116036
133 71 0.2602240998793884
133 65 0.0021219597047543726
133 73 0.03721712118711215
133 67 0.2163443496754923
133 66 0.0715973488662876
133 72 0.007035625733716827
133 57 0.2918134148479586
133 94 0.20405710809789973
133 80 0.28652748701790975
133 81 0.16885542616768107
133 95 0.06477902988533166
133 56 0.16278078057317982
133 68 0.31388714287878267
133 54 0.0905276828564208
133 83 0.08749105538868401
133 82 0.1273094379238075
133 55 0.07884509061705369
133 69 0.09741984609501031
133 51 0.056793997325175594
133 79 0.2936413499642766
133 86 0.09665028002228032
133 92 0.1852754150303366
133 93 0.16599483889709415
133 87 0.11604757937583715
133 78 0.14389274967375196
133 50 0.11187891823311846
133 52 0.030560856180193066
133 46 0.09613968964856007
133 91 0.18694678903722423
133 85 0.1840689868052352
133 84 0.10023503122982427
133 90 0.18321274751243624
133 47 0.22292043767328487
133 53 0.31064863764666323
132 76 0.05414172184876748
132 62 0.1063641668888258
132 89 0.13097232251266108
132 88 0.39354127422760454
132 63 0.08378479686172904
132 77 0.10543952542059704
132 49 0.059742038392946395
132 61 0.009977175971399285
132 75 0.010241980377433665
132 74 0.06434665396042097
132 60 0.010568462772280782
132 48 0.06846186848565144
132 64 0.083573743150173
132 70 0.3074958600444617
132 58 0.18429145745605277
132 59 0.015557788376820633
132 71 0.07194220050532382
132 65 0.002376370312226622
132 73 0.009349122025680195
132 67 0.3649655344394858
132 66 0.29778069479921776
132 72 0.04651328857862727
132 57 0.2521129379543122
132 94 0.6271214265415166
132 80 0.07891154921265212
132 81 0.2486806616182487
132 95 0.09361277338603993
132 56 0.32861941065048905
132 68 0.6417541269802296
132 54 0.13727793845602046
132 83 0.183992581070896
132 82 0.03735539845672073
132 55 0.14400688742480602
132 69 0.3623200683295975
132 51 0.021795900414287264
132 79 0.13906510680094084
132 86 0.02702587566369527
132 92 0.6535166528818391
132 93 0.5469923386321284
132 87 0.3522381911991834
132 78 0.35532566044793185
132 50 0.04174453538163983
132 52 0.060179203134398854
132 46 0.33110384073232535
132 91 0.5330561946231394
132 85 0.547048440038996
132 84 0.06043589137661798
132 90 0.547594547439858
132 47 0.1406735927221133
132 53 0.05430521140046177
126 76 0.036741633319793784
126 62 0.07630595024200908
126 89 0.07615273993498227
126 88 0.23066410641221174
126 63 0.040605025977502804
126 77 0.035205529141119574
126 49 0.15718187716072887
126 61 0.014647497595165898
126 75 0.006054921397905949
126 74 0.04275402521910533
126 60 0.028315895913309033
126 48 0.06993536735559537
126 64 0.03738037071786249
126 70 0.1591125489639334
126 58 0.08780633060313114
126 59 0.0050597040018455774
126 71 0.37479433215101343
126 65 0.0036835858340306116
126 73 0.0035925717197160534
126 67 0.36244244111059976
126 66 0.1784146340365128
126 72 0.008035324261225857
126 57 0.3299629988820433
126 94 0.4693899524909668
126 80 0.4126758966872569
126 81 0.11848964691202266
126 95 0.064834089735182
126 56 0.14215737959842908
126 68 0.4599870502328859
126 54 0.044337173066117494
126 83 0.2686644217541498
126 82 0.02302658119780618
126 55 0.07880196920458696
126 69 0.27293062055081607
126 51 0.08257246557731134
126 79 0.05158666133273673
126 86 0.1375413217314116
126 92 0.4714055746530814
126 93 0.4071658343729009
126 87 0.23492566337090778
126 78 0.30164623369530374
126 50 0.16107064241251695
126 52 0.009274530975285633
126 46 0.09361665855269669
126 91 0.3944145514309687
126 85 0.3990795662173131
126 84 0.0245969821850668
126 90 0.7761848901119783
126 47 0.07004384045465216
126 53 0.039344769663608795
118 76 0.06768954391262968
118 62 0.2108518946030647
118 89 0.0311807690625127
118 88 0.09923884931061044
118 63 0.06644678099370586
118 77 0.039803709424014774
118 49 0.2796045608554771
118 61 0.006216804256371167
118 75 0.010006810101519617
118 74 0.09552630594556277
118 60 0.004882578288778722
118 48 0.15081008659700465
118 64 0.04244965745771756
118 70 0.15485206443649435
118 58 0.420549932636323
118 59 0.09151339832297391
118 71 0.20118851806876104
118 65 0.0015579095523044484
118 73 0.03009780081957103
118 67 0.19078088611636462
118 66 0.08225428234213744
118 72 0.007804142794276048
118 57 0.33111517592949585
118 94 0.13930438181448074
118 80 0.221326940586169
118 81 0.25510715474931595
118 95 0.0321054395945051
118 56 0.25558142135415984
118 68 0.3209010456821661
118 54 0.05004748493849995
118 83 0.1457858947625248
118 82 0.040024794223349425
118 55 0.14210428108433448
118 69 0.1849334757176526
118 51 0.11497790059395877
118 79 0.15012897871665878
118 86 0.07487936174875487
118 92 0.1362803744671399
118 93 0.11966996635596815
118 87 0.13225696139006807
118 78 0.12974848886508383
118 50 0.2254023734707823
118 52 0.028130261411993596
118 46 0.1838018822832887
118 91 0.140905415544168
118 85 0.12270681186004423
118 84 0.10957581504147365
118 90 0.12207205426551815
118 47 0.27367394505003473
118 53 0.22438126090876073
130 76 0.013870550761527128
130 62 0.0633416015772274
130 89 0.07028846181696634
130 88 0.2099793475719188
130 63 0.04251835756170831
130 77 0.03417611078922855
130 49 0.026346492707626748
130 61 0.0047427900335148265
130 75 0.006840046407288858
130 74 0.024376910833014923
130 60 0.005834311787571406
130 48 0.03495291042499803
130 64 0.044931429876077025
130 70 0.168968142355246
130 58 0.10734866809513119
130 59 0.008783588897715938
130 71 0.02739365950045096
130 65 0.0008675601162972391
130 73 0.005586209943566733
130 67 0.18883659728237898
130 66 0.154832612482017
130 72 0.007972338059294107
130 57 0.11084096843487973
130 94 0.29749059249047216
130 80 0.029959142466502997
130 81 0.13787478357458807
130 95 0.041389563564774454
130 56 0.17932134521865153
130 68 0.29939191954032696
130 54 0.0968656728634053
130 83 0.16458881127415148
130 82 0.017652388773796934
130 55 0.0838901786605398
130 69 0.18421178388087703
130 51 0.008403077596343497
130 79 0.07502018741423619
130 86 0.01066286355768585
130 92 0.3106550017052969
130 93 0.25684041857036544
130 87 0.19290528534167664
130 78 0.17841843806146063
130 50 0.01667728298090554
130 52 0.02971905301499947
130 46 0.24206175134126928
130 91 0.2532323740058879
130 85 0.2624937184717193
130 84 0.04754153967098115
130 90 0.2627958488812818
130 47 0.07161068143975785
130 53 0.02340795208384916
124 76 0.03615687045301144
124 62 0.07068188910252812
124 89 0.06974489536282358
124 88 0.21577773509046413
124 63 0.04011292859590403
124 77 0.032826417609798555
124 49 0.13805694131706897
124 61 0.00993745988274665
124 75 0.005744983204228282
124 74 0.04129079707790004
124 60 0.011357787026089264
124 48 0.06400007764542219
124 64 0.03738037071786249
124 70 0.15008875727069204
124 58 0.08780633060313114
124 59 0.0050597040018455774
124 71 0.32657477729987416
124 65 0.0036835858340306116
124 73 0.0035925717197160534
124 67 0.3289863269446347
124 66 0.16445146424251555
124 72 0.007791059239406567
124 57 0.2976220219706466
124 94 0.32241905188341136
124 80 0.35955928323801023
124 81 0.11137133677354412
124 95 0.05877764545064118
124 56 0.13240309483474427
124 68 0.41862788520147787
124 54 0.044337173066117494
124 83 0.237922838107682
124 82 0.022239346425968837
124 55 0.07450485269758975
124 69 0.2496793112479446
124 51 0.08124104346582114
124 79 0.048267769004105024
124 86 0.119805233672096
124 92 0.3174605039879947
124 93 0.26962499690103886
124 87 0.19434901362777893
124 78 0.2739895036352846
124 50 0.15286131260748143
124 52 0.009274530975285633
124 46 0.09277749136284671
124 91 0.8925608708314451
124 85 0.28180135111167026
124 84 0.02316943701063548
124 90 0.2789830474506159
124 47 0.07013492651809793
124 53 0.03628248897778402
125 76 0.0361661756612595
125 62 0.07579927743672021
125 89 0.07478913025963455
125 88 0.23484353154013124
125 63 0.04376544970790372
125 77 0.03342049513952425
125 49 0.1496044046603305
125 61 0.010061542557415842
125 75 0.010643461569367574
125 74 0.0441545569198548
125 60 0.011844565494106424
125 48 0.06978170215053225
125 64 0.039959237986963145
125 70 0.16154476800361212
125 58 0.0938640787651642
125 59 0.0054087723709150826
125 71 0.3457097130521348
125 65 0.0101492502749162
125 73 0.009403477794554499
125 67 0.4102762989168548
125 66 0.18125100799304622
125 72 0.008157040481544087
125 57 0.3245422370995361
125 94 0.34570345983102524
125 80 0.38062035666874244
125 81 0.12007644535284401
125 95 0.06762428497638945
125 56 0.2800798174830851
125 68 0.5822668609089631
125 54 0.047395989290484775
125 83 0.2630351697085972
125 82 0.024840764674733826
125 55 0.07885773443680266
125 69 0.26873772923960093
125 51 0.07792119480159952
125 79 0.051640427579668274
125 86 0.12683001899976498
125 92 0.3404265370354822
125 93 0.3156724352887405
125 87 0.20467330263563885
125 78 0.2949542454128693
125 50 0.15225899803615395
125 52 0.010920053019033732
125 46 0.09662274914457013
125 91 0.2930429043477758
125 85 0.30213176126415175
125 84 0.022829282823477612
125 90 0.29912064901571656
125 47 0.07547242055521007
125 53 0.03723699147534945
131 76 0.01967827702316731
131 62 0.11973085438495239
131 89 0.11309378330134223
131 88 0.43397775977952757
131 63 0.06975484829131265
131 77 0.02645888366468531
131 49 0.029236141048815875
131 61 0.007546277690111125
131 75 0.005203907723886014
131 74 0.028063703205277984
131 60 0.007711693229611294
131 48 0.05064296068303277
131 64 0.07799032502189598
131 70 0.3292072587541137
131 58 0.5279217373592654
131 59 0.08365617798325979
131 71 0.046165681275213866
131 65 0.0014217766893475925
131 73 0.0039582478006796595
131 67 0.31945622153318187
131 66 0.24766057357039378
131 72 0.01109499715745585
131 57 0.371898241718075
131 94 0.47213796154513055
131 80 0.05052068987596928
131 81 0.24834584678467977
131 95 0.06336806963108083
131 56 0.1627074201663301
131 68 0.5535344199569046
131 54 0.13090190000889484
131 83 0.02666518060154123
131 82 0.03372120554693839
131 55 0.1377850679576625
131 69 0.3805651286369479
131 51 0.014112581535034807
131 79 0.09345352665538645
131 86 0.01655501166680684
131 92 0.4928429115982592
131 93 0.4069842002857289
131 87 0.3257870952667191
131 78 0.31232046789699075
131 50 0.02704874241420646
131 52 0.010956109400140093
131 46 0.17669588060413244
131 91 0.4002419000335107
131 85 0.4149010026087948
131 84 0.02255604966782937
131 90 0.41524526607116063
131 47 0.11138503259991152
131 53 0.016588224448595423
119 76 0.017307181606167857
119 62 0.1374308244601288
119 89 0.030287629802888946
119 88 0.1086161488276387
119 63 0.025810504144225963
119 77 0.1911280222516522
119 49 0.06006512962911775
119 61 0.03530331840696839
119 75 0.0194919502476555
119 74 0.09482181574591443
119 60 0.0008101184425546026
119 48 0.05226310461329678
119 64 0.03101712576050228
119 70 0.19755590378822313
119 58 0.5014376736143981
119 59 0.04752082630838804
119 71 0.01931587970602787
119 65 0.0
119 73 0.013778641280022236
119 67 0.11489357377087625
119 66 0.06532354881286793
119 72 0.007132367704103637
119 57 0.19625464096170586
119 94 0.1570186990615983
119 80 0.020821313137632275
119 81 0.1323079151888041
119 95 0.04596239548955379
119 56 0.11091695837845081
119 68 0.2568437489904528
119 54 0.03711184356205001
119 83 0.04889192813764323
119 82 0.01962187618748773
119 55 0.1266178859801206
119 69 0.17686807364059984
119 51 0.007959217161032053
119 79 0.21101097295832405
119 86 0.01000374378490472
119 92 0.16527285717131934
119 93 0.1438448499582606
119 87 0.09991906869428721
119 78 0.15448364022622732
119 50 0.01710800683454272
119 52 0.03484358691230928
119 46 0.08332591218304541
119 91 0.15951674268270688
119 85 0.15458501097096303
119 84 0.05028614035629647
119 90 0.15595423816339304
119 47 0.045106973701656075
119 53 0.02881517503381209
