114 76 0.22799630526751044
114 62 0.2753738306473688
114 89 0.19079960769580326
114 88 0.32355252593655043
114 63 0.22198595797486242
114 77 0.08229374158930386
114 49 0.15799324010640098
114 61 0.09510814765659034
114 75 0.13638982483922574
114 74 0.30967396513793827
114 60 0.12840940941650192
114 48 0.14209138418135853
114 64 0.1530687038066283
114 70 0.31680522491513535
114 58 0.5649063194185183
114 59 0.19174305349376097
114 71 0.15675259615454568
114 65 0.11419326813068953
114 73 0.12970002749994614
114 67 0.30301115034139664
114 66 0.279044672186224
114 72 0.1880865439961631
114 57 0.33026705533406864
114 94 0.37997962290670173
114 80 0.15551761828424335
114 81 0.30916347919872356
114 95 0.1769630172015479
114 56 0.2055682304130128
114 68 0.4462711457454651
114 54 0.14729060420291457
114 83 0.14412955620273432
114 82 0.041477894629451895
114 55 0.27020044722253267
114 69 0.3534776819991519
114 51 0.12610702800457063
114 79 0.16125959132446516
114 86 0.1341090780852826
114 92 0.3894000977490956
114 93 0.3493027118187236
114 87 0.332599093278796
114 78 0.29098372014638585
114 50 0.17162956469936624
114 52 0.11484339261593621
114 46 0.187228156971792
114 91 0.35593602521377704
114 85 0.36926881543634
114 84 0.09099177454628479
114 90 0.3727058710623793
114 47 0.21299964474988453
114 53 0.15272806799987082
100 76 0.14688612159930917
100 62 0.1681229464557261
100 89 0.12949142755246928
100 88 0.17453846762579445
100 63 0.34198763230842905
100 77 0.11391271626000135
100 49 0.28501464278816757
100 61 0.12183300437752169
100 75 0.1254275085458177
100 74 0.15128957030653373
100 60 0.12310744853457885
100 48 0.18784748175990296
100 64 0.2023315176162203
100 70 0.19027501714261358
100 58 0.1586658327179193
100 59 0.14299754044020963
100 71 0.5080029928501534
100 65 0.1227601495834242
100 73 0.09593597216804783
100 67 0.32851376794201187
100 66 0.17821358053070935
100 72 0.11179169189119989
100 57 0.3861044777235899
100 94 0.1862995819363185
100 80 0.5354856999515433
100 81 0.17143709430554138
100 95 0.15345431916494245
100 56 0.2256103982744253
100 68 0.37591730222698844
100 54 0.17063991664684947
100 83 0.15316382070599494
100 82 0.13977809353429865
100 55 0.31931534374760406
100 69 0.2207146657005674
100 51 0.2032586785993873
100 79 0.11310994818613712
100 86 0.2789476977501002
100 92 0.18677062679500528
100 93 0.18180456185868887
100 87 0.19852171096473942
100 78 0.19702625590511982
100 50 0.3135135485117689
100 52 0.10825034147177148
100 46 0.23226518233829746
100 91 0.1946069660445916
100 85 0.20506195386701506
100 84 0.13099312904522142
100 90 0.18674472163359523
100 47 0.1352167074538806
100 53 0.11149810145549086
128 76 0.17814651469874693
128 62 0.13999388526952544
128 89 0.23864437184585405
128 88 0.42957257686667594
128 63 0.1496735982536414
128 77 0.15095703149412765
128 49 0.1526217825470709
128 61 0.15070491127725139
128 75 0.132024010927312
128 74 0.12941458682678197
128 60 0.14396002657131793
128 48 0.1380900620712202
128 64 0.150901938989216
128 70 0.3268735290575353
128 58 0.08170671660529166
128 59 0.12817761649330078
128 71 0.14383962650817955
128 65 0.11057994280686184
128 73 0.15621791735213847
128 67 0.4066790718672253
128 66 0.3228833258146071
128 72 0.16859633721422768
128 57 0.2383913395812374
128 94 0.5693341244032016
128 80 0.1449584397674542
128 81 0.3470061337162729
128 95 0.2389052567002547
128 56 0.3433464902957036
128 68 0.6588312676206927
128 54 0.20110660073762482
128 83 0.13700101730076497
128 82 0.11122766528928052
128 55 0.23111616581074407
128 69 0.37850291385384993
128 51 0.16476866659552897
128 79 0.24199648164132798
128 86 0.13319280041216963
128 92 0.5742056211160148
128 93 0.504972429759683
128 87 0.4810265998457291
128 78 0.3793721412973868
128 50 0.19945926514327592
128 52 0.18896237098772056
128 46 0.2504803939315965
128 91 0.45179641459455333
128 85 0.49769418117223907
128 84 0.13636546096928678
128 90 0.5066047054266966
128 47 0.19370291183557153
128 53 0.11512870886675636
129 76 0.12559969222052958
129 62 0.32053307589735147
129 89 0.2693367524912577
129 88 0.5406167928344315
129 63 0.19145642695512236
129 77 0.16124309493631372
129 49 0.17458627626791856
129 61 0.17652838249828212
129 75 0.13950072551706016
129 74 0.23776735455383272
129 60 0.13696685598467423
129 48 0.2244319110639191
129 64 0.24652083627421068
129 70 0.4008622562153931
129 58 0.7265497271771638
129 59 0.14675129664357422
129 71 0.17905659595465012
129 65 0.18845649219985142
129 73 0.15257847134823307
129 67 0.5029045330429534
129 66 0.41251451814662093
129 72 0.15038248327399764
129 57 0.6777220270456424
129 94 0.6824195785183205
129 80 0.18750139496598586
129 81 0.42309868885835816
129 95 0.24296721450755093
129 56 0.3472882877983475
129 68 0.7190621289515428
129 54 0.3084720136775107
129 83 0.1745615465401935
129 82 0.45767253949646947
129 55 0.21475867025270912
129 69 0.5049091551578385
129 51 0.1773731961866189
129 79 0.21795844729654204
129 86 0.1432426964161349
129 92 0.6786919391230766
129 93 0.6151368004943116
129 87 0.49753511284353
129 78 0.4847635792401871
129 50 0.1269333856449551
129 52 0.15226503229181704
129 46 0.3185580096427057
129 91 0.5992657973941034
129 85 0.5718793928446615
129 84 0.1892088159951343
129 90 0.5811052814961553
129 47 0.2556220987295289
129 53 0.2048896454273894
101 76 0.09077317895832471
101 62 0.19536455984883558
101 89 0.19069038262793625
101 88 0.22712613320368785
101 63 0.1390653076736121
101 77 0.18443781859372882
101 49 0.19754554537027996
101 61 0.1436409949946242
101 75 0.11963647760947102
101 74 0.0910513969070863
101 60 0.12239520074834966
101 48 0.14712974150065322
101 64 0.13349632656715946
101 70 0.13894993580439904
101 58 0.10776970218367049
101 59 0.15125134663836304
101 71 0.2512896675216355
101 65 0.1321895552506389
101 73 0.1366927486823027
101 67 0.2458088198857851
101 66 0.17164141761352047
101 72 0.10453395801476995
101 57 0.3017696122228513
101 94 0.24004931101031168
101 80 0.2733792622962145
101 81 0.22852994115898845
101 95 0.05004092403544133
101 56 0.23605280695652356
101 68 0.28271456743483664
101 54 0.10832654049057422
101 83 0.1242602277939948
101 82 0.1681000836058481
101 55 0.1633182254181344
101 69 0.15818303192944705
101 51 0.16778550687529148
101 79 0.22566101379904596
101 86 0.19920429985738342
101 92 0.2450943539814923
101 93 0.2244183417989536
101 87 0.2106768733375213
101 78 0.1851099605538807
101 50 0.208406998724485
101 52 0.10181412822353883
101 46 0.19449424854651665
101 91 0.2891409590567199
101 85 0.21068255725673896
101 84 0.15014578525912572
101 90 0.2156547141813907
101 47 0.08007300534622666
101 53 0.09933733495476818
115 76 0.10069949239395673
115 62 0.08253977064242493
115 89 0.15152811378055994
115 88 0.1248811891980185
115 63 0.07635392557718174
115 77 0.11358266809242507
115 49 0.08961909072486574
115 61 0.11643243886366442
115 75 0.12422642531618788
115 74 0.2318957100456339
115 60 0.10911639837535222
115 48 0.11139013282485893
115 64 0.20061358132204568
115 70 0.09094575018013126
115 58 0.1274781861412354
115 59 0.13565084473110978
115 71 0.1347282007410931
115 65 0.088137891208207
115 73 0.06446066939875014
115 67 0.1426674737358542
115 66 0.30149168100601587
115 72 0.22502043727209983
115 57 0.12804304184133544
115 94 0.2357423521416997
115 80 0.13360112592520068
115 81 0.12463519880132905
115 95 0.14237202727606452
115 56 0.307444956930566
115 68 0.19747237774986154
115 54 0.15744809469763899
115 83 0.2184656633217583
115 82 0.1471834834058426
115 55 0.20185398839515972
115 69 0.14043756054347362
115 51 0.15337802149151186
115 79 0.1326889534338786
115 86 0.13830965708467047
115 92 0.23409469111776326
115 93 0.2260343941950119
115 87 0.19860130162938747
115 78 0.13906011089359188
115 50 0.1098066333420393
115 52 0.8381720429739069
115 46 0.5796682673275976
115 91 0.20719256771051617
115 85 0.21917025564586018
115 84 0.09052270112831387
115 90 0.2262080034236432
115 47 0.3748571372532566
115 53 0.317532490264133
103 76 0.12659125252668835
103 62 0.26853400234240066
103 89 0.15569824395334325
103 88 0.20936870552123707
103 63 0.1797374924988977
103 77 0.16920525924209406
103 49 0.15548850833500588
103 61 0.15672602708365146
103 75 0.15217721285005584
103 74 0.1545794119066774
103 60 0.12996613231000465
103 48 0.1512629198202886
103 64 0.16555589464727333
103 70 0.30986981260624624
103 58 0.8540568697069939
103 59 0.15989095115208676
103 71 0.15551602038953935
103 65 0.16683381811942855
103 73 0.16052261219175668
103 67 0.23652693764578772
103 66 0.382498128715908
103 72 0.15413637145287673
103 57 0.4023210775487922
103 94 0.24791250688904495
103 80 0.15566586365738128
103 81 0.29025772513571546
103 95 0.17878943445573942
103 56 0.1898499232985978
103 68 0.40666996594759397
103 54 0.16312310165264932
103 83 0.15394412063801077
103 82 0.21266995139961814
103 55 0.12268945542254894
103 69 0.33346304794981757
103 51 0.12346629431917451
103 79 0.1262233236036005
103 86 0.12076720809312137
103 92 0.23741080457435346
103 93 0.23304508964027626
103 87 0.16106716856527317
103 78 0.26714014108398465
103 50 0.15372344581629516
103 52 0.138056319071469
103 46 0.20816939486462704
103 91 0.2339373533822747
103 85 0.1995986272424743
103 84 0.1731778875417566
103 90 0.20363519566576263
103 47 0.16703983144319812
103 53 0.1573003484843724
117 76 0.2720349818084735
117 62 0.30917248167191747
117 89 0.10935970654219176
117 88 0.11481124860545563
117 63 0.14887622410161272
117 77 0.4138636943570094
117 49 0.2845224909128893
117 61 0.16128617615564542
117 75 0.6586257710443968
117 74 0.456440421189683
117 60 0.1169980318400747
117 48 0.48363887761887414
117 64 0.2231803327799718
117 70 0.27697189777459374
117 58 0.6968601969749355
117 59 0.1239579402234088
117 71 0.1513022143055434
117 65 0.10860160806570585
117 73 0.519854159823114
117 67 0.1945388072337812
117 66 0.1424614511841272
117 72 0.21319385724470813
117 57 0.3016759449734389
117 94 0.28235328723731073
117 80 0.1507562927072899
117 81 0.2816344771117698
117 95 0.22332090123103787
117 56 0.3109234662990471
117 68 0.3119743867386345
117 54 0.17236917838989052
117 83 0.7083632375502932
117 82 0.16638153057452068
117 55 0.18216405115094075
117 69 0.3355658775850926
117 51 0.21077764843670457
117 79 0.4473105868945973
117 86 0.08226671217035564
117 92 0.28036823409962736
117 93 0.2609357891365623
117 87 0.3468333469243551
117 78 0.3593636241070475
117 50 0.09046095784597444
117 52 0.130944237719906
117 46 0.4088827115099859
117 91 0.2878150902732939
117 85 0.2686517351473434
117 84 0.16487400220798187
117 90 0.28481259887877675
117 47 0.13261072208838975
117 53 0.12618675242415633
116 76 0.17564915409978446
116 62 0.32354716657870647
116 89 0.214331107512655
116 88 0.4416003690981495
116 63 0.18842917348331123
116 77 0.1314694371645217
116 49 0.1729801563284885
116 61 0.22977918478617956
116 75 0.16167192843264494
116 74 0.15275341026317474
116 60 0.16507259125480223
116 48 0.15248602497130137
116 64 0.1872740581354683
116 70 0.5617372606363431
116 58 0.9089027139818463
116 59 0.24308668332208405
116 71 0.13579836597101488
116 65 0.16252290869736608
116 73 0.15511265680696484
116 67 0.4074413848123813
116 66 0.42657188037962385
116 72 0.17398327481393594
116 57 0.6098756994684986
116 94 0.5586139672946654
116 80 0.13904254291289597
116 81 0.4576641025686179
116 95 0.192517727740555
116 56 0.43614065764143417
116 68 0.6247383802513135
116 54 0.17028103260609526
116 83 0.3741015245460826
116 82 0.5445469072664274
116 55 0.2904527606376663
116 69 0.45570772156601724
116 51 0.12288014850818128
116 79 0.19615167038093245
116 86 0.17512855958171128
116 92 0.532511935534044
116 93 0.5116641151576586
116 87 0.3239307217818486
116 78 0.40239895648666923
116 50 0.19212774601082505
116 52 0.10992685588504184
116 46 0.43729170190739786
116 91 0.48394321605840274
116 85 0.4208907724856745
116 84 0.2359621057610531
116 90 0.4342561905918314
116 47 0.18989098713456104
116 53 0.12542063275483967
102 76 0.13195346203214148
102 62 0.1804064848123873
102 89 0.14825768058399863
102 88 0.16550095536044376
102 63 0.15459782759281265
102 77 0.13060079175844566
102 49 0.12952072094069017
102 61 0.10510216463022706
102 75 0.11621370857543281
102 74 0.10608722276323054
102 60 0.13172126418251787
102 48 0.12033282526479
102 64 0.1138681981792142
102 70 0.23775208098458184
102 58 0.48735698087175483
102 59 0.14505951001592005
102 71 0.1445218154664667
102 65 0.0942533896213098
102 73 0.11230624835097466
102 67 0.1723223108010949
102 66 0.15171083127228827
102 72 0.14211613564229908
102 57 0.2323821291402216
102 94 0.15956692085577212
102 80 0.14866417667996495
102 81 0.1779836161082263
102 95 0.10619446904918964
102 56 0.14886393195288863
102 68 0.25457407589436615
102 54 0.1200857088380835
102 83 0.14605571935900563
102 82 0.07364018932867208
102 55 0.14676248840389677
102 69 0.20330734863656155
102 51 0.10957772245097638
102 79 0.13156028800914724
102 86 0.13806215336796238
102 92 0.15665225995566806
102 93 0.15934858114677775
102 87 0.17161678928159319
102 78 0.1510668127509582
102 50 0.12527868449442178
102 52 0.10857508569247376
102 46 0.13559966497840115
102 91 0.1643740413951651
102 85 0.1618276940781692
102 84 0.10367251163008243
102 90 0.16210168230293132
102 47 0.17501894518407551
102 53 0.12711296241578482
106 76 0.15816974227689362
106 62 0.1649198251953579
106 89 0.1256910516422946
106 88 0.201306600706896
106 63 0.1046984979162835
106 77 0.09192562032874316
106 49 0.146245459241677
106 61 0.13808097310572276
106 75 0.10965776300814434
106 74 0.12045398668520943
106 60 0.13448052684915893
106 48 0.14966593240308143
106 64 0.13180473360600886
106 70 0.23145135701096242
106 58 0.5102894313754092
106 59 0.1424919672144428
106 71 0.1536570275892898
106 65 0.11395571669561175
106 73 0.11501150776873403
106 67 0.180000700417129
106 66 0.16576885814597125
106 72 0.2348467420823689
106 57 0.2703940237403294
106 94 0.17514326565401808
106 80 0.15133136234961445
106 81 0.2177868851156336
106 95 0.17545450913838062
106 56 0.20388026734067205
106 68 0.2860453391206608
106 54 0.14305830180312956
106 83 0.12387080418411318
106 82 0.14027645204765304
106 55 0.22958089454098046
106 69 0.2448905643635828
106 51 0.13731629673744533
106 79 0.15558936134645995
106 86 0.1465904536497591
106 92 0.19034200087614986
106 93 0.18464209255948005
106 87 0.21276995011482708
106 78 0.17999906519557574
106 50 0.12070078189642444
106 52 0.13965588095225806
106 46 0.14281406180420694
106 91 0.11647872895195324
106 85 0.1924154642116036
106 84 0.11736747370331577
106 90 0.19305254441099273
106 47 0.20752845339630127
106 53 0.14777148746720742
112 76 0.15867856797865781
112 62 0.25249929264544785
112 89 0.1818306006079971
112 88 0.2480033187855518
112 63 0.1853762339870334
112 77 0.13059061770230046
112 49 0.1482819922483076
112 61 0.14577610231927923
112 75 0.14530222185251712
112 74 0.14842049481580932
112 60 0.14765284757778951
112 48 0.15210918025700518
112 64 0.17410626674343382
112 70 0.26421168353205926
112 58 0.6373442542453478
112 59 0.1644828791826486
112 71 0.147202886888229
112 65 0.15712381773145073
112 73 0.13468663312582366
112 67 0.22339798684266962
112 66 0.20878788426973255
112 72 0.1354513613670926
112 57 0.3709292791599613
112 94 0.22368840897663542
112 80 0.15172105342777328
112 81 0.24775781596873517
112 95 0.16787450294608192
112 56 0.2842500157313429
112 68 0.3612901869299168
112 54 0.16368830131004458
112 83 0.17839364233310828
112 82 0.14253213944693494
112 55 0.36630471702297107
112 69 0.29782512358036217
112 51 0.1387783510956385
112 79 0.16334926684549447
112 86 0.15938684518431157
112 92 0.23669016855610067
112 93 0.22354878877753448
112 87 0.22961724801112648
112 78 0.2438952768319019
112 50 0.15094584879945883
112 52 0.14804576529392688
112 46 0.19108949011244505
112 91 0.2354225461174784
112 85 0.209405163280671
112 84 0.11036600124637935
112 90 0.21376687604886252
112 47 0.18824241298126698
112 53 0.14447545634397524
113 76 0.1550063783490313
113 62 0.28422919684291037
113 89 0.23794747537739439
113 88 0.5115921122551745
113 63 0.18365933735931983
113 77 0.21359297275929076
113 49 0.18555620077451587
113 61 0.17158845124218458
113 75 0.1502156114591432
113 74 0.1010359600709802
113 60 0.13540960810806757
113 48 0.1614064654541329
113 64 0.1830270327882932
113 70 0.44103623927227686
113 58 0.5092712728273515
113 59 0.1580942977926642
113 71 0.18520961545141007
113 65 0.15095365299145666
113 73 0.1606136972234137
113 67 0.44124173440488523
113 66 0.38506983323893085
113 72 0.17223268896273147
113 57 0.404980321015983
113 94 0.6208035021596526
113 80 0.1851356180037647
113 81 0.39650626424395763
113 95 0.2572218274872321
113 56 0.46766223701394116
113 68 0.6722339317466728
113 54 0.21382962601983857
113 83 0.32096921105667414
113 82 0.24839085962980734
113 55 0.3058771714111385
113 69 0.49511183511334567
113 51 0.1342290145732879
113 79 0.2585980951358769
113 86 0.12427128737135183
113 92 0.6162581756495925
113 93 0.5575279370552492
113 87 0.40620514342675407
113 78 0.46346794560232046
113 50 0.20068589771778017
113 52 0.1510240251636156
113 46 0.42095072926158084
113 91 0.4886012112060121
113 85 0.517097900157969
113 84 0.21251217693839186
113 90 0.5232613220737085
113 47 0.19942176167221753
113 53 0.14900546237782616
107 76 0.12495226457353
107 62 0.1822887142571799
107 89 0.11887542645733615
107 88 0.22004748206355318
107 63 0.12304252505188862
107 77 0.07723195927590842
107 49 0.13031407444122928
107 61 0.1043114308462908
107 75 0.0901502429536489
107 74 0.07594011953539193
107 60 0.12756921132739835
107 48 0.10955548519367575
107 64 0.12374647695174663
107 70 0.13572978611426711
107 58 0.07419698491717988
107 59 0.120512140551059
107 71 0.11378269644473601
107 65 0.10509103005460274
107 73 0.11466329351942564
107 67 0.20679381606574015
107 66 0.26229170565864374
107 72 0.06508674149458882
107 57 0.19280656156114
107 94 0.13823181919649158
107 80 0.11805720280781268
107 81 0.12641993045878103
107 95 0.13341205577771922
107 56 0.649517732079122
107 68 0.5176447326822949
107 54 0.10329116990022169
107 83 0.1499152076535326
107 82 0.0986948924584978
107 55 0.1561756957541687
107 69 0.1432256815262109
107 51 0.07373926174304418
107 79 0.12416442378805718
107 86 0.116286494588034
107 92 0.15405620579014043
107 93 0.16488684303091516
107 87 0.16977978465664478
107 78 0.12164046123280635
107 50 0.12182657764835404
107 52 0.0787401309659011
107 46 0.1392300632889534
107 91 0.11042099991381299
107 85 0.13382231129809247
107 84 0.10292960504101031
107 90 0.13346153211463654
107 47 0.06972258684377095
107 53 0.07395115594183488
139 76 0.22901841335607614
139 62 0.1342914410990798
139 89 0.16864520336778688
139 88 0.3165606347187145
139 63 0.15006252301449635
139 77 0.12203836691817033
139 49 0.14473305277940743
139 61 0.2022912904463966
139 75 0.11668429574184547
139 74 0.18558020717144583
139 60 0.13911298518299892
139 48 0.12651162758910667
139 64 0.14161330374125125
139 70 0.26129267453716953
139 58 0.12051699224241377
139 59 0.1964032687669871
139 71 0.14656424660720307
139 65 0.13209072643838027
139 73 0.11452968912499958
139 67 0.24209955644965814
139 66 0.39344242917005323
139 72 0.12791942441280632
139 57 0.30744841340760043
139 94 0.38632101801492835
139 80 0.14701627680663037
139 81 0.21554092608166037
139 95 0.12583898766325527
139 56 0.19845722656694428
139 68 0.35231314429878857
139 54 0.1753561438463057
139 83 0.13978380666612417
139 82 0.17490979153618666
139 55 0.1686082477121652
139 69 0.23298145241266988
139 51 0.13728611888021058
139 79 0.18371868183179507
139 86 0.1540864244064035
139 92 0.39492946382954874
139 93 0.3614586732207099
139 87 0.2866327847175465
139 78 0.23725881503859697
139 50 0.15790294576765623
139 52 0.17647609275371373
139 46 0.22009732324237863
139 91 0.3352156049818875
139 85 0.35319891400011477
139 84 0.1217215627720015
139 90 0.35102270798764235
139 47 0.1484426524970262
139 53 0.12329450381425282
111 76 0.21355141352872495
111 62 0.3377127109283091
111 89 0.2933045645416143
111 88 0.42446446275179806
111 63 0.23785653645250449
111 77 0.16441387405088692
111 49 0.18661970702964795
111 61 0.18420417573641656
111 75 0.19620242973819724
111 74 0.2132247974510907
111 60 0.19463632009192916
111 48 0.18938595681311154
111 64 0.2369303717325338
111 70 0.4910064348926372
111 58 0.6500671716562605
111 59 0.21484260509718897
111 71 0.18557241422460005
111 65 0.19525197159343788
111 73 0.1936813653682638
111 67 0.47845624245769613
111 66 0.3942948376147495
111 72 0.1681793694545867
111 57 0.5052552398769281
111 94 0.5134946650096801
111 80 0.1901143701607293
111 81 0.3548702356703113
111 95 0.25630645526739226
111 56 0.3897717155959762
111 68 0.7174670145046133
111 54 0.2309035595304569
111 83 0.21783562306870521
111 82 0.21297327029231167
111 55 0.4348176722828613
111 69 0.6064626038101548
111 51 0.1851110606051637
111 79 0.2347447394327409
111 86 0.14625982344081384
111 92 0.530350022700083
111 93 0.4816089519202917
111 87 0.4161696406775871
111 78 0.5933443737618462
111 50 0.25088269000265845
111 52 0.19323682364843223
111 46 0.26499814521686166
111 91 0.5055253787964604
111 85 0.4318952927797377
111 84 0.17468574049590618
111 90 0.4486167036150965
111 47 0.24067349222879908
111 53 0.17975154148240508
105 76 0.1518085503559981
105 62 0.16645230893345297
105 89 0.1437043349854804
105 88 0.21373032909606762
105 63 0.128110573094663
105 77 0.12228501224716685
105 49 0.25729389017839277
105 61 0.15188329453291238
105 75 0.1316526887022933
105 74 0.16771305362147415
105 60 0.15485890886669137
105 48 0.20223598339800514
105 64 0.1565785083230993
105 70 0.18869135112862206
105 58 0.14811720366969022
105 59 0.15820811260385986
105 71 0.41632185319946213
105 65 0.14444465251674904
105 73 0.13500564744230537
105 67 0.3213187236844026
105 66 0.2640419240130737
105 72 0.14540718831536364
105 57 0.4395092916097485
105 94 0.21323967669905328
105 80 0.43405989627044694
105 81 0.18778310227069328
105 95 0.17755840404259085
105 56 0.42102646933552823
105 68 0.4889689399393433
105 54 0.1639522419824533
105 83 0.26140276848111377
105 82 0.16614370730984296
105 55 0.16868989411702456
105 69 0.25444010570834746
105 51 0.20624636716362954
105 79 0.17484064959434542
105 86 0.2759551738593467
105 92 0.2133599826953279
105 93 0.20229411973243072
105 87 0.23461686729505365
105 78 0.25261944788584584
105 50 0.24297770960079476
105 52 0.13361363174275356
105 46 0.1723055049683455
105 91 0.18601609835441843
105 85 0.22576011039182914
105 84 0.1470258575639828
105 90 0.2140660908843972
105 47 0.17642263765923366
105 53 0.13263998100638635
104 76 0.14196219078386457
104 62 0.22959605433171126
104 89 0.11079107194888563
104 88 0.18703046958042885
104 63 0.16544890430541076
104 77 0.10098941923984098
104 49 0.1550203251099112
104 61 0.1261038001489728
104 75 0.13257944583291204
104 74 0.12792261084120055
104 60 0.12477216200498821
104 48 0.14411256107132184
104 64 0.13214349547012338
104 70 0.31622890645522295
104 58 0.8945807798703714
104 59 0.13889478708981268
104 71 0.16202176676876767
104 65 0.1040846790141535
104 73 0.13340815832227637
104 67 0.1890365754848713
104 66 0.1763512035190573
104 72 0.176663505085421
104 57 0.3393585982878785
104 94 0.19236055400776703
104 80 0.1594657905590044
104 81 0.25934501830406614
104 95 0.16928911620037532
104 56 0.14242786250850636
104 68 0.3306596105265489
104 54 0.14165574804893197
104 83 0.12283753829972895
104 82 0.09396139685170135
104 55 0.22881832764289362
104 69 0.31707806483905265
104 51 0.10528291812588542
104 79 0.12647011726217713
104 86 0.11354104037504009
104 92 0.1921279824277538
104 93 0.1883746468856925
104 87 0.17602461008776982
104 78 0.2086276590809534
104 50 0.1416909594321905
104 52 0.11210869623560196
104 46 0.12684685032191728
104 91 0.15027131855865955
104 85 0.1821563452374017
104 84 0.13873062154994634
104 90 0.18273512699316458
104 47 0.20345140257850902
104 53 0.14906148123709034
110 76 0.03393577522032981
110 62 0.30368481972376105
110 89 0.29379100003058656
110 88 0.49255308415219234
110 63 0.1045625223413828
110 77 0.38059121489709924
110 49 0.13070284977880983
110 61 0.13198855231494877
110 75 0.14056049244755997
110 74 0.151658449119925
110 60 0.18609257270237192
110 48 0.1809685796279718
110 64 0.14576356036886934
110 70 0.27738843412289577
110 58 0.47337607829476314
110 59 0.12203419084743175
110 71 0.29048594803839733
110 65 0.15516122256956727
110 73 0.12889675423129368
110 67 0.2678033935468437
110 66 0.229158272185677
110 72 0.2749361912544318
110 57 0.33560780011756686
110 94 0.337229503368366
110 80 0.2961084183500926
110 81 0.4523167670581452
110 95 0.18150074242194236
110 56 0.281311398426496
110 68 0.48816009878216027
110 54 0.19787000570236996
110 83 0.10258599910445287
110 82 0.35519260244920037
110 55 0.19906147192832196
110 69 0.46356286149829123
110 51 0.15601147060505166
110 79 0.2721776198904252
110 86 0.08361621389590695
110 92 0.3685436074808045
110 93 0.4762953794276004
110 87 0.28919704209807107
110 78 0.37442161302814647
110 50 0.10883636115475226
110 52 0.11044780864744752
110 46 0.2760952043009239
110 91 0.3552229404168785
110 85 0.3577706287812773
110 84 0.10457654436626365
110 90 0.35496038320207446
110 47 0.15046565461580547
110 53 0.13939909118232754
138 76 0.1717749820989603
138 62 0.253707047748056
138 89 0.19705799359488496
138 88 0.36578006946368624
138 63 0.15798363097159634
138 77 0.22832841951496774
138 49 0.17896066005187589
138 61 0.17847206537294613
138 75 0.1412075814435479
138 74 0.17963038955479677
138 60 0.16145593911614578
138 48 0.202203128400102
138 64 0.1721068037063163
138 70 0.35209916304463446
138 58 0.30313414937503325
138 59 0.16277311285181018
138 71 0.17203058599456267
138 65 0.16096280892919274
138 73 0.1484813936254044
138 67 0.3471599486960805
138 66 0.4374265859988833
138 72 0.269019014982064
138 57 0.4217944486923786
138 94 0.4341068525089813
138 80 0.1764397715930246
138 81 0.3389214113941684
138 95 0.18300819308526223
138 56 0.2959498748861078
138 68 0.5752533582092725
138 54 0.18877646650496394
138 83 0.17633588346939777
138 82 0.2876201587596746
138 55 0.14780338467015652
138 69 0.3301017742977038
138 51 0.12682221157056145
138 79 0.14705460430715125
138 86 0.18065534673772093
138 92 0.42970323468488447
138 93 0.40733765230110774
138 87 0.3214504558706586
138 78 0.3541333921534684
138 50 0.10880402009597923
138 52 0.1205991134435534
138 46 0.2544455316094769
138 91 0.3951321184944833
138 85 0.3483638064011827
138 84 0.1941629745535592
138 90 0.36004743013580254
138 47 0.26154254884977124
138 53 0.24312602931430347
140 76 0.25443279958877735
140 62 0.16944330666535742
140 89 0.15269453870491498
140 88 0.19461046740423218
140 63 0.18184570051737226
140 77 0.1352731066210885
140 49 0.2070459015035108
140 61 0.13713388916492603
140 75 0.1321607914851149
140 74 0.09625006825973356
140 60 0.08848334239627811
140 48 0.15692637193605505
140 64 0.1353794178272162
140 70 0.31224178681215514
140 58 0.14575845545534272
140 59 0.19848399284670426
140 71 0.1388172896636939
140 65 0.10073025335832397
140 73 0.1573637659248451
140 67 0.25737947307553
140 66 0.3467473365663105
140 72 0.08403343290462612
140 57 0.30478155281218466
140 94 0.30282942042322203
140 80 0.1389678840100979
140 81 0.2622310743305446
140 95 0.17203356363983485
140 56 0.16630180896420432
140 68 0.3554189548482102
140 54 0.15489627577957973
140 83 0.13859372791686858
140 82 0.22121689116687224
140 55 0.17925150612320662
140 69 0.3376194426724034
140 51 0.12017601103800252
140 79 0.137046632171719
140 86 0.07389241301290297
140 92 0.3082318378597415
140 93 0.27132790590362693
140 87 0.2559769113301331
140 78 0.37349583466121716
140 50 0.2094004678937704
140 52 0.06748396153817457
140 46 0.12486899127002409
140 91 0.2845636582176845
140 85 0.2523753036153568
140 84 0.1633201984308194
140 90 0.2608999939647395
140 47 0.16441179759454383
140 53 0.14944927378193618
135 76 0.2250156105357648
135 62 0.386840177102143
135 89 0.17874676821233165
135 88 0.319511303064837
135 63 0.2114289332298264
135 77 0.3401196337791605
135 49 0.41875463052380324
135 61 0.15087145138592709
135 75 0.4392120559322975
135 74 0.3026924469597496
135 60 0.12579840387071678
135 48 0.44716945449057344
135 64 0.17121569572374115
135 70 0.285276969155199
135 58 0.2142849684590917
135 59 0.12129495309981274
135 71 0.31975640837647135
135 65 0.12273603800261405
135 73 0.356115951567813
135 67 0.39632928432805065
135 66 0.23996461864389124
135 72 0.14763575905325474
135 57 0.4413811603752822
135 94 0.40038528390675243
135 80 0.33843863910211275
135 81 0.3599752643246478
135 95 0.23166845681700476
135 56 0.4318152829260501
135 68 0.5500073942119215
135 54 0.20858556919460983
135 83 0.6774995920668697
135 82 0.11827098177782361
135 55 0.22800481980247092
135 69 0.3296761520631605
135 51 0.2225043761840857
135 79 0.2638715827263308
135 86 0.20276691492949336
135 92 0.4096868620657847
135 93 0.3604637690467859
135 87 0.38271143055844487
135 78 0.3922771013772399
135 50 0.23743747874328378
135 52 0.05573483120861478
135 46 0.45678873576196455
135 91 0.4206775316088056
135 85 0.38270266015686416
135 84 0.2672535836946055
135 90 0.38052163915696435
135 47 0.30485033841028225
135 53 0.3814551182916698
121 76 0.17030212031131992
121 62 0.2592480423177338
121 89 0.23790945056156962
121 88 0.4339842531801244
121 63 0.24968062052179718
121 77 0.18943648370126048
121 49 0.21544937791832225
121 61 0.13930106234234638
121 75 0.1130940900122428
121 74 0.1754209407491737
121 60 0.15372288018585073
121 48 0.20719771660932723
121 64 0.20088458469386433
121 70 0.23444515031327412
121 58 0.14763258476075153
121 59 0.1326192771664931
121 71 0.43163304051179796
121 65 0.1764907558954024
121 73 0.10842487720132332
121 67 0.4806178911474093
121 66 0.2774517957732469
121 72 0.14818736302182864
121 57 0.5288965591957779
121 94 0.6610970558205386
121 80 0.46568644580447016
121 81 0.2852807135300505
121 95 0.17748831002794724
121 56 0.32557537647372764
121 68 0.516699487510788
121 54 0.2125791902446298
121 83 0.4232518858544097
121 82 0.191739358566338
121 55 0.29453806878290023
121 69 0.480657680739778
121 51 0.20478561640581555
121 79 0.1948282256063667
121 86 0.23379895813739995
121 92 0.5263126087684509
121 93 0.4347664164686861
121 87 0.3576588113558114
121 78 0.5851224405187389
121 50 0.2254516569261462
121 52 0.10373927777641928
121 46 0.28071997220630107
121 91 0.46366883337512255
121 85 0.39615842256155387
121 84 0.11495686240576683
121 90 0.41651610931511424
121 47 0.2866955069101437
121 53 0.12700070840091274
109 76 0.17399979031291762
109 62 0.24939160724432852
109 89 0.11208661971133624
109 88 0.24335751892847432
109 63 0.20664380623933504
109 77 0.23273029440364681
109 49 0.20091858021298348
109 61 0.15666281333508325
109 75 0.12658378757236038
109 74 0.23308886091366238
109 60 0.10270513689547744
109 48 0.14547266361848754
109 64 0.18083572584597873
109 70 0.37892586282806806
109 58 0.5484745303200886
109 59 0.10749986416581817
109 71 0.11981884852297398
109 65 0.15519118167329132
109 73 0.08607353033036502
109 67 0.29641723698531586
109 66 0.22226309044109593
109 72 0.23491148301933434
109 57 0.41046346870643435
109 94 0.3949914396735183
109 80 0.11879940493545246
109 81 0.4337674344823426
109 95 0.19456115783485994
109 56 0.1434014349873659
109 68 0.48463494046334077
109 54 0.13261034173779973
109 83 0.13271582739024934
109 82 0.139424448565107
109 55 0.19631029224468405
109 69 0.4209792859840915
109 51 0.07103027136818393
109 79 0.15536411556315277
109 86 0.1287783592303186
109 92 0.380966532761843
109 93 0.3520562729053608
109 87 0.29379425365088896
109 78 0.46543074611330926
109 50 0.20821333264105923
109 52 0.13209968776563175
109 46 0.2821327971741379
109 91 0.3724727663481352
109 85 0.3613957555203708
109 84 0.7280173608201713
109 90 0.36886724209006283
109 47 0.0962004844619389
109 53 0.10817287546294085
108 76 0.23203246199012842
108 62 0.3589002857462772
108 89 0.2628544269596382
108 88 0.48218578439978943
108 63 0.2854031031441008
108 77 0.2252180941599198
108 49 0.1836215898613129
108 61 0.20913212972279338
108 75 0.2104332303687085
108 74 0.24074507104388976
108 60 0.19493995495815752
108 48 0.1973351641834074
108 64 0.24151323598965482
108 70 0.4328715480166636
108 58 0.7836351523752253
108 59 0.18481634402913963
108 71 0.2095033562123682
108 65 0.19458212017801882
108 73 0.20748206565275396
108 67 0.42828673750750856
108 66 0.41188978312733915
108 72 0.22442089811933041
108 57 0.5623108521641024
108 94 0.5511198252398131
108 80 0.21749121781670946
108 81 0.45265884554856317
108 95 0.2574782966929251
108 56 0.41678916155067963
108 68 0.756436261304275
108 54 0.2893804922519335
108 83 0.2062005422486744
108 82 0.2567076866700415
108 55 0.375362956031578
108 69 0.5209515529089903
108 51 0.19675030264777527
108 79 0.3257543468660705
108 86 0.15144242939408237
108 92 0.5549702942882729
108 93 0.49882103728605276
108 87 0.4393538218803811
108 78 0.46537360156412466
108 50 0.24427658730382176
108 52 0.17484939012858536
108 46 0.3091101816049894
108 91 0.51622923215286
108 85 0.4499001115561023
108 84 0.195087023219734
108 90 0.45662319842291405
108 47 0.23530750824587876
108 53 0.18450974651152433
120 76 0.10180748529378456
120 62 0.19170218797423147
120 89 0.1578621612890493
120 88 0.27865639528472663
120 63 0.08267764086971127
120 77 0.36573553399778824
120 49 0.0959771751897984
120 61 0.07562741514813529
120 75 0.1679400722402027
120 74 0.11121718927190288
120 60 0.10700931421925544
120 48 0.1210827986178656
120 64 0.1414243587660426
120 70 0.18605245894662029
120 58 0.1152502471265317
120 59 0.1527632265997026
120 71 0.15335811630897705
120 65 0.07454981679164155
120 73 0.11507578448324934
120 67 0.26124981542989184
120 66 0.25914904849319575
120 72 0.12452190829944108
120 57 0.16706742705156707
120 94 0.3297100053594469
120 80 0.15444955420687495
120 81 0.19330626276944296
120 95 0.10007256830337058
120 56 0.1930632496220645
120 68 0.26897751080351395
120 54 0.14535366677766454
120 83 0.13416659529739516
120 82 0.13367912632061568
120 55 0.3699422112419146
120 69 0.20070048447231714
120 51 0.18018721405309873
120 79 0.13174307757694537
120 86 0.12051458382991792
120 92 0.3125715610887648
120 93 0.2944936836533353
120 87 0.25277414043465113
120 78 0.24717028195275365
120 50 0.16788898718590167
120 52 0.06898761320134564
120 46 0.14732200470269047
120 91 0.27966585338563055
120 85 0.26395122073845817
120 84 0.15647638139729034
120 90 0.26212157202143355
120 47 0.16779029038756033
120 53 0.5263918231583212
134 76 0.25584205748325495
134 62 0.19558900501662946
134 89 0.12392538367417377
134 88 0.21784308954071865
134 63 0.13203939513551524
134 77 0.13039424242598063
134 49 0.38276808669388
134 61 0.11108175364350437
134 75 0.474267927043483
134 74 0.21757984473205003
134 60 0.15973176781420562
134 48 0.3870072066180248
134 64 0.18409008463510548
134 70 0.22666345290170156
134 58 0.19475427094030417
134 59 0.11387716631800285
134 71 0.4953421998585227
134 65 0.07873017792227857
134 73 0.38481483104489767
134 67 0.3587400268020594
134 66 0.19406702794010927
134 72 0.1693236650662976
134 57 0.4427573835996766
134 94 0.2920884225935229
134 80 0.5266362564895375
134 81 0.05004898697312746
134 95 0.22373114985683037
134 56 0.1239317717906474
134 68 0.41557220661073524
134 54 0.19914737816150246
134 83 0.4161269731654398
134 82 0.08184078789725474
134 55 0.30889297587026965
134 69 0.21891818710615352
134 51 0.2201296386205685
134 79 0.0752074593306957
134 86 0.21942228410453946
134 92 0.19014260826962423
134 93 0.20582572839485305
134 87 0.18615891638081683
134 78 0.19830540501972313
134 50 0.208373563206455
134 52 0.6643775124225011
134 46 0.23251083317537485
134 91 0.12937571478048787
134 85 0.1762387484622337
134 84 0.17640902788293178
134 90 0.1565177863866869
134 47 0.39014807012486163
134 53 0.5854324057213107
122 76 0.1646867413880057
122 62 0.09629051598961147
122 89 0.20654615886252647
122 88 0.20780129414153342
122 63 0.23902185278770027
122 77 0.1829475006732818
122 49 0.3491767677297698
122 61 0.12395831620448512
122 75 0.11080743953018879
122 74 0.22167566131377292
122 60 0.11703036309138062
122 48 0.19727815565021198
122 64 0.146056286538735
122 70 0.2726304524819566
122 58 0.1950247860045931
122 59 0.14343878966833806
122 71 0.6649794744461172
122 65 0.10034185310276003
122 73 0.09136734201805716
122 67 0.5665784090755135
122 66 0.3019012262902212
122 72 0.11480030114601716
122 57 0.6064107157693486
122 94 0.38950800153868925
122 80 0.7041156326442268
122 81 0.2307271733443131
122 95 0.10363483223919304
122 56 0.17614899325743205
122 68 0.5765507134479037
122 54 0.15033087786494065
122 83 0.412484040868489
122 82 0.1523369550015135
122 55 0.15198125058016665
122 69 0.355523581052668
122 51 0.26500152234351054
122 79 0.151791195446903
122 86 0.3839209978959587
122 92 0.4239298055542155
122 93 0.39044861134000697
122 87 0.2952822967238681
122 78 0.39767132181836823
122 50 0.38059077016145904
122 52 0.14482358225035713
122 46 0.21292324017139214
122 91 0.37728909681743106
122 85 0.6568431498230479
122 84 0.1979527680864515
122 90 0.6144587755836171
122 47 0.1381512149847452
122 53 0.14568419254936532
136 76 0.04564495594100362
136 62 0.17888746708892977
136 89 0.18452018462703768
136 88 0.220625552124494
136 63 0.2067655574416283
136 77 0.36755906392965343
136 49 0.309492572145202
136 61 0.13988904267542035
136 75 0.08671984843085281
136 74 0.08609571800663335
136 60 0.13597911221014042
136 48 0.2873140900037831
136 64 0.1004038722257545
136 70 0.19659596750871228
136 58 0.07196484602703487
136 59 0.19199079361917926
136 71 0.09400471477655264
136 65 0.13994098351768414
136 73 0.146968891173902
136 67 0.21580874193663552
136 66 0.1575302485253418
136 72 0.17191140617467
136 57 0.22563794627836908
136 94 0.26916401117085204
136 80 0.10008873276236707
136 81 0.5699982411019056
136 95 0.1282905624031032
136 56 0.3996502121869314
136 68 0.3664502784865827
136 54 0.1502546039757923
136 83 0.09489602903830732
136 82 0.160499013262277
136 55 0.18686922286611887
136 69 0.16418150500364134
136 51 0.1528579852626435
136 79 0.7457909375712481
136 86 0.13986131671438268
136 92 0.2574728228581007
136 93 0.23329167694421418
136 87 0.2104254819925786
136 78 0.2428123007727287
136 50 0.1766268671971788
136 52 0.10763737775412488
136 46 0.26850811338382846
136 91 0.28292408572107497
136 85 0.21262063499068504
136 84 0.06955230968280895
136 90 0.2369374151124104
136 47 0.3238917339193045
136 53 0.06475534344011111
137 76 0.2257864998486353
137 62 0.22350692752352577
137 89 0.21726037859996425
137 88 0.38553976328778294
137 63 0.18724728750582245
137 77 0.20537846329912443
137 49 0.1718146958331357
137 61 0.20030927164592324
137 75 0.18387317009243329
137 74 0.19511606720119926
137 60 0.16910285259996805
137 48 0.16953464200039314
137 64 0.19922638838053983
137 70 0.3045571196280266
137 58 0.18337145751647752
137 59 0.22052817187755108
137 71 0.17624726818613518
137 65 0.16871583664214684
137 73 0.2044702486429005
137 67 0.3395156043123292
137 66 0.46216407094554446
137 72 0.1921475021964969
137 57 0.34521944603178895
137 94 0.4352578018017599
137 80 0.1794452284636077
137 81 0.27526728978018195
137 95 0.22087057750948796
137 56 0.2997582981826627
137 68 0.5107460283210973
137 54 0.21924216259441076
137 83 0.19754639639925245
137 82 0.23829352921360847
137 55 0.21480852294570887
137 69 0.34832484556084686
137 51 0.2142159818883065
137 79 0.31047124020854727
137 86 0.15224721612097053
137 92 0.4516781242760463
137 93 0.39911358951549003
137 87 0.33137289590432617
137 78 0.38427770377941306
137 50 0.24482333814044765
137 52 0.2103112171085272
137 46 0.24888436563748303
137 91 0.39299171468619587
137 85 0.40208692649705136
137 84 0.18617570944900755
137 90 0.4001053717447315
137 47 0.19662481648839739
137 53 0.18892078973752385
123 76 0.1680238010768892
123 62 0.2042723308954809
123 89 0.1259160610064241
123 88 0.37598504422946144
123 63 0.0913019135494281
123 77 0.10235009063945621
123 49 0.2791968476232558
123 61 0.13411744853681332
123 75 0.11211878149982285
123 74 0.13911464148226904
123 60 0.14747566058769793
123 48 0.18751844437897297
123 64 0.16403183243527028
123 70 0.22534304449238743
123 58 0.13403773305175432
123 59 0.12256712208440977
123 71 0.4404738428868066
123 65 0.14724933959302974
123 73 0.10617009066453595
123 67 0.3897482569449794
123 66 0.23273680647186562
123 72 0.13014222769761513
123 57 0.5612274392051264
123 94 0.7675524441167052
123 80 0.4736461327601341
123 81 0.1925332473051618
123 95 0.22251456853592183
123 56 0.2901492497619564
123 68 0.47543671900882
123 54 0.17151512709791786
123 83 0.3331349752428484
123 82 0.16635875625222918
123 55 0.15634082639198552
123 69 0.3118006497555437
123 51 0.19961304005256142
123 79 0.1934660990584322
123 86 0.3074368368696558
123 92 0.45672794584085125
123 93 0.3804607834147457
123 87 0.28990768783841014
123 78 0.40082549903483
123 50 0.284348380507365
123 52 0.149876118530346
123 46 0.18610328773917312
123 91 0.19919430101912025
123 85 0.23672032255372819
123 84 0.09417380388757421
123 90 0.2666627617831067
123 47 0.1972720958264534
123 53 0.11179144078190298
127 76 0.3132616770158254
127 62 0.23582985059634093
127 89 0.25689843866146367
127 88 0.47159619824109084
127 63 0.2361207200967689
127 77 0.19502006955687495
127 49 0.40055600419767023
127 61 0.17968901327278042
127 75 0.14061727972029386
127 74 0.18179660721793658
127 60 0.19385360961679188
127 48 0.2792176867564185
127 64 0.1876719728617729
127 70 0.3889224011093586
127 58 0.13039489959397485
127 59 0.25424378490934163
127 71 0.5231781021488048
127 65 0.14887002806439642
127 73 0.14071252714582166
127 67 0.5502146296653905
127 66 0.40541360227186407
127 72 0.23855130309063946
127 57 0.5866727899722316
127 94 0.5581686525613504
127 80 0.5436577510494782
127 81 0.4495039062696441
127 95 0.2629422538130572
127 56 0.4977757647548988
127 68 0.8469100189779338
127 54 0.2557169229706956
127 83 0.1965425155828811
127 82 0.14012973600989387
127 55 0.2678391357682951
127 69 0.44771659369591615
127 51 0.3787316963880242
127 79 0.3908375507069175
127 86 0.3696494863518469
127 92 0.5626462950467406
127 93 0.5126894332083214
127 87 0.6180845949173638
127 78 0.4393801407433187
127 50 0.5146972434676053
127 52 0.16919957022126994
127 46 0.3645076920134708
127 91 0.4663798487463111
127 85 0.5426351034055772
127 84 0.17809757541933907
127 90 0.5299195656524905
127 47 0.2880564176144814
127 53 0.17947440673210102
133 76 0.11786433491885714
133 62 0.4045697516080373
133 89 0.1284336592316802
133 88 0.24286265201439092
133 63 0.1834962105763398
133 77 0.3819164639234188
133 49 0.5040970334111924
133 61 0.16539515640521404
133 75 0.16361644988293667
133 74 0.2589918616113724
133 60 0.10442375185880709
133 48 0.3703848485715105
133 64 0.1728938678098435
133 70 0.24864752144604838
133 58 0.2839121562878287
133 59 0.14463172116044207
133 71 0.38699678341094457
133 65 0.12235009843464133
133 73 0.14985602904928308
133 67 0.3507592752935006
133 66 0.1848306255876696
133 72 0.14831015822185067
133 57 0.5142004211562398
133 94 0.2858192133216481
133 80 0.4099915057339569
133 81 0.3316657032437539
133 95 0.21218396055589273
133 56 0.23331204958416482
133 68 0.42395622172582603
133 54 0.22516764692148764
133 83 0.19010909694298392
133 82 0.3258242677587809
133 55 0.13554223031405183
133 69 0.20865525181493322
133 51 0.14843170667506944
133 79 0.44722144752600457
133 86 0.18984055721688264
133 92 0.2816692149947318
133 93 0.2828161417981921
133 87 0.19281856119058094
133 78 0.25938638838758254
133 50 0.22817597430142347
133 52 0.08882275458807881
133 46 0.17128981789326586
133 91 0.3031138677169557
133 85 0.29444419816610423
133 84 0.21905338708933553
133 90 0.2805066740431565
133 47 0.4178008829322597
133 53 0.5568397585256436
132 76 0.2094528748076948
132 62 0.24580305949082915
132 89 0.3041394515559073
132 88 0.6329589425912184
132 63 0.2153716478472222
132 77 0.20622341497358926
132 49 0.16536933010923277
132 61 0.19245093570952318
132 75 0.15902927151939664
132 74 0.2506387797556078
132 60 0.1877706263316054
132 48 0.17246614287506185
132 64 0.19186797767686078
132 70 0.44867589334698565
132 58 0.21171457478200667
132 59 0.15403279403797898
132 71 0.1934010906128513
132 65 0.1765189130851165
132 73 0.11273561100674334
132 67 0.49008947924569835
132 66 0.41461711611628826
132 72 0.21852554070043403
132 57 0.425166550204653
132 94 0.7839088913032894
132 80 0.19602246937911325
132 81 0.38375328684619125
132 95 0.20573349092416698
132 56 0.5424808280953607
132 68 0.769519777290688
132 54 0.24206066573568524
132 83 0.3532736816534069
132 82 0.10295782417591257
132 55 0.29703077716536763
132 69 0.46537382113018166
132 51 0.1363032164527287
132 79 0.23749779595944148
132 86 0.25159684949749855
132 92 0.7987775526457858
132 93 0.7321236943797291
132 87 0.5623487287287359
132 78 0.46662015525139044
132 50 0.19200927801405504
132 52 0.15741785265488642
132 46 0.5221821172586046
132 91 0.6791161903024415
132 85 0.6850071526177918
132 84 0.18504006684330784
132 90 0.6958319895163408
132 47 0.2294826266331576
132 53 0.12650249694968374
126 76 0.1543755559568376
126 62 0.16643326774777467
126 89 0.22847348281331903
126 88 0.3233183188685001
126 63 0.19564142711661806
126 77 0.20682585932934228
126 49 0.26596674950861654
126 61 0.12547851230419915
126 75 0.13594210753418168
126 74 0.17917373654252164
126 60 0.13228885433631782
126 48 0.18023139082436979
126 64 0.14608998762261133
126 70 0.25862348583374245
126 58 0.199130959194978
126 59 0.13760232499533911
126 71 0.4509769370698008
126 65 0.1300076806582638
126 73 0.1396530069484676
126 67 0.5303533610746084
126 66 0.3001815157675051
126 72 0.13577333471871206
126 57 0.5129821150247194
126 94 0.5877257031130113
126 80 0.4876340230585855
126 81 0.24983284662983818
126 95 0.09275113730105303
126 56 0.19827283884481897
126 68 0.5443031083515758
126 54 0.14813516561277582
126 83 0.4558848209354973
126 82 0.1739328684813218
126 55 0.1534691251788342
126 69 0.36359269406153255
126 51 0.2147105072499786
126 79 0.18780900287633195
126 86 0.2539394128152006
126 92 0.6081795063879083
126 93 0.5510328584792619
126 87 0.35124722991142987
126 78 0.43968502474138926
126 50 0.28336214127900505
126 52 0.1305903761581178
126 46 0.2142667140463061
126 91 0.6100873455200272
126 85 0.7483350969244481
126 84 0.1165913482305769
126 90 0.7399766674044947
126 47 0.15223590825979555
126 53 0.14621420865815346
118 76 0.2366539507589272
118 62 0.332321709234886
118 89 0.1718718561836561
118 88 0.17397897746005714
118 63 0.1442916405758014
118 77 0.047464637653351655
118 49 0.44163181485822467
118 61 0.06686506193426736
118 75 0.09090372322629622
118 74 0.15533033038805644
118 60 0.10886983813454038
118 48 0.2908824977438352
118 64 0.1108571793132638
118 70 0.15800006262370345
118 58 0.411552104138668
118 59 0.3501306833034493
118 71 0.30616268017332054
118 65 0.1337219912558062
118 73 0.10652258458856384
118 67 0.27834835653261747
118 66 0.12783611499182887
118 72 0.04803039022700467
118 57 0.44719091267468913
118 94 0.16913574780094875
118 80 0.3278874849470128
118 81 0.5471073232115179
118 95 0.14116234804669847
118 56 0.4323183129048528
118 68 0.31639034745144634
118 54 0.12515739892179162
118 83 0.2145326241442153
118 82 0.16413339463029453
118 55 0.19707035816883164
118 69 0.21525818927055146
118 51 0.2425078937908666
118 79 0.32119448441862114
118 86 0.16928390341502486
118 92 0.1750316310702839
118 93 0.17201382038615415
118 87 0.310623395790625
118 78 0.17115633834377236
118 50 0.37811601317105337
118 52 0.08433283695741836
118 46 0.28823850318112154
118 91 0.16921409204476665
118 85 0.19475350233134087
118 84 0.22696814164191378
118 90 0.18888350062690093
118 47 0.5117781316336938
118 53 0.4199130507638833
130 76 0.10273613264962675
130 62 0.17760430777338257
130 89 0.16848081593380732
130 88 0.39083498967849334
130 63 0.1620917611875811
130 77 0.14938803289907945
130 49 0.16051190009397048
130 61 0.13399213879211785
130 75 0.12997253213081994
130 74 0.06884502124715491
130 60 0.10639113025215746
130 48 0.1336131608641294
130 64 0.15195666289025037
130 70 0.274920782072405
130 58 0.1019604178202336
130 59 0.129992350204632
130 71 0.16418490153400578
130 65 0.11069029890018908
130 73 0.1301499076432946
130 67 0.2909927812908239
130 66 0.2805689579995146
130 72 0.14274501662144243
130 57 0.17726841289408785
130 94 0.4058690179534211
130 80 0.16352244740045402
130 81 0.2507159478071723
130 95 0.17582335532832286
130 56 0.2891876471771783
130 68 0.3809286276700201
130 54 0.19175942813567443
130 83 0.29460637570384096
130 82 0.1578475684263841
130 55 0.16591752617462063
130 69 0.2784000812553663
130 51 0.09033471171885774
130 79 0.20056451177197476
130 86 0.08619073078280301
130 92 0.40459083183549394
130 93 0.37142798290619244
130 87 0.25297105124205294
130 78 0.26634607566808743
130 50 0.13753613122024533
130 52 0.11288599865258606
130 46 0.37293663442322533
130 91 0.30469711925429477
130 85 0.34952010850114
130 84 0.16993043412882314
130 90 0.34331026240932283
130 47 0.16773546132091452
130 53 0.15001922243468335
124 76 0.1658387336588109
124 62 0.22957543868636782
124 89 0.13069092901074514
124 88 0.48617725409162593
124 63 0.07239823568718493
124 77 0.054327576826088325
124 49 0.24191273818810333
124 61 0.13803267998210156
124 75 0.12057735338364214
124 74 0.12730338624218918
124 60 0.13627859406349802
124 48 0.16576524063596865
124 64 0.16148829652013189
124 70 0.2552337814719568
124 58 0.20040799629515754
124 59 0.12229191583381475
124 71 0.4014282007441005
124 65 0.11783980366288238
124 73 0.14152339552013213
124 67 0.4150709753341548
124 66 0.2566667168105027
124 72 0.19664829801883868
124 57 0.425136427332861
124 94 0.3840296547392914
124 80 0.42824582629104624
124 81 0.20580320671080415
124 95 0.3356964790990905
124 56 0.24002599555596144
124 68 0.48639457029322364
124 54 0.16558604267762617
124 83 0.41879529759713996
124 82 0.1273311231829266
124 55 0.13980612196517764
124 69 0.36977403551827426
124 51 0.14513930373554235
124 79 0.1485923764245457
124 86 0.1693060332570399
124 92 0.4620496420247784
124 93 0.3946484476296054
124 87 0.29964965583222203
124 78 0.39579989011431504
124 50 0.21959290746384907
124 52 0.19366376790160325
124 46 0.191232353728424
124 91 1.0000000000000002
124 85 0.33388722902734513
124 84 0.07881533319453546
124 90 0.3606721977294325
124 47 0.261112614326344
124 53 0.1625238186032787
125 76 0.14425389547854806
125 62 0.22922464504582352
125 89 0.23083578678966346
125 88 0.3806328527926265
125 63 0.19714252031874638
125 77 0.13230266858393241
125 49 0.2663255253724891
125 61 0.1226234763986074
125 75 0.13902170310954032
125 74 0.14694745939844125
125 60 0.13665359777082353
125 48 0.18261297638954388
125 64 0.13885711536764866
125 70 0.28830730830026774
125 58 0.14715660624187218
125 59 0.13028332632332223
125 71 0.42507147569107295
125 65 0.12817317019419547
125 73 0.15705127006205427
125 67 0.542602013235175
125 66 0.30157938930010275
125 72 0.09041063659836637
125 57 0.5010711920671356
125 94 0.39849720508313036
125 80 0.46025220567031044
125 81 0.25859930423927313
125 95 0.1348664014162307
125 56 0.43299237288199355
125 68 0.6912762376699056
125 54 0.14699822395270606
125 83 0.4616779108947513
125 82 0.15483301507989167
125 55 0.19976151019970137
125 69 0.3759752884050738
125 51 0.1872256303360555
125 79 0.1731133562158264
125 86 0.25118048198193327
125 92 0.40473828087275576
125 93 0.3509321644346904
125 87 0.35461009849086145
125 78 0.4293681166656115
125 50 0.2718877759322752
125 52 0.019150645914464498
125 46 0.18735602413786046
125 91 0.48774827072203253
125 85 0.44600818715081275
125 84 0.1560845647382602
125 90 0.4394774443750469
125 47 0.14570587377099392
125 53 0.11325961540429033
131 76 0.18041914854751462
131 62 0.277930226930234
131 89 0.2981493900730903
131 88 0.7002644083603862
131 63 0.19819336673264848
131 77 0.09585660560230014
131 49 0.1219260584017429
131 61 0.11996569591059467
131 75 0.12074282859883967
131 74 0.26358860756635794
131 60 0.19508229602846378
131 48 0.1984410956143983
131 64 0.1717156218151119
131 70 0.4460463281813515
131 58 0.8225144479733776
131 59 0.29924419620084347
131 71 0.15456052398963252
131 65 0.16268239572390636
131 73 0.11163790538822668
131 67 0.4912029915156363
131 66 0.3721587749904518
131 72 0.12678616613550903
131 57 0.7082410311678302
131 94 0.6319789241980562
131 80 0.16101970422749692
131 81 0.41039927668133097
131 95 0.14195938510258221
131 56 0.3052108767897904
131 68 0.666999216136478
131 54 0.22997063602142578
131 83 0.14908591936735321
131 82 0.11299159889632779
131 55 0.23385687521964885
131 69 0.46412204754254877
131 51 0.14724608289932076
131 79 0.1914212127554129
131 86 0.23290796575700384
131 92 0.6504888361072545
131 93 0.5928490054800564
131 87 0.6447176168355943
131 78 0.41170780167368887
131 50 0.07822527811482466
131 52 0.11189932721412546
131 46 0.2827219102787642
131 91 0.6487225204932489
131 85 0.573983299580928
131 84 0.12490574287215579
131 90 0.5750728892817216
131 47 0.2563014157580802
131 53 0.1144086930699367
119 76 0.07917925599799891
119 62 0.20600798761152947
119 89 0.14818433969608874
119 88 0.3224229839154178
119 63 0.129473356848393
119 77 0.3837494260099954
119 49 0.10890070144135752
119 61 0.28612732120086265
119 75 0.11995103694264228
119 74 0.205979063759073
119 60 0.13679041773481176
119 48 0.16092522851853613
119 64 0.1277185462315723
119 70 0.3129093422736837
119 58 0.5343926987877464
119 59 0.0685059409221914
119 71 0.1912059474933019
119 65 0.11891614034104259
119 73 0.0567653892052343
119 67 0.18936658102938556
119 66 0.15698264321922978
119 72 0.07536990856805728
119 57 0.20789874269982975
119 94 0.19995479177061998
119 80 0.19066685743105433
119 81 0.0
119 95 0.02954897499730258
119 56 0.1910960401568748
119 68 0.26750140827269286
119 54 0.11539664440303155
119 83 0.09317981468474873
119 82 0.0930518295630659
119 55 0.24673897451524862
119 69 0.17077726674042681
119 51 0.12678282425273402
119 79 0.4815707055756816
119 86 0.2434264484457089
119 92 0.21776837069713129
119 93 0.21592582124738974
119 87 0.20584130253999866
119 78 0.15155450148068678
119 50 0.03488037349079062
119 52 0.08011811625430279
119 46 0.13356305104527677
119 91 0.22864129760461838
119 85 0.22478978037141323
119 84 0.13731302031972764
119 90 0.20117042651101233
119 47 0.17802008687335127
119 53 0.09430084171041597
