114 76 0.21804164522490627
114 62 0.25943931177700585
114 89 0.17515743641015397
114 88 0.28428766024894214
114 63 0.19190619374915807
114 77 0.0787615561982355
114 49 0.13967279088377843
114 61 0.08385666403139322
114 75 0.12545544499196193
114 74 0.29154007266764964
114 60 0.11608339485989821
114 48 0.12557485860154294
114 64 0.1378444879467109
114 70 0.3046512437863696
114 58 0.5935400626616818
114 59 0.1720866687110798
114 71 0.13669945019468166
114 65 0.10070513835441297
114 73 0.11743303534571373
114 67 0.27767475909891476
114 66 0.2561445783395883
114 72 0.17307550935066163
114 57 0.3060945390118894
114 94 0.346920377412002
114 80 0.1352518073566801
114 81 0.28320242424384034
114 95 0.16006321780903915
114 56 0.18661890998322211
114 68 0.4275514288404668
114 54 0.13144147436999887
114 83 0.12987469250468842
114 82 0.013734749401604518
114 55 0.25979146170509243
114 69 0.34095134515455133
114 51 0.11811714298706372
114 79 0.14792527858488502
114 86 0.12220963993280966
114 92 0.36146124951284614
114 93 0.3187080324399154
114 87 0.28106305424815226
114 78 0.26978398366889855
114 50 0.15433245254943753
114 52 0.11343408771740698
114 46 0.16752869050082903
114 91 0.3247608766286195
114 85 0.34851646282526494
114 84 0.08295681779668437
114 90 0.349370235187191
114 47 0.18390696670100998
114 53 0.14165446045411637
100 76 0.13702465387443952
100 62 0.15778263960555866
100 89 0.11760048820765542
100 88 0.14097343161220824
100 63 0.32175408539532435
100 77 0.11617982236043309
100 49 0.27909538790433863
100 61 0.11239869292416474
100 75 0.12050419480625561
100 74 0.1431628125166674
100 60 0.11497974445973749
100 48 0.17778719092956563
100 64 0.19154309100633846
100 70 0.17309677630756673
100 58 0.16628407710179038
100 59 0.12476614957470944
100 71 0.5116822644939021
100 65 0.11509713479596154
100 73 0.08917774380834848
100 67 0.3105197438358618
100 66 0.15370463214899646
100 72 0.10148615512544228
100 57 0.36511279143594133
100 94 0.16213356914633661
100 80 0.5409770960702104
100 81 0.14645662610989285
100 95 0.14289423466700146
100 56 0.20757533729410546
100 68 0.3537356986216126
100 54 0.1589729500523597
100 83 0.14620404553116112
100 82 0.1186040254945024
100 55 0.3142337309537505
100 69 0.20182083466828687
100 51 0.2032652492661331
100 79 0.10396311798732082
100 86 0.2756472134510628
100 92 0.1588615116698584
100 93 0.15726364330697506
100 87 0.1587775678509286
100 78 0.1733607988996801
100 50 0.30886691996555476
100 52 0.10878702350474732
100 46 0.2176173445776444
100 91 0.1717980223432559
100 85 0.19113185161704063
100 84 0.13076101774568216
100 90 0.1690705956386096
100 47 0.11470849890951255
100 53 0.10987628793808833
128 76 0.16600068712626753
128 62 0.11489697342443464
128 89 0.22072027475230424
128 88 0.3809442449592084
128 63 0.11949790599450173
128 77 0.14576977702346713
128 49 0.13287042775687974
128 61 0.1377292319790022
128 75 0.12287994145328078
128 74 0.11634607249886711
128 60 0.1321672737391295
128 48 0.11842052140626802
128 64 0.13089782574701203
128 70 0.2941347569611931
128 58 0.05126037088572716
128 59 0.10748982738644236
128 71 0.12602306762224538
128 65 0.09885906881095168
128 73 0.1445042017920064
128 67 0.36911247046898477
128 66 0.28839049681542805
128 72 0.1554258420868479
128 57 0.18407462838783756
128 94 0.5212755650834214
128 80 0.1268309975016011
128 81 0.3064434961334914
128 95 0.22273918086618646
128 56 0.3141455524611423
128 68 0.6064152043476824
128 54 0.17918075425093333
128 83 0.12183667086474713
128 82 0.08082214429301948
128 55 0.21393678406463806
128 69 0.34318149738554443
128 51 0.1567430185456012
128 79 0.22627939602658592
128 86 0.11913591845357661
128 92 0.5326672746750829
128 93 0.46504697842657466
128 87 0.42439907748003863
128 78 0.3427034921640532
128 50 0.18096528864100844
128 52 0.18662338572932305
128 46 0.22249401664531313
128 91 0.4112491812789033
128 85 0.4689378703598802
128 84 0.1262374747652063
128 90 0.47367602951150106
128 47 0.16089903119610388
128 53 0.10553900147972739
129 76 0.08912562896553414
129 62 0.2599993180223812
129 89 0.21860329101336817
129 88 0.44174123413263855
129 63 0.1111013155434842
129 77 0.12804008104062684
129 49 0.11787698907413811
129 61 0.1338638580407068
129 75 0.10221501442514105
129 74 0.19133715642574942
129 60 0.09409783080769799
129 48 0.16858612813435817
129 64 0.1912319736619842
129 70 0.3431382389340901
129 58 0.6967716786295645
129 59 0.0927171373065322
129 71 0.12344283343952574
129 65 0.14173600841740092
129 73 0.1099082911681469
129 67 0.4247842264612785
129 66 0.33936654806454647
129 72 0.10539370772414833
129 57 0.5759267701718311
129 94 0.579697505823133
129 80 0.1311440400215899
129 81 0.3389503433214242
129 95 0.19872742153685485
129 56 0.2798010637492117
129 68 0.6341232673390726
129 54 0.2505071862742294
129 83 0.12462751038096218
129 82 0.37953213415058434
129 55 0.16827222998854696
129 69 0.4446719013353182
129 51 0.14275363202122276
129 79 0.1716446504638364
129 86 0.09551050862366076
129 92 0.5934208686573299
129 93 0.5303132114535004
129 87 0.38566815511978664
129 78 0.41484278433917054
129 50 0.07390386337289387
129 52 0.1265304663868658
129 46 0.2483260641258333
129 91 0.5160688826142923
129 85 0.5051594315993142
129 84 0.1521745382362174
129 90 0.5081053805873336
129 47 0.17576655209585715
129 53 0.1632055228445033
101 76 0.0752137773507342
101 62 0.1830637944298603
101 89 0.17747091623244995
101 88 0.18719555765535134
101 63 0.12323694252872906
101 77 0.18533644877280658
101 49 0.18833324394379514
101 61 0.1319191261014036
101 75 0.11573231591791766
101 74 0.0846703780844851
101 60 0.11371738032993191
101 48 0.13698206548413056
101 64 0.12319108793991075
101 70 0.11255492011831508
101 58 0.10620291255731606
101 59 0.12963125132683664
101 71 0.24949469529646265
101 65 0.12589531373243276
101 73 0.13092817698268797
101 67 0.2175162536505312
101 66 0.1349908658659904
101 72 0.09630665697787592
101 57 0.2714342345456395
101 94 0.20292653585588122
101 80 0.2724605385055937
101 81 0.1976870946576667
101 95 0.036658614734806694
101 56 0.21114523364120671
101 68 0.23907019312219654
101 54 0.09709225528049752
101 83 0.11667012558652956
101 82 0.15062468504202708
101 55 0.15434702760584648
101 69 0.12759991012509242
101 51 0.1652562770751476
101 79 0.21351889662722207
101 86 0.1935950329237332
101 92 0.20421793815709469
101 93 0.18946058396358167
101 87 0.16869308460481594
101 78 0.14978443518180387
101 50 0.19883335637805208
101 52 0.09882134390179872
101 46 0.17768403735552363
101 91 0.254160155734149
101 85 0.18277981295392154
101 84 0.1471954131698887
101 90 0.18571875200596918
101 47 0.06086962790463715
101 53 0.09590517014937888
115 76 0.10488202415466476
115 62 0.08830623075888741
115 89 0.15274515124197138
115 88 0.10881622586995761
115 63 0.07466884524903555
115 77 0.13808871003463122
115 49 0.10029237939644438
115 61 0.11906937227361943
115 75 0.13263939272349606
115 74 0.24556763030170856
115 60 0.113373401177832
115 48 0.11718018735804471
115 64 0.20191570695371305
115 70 0.08553864443599934
115 58 0.1193305135406554
115 59 0.1332117787610793
115 71 0.14110578961726528
115 65 0.09481773414939837
115 73 0.07192567244938308
115 67 0.1343630080283579
115 66 0.29422102615004325
115 72 0.23049388879223015
115 57 0.10758966028273192
115 94 0.2235462369063087
115 80 0.14023998164229054
115 81 0.11257296272392857
115 95 0.14676410368881748
115 56 0.312362687459912
115 68 0.17751846702563362
115 54 0.15599263029293325
115 83 0.23377261866317323
115 82 0.14226320138347529
115 55 0.21072520899048192
115 69 0.12678573977573712
115 51 0.1617440993204562
115 79 0.14384320049579266
115 86 0.143828903502348
115 92 0.22525265939962474
115 93 0.2189297710626646
115 87 0.1782633056559818
115 78 0.12634484084298522
115 50 0.11288085171912003
115 52 0.8726939777030306
115 46 0.5916103373407147
115 91 0.2005457521458418
115 85 0.21788844320164258
115 84 0.10145952276235114
115 90 0.22284644460723918
115 47 0.37601322335596726
115 53 0.33991155401440853
103 76 0.0954632912840557
103 62 0.2584306773512617
103 89 0.13002669066278288
103 88 0.1707063915277208
103 63 0.15350705333209747
103 77 0.15953215342805635
103 49 0.1329359825460861
103 61 0.12931633954382354
103 75 0.13044869154850466
103 74 0.12971607765740778
103 60 0.10398742889699468
103 48 0.1301961375812401
103 64 0.14996331238774938
103 70 0.3064173275962964
103 58 0.9424491734979336
103 59 0.11792969159675074
103 71 0.1436178913706329
103 65 0.14110034855987055
103 73 0.13657760174984407
103 67 0.21468344081935092
103 66 0.34602661244530025
103 72 0.12851294601189078
103 57 0.3984929449101528
103 94 0.21924336647944603
103 80 0.14552496565019818
103 81 0.2639430222487045
103 95 0.15090138658951663
103 56 0.16679364844189848
103 68 0.4085520960821094
103 54 0.14902183339201225
103 83 0.13223665860527345
103 82 0.18069590615089964
103 55 0.1193998840345126
103 69 0.3291070787584265
103 51 0.10610531795356491
103 79 0.101533421188901
103 86 0.0999749609442205
103 92 0.2072738964228917
103 93 0.2030879542227923
103 87 0.11308938497330018
103 78 0.24134357744228907
103 50 0.1301665823759437
103 52 0.12077625923235223
103 46 0.19223234498411534
103 91 0.20421930072879127
103 85 0.17853150943718615
103 84 0.15698076851850146
103 90 0.17980623072856045
103 47 0.14249263384851646
103 53 0.1412153335824659
117 76 0.2751951894152851
117 62 0.31773099178889513
117 89 0.10974165370388153
117 88 0.1024983567787204
117 63 0.1388518420554246
117 77 0.43552888908265486
117 49 0.2889245404185296
117 61 0.16161232699616157
117 75 0.6638654372766
117 74 0.4614984087534629
117 60 0.11628872262606459
117 48 0.4862176520594471
117 64 0.22308717977620937
117 70 0.28879185516231676
117 58 0.7461042428400084
117 59 0.1190093071023413
117 71 0.1463513133114489
117 65 0.10748114621768314
117 73 0.5231451000851108
117 67 0.19111211591320956
117 66 0.13872568432042448
117 72 0.21196088461753806
117 57 0.3002591559900649
117 94 0.27571153251916974
117 80 0.14569557524861756
117 81 0.2770092770528224
117 95 0.22432436292928573
117 56 0.3183165326983472
117 68 0.31832995402833064
117 54 0.17109706759273113
117 83 0.7206044188385112
117 82 0.1567676128573367
117 55 0.1928122549261399
117 69 0.3416368159049712
117 51 0.21469094128997246
117 79 0.4580512373347393
117 86 0.08366519738361014
117 92 0.2781582159703902
117 93 0.2564118534911943
117 87 0.32696785989058846
117 78 0.35763662800370355
117 50 0.08850506318762016
117 52 0.15603364430089267
117 46 0.42009768204833964
117 91 0.2846358972561194
117 85 0.2700779710760855
117 84 0.1759304504266178
117 90 0.28497641648014005
117 47 0.12765301052076958
117 53 0.13690624563744064
116 76 0.13041765290030255
116 62 0.28246890619987164
116 89 0.16889733845676974
116 88 0.3586850188086381
116 63 0.13143725246721583
116 77 0.11216658841862584
116 49 0.12816965364614769
116 61 0.1872918086662826
116 75 0.12832572577266482
116 74 0.11474009053084892
116 60 0.12351093070060865
116 48 0.11010270195521198
116 64 0.14525986406908814
116 70 0.5145431072528042
116 58 0.9209819845966088
116 59 0.1846727539352191
116 71 0.09021718700362932
116 65 0.12157474336640597
116 73 0.11830089370844686
116 67 0.34138910480724866
116 66 0.3562614394773548
116 72 0.1317570769417935
116 57 0.5456526111808677
116 94 0.48210523039180203
116 80 0.09341807932357327
116 81 0.3909018281717517
116 95 0.1460057720995913
116 56 0.381085036768401
116 68 0.555577283988598
116 54 0.1270099381900138
116 83 0.33785888786706725
116 82 0.48678956975452087
116 55 0.2559570672926523
116 69 0.40148214500175233
116 51 0.08994986900906218
116 79 0.15752004741574344
116 86 0.13547683949814876
116 92 0.4583848855578145
116 93 0.4392760752503019
116 87 0.23085641528933162
116 78 0.3349679029232414
116 50 0.14414943835227012
116 52 0.0871944002503435
116 46 0.3922070641102865
116 91 0.4114309760056174
116 85 0.36073946689998204
116 84 0.20524479940593118
116 90 0.37092007448644815
116 47 0.13213412029389465
116 53 0.0924135612017227
102 76 0.13270570034374554
102 62 0.18447930324251918
102 89 0.14628642131584596
102 88 0.1485419020887625
102 63 0.14615051714183627
102 77 0.1334451061701674
102 49 0.13020424085140964
102 61 0.1059941319771015
102 75 0.11803640456580372
102 74 0.1036626340025177
102 60 0.13195398912878636
102 48 0.11923607179915541
102 64 0.11387443343539189
102 70 0.24309908894106713
102 58 0.5439364678606211
102 59 0.13998382572564455
102 71 0.14986608129751305
102 65 0.09429130590996837
102 73 0.11322076498652656
102 67 0.16713474434864944
102 66 0.1418752012278045
102 72 0.14090112963430831
102 57 0.23877333977029322
102 94 0.14309490035696357
102 80 0.15486230984560817
102 81 0.17371896574204196
102 95 0.10453006603292615
102 56 0.14793435976188654
102 68 0.26025349656477914
102 54 0.11980786449948093
102 83 0.1458711044941915
102 82 0.06599070492211342
102 55 0.15140704207313302
102 69 0.20877111915415505
102 51 0.11432568418254865
102 79 0.13005442166729686
102 86 0.14184471960643052
102 92 0.14088656462964522
102 93 0.1439477648383524
102 87 0.14966302644346172
102 78 0.14496833868449255
102 50 0.12685361993197836
102 52 0.11274719137782961
102 46 0.13078501379014018
102 91 0.14999142642271718
102 85 0.15281706081739516
102 84 0.10726006803078787
102 90 0.14998264908548967
102 47 0.16548782088375372
102 53 0.12753086312877038
106 76 0.14785650218189636
106 62 0.15849552473557782
106 89 0.11584892163586581
106 88 0.16847094283476208
106 63 0.08778873139537949
106 77 0.09291874744716863
106 49 0.13488601648388393
106 61 0.12970698381024842
106 75 0.10666478906496377
106 74 0.11358996380906063
106 60 0.12673391201395628
106 48 0.14048436977105694
106 64 0.12483324142957682
106 70 0.22201610000224828
106 58 0.5494587862065385
106 59 0.12628798515013998
106 71 0.14258550792770244
106 65 0.10761949626933898
106 73 0.1103188352260561
106 67 0.15736404367117612
106 66 0.13895067305419673
106 72 0.226615598961081
106 57 0.25347470915312365
106 94 0.14227332910680535
106 80 0.14014863338621988
106 81 0.19714202195803318
106 95 0.16425107748685944
106 56 0.18611233602430213
106 68 0.26272356074196235
106 54 0.1356609486699794
106 83 0.1170135975448463
106 82 0.12313664832486876
106 55 0.22562789058643185
106 69 0.23281098363562555
106 51 0.13430179141556814
106 79 0.14807936991486786
106 86 0.13971221156421054
106 92 0.15896353571699834
106 93 0.15527597861618206
106 87 0.17522547563408708
106 78 0.15758488601211842
106 50 0.1091248409912222
106 52 0.13795258751434375
106 46 0.1303544276871692
106 91 0.08664258257217239
106 85 0.16959618826863615
106 84 0.11634106098717677
106 90 0.16864880267586074
106 47 0.18832478749294604
106 53 0.14102818696116737
112 76 0.12716129281586983
112 62 0.23387461293142103
112 89 0.15267250707408545
112 88 0.19381072412455444
112 63 0.1472152589181438
112 77 0.11848439419474574
112 49 0.12048246712494014
112 61 0.1168414072652417
112 75 0.12299655109681172
112 74 0.11916229107088956
112 60 0.11887063812520524
112 48 0.12672475398209748
112 64 0.15241097487408117
112 70 0.24764156934028506
112 58 0.713345713542473
112 59 0.12260533930409726
112 71 0.12256652938230313
112 65 0.12931707600537046
112 73 0.11047953685461254
112 67 0.18807321950669592
112 66 0.1624727339592592
112 72 0.10552845592102604
112 57 0.3563414911110233
112 94 0.1752105443513779
112 80 0.12815214704535322
112 81 0.21125206455318818
112 95 0.1346209978381282
112 56 0.24951591863176856
112 68 0.33974347874853983
112 54 0.14267096640015253
112 83 0.15378034683619135
112 82 0.10478473333808037
112 55 0.3492213489665085
112 69 0.2784714944823892
112 51 0.11954596343576597
112 79 0.13756478978321868
112 86 0.13751832148936582
112 92 0.18777978715387805
112 93 0.1751895197896049
112 87 0.1665685939029937
112 78 0.20575711102530622
112 50 0.12218788803939964
112 52 0.1285537476138106
112 46 0.16489021685367602
112 91 0.18768608479530224
112 85 0.16846894045827449
112 84 0.09350612343460712
112 90 0.17225541404792533
112 47 0.15062016662600933
112 53 0.1190166225076501
113 76 0.12490024420531205
113 62 0.2515890592171834
113 89 0.2038398236411499
113 88 0.450256569754273
113 63 0.13338441020746494
113 77 0.20048336922822174
113 49 0.14935237909457585
113 61 0.13823957590553598
113 75 0.1233544817455724
113 74 0.06966844892609989
113 60 0.10266677211829982
113 48 0.1273489258220593
113 64 0.15023849295776956
113 70 0.4139738872707649
113 58 0.5295504024672568
113 59 0.11330405276703885
113 71 0.14937157211618068
113 65 0.11681352462265457
113 73 0.13011491077761417
113 67 0.39747925925988575
113 66 0.3391877774204288
113 72 0.13882019784334776
113 57 0.35432298364422155
113 94 0.5688085417249737
113 80 0.1494991681673506
113 81 0.34755891752561363
113 95 0.22246752702305247
113 56 0.43020097172700333
113 68 0.6365977419772304
113 54 0.18059314535070337
113 83 0.2923815087928019
113 82 0.1961710519865402
113 55 0.28440384924368717
113 69 0.4659739675618358
113 51 0.10948610038455413
113 79 0.2301216251656404
113 86 0.09237602320865254
113 92 0.5723778070182068
113 93 0.5108117088197641
113 87 0.3310122729948879
113 78 0.4230045224049813
113 50 0.1633840335373279
113 52 0.13920856714160618
113 46 0.3885214915948386
113 91 0.4423214581612068
113 85 0.4838619513586624
113 84 0.1892609460544466
113 90 0.4860097174354654
113 47 0.15204919741090572
113 53 0.12495548092917458
107 76 0.12499837181349703
107 62 0.1828103255802081
107 89 0.12004751150118101
107 88 0.2040538607324649
107 63 0.12512664151033193
107 77 0.09205142070606578
107 49 0.13842537576797653
107 61 0.10869601289861495
107 75 0.09962540812114204
107 74 0.08246667620171658
107 60 0.1333130662933203
107 48 0.11430638178808024
107 64 0.12620177375820618
107 70 0.12458309518078622
107 58 0.06172920211329411
107 59 0.11731185832729907
107 71 0.12853968419959755
107 65 0.1131086141163471
107 73 0.12306136689451258
107 67 0.204306992415512
107 66 0.25210266598124287
107 72 0.07192213932962283
107 57 0.18507252327561105
107 94 0.12394715444527565
107 80 0.13375316002405135
107 81 0.11335956452262799
107 95 0.13637206581002537
107 56 0.6831271576759368
107 68 0.5266529351378313
107 54 0.10459318346888162
107 83 0.15676242270196122
107 82 0.1009687614228306
107 55 0.15749511706127517
107 69 0.12732124178911905
107 51 0.08371584687497166
107 79 0.12634939663514272
107 86 0.12446687657010873
107 92 0.13749589474200968
107 93 0.15956697004904674
107 87 0.15260940101902853
107 78 0.10658438202895298
107 50 0.12902883502114537
107 52 0.08834263917582158
107 46 0.13757807830506394
107 91 0.09651916061156486
107 85 0.12637529397601027
107 84 0.11190673923126965
107 90 0.12414013545648554
107 47 0.0687443679011922
107 53 0.08576642341607113
139 76 0.21188881204195573
139 62 0.1159024642959797
139 89 0.15188758117215134
139 88 0.26958118187290164
139 63 0.12780652336287646
139 77 0.12141821036185638
139 49 0.13098044057911576
139 61 0.1890515447527308
139 75 0.1094878904878845
139 74 0.17703454346392616
139 60 0.12818043794516543
139 48 0.11106906463392535
139 64 0.12477368101856733
139 70 0.22855897377414594
139 58 0.09911909044662735
139 59 0.17316309149601167
139 71 0.13754209074098767
139 65 0.12317933709967946
139 73 0.10545209842938291
139 67 0.20672468220261994
139 66 0.35484525373846854
139 72 0.11674234387549097
139 57 0.2626660797175488
139 94 0.3403644796703905
139 80 0.1382594261344992
139 81 0.17619374935140814
139 95 0.10963332463353115
139 56 0.17158094105238125
139 68 0.29931475655471307
139 54 0.15639881160776364
139 83 0.12920077225520243
139 82 0.15161502001524196
139 55 0.15392267247490077
139 69 0.19516602413820838
139 51 0.13081562922811976
139 79 0.16977091221758758
139 86 0.1432427650850543
139 92 0.3502326767015883
139 93 0.32151052638670946
139 87 0.23626868751061406
139 78 0.19660339230512305
139 50 0.14296262800343457
139 52 0.17606011919539347
139 46 0.19827187151570663
139 91 0.2940225255725098
139 85 0.3218256453382947
139 84 0.11363710038624504
139 90 0.3166310643325218
139 47 0.12241951909828737
139 53 0.11835467152965266
111 76 0.12749270237824478
111 62 0.2703075225228089
111 89 0.21932777842341672
111 88 0.30561204492277244
111 63 0.15528661640971708
111 77 0.1220734242300659
111 49 0.11037272969771615
111 61 0.10711807851489229
111 75 0.13513353336266234
111 74 0.14251675519124446
111 60 0.12156878718023142
111 48 0.12137488565430922
111 64 0.17531866684881886
111 70 0.41740508253043423
111 58 0.6732977795931032
111 59 0.1118082649209903
111 71 0.11569658807139208
111 65 0.1246021100047615
111 73 0.1286761176124842
111 67 0.3847248092858983
111 66 0.28029260770985814
111 72 0.09688046202496219
111 57 0.4213755560521709
111 94 0.40893178841580746
111 80 0.12133511674773513
111 81 0.2536855210991364
111 95 0.17430684677115996
111 56 0.2957339360439442
111 68 0.6213790210106811
111 54 0.1699742986432884
111 83 0.15129266574546435
111 82 0.1282386872948142
111 55 0.37413391396120066
111 69 0.5245171136473714
111 51 0.12568858998321253
111 79 0.16257801342927847
111 86 0.08030152879238739
111 92 0.41979414747245924
111 93 0.3755631558793552
111 87 0.28729640649803767
111 78 0.4911801050127599
111 50 0.17078304436430983
111 52 0.1325988125028083
111 46 0.19452127554348508
111 91 0.3989154385358453
111 85 0.33789347783715157
111 84 0.11743057358150497
111 90 0.3533701480621434
111 47 0.1570921420125982
111 53 0.11664056682950913
105 76 0.1201853834101752
105 62 0.1384681436306876
105 89 0.11440825578883518
105 88 0.15231202028412671
105 63 0.09438239011999314
105 77 0.11137779684953544
105 49 0.2408498114530316
105 61 0.12455647431214713
105 75 0.11344119507319653
105 74 0.145755137524272
105 60 0.13173278697152138
105 48 0.177325915064716
105 64 0.12827939710606973
105 70 0.14190839459968624
105 58 0.12818441587870094
105 59 0.11778609867877639
105 71 0.4228959606580429
105 65 0.12370571099081824
105 73 0.11407510746921642
105 67 0.28513033508160335
105 66 0.2090686909572678
105 72 0.12216785275014158
105 57 0.40131398817783015
105 94 0.16319289624229943
105 80 0.444132244457779
105 81 0.1350520739204037
105 95 0.14902078761326792
105 56 0.3983607987335679
105 68 0.44974617483717416
105 54 0.13415326232982833
105 83 0.23875042214017222
105 82 0.13115879336002073
105 55 0.14353549723098874
105 69 0.20477153736186038
105 51 0.19473551531029404
105 79 0.14614781102984592
105 86 0.26281126402285915
105 92 0.15367889743716728
105 93 0.15059161694781112
105 87 0.17115290942235048
105 78 0.198216375760914
105 50 0.2283965564243558
105 52 0.11546645724599665
105 46 0.13525545986488297
105 91 0.13662839720038517
105 85 0.18780260663449863
105 84 0.1310916504430819
105 90 0.16977880728478828
105 47 0.1383675037281257
105 53 0.11768716139879708
104 76 0.13896827583856164
104 62 0.2352198974939731
104 89 0.10506915971264141
104 88 0.1703190313500199
104 63 0.1497928890628093
104 77 0.10206427166314329
104 49 0.14598922142993742
104 61 0.12182921233488202
104 75 0.12890194707993857
104 74 0.11971221309043256
104 60 0.11825297633690056
104 48 0.13811727177777972
104 64 0.13105060313234718
104 70 0.33690025576458904
104 58 1.0
104 59 0.1280635117245116
104 71 0.15085337530132809
104 65 0.0960015316409889
104 73 0.12822311281232193
104 67 0.1831000561616059
104 66 0.16809051692063448
104 72 0.1682176997526937
104 57 0.3519683951206496
104 94 0.17746623513705445
104 80 0.14821110290720463
104 81 0.2587692918829993
104 95 0.16300534320624857
104 56 0.13935656614213565
104 68 0.3520380996086435
104 54 0.1412885155466843
104 83 0.11790143527810448
104 82 0.07794303221109561
104 55 0.2377033524599606
104 69 0.3379832204935466
104 51 0.10338050615181216
104 79 0.12354755223178016
104 86 0.10766653424988877
104 92 0.1823555509989872
104 93 0.17536290154219975
104 87 0.14953772744306199
104 78 0.2096239960083889
104 50 0.13286648110940677
104 52 0.11362882937903485
104 46 0.12444678384664336
104 91 0.13779482443227986
104 85 0.1763619264399979
104 84 0.14064491161066134
104 90 0.17483317898895004
104 47 0.18988803626560052
104 53 0.14340596504725062
110 76 0.027653243022838198
110 62 0.2930809100917654
110 89 0.2829128492532896
110 88 0.45747689452758894
110 63 0.08294228354822028
110 77 0.3859862464650615
110 49 0.12084600593715052
110 61 0.1252138897183404
110 75 0.136227701609751
110 74 0.1428116710767266
110 60 0.17842770076773812
110 48 0.17195273260847077
110 64 0.13507863246760088
110 70 0.2637892925539844
110 58 0.4876675783367404
110 59 0.10771405410186319
110 71 0.27560954704545676
110 65 0.14756414090707198
110 73 0.12344258326239992
110 67 0.24467193173098234
110 66 0.20839548764512822
110 72 0.26474366529125065
110 57 0.31311732353776534
110 94 0.3075998487186026
110 80 0.28110236162201685
110 81 0.4277736767817263
110 95 0.1699961218129884
110 56 0.2666504633618795
110 68 0.4625921518438859
110 54 0.1857153946539088
110 83 0.09680596032846925
110 82 0.335334498255465
110 55 0.1907596906995894
110 69 0.44511341376222624
110 51 0.15299702029600826
110 79 0.26712604688779196
110 86 0.07761270490511094
110 92 0.3412714182757387
110 93 0.4482537400403368
110 87 0.2457006463103145
110 78 0.35135522784611417
110 50 0.09683743514102028
110 52 0.11667621668581539
110 46 0.2626094632561305
110 91 0.3271914046051926
110 85 0.33790352405518675
110 84 0.10129215106884737
110 90 0.33319532885563563
110 47 0.13084088231502414
110 53 0.13559350293982175
138 76 0.1208145771813844
138 62 0.20267003206709946
138 89 0.15001473241236288
138 88 0.2713279932058933
138 63 0.10769750317527399
138 77 0.20316940308074877
138 49 0.1343989648452097
138 61 0.13495458137678418
138 75 0.10931680280889866
138 74 0.1451684234863864
138 60 0.12344357563019125
138 48 0.158055184090524
138 64 0.12807363639757263
138 70 0.27513945796526323
138 58 0.2509427626847636
138 59 0.10251620614952453
138 71 0.13853839409265767
138 65 0.1278588450269465
138 73 0.11343450752763445
138 67 0.2695735534466264
138 66 0.3508712932415811
138 72 0.23138500238918644
138 57 0.3331033557132586
138 94 0.34632140179279125
138 80 0.1434397528325283
138 81 0.2573120633238963
138 95 0.13461168023210812
138 56 0.2287734889985255
138 68 0.4663408587177284
138 54 0.14276309262032288
138 83 0.136503419801683
138 82 0.23229352900160455
138 55 0.10619994894576673
138 69 0.2472921677422597
138 51 0.09658469607954141
138 79 0.10170297150294565
138 86 0.144341569623513
138 92 0.33669132414913167
138 93 0.32251039694319694
138 87 0.2215245612454985
138 78 0.266694291126391
138 50 0.06502371178320523
138 52 0.09059829059614244
138 46 0.1980773059783248
138 91 0.30724158126818446
138 85 0.2769334677175956
138 84 0.15983829121465262
138 90 0.2843976471427435
138 47 0.20233371472532402
138 53 0.21097127291803477
140 76 0.23612403750159727
140 62 0.15699899018673824
140 89 0.13927843310385596
140 88 0.15688912372833774
140 63 0.16422086780609405
140 77 0.13759436610483006
140 49 0.1961625612429267
140 61 0.1251429657513573
140 75 0.12647251015856648
140 74 0.08691960041335486
140 60 0.07847514380584927
140 48 0.14545799997070874
140 64 0.12264215450853248
140 70 0.28925140677647154
140 58 0.1467246940294108
140 59 0.17509093769411624
140 71 0.13334383751007794
140 65 0.09203038032370028
140 73 0.14987604496922352
140 67 0.23151394738737255
140 66 0.31256524022288434
140 72 0.07406151011234674
140 57 0.27687836806508753
140 94 0.2719791718023171
140 80 0.13412226866462784
140 81 0.2301480573427241
140 95 0.15664407214996684
140 56 0.1437366926416361
140 68 0.3196344610395598
140 54 0.14087098038770213
140 83 0.13093853156378776
140 82 0.20371731945190058
140 55 0.16738358600893957
140 69 0.3105454127049266
140 51 0.11461702102827032
140 79 0.12504750222314226
140 86 0.06601283072404826
140 92 0.2724832374014785
140 93 0.23930966435672393
140 87 0.21546934913966873
140 78 0.3412726512937395
140 50 0.19665225382586013
140 52 0.0629848061117558
140 46 0.10838380288804242
140 91 0.2510774358815815
140 85 0.22907527394364136
140 84 0.15759051643643723
140 90 0.2335421506615925
140 47 0.14402236572353833
140 53 0.14414941432730888
135 76 0.21204800348805267
135 62 0.357714225014843
135 89 0.15434558477769672
135 88 0.2584071684584945
135 63 0.16923321507655023
135 77 0.3360855318348792
135 49 0.3980433874836199
135 61 0.1324838714582316
135 75 0.4272839970107606
135 74 0.2920939148937485
135 60 0.10858531944145863
135 48 0.420867593617283
135 64 0.1405880159235376
135 70 0.24634599209852184
135 58 0.17809839535176714
135 59 0.09668571139229641
135 71 0.30086244255933753
135 65 0.10569144186079421
135 73 0.34011648242935794
135 67 0.35009910187697774
135 66 0.19818252097988662
135 72 0.12858482457112336
135 57 0.37204794448964934
135 94 0.3423123669713497
135 80 0.3196219861484415
135 81 0.31076002317133733
135 95 0.21444259621862471
135 56 0.40119572382034957
135 68 0.4881584953199272
135 54 0.17420008431351844
135 83 0.6630843199915522
135 82 0.07430492571372685
135 55 0.2111711364588221
135 69 0.2863988004524561
135 51 0.21255277603360037
135 79 0.24887858635763466
135 86 0.18438694623168816
135 92 0.3592271954626328
135 93 0.3126308650015617
135 87 0.31337036113115047
135 78 0.3476383261028721
135 50 0.2167680722506786
135 52 0.0634557307339314
135 46 0.4243608922887574
135 91 0.37435298714847054
135 85 0.34923484588365183
135 84 0.2557338425458376
135 90 0.3415452789968539
135 47 0.26093668461086084
135 53 0.3732999171230394
121 76 0.17257122978137548
121 62 0.25179318599818024
121 89 0.23237862472158483
121 88 0.4155826963683592
121 63 0.23879917304118456
121 77 0.20063525458057715
121 49 0.2164021222769652
121 61 0.138271937602721
121 75 0.1141144141787012
121 74 0.17474211142595442
121 60 0.15741822056331434
121 48 0.2032727564582468
121 64 0.194960909209656
121 70 0.2189761201502574
121 58 0.1268758361305909
121 59 0.12275926238687772
121 71 0.4489639616107135
121 65 0.17785456059628774
121 73 0.10669897869743752
121 67 0.4699850327803252
121 66 0.2657263278066462
121 72 0.1467711996068205
121 57 0.5057483120297004
121 94 0.6510777607917622
121 80 0.48524684418759095
121 81 0.26378696587681827
121 95 0.17673997521059184
121 56 0.31588160700001794
121 68 0.5010001305504875
121 54 0.20587651418615704
121 83 0.4201568594314081
121 82 0.17700240465743017
121 55 0.2998552389214959
121 69 0.46996721938717273
121 51 0.21351570057713926
121 79 0.19138847623044225
121 86 0.23834901148033988
121 92 0.5244667791228774
121 93 0.42868770850299326
121 87 0.3273568451425924
121 78 0.5754996630455649
121 50 0.23045301035650603
121 52 0.10813999997688638
121 46 0.26750514871340486
121 91 0.4532391190564191
121 85 0.39988030978571115
121 84 0.11804349271417981
121 90 0.4163119246391643
121 47 0.277770923729206
121 53 0.13914749710733415
109 76 0.16228345839036823
109 62 0.2432346464745394
109 89 0.10179907355808232
109 88 0.2153928641109596
109 63 0.18671084902412727
109 77 0.23893382476022734
109 49 0.1922595247729205
109 61 0.14622392596846073
109 75 0.11997444644420531
109 74 0.2213109358968143
109 60 0.09220797865446884
109 48 0.13783869690955214
109 64 0.1753921779286575
109 70 0.3742536530914028
109 58 0.5869908203372649
109 59 0.08722635904601136
109 71 0.10970824657694922
109 65 0.1446547884717703
109 73 0.07863086515994466
109 67 0.281726888317406
109 66 0.20287726408361215
109 72 0.22308542669775044
109 57 0.40098859217840366
109 94 0.3758399890347529
109 80 0.10935804100534681
109 81 0.41393506481997544
109 95 0.18073303708653912
109 56 0.13071254352825484
109 68 0.4763943143719989
109 54 0.12716686116678388
109 83 0.1276231577519334
109 82 0.12077326874343368
109 55 0.19219510619995384
109 69 0.41323751167453676
109 51 0.06724207613406963
109 79 0.14889187159130876
109 86 0.1225831158313684
109 92 0.36172350181984136
109 93 0.33136066098515504
109 87 0.2576188862752155
109 78 0.4490986200428172
109 50 0.19686033620464785
109 52 0.13619651645055686
109 46 0.2785662296447047
109 91 0.3512745847958456
109 85 0.3475235347077015
109 84 0.7302638564848677
109 90 0.35381610915724404
109 47 0.08019895618696843
109 53 0.1040868296470467
108 76 0.15364219679478186
108 62 0.2906133602395225
108 89 0.1885436093511721
108 88 0.36461699820861115
108 63 0.19592326994573925
108 77 0.1794177579698955
108 49 0.10487476156558483
108 61 0.13342035653348042
108 75 0.1487194331756399
108 74 0.17056040327081115
108 60 0.12204913683572909
108 48 0.1257183992778475
108 64 0.1767721361012831
108 70 0.36814606643374176
108 58 0.8162055782069246
108 59 0.08698617319945653
108 71 0.13601239851751212
108 65 0.12163686874106072
108 73 0.14031219329500427
108 67 0.33611360576488236
108 66 0.30544824912942364
108 72 0.15205417016131884
108 57 0.47115484155446435
108 94 0.4439047174698745
108 80 0.1446074648810751
108 81 0.35476611783454265
108 95 0.17964113386747732
108 56 0.3277243855993902
108 68 0.6711871371096445
108 54 0.22517118344688974
108 83 0.13831751563696004
108 82 0.1622168135448044
108 55 0.32031944346541846
108 69 0.45056385657955167
108 51 0.13648675922861192
108 79 0.2552446315606185
108 86 0.0810285440898505
108 92 0.45211490166576895
108 93 0.3973028062450933
108 87 0.3077112376383142
108 78 0.3720094721462014
108 50 0.16349628096105992
108 52 0.11939924704288091
108 46 0.23655326223053622
108 91 0.4147705464524435
108 85 0.3651855010075894
108 84 0.13719396634487227
108 90 0.3678868868235994
108 47 0.14638206412664884
108 53 0.12088014107839137
120 76 0.11161573743859247
120 62 0.19295284634754248
120 89 0.1625021117060832
120 88 0.2669850072327485
120 63 0.080908939461899
120 77 0.378585584621535
120 49 0.1032612948371462
120 61 0.08420907332028407
120 75 0.17755330159069999
120 74 0.11719258425074401
120 60 0.11658948386623977
120 48 0.12549525481214263
120 64 0.14388933799865866
120 70 0.18111363405926667
120 58 0.10777551692171852
120 59 0.15596141984868095
120 71 0.16625778126682672
120 65 0.08366883504301384
120 73 0.12354723735517707
120 67 0.25786622346850535
120 66 0.25599792114925096
120 72 0.1324685427898973
120 57 0.15508556546773344
120 94 0.3213340130787848
120 80 0.16811419751919507
120 81 0.18517525323615885
120 95 0.1065268390300598
120 56 0.19180231411650472
120 68 0.25748091281878427
120 54 0.14671061035348504
120 83 0.14062708755116926
120 82 0.13239515193182075
120 55 0.37572864886339163
120 69 0.19557639974776286
120 51 0.19287435149412724
120 79 0.13665942347611815
120 86 0.13079505198785663
120 92 0.3064562528424824
120 93 0.2893579476752016
120 87 0.235359608544886
120 78 0.24281688380733243
120 50 0.17714571514981425
120 52 0.08217325721309418
120 46 0.1446335267165546
120 91 0.27494773969186365
120 85 0.2658845210032017
120 84 0.16652927753768432
120 90 0.2611386095069371
120 47 0.16484954236536414
120 53 0.538278071471245
134 76 0.25153223143545533
134 62 0.17891961052692573
134 89 0.11032866995531956
134 88 0.17522399083850929
134 63 0.10452898907681334
134 77 0.1318583975321585
134 49 0.3751985679712496
134 61 0.103101508873548
134 75 0.4691579637324872
134 74 0.2141327548683763
134 60 0.1523520870399002
134 48 0.37173649640236484
134 64 0.16560779290358077
134 70 0.20037869913747378
134 58 0.16946392353575554
134 59 0.10105792510671358
134 71 0.49414812033118716
134 65 0.07197401368040032
134 73 0.3774854452272538
134 67 0.3317308630065433
134 66 0.1686436030924143
134 72 0.15872388506588123
134 57 0.3995486797411898
134 94 0.25770497642490886
134 80 0.5266278314084782
134 81 0.01777851672794764
134 95 0.21658418083287406
134 56 0.10527722585959867
134 68 0.37702871549801753
134 54 0.17732180796040153
134 83 0.40925146413918023
134 82 0.052851839711854975
134 55 0.2995603755698115
134 69 0.18917840991029994
134 51 0.22109321103783602
134 79 0.06825904363901336
134 86 0.21484466700930258
134 92 0.15452164661078266
134 93 0.17342246299211175
134 87 0.13726323293370013
134 78 0.16858615978102004
134 50 0.20281404805988862
134 52 0.6734458407647534
134 46 0.21100125203034775
134 91 0.0992925446323257
134 85 0.15634872253649001
134 84 0.1742199948499066
134 90 0.1316127780942141
134 47 0.35989776967804465
134 53 0.5854953529678342
122 76 0.15759488706451127
122 62 0.08138296774988704
122 89 0.1940535186566974
122 88 0.17440011286777635
122 63 0.213762632653066
122 77 0.18483638968509325
122 49 0.34947514274174263
122 61 0.1162122532014813
122 75 0.10555846859176105
122 74 0.21217972993071502
122 60 0.11068639803624326
122 48 0.18583202188425627
122 64 0.12965806210327468
122 70 0.24938266027231326
122 58 0.17108639096646244
122 59 0.12626405798326618
122 71 0.6903606727284397
122 65 0.09299987908983648
122 73 0.08338129388399962
122 67 0.5569802633008885
122 66 0.28148945515204016
122 72 0.10534151211070976
122 57 0.5825681030087216
122 94 0.36823804456453785
122 80 0.7334733634748629
122 81 0.20148426782252393
122 95 0.09676754035988155
122 56 0.157601389868262
122 68 0.5603820972082193
122 54 0.13213406472825062
122 83 0.40331681159281507
122 82 0.12752717665092794
122 55 0.14512101241158706
122 69 0.3341031312816658
122 51 0.26977003817161554
122 79 0.14030788232379948
122 86 0.3862237181537679
122 92 0.40059634723860166
122 93 0.37028685450764454
122 87 0.2557607295883159
122 78 0.37623168814264146
122 50 0.38551841242438384
122 52 0.14483938401240115
122 46 0.1902444602453946
122 91 0.36043882922929726
122 85 0.6774258195950464
122 84 0.19676859659904838
122 90 0.6008807844003996
122 47 0.11403473087880882
122 53 0.14853246351339128
136 76 0.04229457401342726
136 62 0.16743427354181534
136 89 0.17724217919906016
136 88 0.18402971688817332
136 63 0.1891090648148042
136 77 0.37620255384888157
136 49 0.30325338821203135
136 61 0.13668348384685286
136 75 0.09050937153822303
136 74 0.08584349238360217
136 60 0.13397429413979378
136 48 0.2800574588324316
136 64 0.090679179352566
136 70 0.17435438278086768
136 58 0.04977604823840093
136 59 0.1815167563987672
136 71 0.08563824313610235
136 65 0.13797103639783714
136 73 0.14775150496397071
136 67 0.18757584193693444
136 66 0.1294344281550192
136 72 0.17031688826844216
136 57 0.18169645845471033
136 94 0.23014352277786781
136 80 0.091098920115747
136 81 0.5372903200561011
136 95 0.12376435785621638
136 56 0.380749056083001
136 68 0.31848210901374585
136 54 0.13809827672524624
136 83 0.09540288776954545
136 82 0.14392786455326806
136 55 0.178217278718253
136 69 0.13581633704188834
136 51 0.1533453189518286
136 79 0.7419572011645502
136 86 0.13490022400516882
136 92 0.2233582239542283
136 93 0.20288274120760905
136 87 0.17189258611550254
136 78 0.21346317676905008
136 50 0.1681674181626312
136 52 0.11810740616921846
136 46 0.2542675546989622
136 91 0.2521946411558045
136 85 0.19032856623415229
136 84 0.07181380092480508
136 90 0.21208173879716308
136 47 0.3039876479675952
136 53 0.067265672935582
137 76 0.13739912172422136
137 62 0.1539783785495672
137 89 0.1483467093379841
137 88 0.26311736197640545
137 63 0.12459068705841274
137 77 0.17013243820251467
137 49 0.10599759425954947
137 61 0.12712965884955768
137 75 0.13408043376173662
137 74 0.138182963009029
137 60 0.10540609155564368
137 48 0.1102478944373139
137 64 0.14348144268329852
137 70 0.2014554027605369
137 58 0.11979196269841574
137 59 0.12077161381782088
137 71 0.12491912853893328
137 65 0.11122985556257671
137 73 0.1503384207687763
137 67 0.2359188429434106
137 66 0.3314559188817857
137 72 0.13527062427845338
137 57 0.23269121270282508
137 94 0.3205758601536954
137 80 0.12936501956540358
137 81 0.15957882268367102
137 95 0.14472486966418524
137 56 0.197310957495722
137 68 0.36267923504700994
137 54 0.16339913111739135
137 83 0.13932615127530268
137 82 0.16976757967610673
137 55 0.1497639520597518
137 69 0.23014476123534033
137 51 0.16163321922721924
137 79 0.23882612267164338
137 86 0.09399964929537957
137 92 0.3239969045348686
137 93 0.28563001140452476
137 87 0.20974127983128876
137 78 0.2576232172016709
137 50 0.1733613129820914
137 52 0.15252422635244595
137 46 0.17919314365637967
137 91 0.27765795314282465
137 85 0.2967483118647486
137 84 0.1326227972112203
137 90 0.2941744304188299
137 47 0.12615729235634884
137 53 0.13937264514218606
123 76 0.15926386291685624
123 62 0.1839386700989724
123 89 0.11073808368762976
123 88 0.3335013765819261
123 63 0.0636367599215594
123 77 0.09835858803707209
123 49 0.27541982573357504
123 61 0.1237675364647014
123 75 0.10475472136393081
123 74 0.1304801359316281
123 60 0.1387147529495104
123 48 0.17129720313056518
123 64 0.1426528298808275
123 70 0.1939276204961537
123 58 0.09889801743195169
123 59 0.10460397792391901
123 71 0.4613624667825329
123 65 0.13840966340173505
123 73 0.095970554686205
123 67 0.37184428971172656
123 66 0.20580969335548024
123 72 0.11726559909714815
123 57 0.5270657486927899
123 94 0.7588136926940369
123 80 0.49818807987480346
123 81 0.15865489658733906
123 95 0.2124947532371477
123 56 0.2666577401333968
123 68 0.44702572142204167
123 54 0.14772256043645224
123 83 0.3215862707964433
123 82 0.13583213651250373
123 55 0.14632391250291826
123 69 0.2819096486640385
123 51 0.202715492146079
123 79 0.17923221159603667
123 86 0.3073915333281314
123 92 0.42215879287146213
123 93 0.35178522112834687
123 87 0.24097461044237878
123 78 0.37191015180913495
123 50 0.28686840390779555
123 52 0.14704107186252957
123 46 0.156677323911977
123 91 0.17335141687586855
123 85 0.22297012780755424
123 84 0.08932056635031074
123 90 0.24588536136867972
123 47 0.1653646729739067
123 53 0.11036154795877712
127 76 0.24401033647367837
127 62 0.16461531019512174
127 89 0.1905026690042053
127 88 0.3554874322310875
127 63 0.15878314877478683
127 77 0.15658261560266584
127 49 0.33974529980231366
127 61 0.1144931309677483
127 75 0.0892393360497519
127 74 0.12446688368377039
127 60 0.13402654428168861
127 48 0.21524638924263018
127 64 0.12415179544598803
127 70 0.2988842102744331
127 58 0.06415199589695625
127 59 0.1678939475819857
127 71 0.4833397290526603
127 65 0.09197194855098295
127 73 0.08436996916863751
127 67 0.4633747272372011
127 66 0.30137241354499245
127 72 0.17872539589918607
127 57 0.47790613054516085
127 94 0.4548773835491581
127 80 0.5065460206329564
127 81 0.3441147042885917
127 95 0.19460083453206828
127 56 0.4094216192427016
127 68 0.7343150802951
127 54 0.1904155008446141
127 83 0.13775044285205862
127 82 0.05658651809379878
127 55 0.209473855244265
127 69 0.3519282255163871
127 51 0.3337585897154455
127 79 0.32543793799961335
127 86 0.3152371264263314
127 92 0.45796829230775143
127 93 0.4147357061770721
127 87 0.49334281702976157
127 78 0.33758765011214614
127 50 0.45706509464825895
127 52 0.121961573216636
127 46 0.2897369682595491
127 91 0.38098245994768015
127 85 0.4652960458740462
127 84 0.13034774434206942
127 90 0.4457099288848512
127 47 0.20537246632376024
127 53 0.13205830264267857
133 76 0.117094860070168
133 62 0.3814285291787577
133 89 0.11400894627948734
133 88 0.19251762270940492
133 63 0.14752661920626287
133 77 0.3821805346224126
133 49 0.49326021711419366
133 61 0.15890793568147618
133 75 0.1615586701634798
133 74 0.25342592972821815
133 60 0.0980711645671731
133 48 0.3529413651282063
133 64 0.14976986755572047
133 70 0.21786027040836886
133 58 0.24205935297396972
133 59 0.1334778912308156
133 71 0.37947010020773264
133 65 0.11380617704949435
133 73 0.1437323806434414
133 67 0.31510943306922495
133 66 0.15370075732832073
133 72 0.14013706388742558
133 57 0.4524472120782734
133 94 0.23572219234339675
133 80 0.402614757368138
133 81 0.28821238127219345
133 95 0.20730740790542893
133 56 0.20838481958345922
133 68 0.3703977154839291
133 54 0.19808512113870283
133 83 0.18181549015129458
133 82 0.2923055153892038
133 55 0.12083072261340666
133 69 0.17431220760496613
133 51 0.14800257040302056
133 79 0.4387481339505651
133 86 0.1809176420870225
133 92 0.23762339156232085
133 93 0.2425399670108871
133 87 0.1379831383446009
133 78 0.22528838860584388
133 50 0.21880051199172892
133 52 0.10049966050780297
133 46 0.14066764207110719
133 91 0.2653224448285392
133 85 0.2673458765896127
133 84 0.2162529795834143
133 90 0.24815292827721117
133 47 0.38195357555387155
133 53 0.554588273372316
132 76 0.16794974376649854
132 62 0.18873593299430536
132 89 0.2530560686507987
132 88 0.5315961503309643
132 63 0.14594880742192184
132 77 0.18239698633728504
132 49 0.11568761587829715
132 61 0.1477034018223839
132 75 0.1237185397155976
132 74 0.21488475942339563
132 60 0.1458347242785442
132 48 0.12057779370885903
132 64 0.13761575934643253
132 70 0.37744832345120416
132 58 0.15210988565731315
132 59 0.0971001012440469
132 71 0.14502357426162255
132 65 0.13583326795613573
132 73 0.07304365247537495
132 67 0.4084744028994597
132 66 0.3362460179378846
132 72 0.17532086382994683
132 57 0.3163430906107416
132 94 0.6845074172501423
132 80 0.1473063547925872
132 81 0.2982393514148627
132 95 0.159162990612012
132 56 0.47886352446992914
132 68 0.6650300037381711
132 54 0.18369704735186868
132 83 0.3135716542515945
132 82 0.02973562197294552
132 55 0.25411420407423835
132 69 0.38780024416748615
132 51 0.10282591423011181
132 79 0.1952831758928474
132 86 0.20705830892176327
132 92 0.7120667661269057
132 93 0.648360612292103
132 87 0.4494388298381915
132 78 0.38563132735167277
132 50 0.14134666415761016
132 52 0.14448223915883907
132 46 0.4631405038742752
132 91 0.5951070297886316
132 85 0.6193348257782851
132 84 0.14882739503153933
132 90 0.6237827380550818
132 47 0.15647513621999712
132 53 0.09675813379526607
126 76 0.1465394581275367
126 62 0.1502572947220211
126 89 0.21703461229649654
126 88 0.2879394862014172
126 63 0.17192209947483014
126 77 0.20557921278170282
126 49 0.2611692904221034
126 61 0.1176786934113744
126 75 0.13071221049329504
126 74 0.16996931773836632
126 60 0.12978106272395706
126 48 0.16809488829097985
126 64 0.1296737816715206
126 70 0.2336644299315333
126 58 0.17332470521923682
126 59 0.12153533327341884
126 71 0.4622377322836466
126 65 0.12200843259962008
126 73 0.13198016879193836
126 67 0.5115860354278045
126 66 0.27673316125815056
126 72 0.12599345296608336
126 57 0.48060210624604943
126 94 0.5593223478601594
126 80 0.5013892732793428
126 81 0.22111028549297668
126 95 0.08600477031258957
126 56 0.17901393203540178
126 68 0.5172472049647898
126 54 0.13031641517308507
126 83 0.44584188938328734
126 82 0.15013302146074028
126 55 0.14484008417842023
126 69 0.3389047075170416
126 51 0.215897817422303
126 79 0.17650481876247814
126 86 0.2531401687879195
126 92 0.5835167893352484
126 93 0.5277585946492722
126 87 0.3104891058157142
126 78 0.41478170019096017
126 50 0.2812720543127183
126 52 0.13047913728035965
126 46 0.19234996450324007
126 91 0.5869236728227842
126 85 0.7319371608385593
126 84 0.1154128414106383
126 90 0.7451742443641576
126 47 0.1275244705760294
126 53 0.14538811632509535
118 76 0.24472153192797072
118 62 0.33113792355196175
118 89 0.17086343923143535
118 88 0.15364422208679804
118 63 0.12731477103214192
118 77 0.058017869107096526
118 49 0.44241833260693064
118 61 0.07004894140123272
118 75 0.095646743008477
118 74 0.15649002636990922
118 60 0.11025218849937274
118 48 0.2872199374452656
118 64 0.10500205293595351
118 70 0.15973243300539147
118 58 0.43098365352580176
118 59 0.3488103922643127
118 71 0.3069233232612129
118 65 0.1341654065018109
118 73 0.10893570637190575
118 67 0.2710554824732787
118 66 0.12295191451627939
118 72 0.04765400345275822
118 57 0.43123702995577035
118 94 0.1507457913480917
118 80 0.32901292851018177
118 81 0.5344618684947107
118 95 0.1429136601468409
118 56 0.43108051396990166
118 68 0.3129712379836146
118 54 0.1172391958104894
118 83 0.21864770082854118
118 82 0.14854864105870524
118 55 0.20121515090219264
118 69 0.21616246035122608
118 51 0.24885613634833909
118 79 0.32515269958414916
118 86 0.17065544435464508
118 92 0.16421764103910372
118 93 0.1598654960279639
118 87 0.2831123276785223
118 78 0.16741890113408012
118 50 0.38002758950369575
118 52 0.10101382910613826
118 46 0.28243793775336595
118 91 0.16413029189044168
118 85 0.19317930132688702
118 84 0.23652776838949446
118 90 0.1833223863553485
118 47 0.49503117526226376
118 53 0.42530018308661954
130 76 0.10014500868126414
130 62 0.16907991941174083
130 89 0.16235895478460777
130 88 0.36177804384906487
130 63 0.14709770514124496
130 77 0.15757538622917916
130 49 0.1543792081084427
130 61 0.12975541141629138
130 75 0.13102523811141523
130 74 0.06789980478823868
130 60 0.10346788405230851
130 48 0.12782332716519673
130 64 0.1446610699208608
130 70 0.2603592889097202
130 58 0.09467372717490896
130 59 0.11972050901401056
130 71 0.1559094686865239
130 65 0.10799311569199309
130 73 0.1291538743282099
130 67 0.2702555395785582
130 66 0.26105787401905667
130 72 0.14011866862011818
130 57 0.1452493270911404
130 94 0.3791006900453727
130 80 0.15485384300724103
130 81 0.229092252872874
130 95 0.17027103489691597
130 56 0.27756963836366094
130 68 0.3502508761568449
130 54 0.18310239348198282
130 83 0.29438862524692183
130 82 0.14220551822366417
130 55 0.16328679401187468
130 69 0.26038704242517646
130 51 0.09089933416504653
130 79 0.19827773461582188
130 86 0.0824109957195567
130 92 0.38270617021369513
130 93 0.3499316109124261
130 87 0.21765615800537194
130 78 0.2466497734375126
130 50 0.12982807897753842
130 52 0.1251674371288209
130 46 0.36539295089496554
130 91 0.2832356505437706
130 85 0.33552013854065693
130 84 0.17077101398415806
130 90 0.3270116475253555
130 47 0.15243894495576982
130 53 0.15338993534856574
124 76 0.1623169751165856
124 62 0.21376296993964766
124 89 0.11931204972996699
124 88 0.4473678835103866
124 63 0.04919688003295836
124 77 0.05331826508806356
124 49 0.2362808602839917
124 61 0.13194844038260162
124 75 0.11627195254761576
124 74 0.12007833322342061
124 60 0.13078237214086766
124 48 0.15256380473631861
124 64 0.14499066266932797
124 70 0.22983990133760251
124 58 0.17890089787552146
124 59 0.10917940856317632
124 71 0.41017271608899836
124 65 0.11330830969334653
124 73 0.13490386908555965
124 67 0.39482194661257336
124 66 0.2337090104578335
124 72 0.18838277163886888
124 57 0.3922534175512072
124 94 0.3490121160256062
124 80 0.4389069152973308
124 81 0.1769212488935898
124 95 0.3258526013361891
124 56 0.22138533887590947
124 68 0.4553391732414911
124 54 0.146962904525039
124 83 0.4090784444770408
124 82 0.10306750761578844
124 55 0.13321756641176782
124 69 0.34563967563283804
124 51 0.14957246675799446
124 79 0.13818394388006844
124 86 0.1676410528360953
124 92 0.43057803128762884
124 93 0.36523218051606376
124 87 0.2548295249024563
124 78 0.37077945401889684
124 50 0.22195203993693244
124 52 0.19507826234536832
124 46 0.1680074008805778
124 91 0.9894114576911932
124 85 0.3186309758632173
124 84 0.07729035080666596
124 90 0.3395068326880975
124 47 0.2338925830480186
124 53 0.1619704562028485
125 76 0.13625079289239403
125 62 0.21030123234688383
125 89 0.21607178127617224
125 88 0.3405322820498745
125 63 0.17134879058551128
125 77 0.13099289233551276
125 49 0.25978750979848253
125 61 0.1137017398447198
125 75 0.13420450454154556
125 74 0.1374919501319043
125 60 0.12859042419758882
125 48 0.16829254928671117
125 64 0.12060319058131935
125 70 0.2605404277050065
125 58 0.11991805887780926
125 59 0.11354785263543074
125 71 0.4321529367184902
125 65 0.12164857415564372
125 73 0.14991486257625342
125 67 0.5234171517166442
125 66 0.2768724444714762
125 72 0.08012563574972362
125 57 0.4666094292390219
125 94 0.3622638554640979
125 80 0.46933783115261607
125 81 0.2261738380203219
125 95 0.12589269451021196
125 56 0.43004396398011246
125 68 0.6731709196975602
125 54 0.1266915195889456
125 83 0.45128575642469615
125 82 0.1289339272390843
125 55 0.18862548781109353
125 69 0.34747685269203377
125 51 0.18749809617687424
125 79 0.16022630438629593
125 86 0.2471929749602288
125 92 0.3705319378650434
125 93 0.32915299182924684
125 87 0.3068564548955589
125 78 0.4005812900454214
125 50 0.268585129815966
125 52 0.019354778838509584
125 46 0.1617491328241297
125 91 0.45690214862433154
125 85 0.42754118909231015
125 84 0.1519451968618431
125 90 0.41561674221319833
125 47 0.11777447758585395
125 53 0.11141510291322493
131 76 0.1530239224795795
131 62 0.23445813955381734
131 89 0.2606017675772618
131 88 0.6195197062562268
131 63 0.13933235323081325
131 77 0.07684105201078073
131 49 0.08148506087978574
131 61 0.090838155421055
131 75 0.0955366497673136
131 74 0.22832166311532542
131 60 0.16594990185492728
131 48 0.15819132834344823
131 64 0.1319478633951539
131 70 0.3984463652918693
131 58 0.8011487359660583
131 59 0.25861205206165694
131 71 0.11416308761316254
131 65 0.13154586863272205
131 73 0.0832586461926143
131 67 0.4290823570640754
131 66 0.31349965800990587
131 72 0.0959499751425531
131 57 0.6323981253577697
131 94 0.5522420210725358
131 80 0.11998826014143761
131 81 0.3440474532203447
131 95 0.10723380168886337
131 56 0.2525914598123751
131 68 0.5939588729499805
131 54 0.18792852990690745
131 83 0.1144929490783919
131 82 0.05867532495385927
131 55 0.19792579883468758
131 69 0.4121287514244012
131 51 0.12384683128141238
131 79 0.15624521079690068
131 86 0.20084642198207459
131 92 0.5792356625437801
131 93 0.5230267251616613
131 87 0.5539590111920525
131 78 0.35316313330424676
131 50 0.04040705836401484
131 52 0.09634968838847369
131 46 0.2309996653199165
131 91 0.5793096751284306
131 85 0.5181230045872482
131 84 0.0992599710884029
131 90 0.5149350220248691
131 47 0.19533192666282032
131 53 0.08788215095688487
119 76 0.0866919620717688
119 62 0.2206054729712443
119 89 0.15516650657183534
119 88 0.316841913288873
119 63 0.1269764709539592
119 77 0.41031041836653037
119 49 0.11919736125072448
119 61 0.2920430451334952
119 75 0.13392183763146018
119 74 0.2147430867295019
119 60 0.14178709974920217
119 48 0.17036277989434126
119 64 0.1330748411178218
119 70 0.32927403677913336
119 58 0.5890090879716006
119 59 0.06908794661345924
119 71 0.1925875912509107
119 65 0.1233810121682605
119 73 0.06810880232820432
119 67 0.19219219761149803
119 66 0.15556914462255975
119 72 0.0811045305056654
119 57 0.2152138017887338
119 94 0.20069967867058003
119 80 0.19185069700211338
119 81 0.0
119 95 0.035387432981098615
119 56 0.20199101458087493
119 68 0.278232410340314
119 54 0.12008642989501962
119 83 0.11284313585071316
119 82 0.09316399751798846
119 55 0.26008730311821326
119 69 0.18280351032326309
119 51 0.13506555299030104
119 79 0.49665535131470584
119 86 0.24963335381847834
119 92 0.22014667064259627
119 93 0.2168917849391677
119 87 0.19666467694675208
119 78 0.1560830027438288
119 50 0.039120666041994046
119 52 0.10147883938964279
119 46 0.1479152298459005
119 91 0.22998511973103752
119 85 0.23109807274634972
119 84 0.154721918954362
119 90 0.20660567765981794
119 47 0.17768235673484134
119 53 0.10636739821606678
