114 76 0.13491348127084749
114 62 0.1520037293646035
114 89 0.08210842335317872
114 88 0.21385048434654508
114 63 0.09514172324780876
114 77 0.0784333337877475
114 49 0.05722282424166417
114 61 0.00962750651471013
114 75 0.05020943060161767
114 74 0.20478194101679909
114 60 0.04104453359765191
114 48 0.048429308073616215
114 64 0.11912369053145833
114 70 0.1834576854675092
114 58 0.39867096419236187
114 59 0.09374608660466767
114 71 0.05817148810138364
114 65 0.028112894963290197
114 73 0.04299340368943061
114 67 0.15797695989961508
114 66 0.14859509237206267
114 72 0.09443457577907263
114 57 0.19245110751583694
114 94 0.27080411368467056
114 80 0.0647743386605641
114 81 0.19170338294025618
114 95 0.07486157700291866
114 56 0.09581558572872904
114 68 0.2951036339697218
114 54 0.14831565449691456
114 83 0.0735491870018512
114 82 0.03766724710080713
114 55 0.14189516330836338
114 69 0.22940973086105995
114 51 0.04077621657013637
114 79 0.0642371930419014
114 86 0.04437470553611393
114 92 0.2861826255856284
114 93 0.23624706495527537
114 87 0.17220514526650232
114 78 0.1957783403058711
114 50 0.07176671811565391
114 52 0.039693540569976246
114 46 0.1609506730928424
114 91 0.22730308081050749
114 85 0.23581970026446644
114 84 0.08981059269680035
114 90 0.2381625360081061
114 47 0.11290739959564042
114 53 0.06349292934563736
100 76 0.05801426884243633
100 62 0.06135522776175721
100 89 0.033828569484476934
100 88 0.07376094332798787
100 63 0.2293809284971292
100 77 0.052939523975591776
100 49 0.18292300818212204
100 61 0.03657444807970596
100 75 0.04479318001645434
100 74 0.06296719511809684
100 60 0.03885321490460418
100 48 0.089511268931521
100 64 0.10154978045620938
100 70 0.07135405413232979
100 58 0.22552413028681714
100 59 0.04978969448157429
100 71 0.3907761709660722
100 65 0.040919323743136296
100 73 0.015175457963677447
100 67 0.1853546873138054
100 66 0.05043829177173738
100 72 0.026223624466358356
100 57 0.22627722748091858
100 94 0.24576123359375862
100 80 0.4156122225560089
100 81 0.06323514053808835
100 95 0.05980930123083714
100 56 0.10452753811888771
100 68 0.19134399124297116
100 54 0.09317279135572648
100 83 0.06183837247756451
100 82 0.037533194200075115
100 55 0.20683725052129348
100 69 0.09380665079079475
100 51 0.11719177065300738
100 79 0.04300105970317322
100 86 0.18484445849794745
100 92 0.10604201848028735
100 93 0.09889161959129991
100 87 0.061215794252734
100 78 0.07950121533395957
100 50 0.21041164597855933
100 52 0.08700933821124966
100 46 0.11442688029509657
100 91 0.19397731262166323
100 85 0.18218868304852545
100 84 0.10107715047021022
100 90 0.1769063007678781
100 47 0.05924820886291081
100 53 0.04934433061591563
128 76 0.08511347886445879
128 62 0.03408221004066091
128 89 0.13126534019672645
128 88 0.2563942961127666
128 63 0.08014170656869538
128 77 0.062451600997366456
128 49 0.04936007135941978
128 61 0.061548949283208865
128 75 0.048109562332066716
128 74 0.03673906666734447
128 60 0.05599259278944304
128 48 0.059046649725741696
128 64 0.09076328742529415
128 70 0.17503814891434197
128 58 0.15823772342056447
128 59 0.030831456069281143
128 71 0.050021433610433735
128 65 0.025869138565313587
128 73 0.06946601362247254
128 67 0.24492301320801313
128 66 0.17344561321163693
128 72 0.07796921259559142
128 57 0.11760534930606359
128 94 0.37760691423880777
128 80 0.0557930679644108
128 81 0.1941547170226283
128 95 0.13730592434844935
128 56 0.20668726834105447
128 68 0.4434496088292684
128 54 0.1133686003386096
128 83 0.044230855353480494
128 82 0.037060351961331006
128 55 0.11474715327724916
128 69 0.21684437473112023
128 51 0.0777567073936306
128 79 0.13609439016511504
128 86 0.040424440479592066
128 92 0.3868795480463336
128 93 0.32996506156284905
128 87 0.3047311367769674
128 78 0.2195582842548356
128 50 0.0969403625361934
128 52 0.10711168493995771
128 46 0.13784063941236088
128 91 0.2781035063447099
128 85 0.33270874029190056
128 84 0.04753547100839706
128 90 0.33801385668567263
128 47 0.12061497906378527
128 53 0.030744789795786584
129 76 0.024224348694852446
129 62 0.1426085167266168
129 89 0.11743096337644816
129 88 0.30619759088500287
129 63 0.20892822092776678
129 77 0.10236647071120973
129 49 0.1215086199559284
129 61 0.0573136276174041
129 75 0.0449261041089145
129 74 0.10472247777326445
129 60 0.019047940182672127
129 48 0.200337371775358
129 64 0.20127395719287827
129 70 0.30765528376597207
129 58 0.5274798116983479
129 59 0.01773370303418717
129 71 0.1387601546240231
129 65 0.06755742240909407
129 73 0.03498692888651979
129 67 0.26493433784379544
129 66 0.2060587507943768
129 72 0.027305197859859395
129 57 0.39017213638173504
129 94 0.3888832722353901
129 80 0.15358216563712832
129 81 0.24117754604149608
129 95 0.10708206146199603
129 56 0.20282256614946442
129 68 0.49227065111542195
129 54 0.24954516831549062
129 83 0.09610715530807201
129 82 0.27895197056287496
129 55 0.19285427410257056
129 69 0.34378463175672924
129 51 0.06108592062154376
129 79 0.11765983323674992
129 86 0.04677274215281897
129 92 0.3976395331119917
129 93 0.35280241985176036
129 87 0.23760652172183103
129 78 0.2758159025887742
129 50 0.0585899733159443
129 52 0.05271919452725558
129 46 0.2502221998916328
129 91 0.3400904325308604
129 85 0.3280342312394018
129 84 0.10261548909100807
129 90 0.33130240495984087
129 47 0.39448068936664615
129 53 0.08048815137454587
101 76 0.006622054672999714
101 62 0.09513051126127871
101 89 0.09624270549839213
101 88 0.09079810221786981
101 63 0.0433619195251463
101 77 0.10327042719598428
101 49 0.10314379448578176
101 61 0.05678577527329745
101 75 0.04163870179399842
101 74 0.008917473810612211
101 60 0.039276995744653126
101 48 0.05616820159205014
101 64 0.042510598487316295
101 70 0.06282176018183676
101 58 0.13252468354231897
101 59 0.05398641796958887
101 71 0.15314790683586604
101 65 0.05208065720793237
101 73 0.05668521143674055
101 67 0.11365325939277514
101 66 0.04179343909694763
101 72 0.022224856808122376
101 57 0.15952932176573925
101 94 0.10580011494280052
101 80 0.17347799170406147
101 81 0.1036379722209952
101 95 0.004622289137252586
101 56 0.11791476497631224
101 68 0.11163307081534375
101 54 0.0420126397196407
101 83 0.03787570697168706
101 82 0.07207548838946093
101 55 0.06490043023091731
101 69 0.0861853959284915
101 51 0.08538005670344126
101 79 0.1306079979084622
101 86 0.11133118010108577
101 92 0.0982883533917959
101 93 0.08695236398122713
101 87 0.07478955948037183
101 78 0.07296613070603199
101 50 0.11294211904236105
101 52 0.06635849502372904
101 46 0.08763696798585205
101 91 0.1481315458646725
101 85 0.07926653844443854
101 84 0.06764165442179654
101 90 0.08258652562845757
101 47 0.026160051320596442
101 53 0.03700536483889849
115 76 0.028449239831936354
115 62 0.17697169275676167
115 89 0.07211338198878457
115 88 0.16522101983597767
115 63 0.06954762980938854
115 77 0.3314590540657285
115 49 0.21685685348341827
115 61 0.04446886375662529
115 75 0.05710171341132303
115 74 0.15932685038290043
115 60 0.039161408912265064
115 48 0.13387525451956797
115 64 0.11784350605007726
115 70 0.20336666128904718
115 58 0.10478050166281364
115 59 0.05801502892756943
115 71 0.09609574990521144
115 65 0.0220747040469335
115 73 0.01871677961759083
115 67 0.20829268383944832
115 66 0.22982740155147813
115 72 0.15069119927469563
115 57 0.08717951092604274
115 94 0.3055822054493646
115 80 0.10656645938689617
115 81 0.08167256233509287
115 95 0.06561584414500762
115 56 0.27198774497403105
115 68 0.2694641280169507
115 54 0.07731254442725047
115 83 0.22945272221990484
115 82 0.06458323668024096
115 55 0.15792364090806515
115 69 0.08953445633547208
115 51 0.08349650354069332
115 79 0.19066989750007038
115 86 0.06471977163132261
115 92 0.32288893134824576
115 93 0.28275866639545044
115 87 0.13547866995863966
115 78 0.1256773410184947
115 50 0.03990389657330845
115 52 0.7446358821464643
115 46 0.47208765794783625
115 91 0.2981434000858796
115 85 0.28235184692103504
115 84 0.08759257779948626
115 90 0.28514444390172833
115 47 0.27532735420057025
115 53 0.35822547628263496
103 76 0.045701484767593115
103 62 0.14833119025667774
103 89 0.042021553952278135
103 88 0.1843514844723043
103 63 0.16099272380060453
103 77 0.07120770463993834
103 49 0.042405881921267055
103 61 0.05095099217661703
103 75 0.05474950903926301
103 74 0.04712966217858261
103 60 0.028307424508082782
103 48 0.09053523296822469
103 64 0.23864681966638268
103 70 0.22488693938861318
103 58 0.9999999999999999
103 59 0.04042075248370479
103 71 0.06481058943336633
103 65 0.06608472018768169
103 73 0.061346202575505715
103 67 0.14874713832539138
103 66 0.21209025295486822
103 72 0.050738339419709955
103 57 0.3111371923188417
103 94 0.19189273797374629
103 80 0.07209055554082433
103 81 0.2049021627277708
103 95 0.06350689066903811
103 56 0.10866619610046127
103 68 0.3463319370589529
103 54 0.29559780882357156
103 83 0.05209718963981405
103 82 0.09189942059077404
103 55 0.21147425582685309
103 69 0.28364529234893116
103 51 0.02702947640273863
103 79 0.04527851374418507
103 86 0.019630131497461192
103 92 0.20289613866185602
103 93 0.16716700012492475
103 87 0.13327935263872256
103 78 0.2422843279116042
103 50 0.04888924894853605
103 52 0.11911085033231271
103 46 0.2484456170089852
103 91 0.1654571065794988
103 85 0.16686121859266684
103 84 0.08350441589066122
103 90 0.16853752905753616
103 47 0.19282381541780075
103 53 0.06852511930601914
117 76 0.1903427486923385
117 62 0.2063144339617677
117 89 0.07133094625113097
117 88 0.15596482020400992
117 63 0.0571917366381413
117 77 0.3300864070666457
117 49 0.1953591836085775
117 61 0.08548883702458814
117 75 0.5681969493406065
117 74 0.36586062129723856
117 60 0.04294330370065963
117 48 0.3856121193829391
117 64 0.12986016502233408
117 70 0.2141388026676069
117 58 0.5346423481106598
117 59 0.043339685712307646
117 71 0.06204013055688765
117 65 0.034945782372312426
117 73 0.4331514141727495
117 67 0.15701546683045264
117 66 0.11831801791326556
117 72 0.13251365820776653
117 57 0.19295533799093362
117 94 0.24101863241159321
117 80 0.06049613286129472
117 81 0.15955079011312062
117 95 0.1383171714293852
117 56 0.24235925462749275
117 68 0.3119087752018512
117 54 0.10841193276367617
117 83 0.6078469148315323
117 82 0.0742527771453267
117 55 0.1399708731947762
117 69 0.20072625812430944
117 51 0.135188416673102
117 79 0.35220522300132107
117 86 0.02364889516413489
117 92 0.2547457373775698
117 93 0.21729250687288787
117 87 0.2120020287973598
117 78 0.2297216152801621
117 50 0.041067435480507467
117 52 0.31597143077335893
117 46 0.29435722103888906
117 91 0.23288465352548993
117 85 0.22969203113151837
117 84 0.12435543609754664
117 90 0.23197563926054082
117 47 0.13763770522917945
117 53 0.18615014521167716
116 76 0.06208530727919543
116 62 0.16447601332377054
116 89 0.07272047491715078
116 88 0.211818527770677
116 63 0.08073067570753882
116 77 0.18524079240377575
116 49 0.08807873771943533
116 61 0.10759200712187045
116 75 0.08410191054336091
116 74 0.08175299045663026
116 60 0.04826925454778211
116 48 0.06938661676206159
116 64 0.11984211076686994
116 70 0.343493877010024
116 58 0.6630116012146168
116 59 0.10364511880400061
116 71 0.06831804384689699
116 65 0.04830001081563021
116 73 0.055445189538168134
116 67 0.19351260165037623
116 66 0.21860165544460025
116 72 0.053140320151017315
116 57 0.3708448176874595
116 94 0.3111230210603592
116 80 0.07595573185066574
116 81 0.24755809874760537
116 95 0.05797310516474599
116 56 0.24807077910767977
116 68 0.3313946694426265
116 54 0.1492009265003261
116 83 0.24003291698912235
116 82 0.3876707435098645
116 55 0.1297481426327608
116 69 0.24965998371223036
116 51 0.024215636987748493
116 79 0.15320692528094776
116 86 0.05556775608931606
116 92 0.28393725286164573
116 93 0.27905037698244983
116 87 0.12017366904588167
116 78 0.210013254516623
116 50 0.059150048826265504
116 52 0.1557996280380165
116 46 0.25832141541130826
116 91 0.2521452128821563
116 85 0.20288867125432303
116 84 0.11519735419140978
116 90 0.21268409728165855
116 47 0.10329416914553179
116 53 0.09044681850253607
102 76 0.05666026198267516
102 62 0.08579111100584674
102 89 0.0656046275931691
102 88 0.09272058102577643
102 63 0.08057267073077826
102 77 0.05718165141094258
102 49 0.058639878115095904
102 61 0.03235133251320607
102 75 0.04436680858647739
102 74 0.028040876756759203
102 60 0.05842753686719289
102 48 0.04393068915170478
102 64 0.1209573043110845
102 70 0.12399350109860616
102 58 0.5169051145350142
102 59 0.06550381692103052
102 71 0.1521497634939756
102 65 0.022161035631678705
102 73 0.03997168799282372
102 67 0.07420425607242484
102 66 0.06928526150775341
102 72 0.06617478236633391
102 57 0.15865650233831372
102 94 0.09664247021908237
102 80 0.16833736781524805
102 81 0.10340812560305519
102 95 0.026993254055474147
102 56 0.07385686419515936
102 68 0.17695981080434114
102 54 0.1505751216780451
102 83 0.06706312243066545
102 82 0.009103966167118241
102 55 0.10682599517841991
102 69 0.1443591198972086
102 51 0.03669528925030065
102 79 0.05030345506538422
102 86 0.060761743519749375
102 92 0.10236487674474296
102 93 0.08378365251095657
102 87 0.06616011042511052
102 78 0.12284901956436005
102 50 0.06030346937121256
102 52 0.039187473487884844
102 46 0.12605324723330547
102 91 0.08289440869807754
102 85 0.08362462837967048
102 84 0.040274256502764644
102 90 0.08449640704293111
102 47 0.097126684489995
102 53 0.05240237185838978
106 76 0.0696324292210539
106 62 0.06229060607836994
106 89 0.03328977875199751
106 88 0.09953738464193121
106 63 0.05860287712402594
106 77 0.06354986212675826
106 49 0.055521714376737044
106 61 0.055112656147598686
106 75 0.0325315183941384
106 74 0.03628159866085616
106 60 0.05335180171212603
106 48 0.05800920939996134
106 64 0.08880594077257012
106 70 0.10192700321814417
106 58 0.4215582825986619
106 59 0.05035099022396515
106 71 0.05944604521815968
106 65 0.035079883341748636
106 73 0.03654240716431019
106 67 0.0797916605540415
106 66 0.06453731869792019
106 72 0.14824202898554542
106 57 0.12856189533969298
106 94 0.11129387376755909
106 80 0.05826065036424367
106 81 0.09263061805080272
106 95 0.08403237575971644
106 56 0.08793648473335956
106 68 0.1697830532646653
106 54 0.11095666355395739
106 83 0.05952090132042027
106 82 0.04334886826512828
106 55 0.12333243495698867
106 69 0.1384571860287467
106 51 0.0579039785143138
106 79 0.06458590363431463
106 86 0.06271593145907114
106 92 0.11782860322348682
106 93 0.09730183243827015
106 87 0.07626775112982166
106 78 0.11778822078572243
106 50 0.0352257479211289
106 52 0.06261277430049117
106 46 0.09261712029269936
106 91 0.09367299219596584
106 85 0.095875344119265
106 84 0.08101108944996237
106 90 0.09686553333225803
106 47 0.09773937633887704
106 53 0.06554679571151378
112 76 0.046173518552412654
112 62 0.11550330091642855
112 89 0.06312166030872515
112 88 0.19192191961435937
112 63 0.12530896864419297
112 77 0.1353193725944487
112 49 0.0634451829616022
112 61 0.041666960349865126
112 75 0.06050338401016135
112 74 0.05876580519614218
112 60 0.04554851590449899
112 48 0.06985599853299002
112 64 0.18642596566161335
112 70 0.1986463423137818
112 58 0.749031470487805
112 59 0.0451755687811696
112 71 0.13157156487551772
112 65 0.056111075178664954
112 73 0.039304999450733555
112 67 0.15498406902620732
112 66 0.12644813902971855
112 72 0.029141650601085492
112 57 0.2319232414061041
112 94 0.21391450073373258
112 80 0.1456604185461596
112 81 0.1810626680293984
112 95 0.05023926200602734
112 56 0.1302720629572184
112 68 0.3269928620378635
112 54 0.23124875827354785
112 83 0.12716662397101125
112 82 0.03985299728916793
112 55 0.22047267826619454
112 69 0.2677414609570115
112 51 0.04014735216974959
112 79 0.11162279425695268
112 86 0.055996524463844295
112 92 0.22613886177527553
112 93 0.18773992593748573
112 87 0.14839197651956457
112 78 0.2286470875972085
112 50 0.07408307374499848
112 52 0.07065387221668384
112 46 0.19413802593718812
112 91 0.18095154187611218
112 85 0.18507142858795209
112 84 0.1624355623497007
112 90 0.1869237517056426
112 47 0.15036135911683451
112 53 0.04279048603769839
113 76 0.040590935259008004
113 62 0.13168922528325458
113 89 0.10196254053846415
113 88 0.2868399883690071
113 63 0.12732652053278085
113 77 0.17723403954203912
113 49 0.08412783276109566
113 61 0.06038628760322939
113 75 0.08031701078341535
113 74 0.07806614196412615
113 60 0.02855082489252224
113 48 0.08472133524899013
113 64 0.15839840841930813
113 70 0.24283455463367332
113 58 0.41731194253547454
113 59 0.033858868151542515
113 71 0.07738339719374167
113 65 0.04322403902339929
113 73 0.05319642830326157
113 67 0.23246645652654813
113 66 0.19997601566595247
113 72 0.058975641039894146
113 57 0.2546381104332925
113 94 0.37290572697104407
113 80 0.08594565185116393
113 81 0.25735912627013346
113 95 0.1287844388232184
113 56 0.28756985600876306
113 68 0.39013932191964873
113 54 0.19671185281401504
113 83 0.1934943566782314
113 82 0.10403365993323042
113 55 0.15171560406451035
113 69 0.27651376192229826
113 51 0.028880328884187137
113 79 0.14653736617483842
113 86 0.02424488244298323
113 92 0.3831240953528738
113 93 0.32888963701850243
113 87 0.2314042689962252
113 78 0.25166845772861224
113 50 0.0737029076148315
113 52 0.17430949133097143
113 46 0.24113798761710786
113 91 0.3047472591197182
113 85 0.3160840602236068
113 84 0.10037661632178742
113 90 0.3192026993724274
113 47 0.17038056795473755
113 53 0.1015065397756633
107 76 0.04865851337015703
107 62 0.10295163209790477
107 89 0.043885158714088976
107 88 0.11511824674082408
107 63 0.04907214541155691
107 77 0.03726761361438148
107 49 0.09886635056262988
107 61 0.03378663649981674
107 75 0.034740877332461034
107 74 0.009212187542230743
107 60 0.058075271345178904
107 48 0.03745425916765503
107 64 0.051565395508260184
107 70 0.04162619920612848
107 58 0.03753929419670139
107 59 0.042970444685704004
107 71 0.19634086100921255
107 65 0.040281800201025356
107 73 0.0478895269365483
107 67 0.18020938259625563
107 66 0.15776296824023128
107 72 0.0
107 57 0.1356819876690994
107 94 0.058909248565504765
107 80 0.21703547278929092
107 81 0.041745619158110356
107 95 0.057596626718023604
107 56 0.8938727163178966
107 68 0.6656789471930912
107 54 0.030513186917162594
107 83 0.07792493869902567
107 82 0.024929987537771828
107 55 0.07666751948666939
107 69 0.04822918284308812
107 51 0.04571517433462778
107 79 0.04965488627810202
107 86 0.06790729095840325
107 92 0.0644831726461258
107 93 0.2516299514536016
107 87 0.06872596816952894
107 78 0.058194842438121515
107 50 0.10120146517108028
107 52 0.06016113990436826
107 46 0.05841508187420188
107 91 0.06628792135124331
107 85 0.050576110374981095
107 84 0.03657477676286168
107 90 0.05109186114564482
107 47 0.025652938812538745
107 53 0.05439399352676694
139 76 0.12989122279266763
139 62 0.04275573665906854
139 89 0.06979668548453719
139 88 0.16520951958439434
139 63 0.04541524000618059
139 77 0.08427286369038153
139 49 0.05347452472381635
139 61 0.11102926677269712
139 75 0.0358440766936441
139 74 0.09736679339357134
139 60 0.05296674110794401
139 48 0.031173945852814064
139 64 0.0428683019791692
139 70 0.12356191993135135
139 58 0.09821767946529643
139 59 0.09528565152906349
139 71 0.048283356340189765
139 65 0.049497127201125396
139 73 0.031986264477568416
139 67 0.09983954720890045
139 66 0.24748915021843237
139 72 0.041048883762161426
139 57 0.15430666733942477
139 94 0.22195831362262058
139 80 0.04740987741765948
139 81 0.08226644864809071
139 95 0.03018999103915658
139 56 0.07556190653054268
139 68 0.16564838893421283
139 54 0.0723300363443094
139 83 0.05685955426909156
139 82 0.07134612638712312
139 55 0.06560200507806149
139 69 0.0892199622445599
139 51 0.052976492575738277
139 79 0.08541897856765854
139 86 0.06383922593712565
139 92 0.23073511225578924
139 93 0.20821699293560875
139 87 0.13588139389780027
139 78 0.09244374992897521
139 50 0.06059152953470199
139 52 0.1575055357280779
139 46 0.12206557088752872
139 91 0.18089907632993985
139 85 0.20778649139583888
139 84 0.036710305149849326
139 90 0.2031301376985486
139 47 0.06678807311210333
139 53 0.09146610553189757
111 76 0.06071646195913986
111 62 0.14126388862759928
111 89 0.11416232568206418
111 88 0.2866653142747037
111 63 0.15111460455474843
111 77 0.13796216558107913
111 49 0.06474926016931043
111 61 0.038332727762392105
111 75 0.06175266779766092
111 74 0.05998272515196128
111 60 0.04642091378651651
111 48 0.07945132994323062
111 64 0.18829415624017998
111 70 0.3389461713023124
111 58 0.6891544040394678
111 59 0.09215863654969562
111 71 0.11310292976155463
111 65 0.051255149231643274
111 73 0.05286530625526957
111 67 0.2406020101638793
111 66 0.18993973192664465
111 72 0.030984313343205283
111 57 0.3150820689850118
111 94 0.3191553461181883
111 80 0.12530818513088934
111 81 0.30934106204151957
111 95 0.08186110721836673
111 56 0.17681701020337598
111 68 0.5550393881249521
111 54 0.23355083265108062
111 83 0.1296575653224506
111 82 0.06201118650624547
111 55 0.22732646437131263
111 69 0.455279566913319
111 51 0.04561507713985609
111 79 0.11382421902101361
111 86 0.03735545804650313
111 92 0.3372146124385074
111 93 0.280487180521627
111 87 0.22235775393795404
111 78 0.3894575335839647
111 50 0.08244911793062844
111 52 0.07209221717892847
111 46 0.23418558363927527
111 91 0.27045857982566135
111 85 0.2765449618529766
111 84 0.17158726887888318
111 90 0.2792814317903399
111 47 0.17865696061705472
111 53 0.03684157311939995
105 76 0.041580965589866514
105 62 0.04707134661641427
105 89 0.0331754693406798
105 88 0.06584598760720738
105 63 0.046750225216605504
105 77 0.0347202563528488
105 49 0.1395338125042822
105 61 0.04791962070491916
105 75 0.03859179915104248
105 74 0.0669898372458243
105 60 0.05447375983173519
105 48 0.09004339328843747
105 64 0.04654061144398135
105 70 0.053745955117021724
105 58 0.29385193083723543
105 59 0.04623089857616351
105 71 0.28732415259543564
105 65 0.04896222269081807
105 73 0.03986879662736893
105 67 0.1561895982244633
105 66 0.10321678648484693
105 72 0.04632216837003407
105 57 0.2577305108968633
105 94 0.34112366488165613
105 80 0.3025135442009187
105 81 0.03937732706347634
105 95 0.0656813042539687
105 56 0.4596939469533662
105 68 0.34153157141828555
105 54 0.050811461579840386
105 83 0.1530198022952621
105 82 0.05004168299772957
105 55 0.052875066478170335
105 69 0.09056148217792184
105 51 0.10553978096039933
105 79 0.06344778234420605
105 86 0.16598759797648838
105 92 0.10660921098121441
105 93 0.10909322780409433
105 87 0.06890646901709747
105 78 0.08790759193411893
105 50 0.12504669014683067
105 52 0.06800595100269344
105 46 0.05736062222298472
105 91 0.2133768966782183
105 85 0.2697117289739461
105 84 0.05002409649736006
105 90 0.18751982385529964
105 47 0.06702866774319077
105 53 0.03798972672470606
104 76 0.059204945387021875
104 62 0.13864188999621285
104 89 0.04226626340142431
104 88 0.16092538498415615
104 63 0.14043275884123588
104 77 0.09285841955670611
104 49 0.0637691163341545
104 61 0.046593192322631566
104 75 0.0534073403514914
104 74 0.0397585239138455
104 60 0.04504318477286175
104 48 0.078620446155251
104 64 0.20855864862664134
104 70 0.26123693095112344
104 58 0.9370373057746254
104 59 0.05257146424390409
104 71 0.08097192180127213
104 65 0.023818735977574973
104 73 0.05342886855183546
104 67 0.14648756018994769
104 66 0.12139173435945014
104 72 0.0910105923922541
104 57 0.3134929403034154
104 94 0.18900546804389284
104 80 0.0899001666259826
104 81 0.18905311294234695
104 95 0.07977466369916564
104 56 0.10698972444057583
104 68 0.34119785125932184
104 54 0.25852171583173256
104 83 0.08714542508093423
104 82 0.03145142842918884
104 55 0.18472017534741686
104 69 0.27942318582005427
104 51 0.02941743494567231
104 79 0.07625317053092043
104 86 0.030458134621012142
104 92 0.19984878880777346
104 93 0.16463944573697883
104 87 0.12285997898752946
104 78 0.2386639499065577
104 50 0.05562334326302488
104 52 0.04754442013212551
104 46 0.21715512741309834
104 91 0.16295442810373223
104 85 0.16433811278256533
104 84 0.12375369754050135
104 90 0.1659900359093919
104 47 0.16835815562919737
104 53 0.06650390001936367
110 76 0.022191926071699994
110 62 0.19148184702780874
110 89 0.1912619266200279
110 88 0.3328271486175911
110 63 0.05019600844773478
110 77 0.29376336856639945
110 49 0.04874341669500053
110 61 0.05004069941452326
110 75 0.05997825597818863
110 74 0.061385043802888464
110 60 0.10228584797119078
110 48 0.08398604804410573
110 64 0.06358043544540923
110 70 0.1371610773487225
110 58 0.31255756159872483
110 59 0.0322016074902948
110 71 0.1851822291995469
110 65 0.07346546979558942
110 73 0.04828805403574686
110 67 0.12669682855559763
110 66 0.09926815338526862
110 72 0.18357105881066207
110 57 0.18247815839723658
110 94 0.17594167640235048
110 80 0.18941085509047356
110 81 0.30819090987642
110 95 0.08694047852375802
110 56 0.15861565556230955
110 68 0.2982590339188982
110 54 0.08973105050414627
110 83 0.09908451555272862
110 82 0.24667147514067134
110 55 0.11298861894562873
110 69 0.305372025701171
110 51 0.07520696273201732
110 79 0.17470980458482382
110 86 0.008514275018227116
110 92 0.2063208744123698
110 93 0.31744838077273935
110 87 0.1338435339560927
110 78 0.22540540132173337
110 50 0.02262611816860316
110 52 0.09063776983627461
110 46 0.15317650914625913
110 91 0.200719170566086
110 85 0.21097742504248282
110 84 0.0546089068607256
110 90 0.20643435133186258
110 47 0.07542721782513963
110 53 0.05541111110392158
138 76 0.03976778824024617
138 62 0.11190377006204791
138 89 0.06297517612373055
138 88 0.1573292414415287
138 63 0.07389014794965042
138 77 0.11661533824312277
138 49 0.04886716311462033
138 61 0.05794143422962771
138 75 0.0352243283212999
138 74 0.06477957462414016
138 60 0.04701189147799972
138 48 0.07185345667113668
138 64 0.07738680714053722
138 70 0.1567997400636904
138 58 0.14073107635757012
138 59 0.05135150218025414
138 71 0.08742145905613283
138 65 0.05371442918677437
138 73 0.03953910150361824
138 67 0.1732238384962133
138 66 0.23015722215452233
138 72 0.15092092225985473
138 57 0.21151894423934037
138 94 0.20151634958458975
138 80 0.09700748597153436
138 81 0.15031164902033098
138 95 0.051147543708397566
138 56 0.12248955387501585
138 68 0.3132526629289094
138 54 0.09688545730256112
138 83 0.054391972060268655
138 82 0.14743190873832707
138 55 0.04348928781778817
138 69 0.15178689587865055
138 51 0.01758572223659316
138 79 0.0312833676072172
138 86 0.06268022379577018
138 92 0.21111358060900304
138 93 0.19026040282922962
138 87 0.15261615829870795
138 78 0.17590350561281903
138 50 0.03407238052126918
138 52 0.07878402674314755
138 46 0.11799428824333442
138 91 0.1752930645423718
138 85 0.17366499121931217
138 84 0.0805638865666389
138 90 0.17540706424647579
138 47 0.10359636040981422
138 53 0.12577563070728254
140 76 0.1530341971954675
140 62 0.0673431324201274
140 89 0.05654711243007181
140 88 0.06612769415505909
140 63 0.08274260438240641
140 77 0.05564672092947389
140 49 0.11229784533642416
140 61 0.04885811574065621
140 75 0.051557229271358695
140 74 0.020320644505350177
140 60 0.004988058247075419
140 48 0.06462624353082248
140 64 0.042690845220422324
140 70 0.17543809872883018
140 58 0.17672559943225996
140 59 0.09672948559946659
140 71 0.044998908897973325
140 65 0.019414141427753828
140 73 0.07478872808899184
140 67 0.12139672644654159
140 66 0.20596989581728486
140 72 0.005714390963942967
140 57 0.15879205176389496
140 94 0.15227585131582952
140 80 0.0492620136346196
140 81 0.12978155320979667
140 95 0.07572904920314472
140 56 0.049089671506096666
140 68 0.1751271068012573
140 54 0.0590194974493962
140 83 0.0506202009305451
140 82 0.12163343526963624
140 55 0.07502899392333665
140 69 0.19106126944842972
140 51 0.037464969334128406
140 79 0.04208548899451839
140 86 0.012026572995458576
140 92 0.1540876296403511
140 93 0.12756567701002916
140 87 0.11372613856508493
140 78 0.22639941785532547
140 50 0.1127590798892428
140 52 0.04164654731234682
140 46 0.039194485098735826
140 91 0.1384624580558964
140 85 0.11502356282872525
140 84 0.07839863240444331
140 90 0.12167204858197732
140 47 0.058002893575077985
140 53 0.06461217585089452
135 76 0.12893144413786434
135 62 0.25286222684974663
135 89 0.06559838733012963
135 88 0.19743980462515148
135 63 0.1436430231585728
135 77 0.23394460983713486
135 49 0.2940026866443022
135 61 0.0563419456802033
135 75 0.3401928693922853
135 74 0.20211809551628115
135 60 0.03298283275887906
135 48 0.31786834421073595
135 64 0.11963423910229891
135 70 0.16335146657935623
135 58 0.23397328782821186
135 59 0.02136786783976384
135 71 0.19309657547592585
135 65 0.03232937661972267
135 73 0.2565679775736353
135 67 0.2171158488591912
135 66 0.1382088963187235
135 72 0.051267777108697524
135 57 0.23995949537700076
135 94 0.26439843566228116
135 80 0.20838773901929397
135 81 0.1969429436549202
135 95 0.1262954069473928
135 56 0.2813316329965622
135 68 0.33643747997706663
135 54 0.13224168959854465
135 83 0.5530670557846974
135 82 0.04556038956964134
135 55 0.10628751912465988
135 69 0.18586486915366562
135 51 0.12820307097289535
135 79 0.15023803049519208
135 86 0.0981616796626757
135 92 0.2794217952992065
135 93 0.23284719918499971
135 87 0.19276212192133085
135 78 0.22137250138773407
135 50 0.12437426558720067
135 52 0.299114536356434
135 46 0.29731669411907724
135 91 0.23187232407734487
135 85 0.2284588631464118
135 84 0.16741043925969434
135 90 0.23073055196376846
135 47 0.14976858911899307
135 53 0.27429250583136205
121 76 0.10401568719596328
121 62 0.15720801751543753
121 89 0.1453232473778941
121 88 0.3312020138400202
121 63 0.1555072346679601
121 77 0.18050751099865875
121 49 0.12171122145690828
121 61 0.060368688708317346
121 75 0.039057690683094434
121 74 0.092848625785649
121 60 0.11205593995222314
121 48 0.11248146545550987
121 64 0.10349235756112907
121 70 0.129750154567161
121 58 0.07549648293330116
121 59 0.0481415798522461
121 71 0.32447489987574524
121 65 0.09872580114343472
121 73 0.033042286135313195
121 67 0.34101873398738264
121 66 0.2175751997610736
121 72 0.06834919999527407
121 57 0.374833445892875
121 94 0.4959926015988777
121 80 0.3555956967038126
121 81 0.15989079930975983
121 95 0.09090099633085194
121 56 0.2099059499406275
121 68 0.3698743476610843
121 54 0.11758607431360216
121 83 0.32886574114090755
121 82 0.09288708717912622
121 55 0.26999549384900984
121 69 0.3424092065076351
121 51 0.12512584814101474
121 79 0.10477089080976508
121 86 0.1471891809112116
121 92 0.6093166330107124
121 93 0.4316626638964128
121 87 0.21456425883692665
121 78 0.44482354846443384
121 50 0.13291569645279713
121 52 0.04085512102866316
121 46 0.16540229266161016
121 91 0.31673712279054206
121 85 0.41903219114606577
121 84 0.04217843153094904
121 90 0.4231458860153497
121 47 0.25620916042848163
121 53 0.22401450595613104
109 76 0.08115364946801035
109 62 0.13669992031548353
109 89 0.055857279344860664
109 88 0.13662370211862018
109 63 0.096376942825252
109 77 0.15037521513195032
109 49 0.10539455345371555
109 61 0.0704998297977247
109 75 0.04442998133280329
109 74 0.1366469674312277
109 60 0.019112160792275
109 48 0.049641650293459585
109 64 0.0902229133195648
109 70 0.23119875380974347
109 58 0.44345975733364656
109 59 0.012195375067346817
109 71 0.1463575033743968
109 65 0.07079337963443871
109 73 0.028245808125040142
109 67 0.1538711518749208
109 66 0.08812823470569202
109 72 0.1431050634252738
109 57 0.25241601416729637
109 94 0.23400461545102397
109 80 0.1619543606667391
109 81 0.2858967075359157
109 95 0.0960776073966035
109 56 0.09606444356779346
109 68 0.3088557653880702
109 54 0.11270272534846994
109 83 0.09492610592369191
109 82 0.038413710621387806
109 55 0.11125514517419316
109 69 0.25843570538087723
109 51 0.056296355852851
109 79 0.08312952009997143
109 86 0.04956128970698942
109 92 0.2173131374752574
109 93 0.19699633136171021
109 87 0.13871752284216873
109 78 0.3083019848192895
109 50 0.11118720661945491
109 52 0.14487648014514654
109 46 0.16038653900371228
109 91 0.21674288032227945
109 85 0.21328149295508217
109 84 0.621585079728939
109 90 0.21926275746217241
109 47 0.08065310827382627
109 53 0.08392019163294329
108 76 0.06455273670572127
108 62 0.15152084816015407
108 89 0.0804472792515302
108 88 0.3155010784690091
108 63 0.16662074080860906
108 77 0.18595227768201839
108 49 0.08842981770930589
108 61 0.05448394071220117
108 75 0.08443823920309693
108 74 0.0820806062168298
108 60 0.04566222557333574
108 48 0.1422518774633185
108 64 0.23333754079326702
108 70 0.3215383034477023
108 58 0.7993771415815427
108 59 0.07322918606463491
108 71 0.10030990309086815
108 65 0.04799427044704958
108 73 0.06309393703541619
108 67 0.25556599644532263
108 66 0.20926380837186945
108 72 0.0708003193750001
108 57 0.33231582206398363
108 94 0.35118607725247936
108 80 0.1112104099957501
108 81 0.29342476800421774
108 95 0.08347460775568749
108 56 0.17692541235785175
108 68 0.5267442446493925
108 54 0.28905545977353325
108 83 0.1748902245951142
108 82 0.09238554546738952
108 55 0.20675330173258494
108 69 0.4320105537596526
108 51 0.05352476381029539
108 79 0.15379958665045787
108 86 0.03265987746897292
108 92 0.37102123468708764
108 93 0.308715406588947
108 87 0.24486971610409208
108 78 0.36950478657379393
108 50 0.07075951746611801
108 52 0.10207063542580555
108 46 0.25786065715752116
108 91 0.2977006250288848
108 85 0.30438552260875706
108 84 0.15254223441738965
108 90 0.3073910883421557
108 47 0.2818927930964772
108 53 0.058343519133321656
120 76 0.03478736417232477
120 62 0.10825447750855952
120 89 0.08116759743992727
120 88 0.1641164820211307
120 63 0.041136120351053934
120 77 0.28998351586064425
120 49 0.025564883862287155
120 61 0.00993784399243397
120 75 0.10134214179467343
120 74 0.04030935559873508
120 60 0.04011747021248195
120 48 0.04395544805654672
120 64 0.06100052764544994
120 70 0.08609391230809156
120 58 0.05809899961341507
120 59 0.08032177185787046
120 71 0.07021671673675103
120 65 0.01139598228811417
120 73 0.049528517065436636
120 67 0.152209697541455
120 66 0.15752495154075902
120 72 0.05700789412460289
120 57 0.05395987903726651
120 94 0.20457782199064306
120 80 0.07712830648218962
120 81 0.09223824737291744
120 95 0.027628690915964857
120 56 0.10050408620278226
120 68 0.1347906862395579
120 54 0.061827965425279505
120 83 0.06155883120333116
120 82 0.054034723313258363
120 55 0.28009410131505663
120 69 0.09497027693677818
120 51 0.11116808891903171
120 79 0.056361999712011175
120 86 0.04975691275696799
120 92 0.19129573210325634
120 93 0.17829648856679686
120 87 0.13735273549622126
120 78 0.14127426710191637
120 50 0.09073234300596733
120 52 0.01525774011614385
120 46 0.0728800931518027
120 91 0.16323675863886491
120 85 0.1538608378723913
120 84 0.08807071014484541
120 90 0.1503419314630001
120 47 0.0755764889225593
120 53 0.4444909531016986
134 76 0.16931111964539325
134 62 0.08438297036294722
134 89 0.0473309796805656
134 88 0.1725117325995817
134 63 0.1252884324901755
134 77 0.13070789351491485
134 49 0.27282725649544487
134 61 0.027945697184412033
134 75 0.3827731102792808
134 74 0.13061443979587978
134 60 0.07539021425988857
134 48 0.2764632105646823
134 64 0.1042133052457007
134 70 0.14258868192846402
134 58 0.11953954047961447
134 59 0.027189280208904154
134 71 0.37256217772096945
134 65 0.009632216424865253
134 73 0.29431635092152864
134 67 0.2077728690799363
134 66 0.12051830692513205
134 72 0.0814796811902645
134 57 0.26997130858722196
134 94 0.3539339892970961
134 80 0.4003195118562706
134 81 0.09511483431790826
134 95 0.1311341456978983
134 56 0.10655591249467189
134 68 0.2945251460178389
134 54 0.11528023903185233
134 83 0.31320326558384365
134 82 0.03350529420790113
134 55 0.19832266570466078
134 69 0.16235114981719784
134 51 0.1345410577666023
134 79 0.07353180156128236
134 86 0.12526924943275033
134 92 0.24447626362961355
134 93 0.20359266297885797
134 87 0.14454470344571627
134 78 0.15208925664068507
134 50 0.10746003210017487
134 52 0.5695470169696354
134 46 0.18781878318151046
134 91 0.1948694543629929
134 85 0.19974054201396524
134 84 0.0890601952037366
134 90 0.20173465095231988
134 47 0.2572103250757441
134 53 0.4809877604412766
122 76 0.07740646698420517
122 62 0.04717442836167128
122 89 0.10603429442563403
122 88 0.1231602274667178
122 63 0.12082025770285196
122 77 0.0940689476314119
122 49 0.2399798640951727
122 61 0.038584717733522955
122 75 0.030198347679630005
122 74 0.12947363548820562
122 60 0.043151453375722765
122 48 0.09291778204890903
122 64 0.07368361584185014
122 70 0.1359702172208373
122 58 0.1361971287839479
122 59 0.051462436218105506
122 71 0.5359566369486864
122 65 0.021599111767782384
122 73 0.01865835169703224
122 67 0.4075852030394663
122 66 0.16384719325273317
122 72 0.02945480326137126
122 57 0.43019813064635504
122 94 0.35499073869731157
122 80 0.5712904646898274
122 81 0.09440677886894847
122 95 0.04036819590995863
122 56 0.06746736178429957
122 68 0.3788310496725141
122 54 0.0817007021208424
122 83 0.3097907461081502
122 82 0.04439037817531233
122 55 0.06732957306681181
122 69 0.2087651366503388
122 51 0.174971332331497
122 79 0.054702133510053895
122 86 0.2818099611364385
122 92 0.2553225735572046
122 93 0.23063004131433093
122 87 0.13812350019465158
122 78 0.25080020420065013
122 50 0.27183861148858635
122 52 0.06762174008659916
122 46 0.1079589836283518
122 91 0.28863407656217965
122 85 0.9605916116273799
122 84 0.10994298069483689
122 90 0.4514661183424311
122 47 0.12568141884068976
122 53 0.08964527540306633
136 76 0.020717991228800012
136 62 0.08185494122822348
136 89 0.09562905413517252
136 88 0.09559590654662192
136 63 0.10395800031220678
136 77 0.28485828917762496
136 49 0.2156526416838113
136 61 0.06207334200521032
136 75 0.04370381772260566
136 74 0.042401446938239815
136 60 0.059737468924105676
136 48 0.19218665610600857
136 64 0.05993860944787628
136 70 0.08330293888523803
136 58 0.14484522113141315
136 59 0.10474042047813475
136 71 0.04358360887924728
136 65 0.06426344865403273
136 73 0.07193777637653335
136 67 0.0902180903872186
136 66 0.0668082218894831
136 72 0.09389095334200243
136 57 0.12855719150712047
136 94 0.12370185030768903
136 80 0.048698655691538195
136 81 0.43587308815774406
136 95 0.0453187622172829
136 56 0.28152613261292697
136 68 0.2016700495783104
136 54 0.07538494803801904
136 83 0.09367004395401221
136 82 0.06447827398713268
136 55 0.09076583419024127
136 69 0.08447349247971986
136 51 0.07689213803048277
136 79 0.638548017236735
136 86 0.05803561382472758
136 92 0.12129410527699853
136 93 0.10072540962625305
136 87 0.07847419966310668
136 78 0.11696173299254552
136 50 0.08866590782457864
136 52 0.11216350869019326
136 46 0.15727367641684387
136 91 0.14827229559982738
136 85 0.09929740924744265
136 84 0.04674319301241439
136 90 0.10919026038916917
136 47 0.2085723320090539
136 53 0.06437405341563648
137 76 0.060448629554856435
137 62 0.061662557731595416
137 89 0.059446312211986055
137 88 0.15289596279691306
137 63 0.0662018530825126
137 77 0.08428223000559684
137 49 0.03789327665365713
137 61 0.04950158488282509
137 75 0.05945211470729725
137 74 0.05745912804102409
137 60 0.029987961002328214
137 48 0.059979179776115284
137 64 0.07511588506475077
137 70 0.1482650248299059
137 58 0.18445050010532954
137 59 0.14014002603617762
137 71 0.04017377602917943
137 65 0.03785628300578468
137 73 0.07541126398651861
137 67 0.178624478448463
137 66 0.20515289990095736
137 72 0.05761675753981662
137 57 0.13060418655953737
137 94 0.19409972991722052
137 80 0.04494105727436175
137 81 0.13687338408964717
137 95 0.0601736076391826
137 56 0.1054016360801926
137 68 0.30301605737545734
137 54 0.09408711778408824
137 83 0.05731880007151037
137 82 0.08424640278423197
137 55 0.0647609400820573
137 69 0.1701316882054523
137 51 0.08277466141929973
137 79 0.14560170829850277
137 86 0.01598843119875279
137 92 0.2052254936374225
137 93 0.1690990301416585
137 87 0.14530413085073465
137 78 0.21709356475529284
137 50 0.08958528913024855
137 52 0.11492845572318137
137 46 0.11462497762992056
137 91 0.1657436638801745
137 85 0.16878984817379847
137 84 0.05443972440416779
137 90 0.17048480000573452
137 47 0.12242251462535343
137 53 0.06602612091261513
123 76 0.0794979036911307
123 62 0.0908288629538675
123 89 0.04213758941817779
123 88 0.21346531772470206
123 63 0.11258369939421393
123 77 0.06659522535409537
123 49 0.18284839325690766
123 61 0.046139804839520876
123 75 0.02936162060502573
123 74 0.05028344684774137
123 60 0.05963777754867272
123 48 0.07994511858781309
123 64 0.09353919911726015
123 70 0.1282170382299371
123 58 0.10235540878067284
123 59 0.030828453461158575
123 71 0.4675552267989453
123 65 0.06267792031790423
123 73 0.02348322622190857
123 67 0.2680384596254447
123 66 0.10827318413180237
123 72 0.04127879985508655
123 57 0.37898582366976435
123 94 0.9689995728071662
123 80 0.5159107304391592
123 81 0.08531738246608779
123 95 0.12461733681275482
123 56 0.16189387444402586
123 68 0.3668635002652461
123 54 0.10353981363837292
123 83 0.22999703325504117
123 82 0.0531723618029462
123 55 0.06072900607213908
123 69 0.16319589960112627
123 51 0.10961547284324655
123 79 0.0940063236020385
123 86 0.20526863269545875
123 92 0.28220925635328364
123 93 0.21587199025142095
123 87 0.12998459350468894
123 78 0.2501552529245137
123 50 0.19844252932154563
123 52 0.06983904667094118
123 46 0.13629472511183066
123 91 0.34509273115135247
123 85 0.2599316596635179
123 84 0.04853403958009107
123 90 0.24448934915150677
123 47 0.1031134312544217
123 53 0.09922076853490107
127 76 0.1541841580612554
127 62 0.07493966021508772
127 89 0.09188431526505346
127 88 0.21950418045400266
127 63 0.13387823412063113
127 77 0.07706836382609297
127 49 0.22992791389397768
127 61 0.035165529317218155
127 75 0.02887763395000241
127 74 0.038886605786647585
127 60 0.054238264940829
127 48 0.12499500944446194
127 64 0.11597536520411666
127 70 0.15230549908168506
127 58 0.22494926382340882
127 59 0.08560524131918423
127 71 0.3430887119589846
127 65 0.01795940118964534
127 73 0.01767459736141065
127 67 0.28867027250837196
127 66 0.15292997645248113
127 72 0.0978008480725751
127 57 0.30271442022548517
127 94 0.2779186519487082
127 80 0.3599600031841619
127 81 0.20583464779798427
127 95 0.10050333067001949
127 56 0.27361166972325707
127 68 0.49118370020432395
127 54 0.14443613644808062
127 83 0.06410818249967126
127 82 0.08091103132432476
127 55 0.09457233469973073
127 69 0.18627552835810812
127 51 0.23613789887999187
127 79 0.22133104614268045
127 86 0.2157050190444386
127 92 0.29369161770188695
127 93 0.2424752261055529
127 87 0.3382705684651758
127 78 0.17665049034187474
127 50 0.3405678628177048
127 52 0.14449310750980482
127 46 0.16524750616536066
127 91 0.5574688206435817
127 85 0.28166026437581265
127 84 0.1070383265316479
127 90 0.2641903011862166
127 47 0.24844357329613348
127 53 0.0836911248687259
133 76 0.040467985579818316
133 62 0.28274400509289555
133 89 0.05796508675837994
133 88 0.21571346118904206
133 63 0.15523405643380467
133 77 0.28674154915898836
133 49 0.38865721562129985
133 61 0.08312683823743225
133 75 0.0845044982700589
133 74 0.16930192081836065
133 60 0.023746057367190432
133 48 0.25484350295186353
133 64 0.13813320914977167
133 70 0.16728054069410636
133 58 0.23426431275426068
133 59 0.05933004757526395
133 71 0.2684834369851774
133 65 0.04028664163282861
133 73 0.06777549423400997
133 67 0.19728548075122
133 66 0.1530795541617359
133 72 0.06397969468129353
133 57 0.3255045984225272
133 94 0.26005541597690895
133 80 0.2878869903923061
133 81 0.18688093669839778
133 95 0.12304278679590519
133 56 0.15064970933109442
133 68 0.3266642682952796
133 54 0.17174009857800426
133 83 0.09483443285126955
133 82 0.20422777538491355
133 55 0.11286020184352956
133 69 0.19151421568241211
133 51 0.06619927337609392
133 79 0.3413056977105122
133 86 0.09474413533181855
133 92 0.2716255155698551
133 93 0.22417300419494407
133 87 0.16010562079623994
133 78 0.15625862823220782
133 50 0.12721753912442577
133 52 0.17668103624225423
133 46 0.14680473643053288
133 91 0.22039217206240977
133 85 0.22376689024336632
133 84 0.13294173546502902
133 90 0.22599322831529806
133 47 0.2945535810344118
133 53 0.45546590507816626
132 76 0.08297042068437478
132 62 0.10810554390631265
132 89 0.15410615184704246
132 88 0.3750756656176012
132 63 0.20249317132881534
132 77 0.20462792701423588
132 49 0.13302545147260228
132 61 0.07021863925464994
132 75 0.05837338873936429
132 74 0.12473996986073584
132 60 0.06818724306484115
132 48 0.10689954549280138
132 64 0.16907823154975118
132 70 0.22992298403823827
132 58 0.19637641311020837
132 59 0.03377125937205895
132 71 0.15106755443562125
132 65 0.06154251845342082
132 73 0.03784819118316497
132 67 0.29756483170354264
132 66 0.19609818434750004
132 72 0.09455856021264164
132 57 0.25711010614225277
132 94 0.4968769800880392
132 80 0.16714478529770738
132 81 0.23953502700845142
132 95 0.06880938356729219
132 56 0.343175176262365
132 68 0.4708205947096717
132 54 0.18662502601098496
132 83 0.21223549066730274
132 82 0.05696958787145974
132 55 0.13772240601743568
132 69 0.26125668213303177
132 51 0.041173004209330955
132 79 0.11666406516605582
132 86 0.1214041129277842
132 92 0.5199989531221454
132 93 0.4728848337146158
132 87 0.30536775200027055
132 78 0.2449862919932872
132 50 0.08016454940403529
132 52 0.3748851806317167
132 46 0.31826277744707465
132 91 0.42149851932236904
132 85 0.44350499753989986
132 84 0.06310007289482604
132 90 0.44847109734900514
132 47 0.18587690757913378
132 53 0.2213513588714328
126 76 0.06752061145378357
126 62 0.05945505383433449
126 89 0.12992630795516005
126 88 0.17228569867937232
126 63 0.08229209584360299
126 77 0.11692551255852127
126 49 0.18620905412274386
126 61 0.05872684493869974
126 75 0.05520937631013288
126 74 0.0899603236019395
126 60 0.1617098891185141
126 48 0.07854245360195368
126 64 0.06085624673957303
126 70 0.12558434391767573
126 58 0.089254081436179
126 59 0.046684820718078446
126 71 0.47505609974759483
126 65 0.047655659205748546
126 73 0.05735501861555453
126 67 0.3752040389925138
126 66 0.16471635445159222
126 72 0.04989832554772054
126 57 0.34283353771093894
126 94 0.4068097093671913
126 80 0.5241766101929795
126 81 0.1169335168781851
126 95 0.040248261508866096
126 56 0.07900382379898963
126 68 0.3518777803586766
126 54 0.06759190761123512
126 83 0.35309816453372117
126 82 0.0677159102034095
126 55 0.07318752965987528
126 69 0.21935845939782722
126 51 0.12663489008676201
126 79 0.09124195891861042
126 86 0.1702075436953435
126 92 0.4344881696797112
126 93 0.386268156288412
126 87 0.19629689990714538
126 78 0.2941465845467422
126 50 0.20509045444766505
126 52 0.053784940043406664
126 46 0.0931596794136682
126 91 0.4425210660348249
126 85 0.5827712799851984
126 84 0.045458968009739906
126 90 0.8933282135509224
126 47 0.09920215068638552
126 53 0.105038488250381
118 76 0.1622598182933019
118 62 0.2269309936595226
118 89 0.084774192789945
118 88 0.0900117907896249
118 63 0.06373369870667427
118 77 0.12486352047578665
118 49 0.3424489360460011
118 61 0.0031931146414383438
118 75 0.05556076209371984
118 74 0.07428133615297831
118 60 0.03581414627660556
118 48 0.1938981573097303
118 64 0.056303439737609595
118 70 0.10449935934266082
118 58 0.26662662264206993
118 59 0.2672703874484646
118 71 0.20227849138892084
118 65 0.06023055879360393
118 73 0.03592449782706414
118 67 0.15006124461752227
118 66 0.06279757492490959
118 72 0.0035598679950198664
118 57 0.2916520777655068
118 94 0.11802630561804797
118 80 0.22114558039635535
118 81 0.4155111489848165
118 95 0.06016802774699042
118 56 0.31805643088648194
118 68 0.1538029178727341
118 54 0.07090551690074767
118 83 0.12916071205813626
118 82 0.06609702621941597
118 55 0.0966823945297274
118 69 0.10399050159573282
118 51 0.16341056699701087
118 79 0.23067487206974358
118 86 0.08632166916798747
118 92 0.12493430366565125
118 93 0.10608642249594744
118 87 0.17214139536976827
118 78 0.08823367843234567
118 50 0.28312354444888216
118 52 0.1344866726784912
118 46 0.1723908476594458
118 91 0.22931788894908323
118 85 0.1123263317544642
118 84 0.14786804450247976
118 90 0.11347552967608551
118 47 0.38680379081923855
118 53 0.33178136009870035
130 76 0.0226715504554941
130 62 0.07843184960864226
130 89 0.07633315785816157
130 88 0.2437249456491789
130 63 0.09180118309978418
130 77 0.09337440388356232
130 49 0.07059582625709379
130 61 0.05477041269593704
130 75 0.05522052198663303
130 74 0.03945151545467983
130 60 0.028883915888958778
130 48 0.04586843301240762
130 64 0.10385098026052336
130 70 0.14675492043604882
130 58 0.17804038408000694
130 59 0.04353949312557824
130 71 0.07168927375441428
130 65 0.035119072871105037
130 73 0.05387338160718493
130 67 0.1564585364620068
130 66 0.15308984909281698
130 72 0.06361316691445351
130 57 0.10719232169899034
130 94 0.26469078863611933
130 80 0.06971105073293134
130 81 0.1873334422807798
130 95 0.08753939542912646
130 56 0.17265378403352202
130 68 0.22079306970313395
130 54 0.12949588557527827
130 83 0.20414145813785675
130 82 0.06203246005328659
130 55 0.06761160569231014
130 69 0.14384514167194556
130 51 0.015745137804722545
130 79 0.10794121600919655
130 86 0.01000415171565526
130 92 0.2797303573020019
130 93 0.2308953791320556
130 87 0.16826494682122528
130 78 0.14347263656680453
130 50 0.05039815316140343
130 52 0.16450643490534922
130 46 0.25201713456908614
130 91 0.22214852088217357
130 85 0.23047743358217476
130 84 0.0899227226792028
130 90 0.23276863309915524
130 47 0.10695641142157689
130 53 0.09564917227509477
124 76 0.08202144124742441
124 62 0.12172609217786204
124 89 0.03552831419716532
124 88 0.32654946617552766
124 63 0.07368318803053306
124 77 0.06636877996926288
124 49 0.13908977442533596
124 61 0.05496233736194431
124 75 0.04132799201753683
124 74 0.04089979428771136
124 60 0.053303355709345523
124 48 0.06438904908433
124 64 0.06085624673957303
124 70 0.12192056593542379
124 58 0.089254081436179
124 59 0.034708377904408644
124 71 0.33104291708041717
124 65 0.03922273921777708
124 73 0.06018892463165718
124 67 0.2644362301605915
124 66 0.12434561657461116
124 72 0.1104624387463262
124 57 0.26092922000914637
124 94 0.21224825898692287
124 80 0.3654756617778802
124 81 0.08519599714358106
124 95 0.23671822972550915
124 56 0.12037951128058146
124 68 0.2963211391273835
124 54 0.06759190761123512
124 83 0.3180562501622705
124 82 0.029714835278847204
124 55 0.0605207167306096
124 69 0.22711935027262442
124 51 0.1563036961995044
124 79 0.054299336424036136
124 86 0.11734862915952127
124 92 0.2960512167195325
124 93 0.23773765272751174
124 87 0.1426238339509874
124 78 0.2529330635666393
124 50 0.26227084940698586
124 52 0.11640006155776912
124 46 0.08965314945799885
124 91 0.8202980102603451
124 85 0.18958030629803074
124 84 0.04190627903858089
124 90 0.21126981110820547
124 47 0.13486933777009147
124 53 0.08731317264539301
125 76 0.057415296991748396
125 62 0.11737023530810488
125 89 0.128792345702146
125 88 0.21971182334221806
125 63 0.08055990573381076
125 77 0.05478311743215791
125 49 0.1603316166680395
125 61 0.037229848829283194
125 75 0.05688629817082145
125 74 0.057530891959033194
125 60 0.05099752150686121
125 48 0.07834169477158859
125 64 0.0655079270506165
125 70 0.1495905253754016
125 58 0.09586492493918641
125 59 0.038812712891716714
125 71 0.3055669813934378
125 65 0.059001654253036655
125 73 0.07257574342601741
125 67 0.38325206753213426
125 66 0.16246761286223244
125 72 0.005393916060539947
125 57 0.3284347334945739
125 94 0.22359123723438018
125 80 0.33718205694695985
125 81 0.12059143462892145
125 95 0.07544305241662139
125 56 0.39426650702554256
125 68 0.4864873169527728
125 54 0.07270828035373678
125 83 0.3567430227924055
125 82 0.04649255211759287
125 55 0.09049788769243715
125 69 0.22667853397771798
125 51 0.10012227299731383
125 79 0.07508815929275323
125 86 0.15432133328222764
125 92 0.23523562754901053
125 93 0.35479620195433265
125 87 0.19254988165177425
125 78 0.27983075991367595
125 50 0.1673935624165147
125 52 0.05262569740276965
125 46 0.09629152461571852
125 91 0.32141747493733547
125 85 0.2925042065347763
125 84 0.06954587473271791
125 90 0.2825089857656115
125 47 0.10649931028758636
125 53 0.07875252416659637
131 76 0.07176445304896002
131 62 0.12945938682311917
131 89 0.16494135847861757
131 88 0.47095607271681544
131 63 0.14356503609394553
131 77 0.060630960128133855
131 49 0.04049649236714034
131 61 0.016004787544964302
131 75 0.025197166958626643
131 74 0.14371254428345298
131 60 0.08874808402144345
131 48 0.07461343945213109
131 64 0.17896451027341306
131 70 0.2739270946879705
131 58 0.598372223088792
131 59 0.17683736440921582
131 71 0.049202125529639915
131 65 0.057742149973893056
131 73 0.015157345414863854
131 67 0.2880070987342217
131 66 0.1868323402893808
131 72 0.019638575575996742
131 57 0.47439361293350163
131 94 0.38955514159665566
131 80 0.05489019944183512
131 81 0.21458126232848898
131 95 0.03448820137172777
131 56 0.1397536998147536
131 68 0.43872624667166826
131 54 0.22205439370210292
131 83 0.056769715841287156
131 82 0.058727699345040345
131 55 0.17144857780703424
131 69 0.30617839638665567
131 51 0.04555533217318157
131 79 0.06489362193724021
131 86 0.11928085841322099
131 92 0.4125603423456711
131 93 0.36996750742450574
131 87 0.417027906144918
131 78 0.24550528401737814
131 50 0.02698917188557301
131 52 0.039377163426121714
131 46 0.22265875416903644
131 91 0.42523739555807516
131 85 0.3646940316306426
131 84 0.06375156764875349
131 90 0.36211284028563606
131 47 0.1697887229882485
131 53 0.020883905575558928
119 76 0.07386553343261092
119 62 0.1910680066103133
119 89 0.08693462848740884
119 88 0.20662727732939634
119 63 0.04743620725947975
119 77 0.30970739469991826
119 49 0.14812053009716142
119 61 0.21196297818769977
119 75 0.14162092655448186
119 74 0.13778192409316392
119 60 0.06789654071380793
119 48 0.11757070476764649
119 64 0.07246424595486119
119 70 0.2583473806751462
119 58 0.439755759805235
119 59 0.034459460218059665
119 71 0.1102479256928881
119 65 0.0503573229706637
119 73 0.0947852665872844
119 67 0.18978204781674096
119 66 0.12625529874067776
119 72 0.014901351839360005
119 57 0.23292079650662034
119 94 0.2906113310653638
119 80 0.10897325561918889
119 81 0.13453140516299897
119 95 0.06939524675944822
119 56 0.2922204844371587
119 68 0.3757010087874494
119 54 0.09081964040604466
119 83 0.28890652892503965
119 82 0.046508016559858034
119 55 0.16932336453189178
119 69 0.2285056815546237
119 51 0.05872012966964048
119 79 0.3930361656443712
119 86 0.16900817294203385
119 92 0.30708802149985825
119 93 0.2621327824799091
119 87 0.19252102693338344
119 78 0.2127249621777088
119 50 0.05060923433733382
119 52 0.16404739083570952
119 46 0.23910091445487802
119 91 0.2808480887473939
119 85 0.2770159733093546
119 84 0.15058010266509017
119 90 0.27975699585626873
119 47 0.08619956061438995
119 53 0.07658231982819158
