114 76 0.05246315136323987
114 62 0.11989187900943107
114 89 0.049728864862531176
114 88 0.14495667908760984
114 63 0.016964253040166674
114 77 0.01417748186402433
114 49 0.006995830189917382
114 61 0.0023335776360589727
114 75 0.006701886348986108
114 74 0.11289616900310795
114 60 0.004400474223766618
114 48 0.009173148308821932
114 64 0.020964175075322444
114 70 0.1709819472433961
114 58 0.3516946023605825
114 59 0.00445007815770225
114 71 0.010798034211743204
114 65 0.0005029156666045975
114 73 0.004583748882153321
114 67 0.13189204711633518
114 66 0.09787246817271973
114 72 0.004273595100829947
114 57 0.1437598482287918
114 94 0.20725745154210756
114 80 0.011899315317422679
114 81 0.10313018034795686
114 95 0.025311996572899204
114 56 0.07182074905179246
114 68 0.22753015329170811
114 54 0.025833065877058706
114 83 0.013362861190049813
114 82 0.007378157751138287
114 55 0.10018504419343677
114 69 0.17769409886307352
114 51 0.004438891580491072
114 79 0.031068613185473673
114 86 0.003963334168320565
114 92 0.21719894523056188
114 93 0.17631653545304005
114 87 0.1245692183573456
114 78 0.12921096690089137
114 50 0.007671337851139201
114 52 0.0077161206797487225
114 46 0.0521399673042731
114 91 0.17191459728751357
114 85 0.1801810873379454
114 84 0.016075080508528336
114 90 0.181605034212117
114 47 0.02884845498298525
114 53 0.003760522657430501
100 76 0.002546658123186482
100 62 0.04284860183452667
100 89 0.00487502454410095
100 88 0.013398179760247972
100 63 0.14973472780286243
100 77 0.00992540152292426
100 49 0.1405357385110436
100 61 0.0022204424654033855
100 75 0.004691870785847027
100 74 0.00457032360985779
100 60 0.0057224551220765585
100 48 0.04662417119407038
100 64 0.09035759488429951
100 70 0.01299673775109074
100 58 0.0387105700434235
100 59 0.002993073034618765
100 71 0.35529232015405604
100 65 0.003191707499583446
100 73 0.003209000623098854
100 67 0.1421983300799137
100 66 0.009508224162580695
100 72 0.0022469019481534264
100 57 0.20542318683829697
100 94 0.04208589094548922
100 80 0.39128399499978567
100 81 0.011642594406508971
100 95 0.02336238214879581
100 56 0.06749457422642344
100 68 0.18138718520494532
100 54 0.016635857376553626
100 83 0.03468128643290118
100 82 0.0032038693727372003
100 55 0.12283091802982643
100 69 0.04055971912339028
100 51 0.07397470589019238
100 79 0.008267777618735275
100 86 0.13084719397068714
100 92 0.018782299515437292
100 93 0.017589693515356816
100 87 0.01130579018991304
100 78 0.03873187838449258
100 50 0.14399424842439226
100 52 0.015607862810734535
100 46 0.09536949849368545
100 91 0.033448916167182895
100 85 0.03148270552915775
100 84 0.017954215450428718
100 90 0.03060166365996618
100 47 0.010977619107711209
100 53 0.009325763763022105
128 76 0.019793547355722613
128 62 0.015783642182972527
128 89 0.08698547426133207
128 88 0.24925345265949173
128 63 0.014462419202565052
128 77 0.0517837145755833
128 49 0.006774479094648789
128 61 0.0029729673026666764
128 75 0.004249417074436296
128 74 0.019411183892358172
128 60 0.003793411639510219
128 48 0.01094400131378237
128 64 0.01623397925908568
128 70 0.15388441561989347
128 58 0.027487955221733085
128 59 0.005471491070621531
128 71 0.009438696916328898
128 65 0.0013652830684897643
128 73 0.002906384822192243
128 67 0.20666851150865
128 66 0.16707712137462444
128 72 0.03381249342494908
128 57 0.10310645893694481
128 94 0.3636189034293578
128 80 0.010401340520929017
128 81 0.14316587332345337
128 95 0.058980617591757115
128 56 0.1401979188906547
128 68 0.4484865129083744
128 54 0.06412024964422981
128 83 0.008472893682076613
128 82 0.007276934477304778
128 55 0.05131946229612326
128 69 0.19759673947651718
128 51 0.0028586280684514825
128 79 0.07693282816745167
128 86 0.0034644000249809404
128 92 0.38066321310821316
128 93 0.3080224257762214
128 87 0.22757130975463108
128 78 0.20227019959076525
128 50 0.0051932939034539105
128 52 0.01041594305019923
128 46 0.09204687599853531
128 91 0.3008844854034941
128 85 0.31587539751657706
128 84 0.004506325218327278
128 90 0.31828984952914025
128 47 0.039151989680585426
128 53 0.006223569839968274
129 76 0.005136033703750473
129 62 0.10501452844332002
129 89 0.09868912933898101
129 88 0.2898223175278389
129 63 0.03594255928127174
129 77 0.018169259545074867
129 49 0.02136195444197736
129 61 0.0034274461715328025
129 75 0.008588853343929337
129 74 0.01579245786869647
129 60 0.003728462620904399
129 48 0.0345097024009754
129 64 0.03466591429990076
129 70 0.255086150242676
129 58 0.4011050364197839
129 59 0.00405346711138492
129 71 0.02423931612140104
129 65 0.0011219667884084933
129 73 0.005874338188407324
129 67 0.2599549579445555
129 66 0.19360285071916616
129 72 0.0034736046543877575
129 57 0.3023678798792947
129 94 0.412191016732474
129 80 0.02671146061878185
129 81 0.18089289901426753
129 95 0.051505174868069235
129 56 0.14340042380974805
129 68 0.4226018248118666
129 54 0.0909076686329022
129 83 0.017125276234203207
129 82 0.14500360005832957
129 55 0.07810854707332054
129 69 0.2963167609308842
129 51 0.005982155555757956
129 79 0.07980142764523276
129 86 0.008896851771056133
129 92 0.43164052818294485
129 93 0.34959227327243597
129 87 0.2612381182003396
129 78 0.23990627691759586
129 50 0.010867832832152854
129 52 0.009888653052501861
129 46 0.11706795853539914
129 91 0.34235992261612824
129 85 0.3581474810605961
129 84 0.018210793006143075
129 90 0.36091152810862454
129 47 0.0864866209666332
129 53 0.008144682523650318
101 76 0.002200169314705888
101 62 0.009760391442532393
101 89 0.002590227483141666
101 88 0.03560379716607363
101 63 0.0044933471666580155
101 77 0.0067344989753383155
101 49 0.07153305979733277
101 61 0.0011572577071420065
101 75 0.0021938839699758572
101 74 0.002481564698561367
101 60 0.0026014504051496135
101 48 0.01880017914231158
101 64 0.006575721230971152
101 70 0.011573647218969502
101 58 0.023199309774787027
101 59 0.006042269733789102
101 71 0.1387919608087522
101 65 0.0014924187471893058
101 73 0.0015005048834455803
101 67 0.057794747198511874
101 66 0.007474947723501893
101 72 0.0010506346809530526
101 57 0.08222193477659498
101 94 0.07277786629344365
101 80 0.15285262218325513
101 81 0.010581972115116606
101 95 0.00936880171570105
101 56 0.04105635943771296
101 68 0.07942925727659261
101 54 0.008102920298009325
101 83 0.014511100746735353
101 82 0.0018726319360572036
101 55 0.04877029400118346
101 69 0.024695232727343988
101 51 0.029308087110834824
101 79 0.003929573233391964
101 86 0.05111288783262286
101 92 0.06767770862516484
101 93 0.06054502495982192
101 87 0.007001329750501911
101 78 0.022706578306739417
101 50 0.08803702816440985
101 52 0.012163534756520794
101 46 0.009536226045128285
101 91 0.06024919315303652
101 85 0.05652801926233356
101 84 0.03435872248472341
101 90 0.05643959358241134
101 47 0.005458887099997964
101 53 0.007267763244600364
115 76 0.030772356188023618
115 62 0.04573555052976601
115 89 0.006751346165486463
115 88 0.028652690411288595
115 63 0.012695446519695383
115 77 0.05637932218973742
115 49 0.037264965891743
115 61 0.0016436996777433183
115 75 0.0061662972395871984
115 74 0.08860334202034822
115 60 0.0017715532835232695
115 48 0.023424569802375478
115 64 0.0786800133629579
115 70 0.051508141079184125
115 58 0.018571892718686603
115 59 0.002727103958590535
115 71 0.017123373941464584
115 65 0.0011322603536669112
115 73 0.004217433213151836
115 67 0.03583655885296423
115 66 0.1475807398357568
115 72 0.061009696101427834
115 57 0.01563624570291483
115 94 0.1195301811752633
115 80 0.018869770351906665
115 81 0.05052312776604174
115 95 0.011657375364865816
115 56 0.18402465718718686
115 68 0.06320615341800637
115 54 0.013990546822090694
115 83 0.17052489878513744
115 82 0.01938136685422702
115 55 0.13155798560743823
115 69 0.016029024073569487
115 51 0.0033329251707439195
115 79 0.03289727657616042
115 86 0.006285000740720997
115 92 0.12550797517209908
115 93 0.11228715917305668
115 87 0.023692001438420804
115 78 0.02205725016310635
115 50 0.007751205691874874
115 52 0.6885264515947195
115 46 0.4713976888771544
115 91 0.10651910993404122
115 85 0.10089762683628521
115 84 0.04584514566182547
115 90 0.10175307390281028
115 47 0.20849589113820927
115 53 0.20426083590145572
103 76 0.008718178104721433
103 62 0.09735459631110119
103 89 0.00810440709161267
103 88 0.03184343644711449
103 63 0.027947458255685523
103 77 0.011605902049225722
103 49 0.00767113770101395
103 61 0.005817930311856928
103 75 0.004907433477686948
103 74 0.00478030195429395
103 60 0.004298980116661272
103 48 0.016195942344212996
103 64 0.04089928683170864
103 70 0.1249112858995001
103 58 0.6407703904529838
103 59 0.006617788921783219
103 71 0.011905361538035356
103 65 0.002747625370667542
103 73 0.00335643452398926
103 67 0.04827034163150251
103 66 0.2052666347019384
103 72 0.002350133314563893
103 57 0.19898932065091823
103 94 0.03310123259437546
103 80 0.013119577890847292
103 81 0.09237787129900343
103 95 0.005280696102708843
103 56 0.037426922692998105
103 68 0.19709960999802323
103 54 0.05039807038684533
103 83 0.009784909642888084
103 82 0.007785854367046638
103 55 0.03636720922656936
103 69 0.14840529161764968
103 51 0.005603897411405934
103 79 0.008647631301919492
103 86 0.004369770019675423
103 92 0.03493647589837352
103 93 0.028977258006001518
103 87 0.023325180080265018
103 78 0.06709201829802518
103 50 0.009249861266466361
103 52 0.0209620334747235
103 46 0.04253361586506628
103 91 0.028692067021074165
103 85 0.028926257090423763
103 84 0.0150232812434338
103 90 0.029205846795758918
103 47 0.03325652582536278
103 53 0.01252490328422054
117 76 0.10764466373823954
117 62 0.19941707820749086
117 89 0.012992883616769743
117 88 0.07169028062726733
117 63 0.010634622702568514
117 77 0.2978396230609161
117 49 0.13717736532141145
117 61 0.05792246061695782
117 75 0.5617976870108519
117 74 0.26956198764502
117 60 0.0007344344904831324
117 48 0.33745298852362005
117 64 0.09648078186586695
117 70 0.16910248507071834
117 58 0.47623045461593877
117 59 0.005701171191056717
117 71 0.045013000708597414
117 65 0.0
117 73 0.314313660371151
117 67 0.0781698377328188
117 66 0.02082979795686027
117 72 0.07514723465043747
117 57 0.1488979837221459
117 94 0.12606075356531765
117 80 0.04632806603653106
117 81 0.1544677569976185
117 95 0.055792421930570046
117 56 0.2218825615149706
117 68 0.1804612049400436
117 54 0.019177574525674687
117 83 0.5585757112513742
117 82 0.029177496913576406
117 55 0.11071435826367225
117 69 0.16727663244669178
117 51 0.08047906092740792
117 79 0.32472592037069353
117 86 0.005040054536132543
117 92 0.13223412315220368
117 93 0.11778609144450852
117 87 0.15644041602458797
117 78 0.183217551958903
117 50 0.00794527087671229
117 52 0.053796161060934766
117 46 0.2436905120506091
117 91 0.14490446502010693
117 85 0.13874144740546634
117 84 0.08985617107715559
117 90 0.13985671071217204
117 47 0.024052104204435265
117 53 0.04804613333488941
116 76 0.07286194792706593
116 62 0.09931580298204719
116 89 0.058059388272660106
116 88 0.16376903862226733
116 63 0.01456065262139275
116 77 0.03199176299385099
116 49 0.0157862266041041
116 61 0.06311579491694753
116 75 0.015122936621950245
116 74 0.019002397626088532
116 60 0.0027551142217481506
116 48 0.012668591356883543
116 64 0.021083999479056162
116 70 0.2491793052606474
116 58 0.437121733000709
116 59 0.04000940902737901
116 71 0.01249036542992002
116 65 0.0005817355578936617
116 73 0.010343318317569919
116 67 0.15399795233643854
116 66 0.16303493113866457
116 72 0.0037124924745869786
116 57 0.24443247838491283
116 94 0.23372869145821373
116 80 0.013764245766031899
116 81 0.11534080750720319
116 95 0.03187412148044267
116 56 0.1974342626658525
116 68 0.29623984643363244
116 54 0.025980719276451278
116 83 0.19670912650181138
116 82 0.18316507113233074
116 55 0.11990849335429336
116 69 0.21750957350241584
116 51 0.00513458068912509
116 79 0.050980609428339034
116 86 0.0045844911316705594
116 92 0.2447296823426906
116 93 0.19901349728977036
116 87 0.1408488151874332
116 78 0.15673006870944736
116 50 0.008873634887441001
116 52 0.027081308372076437
116 46 0.19403892608361933
116 91 0.19724667713085942
116 85 0.20550488032493802
116 84 0.05686848402109758
116 90 0.20708993701848705
116 47 0.02959491670638971
116 53 0.01618119580714407
102 76 0.001425516816407249
102 62 0.05605234093746098
102 89 0.00421476172159839
102 88 0.01656043378674138
102 63 0.014534299170871623
102 77 0.0053989367813483125
102 49 0.010876156390575958
102 61 0.0012467630174638755
102 75 0.0025521500264283625
102 74 0.0024860342609752673
102 60 0.00020711878484069857
102 48 0.00842282934037808
102 64 0.02127000120185929
102 70 0.07150459385193175
102 58 0.3690902515696896
102 59 0.0007901775338524375
102 71 0.026472552074381192
102 65 0.0
102 73 0.0017455406167098397
102 67 0.026799033183814214
102 66 0.012651686442024357
102 72 0.0012222056250269092
102 57 0.11455513267608457
102 94 0.017214560732133358
102 80 0.02917246215495181
102 81 0.052371480577107124
102 95 0.002746268239674776
102 56 0.024263226617390873
102 68 0.09587040762955777
102 54 0.026209919554599864
102 83 0.005088720512919989
102 82 0.00261412419827374
102 55 0.018913057998793545
102 69 0.0847610513225078
102 51 0.0051526664922548066
102 79 0.004497269816510885
102 86 0.009716543595031116
102 92 0.018168993689420987
102 93 0.01506985476667029
102 87 0.012130446439867534
102 78 0.03683158040182721
102 50 0.011153624675147022
102 52 0.0029383813110653995
102 46 0.022119947085922978
102 91 0.01492153891419283
102 85 0.015043331332652982
102 84 0.0078129775567619
102 90 0.015188734194883244
102 47 0.017295322218839268
102 53 0.002377675495200182
106 76 0.02805420529563904
106 62 0.06145006734624672
106 89 0.005744234449848007
106 88 0.017697399852581078
106 63 0.010869985042005897
106 77 0.011695086422804826
106 49 0.00577090060527341
106 61 0.0013084013801938077
106 75 0.005528424638376522
106 74 0.005385205774700433
106 60 0.0002926792519111626
106 48 0.006299308130712403
106 64 0.015907515882913587
106 70 0.0789912001899968
106 58 0.4050588988107757
106 59 0.004894691547891072
106 71 0.00981217155027321
106 65 0.0
106 73 0.0037811608458655638
106 67 0.030184226707561386
106 66 0.011859783057198231
106 72 0.05520151764848415
106 57 0.125550545366164
106 94 0.019658249825957902
106 80 0.010812905472957934
106 81 0.056838028038905385
106 95 0.0028339539021098037
106 56 0.04197261354759385
106 68 0.1066867221341634
106 54 0.019602006960311738
106 83 0.0110231011383016
106 82 0.03624374656619013
106 55 0.09101054366435817
106 69 0.09474587835943461
106 51 0.0040336199003216805
106 79 0.009741910546622684
106 86 0.00360148097403952
106 92 0.020748169098859556
106 93 0.01732453492392856
106 87 0.013816287067536792
106 78 0.03879405892587481
106 50 0.006970943186457107
106 52 0.006365072377728834
106 46 0.016543177701737452
106 91 0.01671928524296727
106 85 0.0170866127387886
106 84 0.014607422475342344
106 90 0.017251765147061823
106 47 0.012934912898464906
106 53 0.0031020767929998
112 76 0.006072073316436388
112 62 0.07166401879295137
112 89 0.011623667182373607
112 88 0.0331060997633583
112 63 0.02199580980003335
112 77 0.02366543243223239
112 49 0.011677627117053252
112 61 0.0022025978773480837
112 75 0.011186968185294605
112 74 0.010897159609383755
112 60 0.0005475080290409523
112 48 0.012746878949649848
112 64 0.03218943654470826
112 70 0.09730556328915174
112 58 0.4716368208371466
112 59 0.006399988388903183
112 71 0.02304034031609481
112 65 0.0
112 73 0.0076513163971791975
112 67 0.04329108259336939
112 66 0.022185810589917157
112 72 0.005357355681083836
112 57 0.1464823171416153
112 94 0.03677421459267452
112 80 0.025390202426269007
112 81 0.07303170469532252
112 95 0.005734608720433562
112 56 0.07311072823700787
112 68 0.13567724687168056
112 54 0.03966537351539741
112 83 0.02230564578586304
112 82 0.007742716264556457
112 55 0.18786419879919675
112 69 0.11883801563465665
112 51 0.007783721697356777
112 79 0.019713110058972916
112 86 0.008456777060884157
112 92 0.03881310033200684
112 93 0.03240859031965167
112 87 0.025845795530825416
112 78 0.057931129151349785
112 50 0.01345190748566577
112 52 0.012879955293676623
112 46 0.033475721338106015
112 91 0.03127636431546141
112 85 0.031963515016908195
112 84 0.028188107475052793
112 90 0.0322724616503118
112 47 0.02617426636698751
112 53 0.00627716513502484
113 76 0.022678457185515366
113 62 0.08450095322773088
113 89 0.08965124094563118
113 88 0.2590397466256751
113 63 0.022332314731458844
113 77 0.0719834032571034
113 49 0.015127260155907693
113 61 0.004377458217133076
113 75 0.014491657971137314
113 74 0.028492412234266074
113 60 0.005857641204626146
113 48 0.015226249686298196
113 64 0.027514755669736046
113 70 0.21185931957806986
113 58 0.34655323839948604
113 59 0.0059236709170066015
113 71 0.014002364265530087
113 65 0.0014566248853666586
113 73 0.009911555876473202
113 67 0.22631455333216816
113 66 0.17425365206366414
113 72 0.034881248903742126
113 57 0.20830473923243853
113 94 0.37422089230117034
113 80 0.01543045190612112
113 81 0.1674098436316932
113 95 0.06005963824391153
113 56 0.2510255441580132
113 68 0.435394369515842
113 54 0.03390500667227103
113 83 0.15689737817631738
113 82 0.010124306286653798
113 55 0.11833932484288054
113 69 0.27476296018882407
113 51 0.004925522476246086
113 79 0.0777679599153694
113 86 0.005139458501668068
113 92 0.39195984337402273
113 93 0.3176564955059977
113 87 0.22369140556778389
113 78 0.226340638267523
113 50 0.008512338344718776
113 52 0.030168545093631344
113 46 0.1905459706075724
113 91 0.3100194215905477
113 85 0.3252046807754463
113 84 0.047252010838243215
113 90 0.32773120318779975
113 47 0.046837279021161866
113 53 0.018025832750386966
107 76 0.003173570893635652
107 62 0.005813937773636271
107 89 0.0026687110005688686
107 88 0.016009855838743828
107 63 0.0031186437744581408
107 77 0.007311503386655455
107 49 0.01758547892597853
107 61 0.0024574331995588367
107 75 0.00689007223334169
107 74 0.0026321743047503093
107 60 0.0022825627810456606
107 48 0.0063990224406901275
107 64 0.0019387105681261813
107 70 0.007332033556597117
107 58 0.00735681664786092
107 59 0.0035137447198546196
107 71 0.03384312941769304
107 65 0.007814235760667462
107 73 0.006998435670628578
107 67 0.08039777534356973
107 66 0.14335722885076696
107 72 0.0010956851791363853
107 57 0.07730421414851173
107 94 0.01092108434779758
107 80 0.037294757580181824
107 81 0.008058384275785951
107 95 0.00977359358586101
107 56 0.5510742242572604
107 68 0.43393989210641987
107 54 0.002388972503950676
107 83 0.009156345918512956
107 82 0.003762641552779819
107 55 0.007264734152961166
107 69 0.009139769674370801
107 51 0.008720461370317886
107 79 0.0035956407330415413
107 86 0.012421856474409507
107 92 0.011850752105603338
107 93 0.04306472698542088
107 87 0.012558402612502781
107 78 0.010801929452072298
107 50 0.01797494974238327
107 52 0.011129885723127397
107 46 0.008725843945592338
107 91 0.012151763862818105
107 85 0.009531210753357375
107 84 0.002742460753561521
107 90 0.009617232173027679
107 47 0.005374306445237995
107 53 0.010167990662438883
139 76 0.05371773343212335
139 62 0.011629760235117192
139 89 0.03386948162613989
139 88 0.09521839865604605
139 63 0.007751129987975239
139 77 0.015151449681436113
139 49 0.010014633622040123
139 61 0.038402575398258525
139 75 0.0019626493250389926
139 74 0.017892878679276608
139 60 0.001973840885124395
139 48 0.006295148236716189
139 64 0.006512248898269665
139 70 0.11580797461212239
139 58 0.01747728789289503
139 59 0.06281281805047846
139 71 0.00693761600136239
139 65 0.0012615492852850463
139 73 0.0013423521649344877
139 67 0.08306826118554585
139 66 0.18234205977758414
139 72 0.0019958932186526918
139 57 0.07668866765035498
139 94 0.19302552480338303
139 80 0.007645176773160178
139 81 0.05356348050341912
139 95 0.017705268326772133
139 56 0.06296903012621552
139 68 0.1525934792302525
139 54 0.040510590749412864
139 83 0.024608335310901522
139 82 0.05407327922915403
139 55 0.027296424297624244
139 69 0.07543369618394719
139 51 0.0025729827834761743
139 79 0.035087904076881705
139 86 0.0025463977984978153
139 92 0.20205376518233614
139 93 0.16888227413877846
139 87 0.09288635624267273
139 78 0.0749753251065589
139 50 0.004246996695499841
139 52 0.02736583456122149
139 46 0.05443525953839835
139 91 0.1600296385280527
139 85 0.1631953510115171
139 84 0.004220619162758371
139 90 0.1644398333914189
139 47 0.01901536818473408
139 53 0.01635120140346022
111 76 0.01122250718729742
111 62 0.08803394599986097
111 89 0.049793321446325346
111 88 0.1509075117717366
111 63 0.026299899222264
111 77 0.024106220536750628
111 49 0.011895132507539416
111 61 0.007489152430213614
111 75 0.01139533465042565
111 74 0.014287325198163989
111 60 0.0025686054615558507
111 48 0.014347272157116633
111 64 0.03250102969187153
111 70 0.21989977691787055
111 58 0.38387946804682394
111 59 0.016466707777285025
111 71 0.019959979990444715
111 65 0.0005423546941871471
111 73 0.007793828445561979
111 67 0.16471351091079292
111 66 0.13280835263139545
111 72 0.006263519669935394
111 57 0.18510512709472537
111 94 0.20610523895225039
111 80 0.021995679118838984
111 81 0.11873998218940353
111 95 0.02519203440239233
111 56 0.12334220362633376
111 68 0.3679433333188564
111 54 0.04004933359341565
111 83 0.02272110674792914
111 82 0.011438452659333631
111 55 0.16837498143625884
111 69 0.3193175966445744
111 51 0.008205214522287757
111 79 0.06832550889706107
111 86 0.0073261548485456796
111 92 0.21607155927747174
111 93 0.1759199832437469
111 87 0.14444120570000324
111 78 0.29916438439220305
111 50 0.014180335698710508
111 52 0.013119855033368114
111 46 0.0629693468280012
111 91 0.1715037459066344
111 85 0.1789729778684413
111 84 0.029714509048885035
111 90 0.18040343034150302
111 47 0.03930402518821415
111 53 0.006676797277115121
105 76 0.015109411926707256
105 62 0.026845466992715533
105 89 0.0036352844925719857
105 88 0.012078054291791651
105 63 0.00889309619970291
105 77 0.006886632886195482
105 49 0.11028440294124942
105 61 0.002348888522137979
105 75 0.0030864658404392564
105 74 0.014898049033168256
105 60 0.006053482296490567
105 48 0.03671278202510746
105 64 0.007471692000852348
105 70 0.01005990515451917
105 58 0.05010687760246518
105 59 0.008806478365228437
105 71 0.27775449925835055
105 65 0.003500452669817883
105 73 0.003135008154106153
105 67 0.12323306149574419
105 66 0.0788507969619266
105 72 0.0017022345158945879
105 57 0.21052637739970964
105 94 0.05799127042178216
105 80 0.3059026169668799
105 81 0.007583019362341112
105 95 0.018637188187491674
105 56 0.2677988317819377
105 68 0.29534147009594697
105 54 0.008218097276111655
105 83 0.1400730641551943
105 82 0.004210957451380309
105 55 0.008476709572420665
105 69 0.058667381321173225
105 51 0.05740807168830197
105 79 0.004018343214081663
105 86 0.10227145794372997
105 92 0.01887690083632977
105 93 0.01929120686502281
105 87 0.010191828305701714
105 78 0.07529259374115396
105 50 0.11087275713409474
105 52 0.012438311858593717
105 46 0.010662790915970097
105 91 0.03668454829122365
105 85 0.04608056382161406
105 84 0.009439141055876232
105 90 0.032371879771342316
105 47 0.012275312018003554
105 53 0.007431943720331957
104 76 0.004254972514859262
104 62 0.10661090995466216
104 89 0.008145221871579358
104 88 0.027936226899535822
104 63 0.02451828766637039
104 77 0.016583423701231642
104 49 0.00818303400377876
104 61 0.0027738560342339957
104 75 0.007839207412760493
104 74 0.007636125621614587
104 60 0.00046002982545652327
104 48 0.01420869009948622
104 64 0.03588091878391927
104 70 0.14409452928812722
104 58 0.7021575142518708
104 59 0.0021704060132554936
104 71 0.014600889752684185
104 65 0.0
104 73 0.005361618556937328
104 67 0.05129346583368415
104 66 0.021342459240961703
104 72 0.003754137999887497
104 57 0.22157721443252293
104 94 0.03261966848925982
104 80 0.01609002043104904
104 81 0.09841586245688365
104 95 0.004632751391570891
104 56 0.0545934269585124
104 68 0.18417232738067665
104 54 0.044214195662078695
104 83 0.015630560567857985
104 82 0.00634142920518245
104 55 0.09465668973575675
104 69 0.1629033070937039
104 51 0.006002182000903758
104 79 0.013813855187860657
104 86 0.005359142609657738
104 92 0.03442821226486903
104 93 0.028555690401817005
104 87 0.02158734590815592
104 78 0.07037779450101522
104 50 0.010373032352339093
104 52 0.009025558966632083
104 46 0.03731471462376856
104 91 0.028274648438864937
104 85 0.028505431458919574
104 84 0.02173640809688207
104 90 0.028780953630942623
104 47 0.029175929328186405
104 53 0.00528996242864771
110 76 0.01642856035289872
110 62 0.09850351737474179
110 89 0.14472004525903098
110 88 0.20959223196004645
110 63 0.00946781403296261
110 77 0.19822896639505805
110 49 0.039025771121517186
110 61 0.0021592476220289036
110 75 0.008837908597374919
110 74 0.040486089060261306
110 60 0.06259058004058042
110 48 0.04450183244218479
110 64 0.011700185708009972
110 70 0.14299793279193015
110 58 0.2813581076830377
110 59 0.002653138593447485
110 71 0.14342038910185248
110 65 0.0006305832428286778
110 73 0.006044679295392555
110 67 0.116876774761341
110 66 0.07035242378452677
110 72 0.10272394856091288
110 57 0.1714097633709281
110 94 0.19711772772823727
110 80 0.14541517409291876
110 81 0.16742613622326946
110 95 0.056800017736962624
110 56 0.11906802915454252
110 68 0.2809950645516454
110 54 0.04787149388251897
110 83 0.01762186638914509
110 82 0.10730810663102604
110 55 0.08983021930215601
110 69 0.32633212216926744
110 51 0.0028176357023587117
110 79 0.13273233882755497
110 86 0.0025157703563020717
110 92 0.20639324246292653
110 93 0.2688952278922594
110 87 0.1480350447628548
110 78 0.22352091409607538
110 50 0.004869466852766513
110 52 0.01621304433893586
110 46 0.09457526722519574
110 91 0.1840120870552333
110 85 0.1861541801441764
110 84 0.010203835785984522
110 90 0.1875807300784152
110 47 0.06920471572751864
110 53 0.018885880356715443
138 76 0.03336502650340738
138 62 0.06340911713179131
138 89 0.042073914050950435
138 88 0.12214571244992324
138 63 0.013419729635915784
138 77 0.04517984701904183
138 49 0.006262965158372574
138 61 0.003289106858634816
138 75 0.0025656065916389026
138 74 0.02864343659942222
138 60 0.003272080628257526
138 48 0.007283570390786823
138 64 0.014002933006249524
138 70 0.11969198408271493
138 58 0.0218673280767306
138 59 0.009660537373275893
138 71 0.015676599925963555
138 65 0.0018659984495098259
138 73 0.0017547442218636133
138 67 0.1402398080608347
138 66 0.18978557042329047
138 72 0.08878548371614037
138 57 0.0994589486754104
138 94 0.17547891082133926
138 80 0.01727544124848729
138 81 0.07455570295023334
138 95 0.035557562141279656
138 56 0.12330535742836432
138 68 0.3025246967523955
138 54 0.017255088240905644
138 83 0.029671267760516866
138 82 0.020982112978348746
138 55 0.021159656596225776
138 69 0.11130545299559838
138 51 0.0038057822556628457
138 79 0.036576112110248735
138 86 0.005753973631801704
138 92 0.18385018081130297
138 93 0.1491304649668376
138 87 0.1302207444705003
138 78 0.11731719033104515
138 50 0.006778574494482673
138 52 0.014235973499146987
138 46 0.07454111842021272
138 91 0.14547105042529157
138 85 0.15252641900551153
138 84 0.002720716155107647
138 90 0.15372235652029265
138 47 0.0582230159382179
138 53 0.07623575156543042
140 76 0.06328815565493003
140 62 0.024548368774285692
140 89 0.0264329764634067
140 88 0.07436943226408704
140 63 0.028200127179706276
140 77 0.009739972973901015
140 49 0.04325029710746262
140 61 0.029923441764810314
140 75 0.004604216216909471
140 74 0.01838411988269731
140 60 0.0016492577962816252
140 48 0.00385698460748031
140 64 0.004123361284259136
140 70 0.11900423416198148
140 58 0.030571524712415622
140 59 0.021812597654191898
140 71 0.00845020586320154
140 65 0.0010540971209129363
140 73 0.003149049362892245
140 67 0.0818942627607871
140 66 0.16089171015496634
140 72 0.0020487812310084064
140 57 0.11768118549805592
140 94 0.11034753930608943
140 80 0.009312034217674167
140 81 0.047961745732435924
140 95 0.013944498514132653
140 56 0.035753233611787824
140 68 0.1741701286295958
140 54 0.00508100429940439
140 83 0.009180326103984962
140 82 0.05659948903281579
140 55 0.024016467591674126
140 69 0.13210898880479732
140 51 0.0021498753761395595
140 79 0.019193111564966517
140 86 0.0031015821000591887
140 92 0.11557410568705573
140 93 0.09365447486463299
140 87 0.07747524142979345
140 78 0.14931879043877452
140 50 0.04154944431148757
140 52 0.008041860207754076
140 46 0.021555065616098143
140 91 0.09172596001356252
140 85 0.09652288204471555
140 84 0.015400245707124324
140 90 0.09663560347291929
140 47 0.018076075213307757
140 53 0.004805045342990991
135 76 0.06150009805770029
135 62 0.1766335505457702
135 89 0.03783264701148295
135 88 0.13606203279724008
135 63 0.02505372359744784
135 77 0.19741154412460804
135 49 0.2862480019171822
135 61 0.0020930636410421977
135 75 0.30832130309263867
135 74 0.15381798029340066
135 60 0.002978619678418129
135 48 0.3068693335666356
135 64 0.02104932882665439
135 70 0.1042277738180282
135 58 0.05749862460685587
135 59 0.0036880416437401475
135 71 0.18027237777325214
135 65 0.001745181662117068
135 73 0.19732801760385793
135 67 0.1903954694975004
135 66 0.07587312379240978
135 72 0.026564704133046457
135 57 0.1762630665377129
135 94 0.2070708566695206
135 80 0.19676898952001082
135 81 0.17674033218028504
135 95 0.08412321869007422
135 56 0.2586237589091338
135 68 0.3217058546484876
135 54 0.05467753823259465
135 83 0.4467881762715509
135 82 0.008694645014851593
135 55 0.04594108705991195
135 69 0.1420153533857578
135 51 0.10870358910488141
135 79 0.16692037473074078
135 86 0.05926919008698765
135 92 0.21699351769463848
135 93 0.18136569426472854
135 87 0.17508302364081219
135 78 0.18804501069244495
135 50 0.07678222506932825
135 52 0.05098462093059183
135 46 0.2596951018710689
135 91 0.19098146871249538
135 85 0.1937566748464315
135 84 0.10592256246896167
135 90 0.19527819509343525
135 47 0.14541020371604743
135 53 0.2491714505464847
121 76 0.10117602809146035
121 62 0.08059534394277074
121 89 0.06022766088034915
121 88 0.2875408716113644
121 63 0.10942139613911597
121 77 0.06661212025796266
121 49 0.12298246357032622
121 61 0.007285551408107618
121 75 0.0028238894241385676
121 74 0.06158223742284237
121 60 0.06739363218729856
121 48 0.08927986373798638
121 64 0.07716747461363521
121 70 0.1374217720524499
121 58 0.013687648219114196
121 59 0.0018962804032426894
121 71 0.3346950124644124
121 65 0.06000420561578476
121 73 0.0021956403115415274
121 67 0.28856733098694276
121 66 0.1532767916123568
121 72 0.03588625364551206
121 57 0.3130768966126705
121 94 0.35024208362037723
121 80 0.3663093484106346
121 81 0.06657346567738782
121 95 0.0806427130500814
121 56 0.15816517619958853
121 68 0.3574588678214227
121 54 0.09371454111766347
121 83 0.2823244590882682
121 82 0.027784098949179714
121 55 0.16251043119837466
121 69 0.3465112757319607
121 51 0.09069417167774113
121 79 0.06335429883782624
121 86 0.11396380980621257
121 92 0.5172727984388747
121 93 0.325336195982299
121 87 0.1765293810169572
121 78 0.4635843874870423
121 50 0.12658343911475384
121 52 0.007909859217432244
121 46 0.09894803440823843
121 91 0.2923289806137042
121 85 0.31670622267944354
121 84 0.008130572504830264
121 90 0.31920893940789197
121 47 0.17960583920076434
121 53 0.05174605439691088
109 76 0.03599482796006965
109 62 0.07355790104020245
109 89 0.03910086937094195
109 88 0.12997739191628258
109 63 0.012384531944588897
109 77 0.16207590423087676
109 49 0.03967863845310698
109 61 0.0021767796762879876
109 75 0.00849005893223985
109 74 0.0640035191072804
109 60 0.0011626708183937046
109 48 0.025320346978307595
109 64 0.062004977157677756
109 70 0.18198884725977887
109 58 0.3053749354219256
109 59 0.0031001659124406666
109 71 0.025506468324385703
109 65 0.00034987022178406546
109 73 0.005806767843199487
109 67 0.1430754632685433
109 66 0.09470294615609152
109 72 0.04525335767891373
109 57 0.17717666215451006
109 94 0.19389814935526462
109 80 0.028107848454086475
109 81 0.1763669798394774
109 95 0.04425417185140447
109 56 0.08281232294665755
109 68 0.2929694039652555
109 54 0.01989323040182546
109 83 0.016928290498991652
109 82 0.01860809702168771
109 55 0.07946939314370231
109 69 0.2283728410898706
109 51 0.010485283272213292
109 79 0.13288293958555936
109 86 0.009361950095813268
109 92 0.2030284951339831
109 93 0.17276187724155972
109 87 0.12867690483047234
109 78 0.23742743039282332
109 50 0.018120773843534138
109 52 0.025259450330440955
109 46 0.10720379154966672
109 91 0.18053920770690002
109 85 0.1829404819650718
109 84 0.4616745736322824
109 90 0.18434348488334884
109 47 0.02121234908955172
109 53 0.02410568350620082
108 76 0.02670008498076211
108 62 0.09757591812814789
108 89 0.05552511981267569
108 88 0.17120199031989503
108 63 0.028886148104532765
108 77 0.07832867653853373
108 49 0.01584478279221728
108 61 0.006762959557020498
108 75 0.015179032454340505
108 74 0.027192377395688944
108 60 0.004107078331236302
108 48 0.024821696163887227
108 64 0.04001375891382839
108 70 0.18805588149051217
108 58 0.4429255381207439
108 59 0.013309488637877454
108 71 0.017826247229025205
108 65 0.001276279735178798
108 73 0.010381685009516473
108 67 0.15713828478401515
108 66 0.11417374189972786
108 72 0.03960949799073278
108 57 0.21594492929522924
108 94 0.23448975260395305
108 80 0.019644329008868644
108 81 0.1723016956542437
108 95 0.045076582686843725
108 56 0.19444802953032386
108 68 0.40318293859392174
108 54 0.09695252975209222
108 83 0.030265404861319213
108 82 0.016504553629092006
108 55 0.13511723603175468
108 69 0.24358587663184028
108 51 0.007328072608865893
108 79 0.11549273000042404
108 86 0.006542984894314374
108 92 0.24580802765697046
108 93 0.200066830490196
108 87 0.15706716356261
108 78 0.1870788584367882
108 50 0.012664450068426814
108 52 0.018119917551448206
108 46 0.09122470688565687
108 91 0.19506959335903185
108 85 0.20361847749608708
108 84 0.026538011804025305
108 90 0.20524168579680713
108 47 0.057799417912761296
108 53 0.010826727050293125
120 76 0.0043704659602477325
120 62 0.12659513650663695
120 89 0.042555773362090585
120 88 0.12219674729629487
120 63 0.007956726739525022
120 77 0.24258812311128047
120 49 0.005359619871294755
120 61 0.0017263437570210899
120 75 0.03798811838232702
120 74 0.005762781141804549
120 60 0.004688227457622637
120 48 0.004294294857122516
120 64 0.008931378288132605
120 70 0.07105842398560008
120 58 0.010785943948384433
120 59 0.0021105304733637087
120 71 0.012667837469480053
120 65 0.0029964066723872917
120 73 0.0021329504329204163
120 67 0.1011396696982542
120 66 0.08198290021711499
120 72 0.0021949293924703184
120 57 0.03069181116311224
120 94 0.17831867463148365
120 80 0.013959818007917763
120 81 0.050301092920200685
120 95 0.021768912004737795
120 56 0.07315976728035081
120 68 0.12627219915671012
120 54 0.011005674340215488
120 83 0.021026185345968312
120 82 0.0028553818119660956
120 55 0.21730764760612586
120 69 0.08760868197402899
120 51 0.041636343943012404
120 79 0.02267476953336922
120 86 0.00464963085845016
120 92 0.1873706766510429
120 93 0.15071641665406083
120 87 0.14753886321565218
120 78 0.14329757977765165
120 50 0.06880363780593401
120 52 0.0036405043833078743
120 46 0.03668311413410681
120 91 0.15365003921157375
120 85 0.15645523784785073
120 84 0.08035584066599383
120 90 0.15567932479026603
120 47 0.06301199838464504
120 53 0.3511012699255139
134 76 0.047223952300253745
134 62 0.10600396181616979
134 89 0.008989959503281547
134 88 0.02986869918530663
134 63 0.021992384600840964
134 77 0.0228962896606357
134 49 0.26129374233216474
134 61 0.0018799176032308768
134 75 0.30800304036988607
134 74 0.0918576162409824
134 60 0.004844865059692519
134 48 0.24142750275548097
134 64 0.018477290744618444
134 70 0.04388497805318201
134 58 0.021033534162976708
134 59 0.002534058311892906
134 71 0.34084531484695996
134 65 0.0027022303916084123
134 73 0.19674587929901083
134 67 0.16007265131488768
134 66 0.0211967813822891
134 72 0.002897408792651948
134 57 0.18936171880523966
134 94 0.06012788825220289
134 80 0.3735613571368509
134 81 0.032651670684569575
134 95 0.023031004357241022
134 56 0.058147496491347005
134 68 0.2173798394970008
134 54 0.0526966406072281
134 83 0.26402198897563317
134 82 0.006683990884479074
134 55 0.1571226926160067
134 69 0.07995137292783966
134 51 0.10710194265186236
134 79 0.02463072293829985
134 86 0.11821234495410274
134 92 0.041871572428025416
134 93 0.03505264830952918
134 87 0.08047109769857724
134 78 0.07945313426607561
134 50 0.1263407858022919
134 52 0.47644427741895434
134 46 0.12968797956195885
134 91 0.03359771536148668
134 85 0.03441015791884031
134 84 0.060203319216121196
134 90 0.03474275283020372
134 47 0.12981630610745248
134 53 0.3467565062428438
122 76 0.02607480561542061
122 62 0.048656779501796095
122 89 0.052048149270337664
122 88 0.14904556700459035
122 63 0.015931679743702007
122 77 0.012467443036889486
122 49 0.21182665399911338
122 61 0.00419037054518491
122 75 0.004142536456427079
122 74 0.029860907994646475
122 60 0.008292861589439773
122 48 0.06878302839425686
122 64 0.013385282406496002
122 70 0.09073961162622107
122 58 0.023811832278514647
122 59 0.0019859732136209562
122 71 0.5349840019772321
122 65 0.0046981737522338585
122 73 0.004207688094073556
122 67 0.3568974373189799
122 66 0.1077068878526965
122 72 0.0019735822648266205
122 57 0.35792262301774785
122 94 0.24989133963396148
122 80 0.5892067776127792
122 81 0.05582872060427215
122 95 0.05725492293523394
122 56 0.0852767791821196
122 68 0.40873342391841944
122 54 0.014722442101770414
122 83 0.2615047293807186
122 82 0.0075668142539941086
122 55 0.02954064317233289
122 69 0.19975480578902385
122 51 0.10659908419290763
122 79 0.02951190659137117
122 86 0.19697359684911825
122 92 0.22860631531957082
122 93 0.1858304828176049
122 87 0.13388433735904107
122 78 0.23368040910972204
122 50 0.21191441454456716
122 52 0.01237422980513847
122 46 0.047599363053374824
122 91 0.20574813271454506
122 85 0.7741702421915982
122 84 0.012046040698534627
122 90 0.21013736277008965
122 47 0.032563394311992976
122 53 0.016047507445894324
136 76 0.02073749266848679
136 62 0.07937064851184089
136 89 0.005290696276281953
136 88 0.052924907506755575
136 63 0.012403706427872252
136 77 0.26757386508411674
136 49 0.13286085379613027
136 61 0.045336616467340614
136 75 0.008384989741246462
136 74 0.10033354396865646
136 60 0.0007435939017015891
136 48 0.1408322764856112
136 64 0.011092770149334491
136 70 0.07620309299173164
136 58 0.05091786015891056
136 59 0.0023215143058803733
136 71 0.008364940260080764
136 65 0.00044752368286846145
136 73 0.005734905868572365
136 67 0.04233027580680419
136 66 0.01223854413247627
136 72 0.03534099494860066
136 57 0.10472595143682856
136 94 0.08843644992315443
136 80 0.009218072457841897
136 81 0.26391647363324927
136 95 0.0567785829611616
136 56 0.1646967775174048
136 68 0.17724454290959546
136 54 0.060223198964254224
136 83 0.01671879350941531
136 82 0.00791873889408412
136 55 0.02225526407622805
136 69 0.03494230590961515
136 51 0.0017622801910430613
136 79 0.3650141732552682
136 86 0.003070286026014196
136 92 0.09268295240569532
136 93 0.08244385145986162
136 87 0.06087890080812185
136 78 0.09368842883994012
136 50 0.0035243826824410407
136 52 0.01980329513639649
136 46 0.12851005212072789
136 91 0.10188910071329009
136 85 0.09761562851012152
136 84 0.03150041070229527
136 90 0.09837742439813738
136 47 0.17565120963454628
136 53 0.024633105624719015
137 76 0.03283076602039207
137 62 0.04405271090305025
137 89 0.03676334050580006
137 88 0.10708622572688152
137 63 0.01213740864497663
137 77 0.01121967986377162
137 49 0.0074158569347935605
137 61 0.007459341699744909
137 75 0.0026026447969623168
137 74 0.00664935514067147
137 60 0.0031835743787028553
137 48 0.011099536823143075
137 64 0.013624168781295673
137 70 0.07176348492846592
137 58 0.031859951139494726
137 59 0.024469463131522318
137 71 0.007796218545474673
137 65 0.0013723127502037885
137 73 0.0017800764676534492
137 67 0.09859477003786475
137 66 0.16470079318254557
137 72 0.002966218384036254
137 57 0.09132845660018021
137 94 0.15323973899644777
137 80 0.008591347363509153
137 81 0.05052147648856565
137 95 0.019428787481967455
137 56 0.08203247784943332
137 68 0.20525079870820062
137 54 0.016788356726789286
137 83 0.00783393315031819
137 82 0.009982475731943788
137 55 0.022772628833363992
137 69 0.08768951716746023
137 51 0.0027988895249711626
137 79 0.0713621627807942
137 86 0.002861541160091019
137 92 0.16058308832409704
137 93 0.13033958307589705
137 87 0.09582033239771144
137 78 0.0968864814320584
137 50 0.004619881112287158
137 52 0.020264457160031973
137 46 0.03821683557479322
137 91 0.12761494444685056
137 85 0.13321603786353098
137 84 0.0031253772298150406
137 90 0.13426736690975125
137 47 0.028151136246284715
137 53 0.012108098498300815
123 76 0.018944297032413154
123 62 0.038924513500346924
123 89 0.04021562535016532
123 88 0.11740580306622499
123 63 0.01987337821323923
123 77 0.012203018709343455
123 49 0.16224475372401231
123 61 0.004101496193780196
123 75 0.004934810711478457
123 74 0.024571726079900116
123 60 0.007830315571471735
123 48 0.05152229967759058
123 64 0.01669697006434423
123 70 0.07408480811683625
123 58 0.01816741453965133
123 59 0.0015152130341960363
123 71 0.40958579886227203
123 65 0.005596715539084751
123 73 0.00501242282249062
123 67 0.2652113620609171
123 66 0.07931748030201571
123 72 0.0016619043796284316
123 57 0.3183543912851634
123 94 0.7044513147910356
123 80 0.4511179728797988
123 81 0.04520239414108307
123 95 0.04230501807556709
123 56 0.11040110096762419
123 68 0.3098800735333421
123 54 0.018364959930020103
123 83 0.19239181116936158
123 82 0.006039976165932298
123 55 0.023441301537176454
123 69 0.15273135623142522
123 51 0.08191026451285223
123 79 0.02275370902314329
123 86 0.15076950066941056
123 92 0.17854188577839222
123 93 0.14517543512770337
123 87 0.10195785663898889
123 78 0.21834072143443695
123 50 0.16298136326839785
123 52 0.009441010664336946
123 46 0.04405120375415122
123 91 0.16972145385422702
123 85 0.16123863345443873
123 84 0.009190616344515956
123 90 0.15952644630715135
123 47 0.025749031751428328
123 53 0.0176445918519606
127 76 0.07244453184470401
127 62 0.06324719759332291
127 89 0.06643217218726286
127 88 0.192140698388017
127 63 0.02342506676627372
127 77 0.07470413860016421
127 49 0.130742995989726
127 61 0.005683466390361894
127 75 0.005912149274578962
127 74 0.044295237370986416
127 60 0.006599724814216279
127 48 0.056733200194717635
127 64 0.02043906987016028
127 70 0.12774995073050419
127 58 0.038614688792020624
127 59 0.01462604524711661
127 71 0.33001060260722176
127 65 0.0038667973639743003
127 73 0.004043608950870178
127 67 0.2717585362895814
127 66 0.1293055267612752
127 72 0.04810923894163013
127 57 0.28222656506148497
127 94 0.27725216196662833
127 80 0.3634621705869958
127 81 0.14566504545016531
127 95 0.07174945756984419
127 56 0.20011379481991853
127 68 0.5045686002778964
127 54 0.0878166598707175
127 83 0.033137722983723486
127 82 0.014590733906935896
127 55 0.054287447638290874
127 69 0.1883699849355572
127 51 0.22059739833473352
127 79 0.1298312395818493
127 86 0.12149866126518036
127 92 0.2904121276294596
127 93 0.23540284076278217
127 87 0.24421916021151302
127 78 0.19025787577218395
127 50 0.33591155029268227
127 52 0.025195508092773725
127 46 0.14363351158023804
127 91 0.2837862491838395
127 85 0.24094771318441283
127 84 0.018948472477034045
127 90 0.2428232608460365
127 47 0.05526717698923694
127 53 0.015054422198080633
133 76 0.003723554043574176
133 62 0.22536671826466892
133 89 0.010763608792418694
133 88 0.07571415264292233
133 63 0.02698697739849998
133 77 0.23731223806320606
133 49 0.38591981288753857
133 61 0.04864380059537809
133 75 0.006860141248448581
133 74 0.1159354913187309
133 60 0.003209169438350909
133 48 0.24255547659147697
133 64 0.02413474867755297
133 70 0.09490914586973097
133 58 0.06780222969231545
133 59 0.0018993363784683692
133 71 0.24752960571729543
133 65 0.0017899188277254174
133 73 0.04375724658934467
133 67 0.17481685859323956
133 66 0.02662763068557554
133 72 0.002141419006830486
133 57 0.26833714185540614
133 94 0.11793881750317792
133 80 0.27261011736507856
133 81 0.16504935868476595
133 95 0.05945973130453734
133 56 0.14312247824970664
133 68 0.24401743668083853
133 54 0.07986825269641049
133 83 0.08272145993650978
133 82 0.14419373751856637
133 55 0.051127886352413325
133 69 0.049108315106818956
133 51 0.04902493562075078
133 79 0.33554859300737233
133 86 0.09115062658506551
133 92 0.12323480896306424
133 93 0.10821202093486433
133 87 0.07959415689441951
133 78 0.10927252229327257
133 50 0.09737767057639694
133 52 0.030564092074235764
133 46 0.047510203773612224
133 91 0.12883162605245624
133 85 0.12451436735627186
133 84 0.1083637984045232
133 90 0.12552220473774112
133 47 0.23094533574825926
133 53 0.3660273504902661
132 76 0.03825091849453465
132 62 0.04765669135058267
132 89 0.1049684879287055
132 88 0.30293534075600453
132 63 0.03486926548582424
132 77 0.08549744694277989
132 49 0.023282832225432912
132 61 0.0036558895745040093
132 75 0.010831708964161094
132 74 0.04560504480649826
132 60 0.005462052218949909
132 48 0.018925325362838682
132 64 0.02929602988155392
132 70 0.19616137424197289
132 58 0.033849059107717516
132 59 0.006728350878307601
132 71 0.026292051792316848
132 65 0.0016789031389149583
132 73 0.007408337186110989
132 67 0.26571525020677444
132 66 0.2036720114913962
132 72 0.04225510712940933
132 57 0.14077198302353097
132 94 0.523303099832692
132 80 0.02897355282302621
132 81 0.17574100471776674
132 95 0.07274023698083104
132 56 0.2678411945387929
132 68 0.4752978799721912
132 54 0.08404736955932013
132 83 0.1803034971774426
132 82 0.010597570790337019
132 55 0.06639986813553952
132 69 0.2515239575528579
132 51 0.00796287855166447
132 79 0.10213334995258616
132 86 0.009650292375478667
132 92 0.5478854602089276
132 93 0.45242498613634974
132 87 0.27710275416754915
132 78 0.25365756410071155
132 50 0.014466229130221983
132 52 0.06362231099454599
132 46 0.2590972359385949
132 91 0.43334969133216966
132 85 0.4472629290591081
132 84 0.047267861157727756
132 90 0.45069350934248126
132 47 0.05317159983073827
132 53 0.0380145987690634
126 76 0.031035846978346285
126 62 0.04884323425229179
126 89 0.06346327924436497
126 88 0.18156374918831397
126 63 0.013385211052386728
126 77 0.01446208890395824
126 49 0.1502008682569335
126 61 0.010890661477249874
126 75 0.0025240233667944006
126 74 0.037484631792032506
126 60 0.028067073353313966
126 48 0.046674666542583974
126 64 0.01124582171428433
126 70 0.10839254351394852
126 58 0.015982260698216552
126 59 0.002214174946374034
126 71 0.3789518067844434
126 65 0.0028625699391251896
126 73 0.0025637198806414824
126 67 0.3253577765574984
126 66 0.13046931438821724
126 72 0.00148483264242609
126 57 0.2828867775729249
126 94 0.4221215698899065
126 80 0.4173829078752473
126 81 0.06929427692421668
126 95 0.053916316827277905
126 56 0.10470265069074253
126 68 0.3676107684264361
126 54 0.012369254084249506
126 83 0.3119677572640864
126 82 0.006051785026871523
126 55 0.03537877867337765
126 69 0.22606126481076683
126 51 0.0761827862396318
126 79 0.03454788100649891
126 86 0.1394836414485673
126 92 0.4419877801721356
126 93 0.3745768439130787
126 87 0.19903443134263415
126 78 0.26969720361309263
126 50 0.1516656128806205
126 52 0.009235876760965905
126 46 0.05259303845748765
126 91 0.35070610324484863
126 85 0.3530587399797645
126 84 0.00867772904096624
126 90 0.8523433661190843
126 47 0.0311134115914191
126 53 0.018614921975802168
118 76 0.07155529649347882
118 62 0.19546989146620558
118 89 0.006538510114102308
118 88 0.01610863808432693
118 63 0.047401804291786184
118 77 0.021921514062604716
118 49 0.30496079844173185
118 61 0.0016282607374299568
118 75 0.01036259451814775
118 74 0.1027726993146345
118 60 0.0023561218960795882
118 48 0.14955084351116696
118 64 0.010486464784405583
118 70 0.061916652417859985
118 58 0.2833138657307355
118 59 0.11274033289655
118 71 0.1854494656144871
118 65 0.0013141303453195474
118 73 0.03570217216269912
118 67 0.10810204938257667
118 66 0.011569613390511449
118 72 0.0016894310660817702
118 57 0.24512964206287302
118 94 0.020781143631559695
118 80 0.20424256867814827
118 81 0.22211309495389664
118 95 0.014885070177458215
118 56 0.23943310622854258
118 68 0.1591429661020915
118 54 0.012921926792716351
118 83 0.15847563751710134
118 82 0.02861365313739086
118 55 0.09275925475033131
118 69 0.08048763348514724
118 51 0.12545744233835526
118 79 0.15572546474262566
118 86 0.06828519251530728
118 92 0.021933319901446424
118 93 0.01878970560512909
118 87 0.06870605284450051
118 78 0.040722709222917236
118 50 0.2456655891908836
118 52 0.02352654746491023
118 46 0.1412050299161646
118 91 0.03934332625936609
118 85 0.019830452189648462
118 84 0.11371779534941304
118 90 0.020022125459613363
118 47 0.2860233532352038
118 53 0.2586936671682507
130 76 0.0042770538735395075
130 62 0.035405868118197924
130 89 0.05966396384924236
130 88 0.17284070950205255
130 63 0.016407088567821
130 77 0.01666948407544433
130 49 0.010441947415507496
130 61 0.0013346842317074337
130 75 0.007879889309070173
130 74 0.01195310977632591
130 60 0.004303487533580036
130 48 0.008746023191626373
130 64 0.018416859017939935
130 70 0.11297938531946204
130 58 0.030790815983302862
130 59 0.0043519981941255725
130 71 0.007531191383339714
130 65 0.0006129303143347503
130 73 0.0053894429017595225
130 67 0.1419876100886736
130 66 0.11639555260038832
130 72 0.0019991495665733078
130 57 0.047884915070008194
130 94 0.24893581130604703
130 80 0.008299290336453602
130 81 0.10448258530936198
130 95 0.030238591566804682
130 56 0.1506723871638763
130 68 0.2046897237824879
130 54 0.0782087264747594
130 83 0.1825059624392527
130 82 0.00421741267666402
130 55 0.04466457301072378
130 69 0.12341514372214804
130 51 0.002280916027725177
130 79 0.057579423611931024
130 86 0.0027642650090226872
130 92 0.26077713000825936
130 93 0.21144459307702612
130 87 0.16330468739835813
130 78 0.12635605169297603
130 50 0.004143759529896512
130 52 0.028533505693195862
130 46 0.22082033514650135
130 91 0.2063037131344167
130 85 0.21635455230707668
130 84 0.0466851647408977
130 90 0.21804390249590516
130 47 0.030221891512268423
130 53 0.017048889822543725
124 76 0.031089617018691826
124 62 0.04212279083041783
124 89 0.05648636835551721
124 88 0.16190713360509967
124 63 0.013385211052386728
124 77 0.012165250169596992
124 49 0.12644398411318497
124 61 0.004088801996901176
124 75 0.0025240233667944006
124 74 0.035042924447839394
124 60 0.004986781041963859
124 48 0.04147944642711788
124 64 0.01124582171428433
124 70 0.09717361723951923
124 58 0.015982260698216552
124 59 0.002214174946374034
124 71 0.31900518258956156
124 65 0.0028625699391251896
124 73 0.0025637198806414824
124 67 0.28557324874706164
124 66 0.11393508631597607
124 72 0.0013246484309523826
124 57 0.24361573935212733
124 94 0.2497825987835975
124 80 0.3513485919146228
124 81 0.06279894587161683
124 95 0.04649014403126294
124 56 0.0934454437278155
124 68 0.3173962090079688
124 54 0.012369254084249506
124 83 0.2734274120308984
124 82 0.006051785026871523
124 55 0.030610132805239477
124 69 0.2007789685843747
124 51 0.07877620674669777
124 79 0.031048911051002423
124 86 0.11743349919003637
124 92 0.2491554412580259
124 93 0.20175955832504788
124 87 0.15049469433118762
124 78 0.23563239527325802
124 50 0.14720315597739198
124 52 0.009235876760965905
124 46 0.04819645003988174
124 91 0.9999999999999998
124 85 0.21509134144285097
124 84 0.00808518053434383
124 90 0.2136940742440791
124 47 0.029492621406945557
124 53 0.01565853897227687
125 76 0.03004425526727475
125 62 0.04528334328430959
125 89 0.06144425070444235
125 88 0.17903966291161222
125 63 0.014308655149117139
125 77 0.010232892147174058
125 49 0.13778123163222722
125 61 0.0034393267102723057
125 75 0.00964307370474679
125 74 0.03729063273397082
125 60 0.005330818464823001
125 48 0.04501443497634046
125 64 0.012021669598512252
125 70 0.105583540049173
125 58 0.017084874936902222
125 59 0.002366930608974749
125 71 0.33364705500027214
125 65 0.010936496575717033
125 73 0.009794734903246338
125 67 0.3747425006743007
125 66 0.1251308635070659
125 72 0.0014160357664989576
125 57 0.25719830441691266
125 94 0.271462710191625
125 80 0.3674665698807332
125 81 0.068119104150746
125 95 0.05788101008033079
125 56 0.25476812959203543
125 68 0.4615660047112885
125 54 0.013222607432235911
125 83 0.30537153638558134
125 82 0.006469296946248357
125 55 0.03133137223043123
125 69 0.21844945043977365
125 51 0.06844955348291236
125 79 0.03372301779893733
125 86 0.12283867253509248
125 92 0.2709960692254228
125 93 0.25689681038583356
125 87 0.15474969415965986
125 78 0.25603527387420755
125 50 0.13671146974328113
125 52 0.009873058785191277
125 46 0.052190053437828135
125 91 0.22448123823980126
125 85 0.23379129333635407
125 84 0.008642976164627003
125 90 0.23232617170547193
125 47 0.03177376779754172
125 53 0.01423071922419028
131 76 0.004598230904443432
131 62 0.0731294440081143
131 89 0.09209551805985958
131 88 0.3891316411494205
131 63 0.02504071623343261
131 77 0.011208246444888673
131 49 0.007850043995907788
131 61 0.003068552470313804
131 75 0.005298288833342185
131 74 0.012402978354992933
131 60 0.004485744083743415
131 48 0.013540366512131752
131 64 0.03094494982397364
131 70 0.23926612564632488
131 58 0.3758490722333979
131 59 0.09434471453287259
131 71 0.00930204555628042
131 65 0.0010044837432534454
131 73 0.0036237596778751213
131 67 0.2417742495844062
131 66 0.18139086072196342
131 72 0.002537311031119302
131 57 0.28277015793617594
131 94 0.3875780901170252
131 80 0.010250752220328618
131 81 0.16943656834955967
131 95 0.04667749163064024
131 56 0.0952598268465788
131 68 0.3965995415410946
131 54 0.08389855349048515
131 83 0.010564234386853416
131 82 0.01089080398260435
131 55 0.07228254167166094
131 69 0.278079147836768
131 51 0.003238711914827219
131 79 0.06802885576009104
131 86 0.0034142432099711767
131 92 0.4058341846617915
131 93 0.3289151784266975
131 87 0.27519899049781144
131 78 0.22515269111973546
131 50 0.005597175071890573
131 52 0.007663352535494522
131 46 0.1087365544223995
131 91 0.3212516557660696
131 85 0.336499702246471
131 84 0.011728728632073929
131 90 0.33908960258984044
131 47 0.04802486370889655
131 53 0.004578885414704317
119 76 0.013415624211705723
119 62 0.11674815370433905
119 89 0.015595402070249953
119 88 0.06361136193879038
119 63 0.009007510278271208
119 77 0.22951434051632857
119 49 0.061708837807244496
119 61 0.04199951446909145
119 75 0.024716460658663356
119 74 0.10901988000593513
119 60 0.0005148480887600532
119 48 0.04309687002572359
119 64 0.013181905243051281
119 70 0.13638963772321283
119 58 0.35767490861228574
119 59 0.057429593191984235
119 71 0.008130943671927682
119 65 0.0
119 73 0.01690480008394564
119 67 0.06821570481439063
119 66 0.022153647001656146
119 72 0.003581062832724552
119 57 0.12052912573960528
119 94 0.10864678103439666
119 80 0.008960210783111655
119 81 0.08446654677892308
119 95 0.04419927701798738
119 56 0.08336082346608806
119 68 0.15251408117204246
119 54 0.01624337830157392
119 83 0.049282040263337476
119 82 0.008852698523742014
119 55 0.08946783038911918
119 69 0.09440360774012546
119 51 0.003716041246411783
119 79 0.24459196837696673
119 86 0.006049594475357564
119 92 0.11410188117686695
119 93 0.10088771611211542
119 87 0.06450003131371645
119 78 0.10350531910201805
119 50 0.009536735457204196
119 52 0.02845694231257148
119 46 0.04097502472798165
119 91 0.1210977009069381
119 85 0.11653416592899576
119 84 0.04578729377768395
119 90 0.11750319043453618
119 47 0.011838803418189728
119 53 0.02495267021228309
