114 76 0.13124480294208232
114 62 0.1997131206996001
114 89 0.1248054385156192
114 88 0.26601371972705284
114 63 0.14392925146155267
114 77 0.046047091249277805
114 49 0.08492307931550272
114 61 0.03771586022969625
114 75 0.06351056951978543
114 74 0.18018815803459326
114 60 0.057739427516447936
114 48 0.0908295991642212
114 64 0.11674619488578053
114 70 0.298567032349598
114 58 0.5914210838927942
114 59 0.09601696834712387
114 71 0.09220725277974888
114 65 0.04439933893763651
114 73 0.05741480476251282
114 67 0.2588969705851816
114 66 0.22534341789234488
114 72 0.09713752794058247
114 57 0.3036436398198765
114 94 0.33232639174316847
114 80 0.09355924701722862
114 81 0.2606651359528701
114 95 0.10170648667646404
114 56 0.16983229313922296
114 68 0.4550635099383473
114 54 0.1233671583658155
114 83 0.08131427256119836
114 82 0.009320377463162749
114 55 0.21913403482215857
114 69 0.3413496395083316
114 51 0.06313852769162388
114 79 0.10532186678285387
114 86 0.0664000149549759
114 92 0.34788421430001154
114 93 0.30017286425669265
114 87 0.2476955038175624
114 78 0.2669851959346957
114 50 0.09356762646887266
114 52 0.058218021152268276
114 46 0.1651766533676364
114 91 0.30211982707816043
114 85 0.31819380583897794
114 84 0.05068086905160968
114 90 0.31879615070278655
114 47 0.15502983775868293
114 53 0.07818419571340879
100 76 0.07708075988743134
100 62 0.12101867818426566
100 89 0.07465634285268855
100 88 0.13606114039288741
100 63 0.20788237050411612
100 77 0.07633885221195802
100 49 0.19032609817724597
100 61 0.05706298416049982
100 75 0.06151703416139764
100 74 0.08278877241348007
100 60 0.059102894137165865
100 48 0.11754891034633738
100 64 0.12861612549271526
100 70 0.16504957801692563
100 58 0.22564174335094164
100 59 0.06261887180326187
100 71 0.36954470509922704
100 65 0.05559023973159258
100 73 0.04035960074223352
100 67 0.2616657543061984
100 66 0.13521278227219638
100 72 0.04975439587630187
100 57 0.3181816437913656
100 94 0.1876277260438471
100 80 0.3945859812122021
100 81 0.13030563470006154
100 95 0.08794252798264023
100 56 0.1618210905791123
100 68 0.35491504317728007
100 54 0.11316390608081017
100 83 0.09219921319062924
100 82 0.07027112949874639
100 55 0.23115761924179543
100 69 0.19821474184191568
100 51 0.12815691610999555
100 79 0.06704480758661517
100 86 0.17847775378190026
100 92 0.17352592016113735
100 93 0.16550222039951024
100 87 0.14031086168790985
100 78 0.16562709583218005
100 50 0.21164403551957472
100 52 0.06062724254381498
100 46 0.16785909763753795
100 91 0.1801650288645479
100 85 0.1920849269342129
100 84 0.08394453106805486
100 90 0.17600677233396697
100 47 0.09136438578618605
100 53 0.07181861944407202
128 76 0.09719511549094745
128 62 0.08320988411084242
128 89 0.14440898770333652
128 88 0.3010420384874465
128 63 0.08932201566763363
128 77 0.09002497770032843
128 49 0.08295867740524476
128 61 0.0722865674859355
128 75 0.061155371970014555
128 74 0.06628308155325999
128 60 0.06907718108333633
128 48 0.0805438004928582
128 64 0.09693589006574194
128 70 0.2410926142663867
128 58 0.09300655856129965
128 59 0.05577198363326222
128 71 0.08928514289962959
128 65 0.04406815533234476
128 73 0.07408510593872303
128 67 0.2935744139605296
128 66 0.2301611400047204
128 72 0.08481009804021075
128 57 0.17216653700208293
128 94 0.41688176205353344
128 80 0.09262786821983042
128 81 0.23566497980333428
128 95 0.13818160692039858
128 56 0.23122044662290725
128 68 0.5013041208816026
128 54 0.13414135660105742
128 83 0.0731980732923557
128 82 0.04775455474460799
128 55 0.1583918261428104
128 69 0.28260526551020093
128 51 0.08837802621289444
128 79 0.14894773361829133
128 86 0.06624247040995841
128 92 0.4273271332644063
128 93 0.36876503171146807
128 87 0.3170669402556302
128 78 0.2764661620311054
128 50 0.11156696523840062
128 52 0.10652968543032616
128 46 0.17769880370968374
128 91 0.3342646741101852
128 85 0.3731106258115634
128 84 0.07030969643698627
128 90 0.3747942821854682
128 47 0.13009613813640583
128 53 0.0598156941535915
129 76 0.054057468883431825
129 62 0.21832489208018646
129 89 0.16471847968655787
129 88 0.4097718732788127
129 63 0.12019525120751401
129 77 0.08618380646035093
129 49 0.08911173670879634
129 61 0.07074296991847595
129 75 0.05028191731019192
129 74 0.12229047436159743
129 60 0.04511416127885337
129 48 0.14085101883186835
129 64 0.17537169106932096
129 70 0.358848161932903
129 58 0.6894715339040505
129 59 0.048071273126628206
129 71 0.10866476364661336
129 65 0.07091365642478292
129 73 0.05397179871773777
129 67 0.3972029030184571
129 66 0.31238467425530503
129 72 0.05719379189475052
129 57 0.5256358485753132
129 94 0.5371001457767248
129 80 0.11835073405542718
129 81 0.3244459782066154
129 95 0.1357835028706021
129 56 0.2589651498639906
129 68 0.6588022613786112
129 54 0.22814159004867338
129 83 0.08543223369066298
129 82 0.2561926787051119
129 55 0.18298338613493756
129 69 0.4471822200752802
129 51 0.08525794488468866
129 79 0.13735545714582584
129 86 0.05899226822366224
129 92 0.5541190009090161
129 93 0.48425456729272864
129 87 0.349936966653953
129 78 0.3965915556325105
129 50 0.05560649274769429
129 52 0.07025162704969043
129 46 0.2500627707109079
129 91 0.4732463878555957
129 85 0.469078355982816
129 84 0.09916196744274419
129 90 0.470180800444736
129 47 0.19188107088822998
129 53 0.0989497743000928
101 76 0.034825331471181525
101 62 0.1199543825034411
101 89 0.10441898315367193
101 88 0.137881194196185
101 63 0.07073893183216293
101 77 0.11048225578485
101 49 0.11794427860171677
101 61 0.06702132732008528
101 75 0.055800893420153944
101 74 0.040983306243367046
101 60 0.05527903912062139
101 48 0.0803696050167547
101 64 0.0721923557311037
101 70 0.09826799307022084
101 58 0.1312660565889149
101 59 0.06664509349395151
101 71 0.17362096606755367
101 65 0.06113388832629531
101 73 0.06481554828684763
101 67 0.16903652090300675
101 66 0.1019753280557441
101 72 0.044606050960530164
101 57 0.21482331862147097
101 94 0.1686100275395953
101 80 0.1916727265653912
101 81 0.13960131191626327
101 95 0.01371821808493065
101 56 0.14583806035466823
101 68 0.2247440418435091
101 54 0.05824248135686276
101 83 0.06497658802169369
101 82 0.08405585438976453
101 55 0.10621749104228703
101 69 0.11657217417169582
101 51 0.0949095689599474
101 79 0.12824427618762518
101 86 0.11559583477012314
101 92 0.16518440092646763
101 93 0.15041063998379495
101 87 0.12265721470762374
101 78 0.12250466535030657
101 50 0.12527299302774686
101 52 0.05077569390679913
101 46 0.12074352072172999
101 91 0.19409180454810215
101 85 0.1484145131634134
101 84 0.08392900130743321
101 90 0.1494048556834425
101 47 0.0404943024681485
101 53 0.05305449305857157
115 76 0.05627094201674025
115 62 0.06453429525712134
115 89 0.08910158211971286
115 88 0.09129468489340553
115 63 0.04296783269885998
115 77 0.1102958863084896
115 49 0.07453762095715746
115 61 0.05865154558650551
115 75 0.06817843604101172
115 74 0.1527955194651146
115 60 0.0546615901439116
115 48 0.07532609994364756
115 64 0.12370395841512513
115 70 0.07884567081464644
115 58 0.08103975139613663
115 59 0.06788130406957954
115 71 0.09536100802005014
115 65 0.04129008037534859
115 73 0.030335528114655952
115 67 0.11552250947172799
115 66 0.21193512132966222
115 72 0.13229746993863595
115 57 0.08532770277701945
115 94 0.18995741723397258
115 80 0.09738243378985714
115 81 0.07667805097268136
115 95 0.08661033080808345
115 56 0.2263981748964206
115 68 0.17137794633792308
115 54 0.09375319713782862
115 83 0.160056736143245
115 82 0.07764959679436151
115 55 0.14246764858228722
115 69 0.09802631422242512
115 51 0.08989735528473224
115 79 0.10032871843531192
115 86 0.08117580587413571
115 92 0.19259095967116446
115 93 0.18003007593227244
115 87 0.13029831793505728
115 78 0.10113410888485472
115 50 0.0662726794713364
115 52 0.5903289466657478
115 46 0.41414598298895877
115 91 0.17088410803803133
115 85 0.18056403081130945
115 84 0.058936091887922176
115 90 0.18359029936037854
115 47 0.25436289364156234
115 53 0.2358101777497759
103 76 0.06038869719974577
103 62 0.22646817472151015
103 89 0.09516181727337904
103 88 0.19767533136861049
103 63 0.11563114472580575
103 77 0.10713823680601284
103 49 0.09589301609723516
103 61 0.07146207687641347
103 75 0.06721511396929969
103 74 0.07944691771326425
103 60 0.05196004433705438
103 48 0.095972203525559
103 64 0.1211066263397442
103 70 0.3375910611380325
103 58 0.9540977408300647
103 59 0.06333938243543938
103 71 0.1276535180655886
103 65 0.07208585063451807
103 73 0.06988089619777857
103 67 0.2440214116249671
103 66 0.2982029760205678
103 72 0.06991468012443966
103 57 0.43110737778314356
103 94 0.2651781823015617
103 80 0.1344041919361873
103 81 0.26257609136055743
103 95 0.10046553835375166
103 56 0.18024263242194427
103 68 0.5138675991116334
103 54 0.13008273795730252
103 83 0.08648748150101433
103 82 0.12017830465918686
103 55 0.15370720979611013
103 69 0.37318458865227555
103 51 0.06532915371912647
103 79 0.07798094804257268
103 86 0.06396728749762194
103 92 0.2602997422424489
103 93 0.2378632233623951
103 87 0.14720601675136918
103 78 0.2705397662580063
103 50 0.09582093412563515
103 52 0.07113322732899219
103 46 0.1813169732137639
103 91 0.24302270523579117
103 85 0.22376851267330536
103 84 0.10037527269748422
103 90 0.22411243548242898
103 47 0.13147717421686583
103 53 0.09262865944548304
117 76 0.16728587851948695
117 62 0.24055481627034744
117 89 0.0749021662177669
117 88 0.11985317438988433
117 63 0.0937112175862666
117 77 0.29733359082693217
117 49 0.19118996582535405
117 61 0.08591916840572272
117 75 0.41071015826075685
117 74 0.29425746082826726
117 60 0.05474634433873424
117 48 0.31760204456443464
117 64 0.15270041422027802
117 70 0.26909567685751357
117 58 0.6707467713624525
117 59 0.06058116560185836
117 71 0.09218380855855995
117 65 0.04819222510083074
117 73 0.31934573695698076
117 67 0.17909730304167884
117 66 0.1297998624107034
117 72 0.12098470924739696
117 57 0.278583781462305
117 94 0.25418317447511707
117 80 0.09343855037103886
117 81 0.22823293340899733
117 95 0.14014779276412465
117 56 0.2535749555413679
117 68 0.3418646812327696
117 54 0.12465055983870954
117 83 0.4747407977937774
117 82 0.09487475702668374
117 55 0.1690887582730191
117 69 0.308491034824103
117 51 0.12265656096723832
117 79 0.31102923179758113
117 86 0.04174960800375849
117 92 0.261258239372779
117 93 0.23219491821068478
117 87 0.2523883287369152
117 78 0.2938183742255315
117 50 0.0504776747678303
117 52 0.12065948642560335
117 46 0.32574928754867094
117 91 0.25134946807841985
117 85 0.24051906130229606
117 84 0.11806822604546591
117 90 0.2507952421624836
117 47 0.10723156657095455
117 53 0.09223450222636527
116 76 0.08451448631650435
116 62 0.23235497873993508
116 89 0.1269512603692879
116 88 0.32923892731198456
116 63 0.10646085698214483
116 77 0.08525912178586476
116 49 0.08881738084083285
116 61 0.10725972267469469
116 75 0.06992032396972431
116 74 0.0755873611333544
116 60 0.06238416487397844
116 48 0.08728145248089712
116 64 0.1216839687102051
116 70 0.4633128672021868
116 58 0.8567770622612361
116 59 0.10819279809578043
116 71 0.06840832251855271
116 65 0.05765686251776192
116 73 0.06152104271622742
116 67 0.3211463521222767
116 66 0.3109304384330592
116 72 0.07332781399899355
116 57 0.4881114619273802
116 94 0.44453230674777333
116 80 0.07324076019400265
116 81 0.3412972078667832
116 95 0.0988221512590028
116 56 0.3166735972301925
116 68 0.5845310117943802
116 54 0.11985622036553754
116 83 0.22716331558823138
116 82 0.3151996284598253
116 55 0.2322004986905792
116 69 0.4088219113762592
116 51 0.047636264268480666
116 79 0.1262916919888011
116 86 0.07784158041567009
116 92 0.4372556319235742
116 93 0.40013628193397
116 87 0.23278401946270258
116 78 0.3327224806287898
116 50 0.09218171635799204
116 52 0.05941652292124089
116 46 0.32467161500883307
116 91 0.3823936557402457
116 85 0.35060089340047446
116 84 0.13659645061514925
116 90 0.35716416959269975
116 47 0.1298359403230064
116 53 0.058233508662453304
102 76 0.06914942644529962
102 62 0.14052740304923952
102 89 0.08547859193544656
102 88 0.11532287049786821
102 63 0.08876674364598951
102 77 0.06997525206218985
102 49 0.08040780797152978
102 61 0.049371507145214766
102 75 0.05634714210658448
102 74 0.05166621937929142
102 60 0.06408919493332559
102 48 0.0716078342487313
102 64 0.07344977402102593
102 70 0.2117547121295138
102 58 0.5525086380946549
102 59 0.07045961834687664
102 71 0.11252280469449599
102 65 0.03986153364618247
102 73 0.052804735406736206
102 67 0.14317968341445209
102 66 0.10361439393198
102 72 0.07143979948521728
102 57 0.24271232334155513
102 94 0.12552540357438016
102 80 0.11941947123342671
102 81 0.1466708900375681
102 95 0.05568347132278344
102 56 0.11595547463302755
102 68 0.2778286991180517
102 54 0.0819816314058286
102 83 0.08179715653059698
102 82 0.032328685679548164
102 55 0.11882226753643402
102 69 0.20232631284915856
102 51 0.061489588261881875
102 79 0.07443225427414209
102 86 0.0836608895930959
102 92 0.12172148052220219
102 93 0.11548510238356088
102 87 0.11019884463076823
102 78 0.12995054082015542
102 50 0.07882272899374033
102 52 0.05310305573089667
102 46 0.09544515353065434
102 91 0.12149747114372392
102 85 0.1250049925803003
102 84 0.056995672446502596
102 90 0.11917617816055934
102 47 0.10844335940920019
102 53 0.06448838370356409
106 76 0.08186635165916283
106 62 0.12101994813356792
106 89 0.07142078222419099
106 88 0.14154006537723887
106 63 0.05497204411059785
106 77 0.048101596233104435
106 49 0.07650088521926517
106 61 0.06475866991240811
106 75 0.05065834265118749
106 74 0.06047478963482729
106 60 0.06082155702130042
106 48 0.08543616432890899
106 64 0.08412734399102598
106 70 0.20347974389545379
106 58 0.5246601462010924
106 59 0.0652588905648941
106 71 0.08786513718980113
106 65 0.04827960687090409
106 73 0.052104466579821165
106 67 0.13953779813213146
106 66 0.11290834684555273
106 72 0.12744120755846491
106 57 0.23602143101203082
106 94 0.1374001818978334
106 80 0.08791664827437347
106 81 0.1638388867391963
106 95 0.09496060884054547
106 56 0.14052541157500048
106 68 0.27770041513130034
106 54 0.09651406216288685
106 83 0.06518405822435427
106 82 0.07052096296418736
106 55 0.17082225237522108
106 69 0.2233418937381818
106 51 0.0707148373140189
106 79 0.09167543819084209
106 86 0.07492627188648203
106 92 0.1516693380994451
106 93 0.13864707815839017
106 87 0.13886291274261495
106 78 0.15021795047657246
106 50 0.06024506723370156
106 52 0.07087093018422358
106 46 0.10410603226541024
106 91 0.09537491192451113
106 85 0.14658156613498186
106 84 0.06734311107524353
106 90 0.1465549914618676
106 47 0.12785284411484363
106 53 0.07290004199401368
112 76 0.07504045703052696
112 62 0.20510002419709605
112 89 0.10947730572221027
112 88 0.2020993681991019
112 63 0.1078970482546261
112 77 0.07240405357456314
112 49 0.07996877388505813
112 61 0.05842451387222716
112 75 0.06402537606697647
112 74 0.07142654645591852
112 60 0.056188594962193555
112 48 0.09138964257161197
112 64 0.12281861950292713
112 70 0.29003259212572247
112 58 0.809470487530161
112 59 0.06588324631367384
112 71 0.09834064489123115
112 65 0.06198377901222728
112 73 0.05431810489014301
112 67 0.21052074409647645
112 66 0.16285367543268658
112 72 0.05414493388982168
112 57 0.38844035666975885
112 94 0.2121445832713076
112 80 0.10561824147737991
112 81 0.22406420541327954
112 95 0.08556645338895993
112 56 0.2156995319005619
112 68 0.4398648731673179
112 54 0.12707777188927522
112 83 0.09907970985639404
112 82 0.06872185872133992
112 55 0.2905097143843697
112 69 0.33534639172144115
112 51 0.06774071499429464
112 79 0.09975674267453685
112 86 0.08197865627356186
112 92 0.22680162807842175
112 93 0.1998559589020957
112 87 0.17186385498215337
112 78 0.23948957791075776
112 50 0.08121019140616516
112 52 0.0684484005408124
112 46 0.1615337329300331
112 91 0.20840045725531553
112 85 0.19344785931919103
112 84 0.06568088755645009
112 90 0.19687105848367467
112 47 0.12658354130214944
112 53 0.06160779950247018
113 76 0.08117733558720572
113 62 0.21809710833103788
113 89 0.15752205416377618
113 88 0.41845301093157683
113 63 0.12618382163231978
113 77 0.14563860050578442
113 49 0.10985156828376001
113 61 0.07565374031822865
113 75 0.06704244121437877
113 74 0.05133642425191029
113 60 0.052300453410341646
113 48 0.11061180114770093
113 64 0.14355654477160398
113 70 0.41458903339813724
113 58 0.5981160710132527
113 59 0.0642360932763565
113 71 0.12073444511392376
113 65 0.05549659478348014
113 73 0.06926322268440728
113 67 0.3848906720200005
113 66 0.32029730456985606
113 72 0.07964604598879688
113 57 0.38188459656266965
113 94 0.540185806235236
113 80 0.12510920496914363
113 81 0.3350992314552017
113 95 0.15318190142321753
113 56 0.36259185175083697
113 68 0.6720568696146122
113 54 0.1762602210502237
113 83 0.2029554962432396
113 82 0.13521710333675765
113 55 0.26250631985402023
113 69 0.46920168782934835
113 51 0.06417232902615949
113 79 0.17988508403286843
113 86 0.05585734817766207
113 92 0.5506817198371777
113 93 0.4811421843517032
113 87 0.32105486416491047
113 78 0.4111892050155667
113 50 0.11184621822544667
113 52 0.09360242859190557
113 46 0.3473499499840724
113 91 0.4371551495877011
113 85 0.46527871558333167
113 84 0.12811363771706902
113 90 0.46597597813050706
113 47 0.16662773318004667
113 53 0.08387266611662891
107 76 0.06525727675032486
107 62 0.10497400454894618
107 89 0.06208355724827652
107 88 0.1338688035544277
107 63 0.06480678813140267
107 77 0.05102606061105354
107 49 0.08531619504148796
107 61 0.05325250713395288
107 75 0.04738803441965114
107 74 0.036999573372968886
107 60 0.06801496989126801
107 48 0.06004864865758218
107 64 0.06281981860281707
107 70 0.07717520321176106
107 58 0.023533245037322348
107 59 0.057164661301963016
107 71 0.09465676936792726
107 65 0.05674792853622235
107 73 0.06199728471830701
107 67 0.15354175817825355
107 66 0.1714335881351265
107 72 0.028464130856062836
107 57 0.138651798414062
107 94 0.09241466466116664
107 80 0.10130128621206279
107 81 0.06459248189053854
107 95 0.07627376675193866
107 56 0.513646343008764
107 68 0.4278162750627792
107 54 0.049368933648214805
107 83 0.0881157626104594
107 82 0.050882913905073254
107 55 0.092193414585402
107 69 0.08179332035799705
107 51 0.04273935209662941
107 79 0.06668591581087879
107 86 0.07097038398389575
107 92 0.09996138696717628
107 93 0.12601840480945892
107 87 0.09843746565800013
107 78 0.07158148847826491
107 50 0.08067271799313426
107 52 0.042789565084084075
107 46 0.07767945211858952
107 91 0.07401146746618074
107 85 0.09097079116849686
107 84 0.05587560676822667
107 90 0.08894157541771848
107 47 0.03509532800057283
107 53 0.048919892318629365
139 76 0.12562876673711343
139 62 0.07653633401192744
139 89 0.0912890285359936
139 88 0.1999174465341333
139 63 0.07799009574066176
139 77 0.07525412617197308
139 49 0.08161981597207603
139 61 0.10518994094257533
139 75 0.05138289043990368
139 74 0.10130112353773846
139 60 0.06501854155383364
139 48 0.06567926745447528
139 64 0.07535298247151125
139 70 0.17747149634193696
139 58 0.10032360594513971
139 59 0.09578521692135086
139 71 0.09620658408242226
139 65 0.059328398455659584
139 73 0.04873462342090469
139 67 0.16838174676150708
139 66 0.2544421393327436
139 72 0.0593210631945541
139 57 0.20326632942367615
139 94 0.2664142822342941
139 80 0.09954181170627857
139 81 0.12701508394324115
139 95 0.062121384456232276
139 56 0.12820483680442032
139 68 0.270839493965147
139 54 0.09751752076759111
139 83 0.07540278061732816
139 82 0.08778488680224517
139 55 0.10390486090990245
139 69 0.16000824516395776
139 51 0.07135767836332295
139 79 0.10572902504190426
139 86 0.08137955751299986
139 92 0.2740953254029747
139 93 0.246177075776832
139 87 0.17343690012429328
139 78 0.15755298270835025
139 50 0.08667041261496707
139 52 0.10757256717891663
139 46 0.14177246886749617
139 91 0.2300542090508368
139 85 0.2477281736994471
139 84 0.059800883355326795
139 90 0.24375155661981057
139 47 0.0857316586607531
139 53 0.07165201484135537
111 76 0.08621693364986327
111 62 0.24566242168544783
111 89 0.17247133237462575
111 88 0.337582967599731
111 63 0.1336612729224252
111 77 0.08511858812593809
111 49 0.07759609480876727
111 61 0.057127308236284244
111 75 0.07218216787265791
111 74 0.0946514365281283
111 60 0.06109476013573016
111 48 0.10176564809882717
111 64 0.15753953415351699
111 70 0.4573685224218339
111 58 0.8203865898381522
111 59 0.06843924875254354
111 71 0.09397744568151639
111 65 0.05953082298634674
111 73 0.06640065903563548
111 67 0.3933462714943128
111 66 0.2967798100718894
111 72 0.05375037066096841
111 57 0.47277198342054105
111 94 0.4486354216521756
111 80 0.10120152384990526
111 81 0.2984522272790078
111 95 0.12320787072318708
111 56 0.288259141427098
111 68 0.7221933130803722
111 54 0.16846633197301555
111 83 0.10697104268467691
111 82 0.096698001681085
111 55 0.33801626268993235
111 69 0.5618515315044333
111 51 0.07251372058624898
111 79 0.13606319472447453
111 86 0.045521591800595784
111 92 0.46606893010640826
111 93 0.4047837010625969
111 87 0.30537645536510233
111 78 0.4923147478256438
111 50 0.11362687132782259
111 52 0.07719718885486467
111 46 0.2202239435148771
111 91 0.41785854311144
111 85 0.3794463383563144
111 84 0.08574462681326347
111 90 0.38985707170049205
111 47 0.16325531516536965
111 53 0.0668051861096276
105 76 0.066649405290056
105 62 0.10066726201544647
105 89 0.06815537406166672
105 88 0.130889244632608
105 63 0.05770433907290165
105 77 0.07240350495766579
105 49 0.17777805648644127
105 61 0.06554874649422107
105 75 0.05587161773455658
105 74 0.081652040593586
105 60 0.07081943001630826
105 48 0.11545852725772868
105 64 0.0770633155501703
105 70 0.12657050599690234
105 58 0.15220072802827053
105 59 0.060662934393940424
105 71 0.3454208788503019
105 65 0.0615809296467011
105 73 0.05505475562338215
105 67 0.2539990792705667
105 66 0.167831715028243
105 72 0.06272134148425802
105 57 0.3477264770857548
105 94 0.18256149803412838
105 80 0.3687447566667862
105 81 0.10656185140733108
105 95 0.09193402083944241
105 56 0.3148709839637047
105 68 0.4410239928110622
105 54 0.08338686130528238
105 83 0.1479371740617676
105 82 0.0775773317553941
105 55 0.10222902527956994
105 69 0.1807156490033781
105 51 0.12898702324639572
105 79 0.08910675641049669
105 86 0.18215642962128242
105 92 0.15763770414337783
105 93 0.1503897759240189
105 87 0.13939959792295537
105 78 0.16977789609496338
105 50 0.1743518746569361
105 52 0.06130095270499021
105 46 0.09765957234614181
105 91 0.1496725250581645
105 85 0.18567205578119783
105 84 0.07880082958096439
105 90 0.16602052581789178
105 47 0.09874958914829049
105 53 0.07813484924857593
104 76 0.07958198805059737
104 62 0.20413909209488643
104 89 0.07419181891901575
104 88 0.1745918898318192
104 63 0.10765090170104454
104 77 0.05712409300444175
104 49 0.08813382693540925
104 61 0.06140649242186011
104 75 0.0659496210150266
104 74 0.06885612341621153
104 60 0.0556269586052026
104 48 0.09463000601464276
104 64 0.1066455512928958
104 70 0.33999159736631623
104 58 1.0
104 59 0.06546267279102388
104 71 0.09912835814894998
104 65 0.040941710702958795
104 73 0.06427247120213704
104 67 0.18843909400818226
104 66 0.15449506686587156
104 72 0.09170922399234781
104 57 0.37455397045395733
104 94 0.19618850009412467
104 80 0.0995850775926633
104 81 0.2493494329642723
104 95 0.09977768267630747
104 56 0.13846285355791554
104 68 0.42187527382127593
104 54 0.12295478730682198
104 83 0.07176594823323211
104 82 0.049935396111946986
104 55 0.21804586682096488
104 69 0.359676112548898
104 51 0.053521213279872956
104 79 0.08521891980356537
104 86 0.05688412967827568
104 92 0.20503126138844874
104 93 0.18392536931065467
104 87 0.14857617851408148
104 78 0.22513880557489524
104 50 0.07967958211549844
104 52 0.05694298614406104
104 46 0.12789748195702205
104 91 0.16107230056654392
104 85 0.18297605971835673
104 84 0.08964184215747475
104 90 0.1828927687379478
104 47 0.14830560118020317
104 53 0.07687773221649276
110 76 0.009725313927621632
110 62 0.20834008085309952
110 89 0.18421500880522446
110 88 0.3452449909217761
110 63 0.0617395174000957
110 77 0.24455096096004766
110 49 0.07448983886273411
110 61 0.06323784116915744
110 75 0.0715499916933083
110 74 0.08484840909841271
110 60 0.09562467371687847
110 48 0.11362495120695174
110 64 0.09787410611245934
110 70 0.2374757107777395
110 58 0.4553152095636669
110 59 0.053795666851469665
110 71 0.1777663381671646
110 65 0.07411902871078693
110 73 0.06218474736463642
110 67 0.2105824508747861
110 66 0.17346210640442603
110 72 0.15451386137503015
110 57 0.27321681566228884
110 94 0.2719154205279672
110 80 0.1832482235236658
110 81 0.3188514419192888
110 95 0.10347702268027746
110 56 0.2049616824737061
110 68 0.4210932152512288
110 54 0.13627087696381976
110 83 0.06089367364411773
110 82 0.2088772374615047
110 55 0.1573196442723103
110 69 0.365860112893316
110 51 0.08402567451433068
110 79 0.1765408881559408
110 86 0.03758896870859693
110 92 0.2973311646274104
110 93 0.3512491274347206
110 87 0.1999342038099173
110 78 0.2865950462297095
110 50 0.05533120957185679
110 52 0.06827606327366069
110 46 0.20520606972144198
110 91 0.2736564024622201
110 85 0.2806515753374414
110 84 0.05993952091603143
110 90 0.2776401826688063
110 47 0.10707225206598249
110 53 0.07841080287062055
138 76 0.07149841133557484
138 62 0.13643611688571158
138 89 0.09930346471523277
138 88 0.23105911978924826
138 63 0.0770608305776215
138 77 0.12898471807314218
138 49 0.08755164011885294
138 61 0.0722207937586419
138 75 0.0521087620366697
138 74 0.08429735182918104
138 60 0.06453169975036405
138 48 0.1023888707888661
138 64 0.08841038314443264
138 70 0.2287764541003492
138 58 0.19992636679937917
138 59 0.05469048201631928
138 71 0.10816783288650111
138 65 0.0628690927739303
138 73 0.05411510653832653
138 67 0.2394637094942847
138 66 0.2766976000896992
138 72 0.13402511847846535
138 57 0.2680769250494801
138 94 0.31834043029872366
138 80 0.11526317333227692
138 81 0.19769009394371573
138 95 0.08387528602963473
138 56 0.17995913077004888
138 68 0.4261203085088441
138 54 0.10262255044275426
138 83 0.08247821386837169
138 82 0.14262681470857452
138 55 0.0847402814374105
138 69 0.2210614790916414
138 51 0.053799774754221874
138 79 0.06901718286685714
138 86 0.08615959084047062
138 92 0.3062538102091247
138 93 0.2815788748095614
138 87 0.19143094445588704
138 78 0.23259804018777325
138 50 0.044573723523328335
138 52 0.046929795813665354
138 46 0.1559397214808958
138 91 0.2722427733927232
138 85 0.2546549608615332
138 84 0.09068763090406813
138 90 0.25854811591305876
138 47 0.15088712025968332
138 53 0.13097646620241093
140 76 0.14157492055593207
140 62 0.1081272834852177
140 89 0.08521315688372004
140 88 0.13130760165174235
140 63 0.09725729243482109
140 77 0.08280476091896175
140 49 0.12001370717634491
140 61 0.06523938228102143
140 75 0.0634879374996801
140 74 0.04413475730299102
140 60 0.03325721832861911
140 48 0.0852776159789829
140 64 0.07053697782393498
140 70 0.22857738917628007
140 58 0.1802449462691458
140 59 0.09778328859118185
140 71 0.09211301843880691
140 65 0.03945392628820735
140 73 0.07726511054755764
140 67 0.18857786215389213
140 66 0.22872610396340973
140 72 0.03215185852463476
140 57 0.22931108238761394
140 94 0.22946394175833426
140 80 0.09528919639324317
140 81 0.1698782772236356
140 95 0.09186453289074753
140 56 0.11366197009467337
140 68 0.3024438613960216
140 54 0.08451271623060323
140 83 0.07598312937935037
140 82 0.1210872755343452
140 55 0.11905833412368472
140 69 0.2512435775657897
140 51 0.060778348285376635
140 79 0.07745171955223237
140 86 0.0322185159654835
140 92 0.22735134507497007
140 93 0.1960504432415662
140 87 0.16396473997462294
140 78 0.2604459558828307
140 50 0.12034764864570119
140 52 0.027357939189651154
140 46 0.07956519134962838
140 91 0.2044191405119365
140 85 0.19440362256050964
140 84 0.08924316243783065
140 90 0.1929648153926844
140 47 0.09398271732107569
140 53 0.08214667039857051
135 76 0.12777609491205566
135 62 0.25149176981053517
135 89 0.10493172768585829
135 88 0.2314176215099351
135 63 0.12698418061324485
135 77 0.2340707300446485
135 49 0.27319755303151066
135 61 0.06919910231376374
135 75 0.2588763400174201
135 74 0.1864182309740514
135 60 0.054462217295056445
135 48 0.28441209912720816
135 64 0.10776301963463263
135 70 0.22021631839612893
135 58 0.18320523057870455
135 59 0.04709492499599971
135 71 0.2241454340804492
135 65 0.048681644316851194
135 73 0.20223134820569497
135 67 0.298794325222255
135 66 0.1803876460839552
135 72 0.06911539784552503
135 57 0.30977480478581154
135 94 0.33145425719284116
135 80 0.24130752729318
135 81 0.24095551942603494
135 95 0.13839564691466505
135 56 0.3040813356288816
135 68 0.44780983155541976
135 54 0.1343886441353352
135 83 0.4366223680610617
135 82 0.04609169844251623
135 55 0.16726205594860794
135 69 0.25067661719566703
135 51 0.13033195518698182
135 79 0.17748069222895807
135 86 0.11757746712571895
135 92 0.3343509700100834
135 93 0.2887352170938414
135 87 0.25493359757797435
135 78 0.28503773026381257
135 50 0.1475350615170184
135 52 0.05630821863128761
135 46 0.33059659443654427
135 91 0.33019312090816044
135 85 0.31534587019526694
135 84 0.1624690460456072
135 90 0.3095372843605095
135 47 0.2074317222500627
135 53 0.2497186168614632
121 76 0.10563711984159826
121 62 0.1717065606510664
121 89 0.1467061173210595
121 88 0.32390694550496324
121 63 0.16671748976209216
121 77 0.137618607194627
121 49 0.15154478455668094
121 61 0.07576414124090725
121 75 0.05663973701030284
121 74 0.10407168420786984
121 60 0.09519278134212635
121 48 0.13682877153703144
121 64 0.1332922707257354
121 70 0.1765826742768618
121 58 0.11187160345555337
121 59 0.06080542720317342
121 71 0.3400533634697527
121 65 0.10078254581194039
121 73 0.04980244111628637
121 67 0.3603696952454796
121 66 0.2125595019453041
121 72 0.08160574330522695
121 57 0.38451970753690573
121 94 0.5125149794791982
121 80 0.3704060955158116
121 81 0.19571118498268472
121 95 0.11246944115413315
121 56 0.22949510659855757
121 68 0.43356466719804554
121 54 0.14610847925664122
121 83 0.26249319276422123
121 82 0.10945368310046462
121 55 0.2230034962099464
121 69 0.35777215475160823
121 51 0.1383083398064593
121 79 0.12232533248706531
121 86 0.15768080737142462
121 92 0.43704647702159505
121 93 0.35565515248019997
121 87 0.24861939033558422
121 78 0.4242002524150965
121 50 0.16485590649602982
121 52 0.05404061216990294
121 46 0.19455512818977938
121 91 0.3645824172075214
121 85 0.34119881893244375
121 84 0.07023949023183192
121 90 0.34957418248057914
121 47 0.21032566566608943
121 53 0.10337450521798998
109 76 0.09550276593168243
109 62 0.18873756735237554
109 89 0.07348070066054871
109 88 0.2041569742244504
109 63 0.12646248489864556
109 77 0.1532382289005419
109 49 0.12328083307374489
109 61 0.07633439311485642
109 75 0.0609063524680455
109 74 0.13594678572071364
109 60 0.040437155954461124
109 48 0.09442665767616541
109 64 0.13012940504749082
109 70 0.33119096994716807
109 58 0.5814612916818384
109 59 0.04112713279242741
109 71 0.07945189190760535
109 65 0.07200974736742767
109 73 0.03376493839069761
109 67 0.25004814803317904
109 66 0.1806163121316206
109 72 0.12836273483458766
109 57 0.3567052645457836
109 94 0.329862883942205
109 80 0.08191889150304445
109 81 0.32642639075676827
109 95 0.11259173765489404
109 56 0.12984349033631726
109 68 0.4676960592228304
109 54 0.10740374503299334
109 83 0.08362229319917626
109 82 0.07388646369183781
109 55 0.17256196891174602
109 69 0.3751948290475057
109 51 0.03277343712829969
109 79 0.10526363050015364
109 86 0.06838385483065063
109 92 0.32647420268502547
109 93 0.2905537632925461
109 87 0.21973092511645784
109 78 0.37009099469600987
109 50 0.123737456427921
109 52 0.08524871480025037
109 46 0.23045344362334896
109 91 0.3023152386841479
109 85 0.29962556476661917
109 84 0.47280324317584776
109 90 0.30381682808691135
109 47 0.07803739863684918
109 53 0.05982691265660375
108 76 0.10515595999656159
108 62 0.27580355630154085
108 89 0.16014966324785354
108 88 0.4027431828329274
108 63 0.17839772678298127
108 77 0.131348613122742
108 49 0.08588351435123606
108 61 0.07487176522707502
108 75 0.08330501823376982
108 74 0.11814791796252742
108 60 0.06364739803300361
108 48 0.1200111340909164
108 64 0.17763064426197764
108 70 0.4546000004706394
108 58 0.9630371513803425
108 59 0.0526167883103764
108 71 0.1210898431275237
108 65 0.058368436234715826
108 73 0.07567917920128972
108 67 0.3899169578285075
108 66 0.33269308368504935
108 72 0.08984703220087378
108 57 0.540498124249424
108 94 0.5070273984761868
108 80 0.13166127401413402
108 81 0.38750779840176613
108 95 0.13311182248788508
108 56 0.3292031281211193
108 68 0.8008870599013816
108 54 0.22625432537704238
108 83 0.10747394360519007
108 82 0.1251142263492156
108 55 0.32390669876042844
108 69 0.5414153125942879
108 51 0.08403125238179472
108 79 0.20603422703210175
108 86 0.05181592057824534
108 92 0.5233467314638295
108 93 0.4498585213769313
108 87 0.3403429211609196
108 78 0.4367292222392305
108 50 0.11752457962488014
108 52 0.07500683303192794
108 46 0.27441745149426094
108 91 0.46059489211253857
108 85 0.4295022604762113
108 84 0.10103908274632967
108 90 0.4315440121525156
108 47 0.18366258228024906
108 53 0.07770658726821651
120 76 0.058457427258382544
120 62 0.11969914428315412
120 89 0.09600461314572781
120 88 0.1956626391546621
120 63 0.04999515330071748
120 77 0.23364216168031304
120 49 0.06431260926528802
120 61 0.03799585104895653
120 75 0.0952490722819904
120 74 0.06176586568397838
120 60 0.060663496096770686
120 48 0.07509638583070434
120 64 0.08815456956265298
120 70 0.13185186431302653
120 58 0.08201749845585166
120 59 0.08178000070823185
120 71 0.12518356601124855
120 65 0.03605298382460259
120 73 0.06015824012609654
120 67 0.1955398486547808
120 66 0.18126766146467424
120 72 0.06793864730988798
120 57 0.12809903345784848
120 94 0.2524371243475668
120 80 0.1302942075950353
120 81 0.13036164937650896
120 95 0.05933300247620965
120 56 0.1311626105300455
120 68 0.22661244367982836
120 54 0.09344035393080563
120 83 0.0792591076573303
120 82 0.07322389364671697
120 55 0.24491895505569494
120 69 0.15043377760279406
120 51 0.11415691584209697
120 79 0.07923522885684789
120 86 0.07722303179761852
120 92 0.24094826415109794
120 93 0.22358298788634118
120 87 0.16854072653704125
120 78 0.1793258065879833
120 50 0.11375808426518952
120 52 0.035244769138207094
120 46 0.09981359239609146
120 91 0.21648790590890893
120 85 0.21184947074628327
120 84 0.09303726218075563
120 90 0.20686549826637088
120 47 0.11193943271372833
120 53 0.3350191037868945
134 76 0.1488412932705379
134 62 0.1297024038902674
134 89 0.06811454244030127
134 88 0.1524080949785898
134 63 0.07211205151487582
134 77 0.09401908216514297
134 49 0.2569908097072063
134 61 0.05048744221276805
134 75 0.2816636027356965
134 74 0.12971329340568558
134 60 0.08213318927318768
134 48 0.24195906402511508
134 64 0.11020287450846748
134 70 0.16882037903023914
134 58 0.1689721315154071
134 59 0.04694725020196161
134 71 0.36070853245544465
134 65 0.027956857858951634
134 73 0.22302796080784756
134 67 0.2716482345259461
134 66 0.14242133985833744
134 72 0.08631678018216797
134 57 0.320979180491493
134 94 0.25426471961385755
134 80 0.3880659478962881
134 81 0.0358051042945165
134 95 0.13467223524927563
134 56 0.0963184734526294
134 68 0.35096374070846736
134 54 0.12047075447519888
134 83 0.2649603708957725
134 82 0.027438544206284443
134 55 0.2114030262611116
134 69 0.16928221900321988
134 51 0.1392905181415145
134 79 0.04741369870776782
134 86 0.1412508403980049
134 92 0.1681866728265955
134 93 0.17255609996306945
134 87 0.12240157418835511
134 78 0.15114202687622363
134 50 0.1449475460533341
134 52 0.43134128439124453
134 46 0.16863292305910574
134 91 0.1302619636047697
134 85 0.16650093237756333
134 84 0.10977222931643937
134 90 0.14916232856008424
134 47 0.2487709831589336
134 53 0.38187285889195643
122 76 0.09107650654254332
122 62 0.06844973195636679
122 89 0.12643327881572003
122 88 0.17167313404121534
122 63 0.1468142366526342
122 77 0.12618083379010364
122 49 0.2552834701122154
122 61 0.06256944070580649
122 75 0.052275977780925895
122 74 0.1270977568227905
122 60 0.06113745724380373
122 48 0.13069758014731359
122 64 0.09077324222167737
122 70 0.20490944777355244
122 58 0.15619626317601804
122 59 0.06315922730754063
122 71 0.5338581411376849
122 65 0.0430329279370697
122 73 0.03634869941860963
122 67 0.4479387095312837
122 66 0.23114744657112646
122 72 0.05311863430513132
122 57 0.4681216660953995
122 94 0.3474432039145692
122 80 0.5729467306225872
122 81 0.16572098716443714
122 95 0.06485204918852329
122 56 0.1342048827557854
122 68 0.5089721494471922
122 54 0.0975130601757438
122 83 0.2569132636282869
122 82 0.07919907875840182
122 55 0.12052926739887765
122 69 0.2755480313131829
122 51 0.18243869189410103
122 79 0.09108615218138041
122 86 0.2670845607653971
122 92 0.35041911124551645
122 93 0.32266642572800797
122 87 0.21633970161680138
122 78 0.2999510485189527
122 50 0.28370240909987976
122 52 0.07986895423567775
122 46 0.15093422280482122
122 91 0.3239737710237316
122 85 0.5777980641532464
122 84 0.12580203133576412
122 90 0.4732251764962849
122 47 0.10169690872633472
122 53 0.1080284055708316
136 76 0.01377264841616166
136 62 0.10664002043631524
136 89 0.10499458188053731
136 88 0.1369143721855594
136 63 0.11831999013734833
136 77 0.23730945022899347
136 49 0.18847340213943042
136 61 0.06880042649026903
136 75 0.04229981710571076
136 74 0.04454683235133272
136 60 0.06655631532108654
136 48 0.1756278475828039
136 64 0.05489045424091518
136 70 0.1296876415628857
136 58 0.0539858208530164
136 59 0.09856708753821472
136 71 0.04971033798118894
136 65 0.0678828263654322
136 73 0.07737768930339343
136 67 0.13986417433780074
136 66 0.09588800617990027
136 72 0.09148145762491341
136 57 0.13656865965683967
136 94 0.18103693299541687
136 80 0.05464078492641357
136 81 0.34846897485125383
136 95 0.06841615188279791
136 56 0.25439910715925906
136 68 0.25089942369777973
136 54 0.08758988372464695
136 83 0.05705429328820291
136 82 0.08185821445247271
136 55 0.11628156053530053
136 69 0.10640555499040213
136 51 0.08176990492398764
136 79 0.4698476881060548
136 86 0.07191663754928132
136 92 0.17893603364579602
136 93 0.15748606847249702
136 87 0.12360619149773275
136 78 0.15318069790110705
136 50 0.09589556712518281
136 52 0.07082243204629013
136 46 0.1775550213352396
136 91 0.18909167471676286
136 85 0.1501873809800556
136 84 0.03378454022711508
136 90 0.16412586487532554
136 47 0.20325261091887276
136 53 0.03499030066245082
137 76 0.08563599123020839
137 62 0.11127677423691415
137 89 0.10176278683390112
137 88 0.23522047376668742
137 63 0.08859612913454598
137 77 0.10868958674665198
137 49 0.06694928540009225
137 61 0.06884984014371416
137 75 0.06733661429738635
137 74 0.08089492967986132
137 60 0.05229490941577028
137 48 0.07343729482779626
137 64 0.10036352175601342
137 70 0.1980894553980346
137 58 0.14623848354288765
137 59 0.07540457649252848
137 71 0.0888802627366696
137 65 0.05188833818662596
137 73 0.07723681197982055
137 67 0.22461481463712418
137 66 0.27579836014879366
137 72 0.0735796997903561
137 57 0.21669201664732654
137 94 0.3056699948720861
137 80 0.09461105608679525
137 81 0.14748805069031234
137 95 0.09168939236661514
137 56 0.17046682389912607
137 68 0.37865398426696284
137 54 0.11850452009616091
137 83 0.08391053064530879
137 82 0.10787523513389179
137 55 0.11848668416068611
137 69 0.22755484827023933
137 51 0.09095603580011195
137 79 0.1617482707787173
137 86 0.05049822341357639
137 92 0.3119293385778945
137 93 0.2687882068048489
137 87 0.1921866571029286
137 78 0.24143063881720545
137 50 0.10673607281460837
137 52 0.08928232959982393
137 46 0.14993295940695403
137 91 0.2641189792811148
137 85 0.2771638907430747
137 84 0.07302899227383139
137 90 0.2751645814017219
137 47 0.10792325491561028
137 53 0.08293270632481999
123 76 0.09126031577605612
123 62 0.12996786816406758
123 89 0.07127096188205877
123 88 0.2654612319637785
123 63 0.04999436106816338
123 77 0.06948818578565943
123 49 0.20810596454046665
123 61 0.06691540512697286
123 75 0.051874273491060136
123 74 0.07549599288915984
123 60 0.07817520071715078
123 48 0.11946754471191831
123 64 0.0959144854735265
123 70 0.16257050794631275
123 58 0.09798710225046643
123 59 0.048815767989250594
123 71 0.3896840718626923
123 65 0.0718538797219356
123 73 0.044619056220578907
123 67 0.32573054790665656
123 66 0.17735753175698488
123 72 0.06016094704179871
123 57 0.4283164935711241
123 94 0.6320900497661746
123 80 0.42487888635552107
123 81 0.1318070341670219
123 95 0.13677967277166603
123 56 0.19895651206365053
123 68 0.4286733011817325
123 54 0.10346364035677545
123 83 0.2063456357925747
123 82 0.0830994921532302
123 55 0.11585140869311984
123 69 0.23335766102550703
123 51 0.1407498296850284
123 79 0.11277654422547312
123 86 0.2175335735265827
123 92 0.3530396162129859
123 93 0.3051470758039996
123 87 0.20120774570320277
123 78 0.2907108116105339
123 50 0.22246541733700526
123 52 0.07951963695620076
123 46 0.12451545292897429
123 91 0.201070429996422
123 85 0.22964557763570564
123 84 0.05575987225737923
123 90 0.24039578852509208
123 47 0.12933928234750422
123 53 0.08344787384002124
127 76 0.1584868774861677
127 62 0.1445106185319159
127 89 0.14386358077940306
127 88 0.3485836185463165
127 63 0.13488522080653403
127 77 0.11913200180760178
127 49 0.25027888902557877
127 61 0.06470399764540023
127 75 0.04345408094080258
127 74 0.08192802336696525
127 60 0.07678546748685873
127 48 0.16482938934750754
127 64 0.11258687040824791
127 70 0.30395124504719473
127 58 0.1667065789856619
127 59 0.10085889404429411
127 71 0.3887831908841236
127 65 0.041985607631606
127 73 0.038522494735990925
127 67 0.44059749208787535
127 66 0.2991695140856551
127 72 0.10458263977082444
127 57 0.4498507635664635
127 94 0.476006164116356
127 80 0.4137694769965866
127 81 0.305083510633195
127 95 0.13791506077632923
127 56 0.3381082973422827
127 68 0.7221489434904065
127 54 0.1645163512320344
127 83 0.09984681319716372
127 82 0.04772157793781984
127 55 0.19172593626267187
127 69 0.35986650272895593
127 51 0.2244277905596395
127 79 0.23155837711979127
127 86 0.21728636600479712
127 92 0.4713452709025363
127 93 0.41928686598084464
127 87 0.42176618931524334
127 78 0.3429548158117204
127 50 0.3300303828012844
127 52 0.07493602781124692
127 46 0.261506484808265
127 91 0.4271598511660252
127 85 0.45811116660369267
127 84 0.09131012065916987
127 90 0.44295795188789877
127 47 0.19465018681940108
127 53 0.09979932918437083
133 76 0.061238684881272404
133 62 0.25380077833933856
133 89 0.06988081175156126
133 88 0.1622580772793332
133 63 0.10613293849305658
133 77 0.24827062779097178
133 49 0.3289968727794057
133 61 0.08373463072183243
133 75 0.0875981497937096
133 74 0.15342649120142304
133 60 0.04606795247078499
133 48 0.2363378845640282
133 64 0.10489023679982339
133 70 0.17107660921692378
133 58 0.19481430218467094
133 59 0.06610732076793036
133 71 0.27527575898715295
133 65 0.053638333966183754
133 73 0.07532900138669144
133 67 0.25082606485905734
133 66 0.1263504826807524
133 72 0.07362939375899218
133 57 0.3465644906064208
133 94 0.2288516326546738
133 80 0.2954611028201603
133 81 0.20504816152754168
133 95 0.12715863900519814
133 56 0.15977283821832158
133 68 0.32659767922074545
133 54 0.1401104188936006
133 83 0.11748696625514056
133 82 0.1830527977354165
133 55 0.09360033496140699
133 69 0.14830269026770326
133 51 0.0885260959698143
133 79 0.28448757986161405
133 86 0.11548692004452846
133 92 0.21537960759085895
133 93 0.209158571865693
133 87 0.11869845605482347
133 78 0.17642005445146006
133 50 0.14721440929410246
133 52 0.06468353572759039
133 46 0.12299588866904451
133 91 0.22633824288264237
133 85 0.2282980108738582
133 84 0.13055236241737397
133 90 0.2152445464479622
133 47 0.27587353090676825
133 53 0.3542022013260475
132 76 0.10583417214240042
132 62 0.1567639745112096
132 89 0.18045182840676888
132 88 0.4464292109038456
132 63 0.12978944988952107
132 77 0.14032200921260554
132 49 0.094233475784047
132 61 0.08042003552719061
132 75 0.06545231969049271
132 74 0.14231994742185225
132 60 0.07964416615707572
132 48 0.10328566841273226
132 64 0.12438196280696386
132 70 0.3439042275834968
132 58 0.20241808011694426
132 59 0.05227566058937208
132 71 0.12110582830068015
132 65 0.06772461849397857
132 73 0.032835472922137676
132 67 0.3711623754441748
132 66 0.3039891144442141
132 72 0.10232636662776323
132 57 0.2999722566786279
132 94 0.5915348509506276
132 80 0.12731402306524847
132 81 0.265610586886313
132 95 0.11065386162450083
132 56 0.3778260847316908
132 68 0.62438778438295
132 54 0.1620746000983858
132 83 0.2196428309340366
132 82 0.024635872777752282
132 55 0.21310456340495848
132 69 0.36071294232080775
132 51 0.060158373071139956
132 79 0.1544577653576001
132 86 0.12956828259144376
132 92 0.6155385986137637
132 93 0.5484136730950521
132 87 0.37630246152177005
132 78 0.35192741378512404
132 50 0.09813107355009563
132 52 0.11271911475950062
132 46 0.3856652810854428
132 91 0.5143530520167837
132 85 0.532369247398867
132 84 0.09620970992943816
132 90 0.5339755606846567
132 47 0.16390146176513395
132 53 0.07855934276492732
126 76 0.08256897553565301
126 62 0.10635576256069663
126 89 0.13797787434970724
126 88 0.23120412448918232
126 63 0.11666317193458398
126 77 0.13422821637041943
126 49 0.1886592374712935
126 61 0.06465052612127686
126 75 0.06700595326606279
126 74 0.09786431956350429
126 60 0.08164229737924573
126 48 0.11431934957619122
126 64 0.08777380464360567
126 70 0.18607215180094053
126 58 0.14983040136382747
126 59 0.060529208708650986
126 71 0.3664282599234895
126 65 0.05988687974470486
126 73 0.06612277421937145
126 67 0.39792159543766514
126 66 0.21807669563414764
126 72 0.06538000334513064
126 57 0.38264784080946174
126 94 0.4550134127504345
126 80 0.40064432215766366
126 81 0.17168017973353364
126 95 0.05393170368483796
126 56 0.13981247889832593
126 68 0.4544332885707285
126 54 0.09293750344324193
126 83 0.2799352797617288
126 82 0.09087917239681385
126 55 0.11369392202858943
126 69 0.2676692110979737
126 51 0.1412824800958701
126 79 0.11127574268906436
126 86 0.17452600165136317
126 92 0.4625286122388269
126 93 0.4166088341213169
126 87 0.241488874777431
126 78 0.3133121610988865
126 50 0.2049303496377298
126 52 0.06906066083973021
126 46 0.145976846449607
126 91 0.45598927980349435
126 85 0.5481483568548259
126 84 0.07002394706604713
126 90 0.600473392867943
126 47 0.10143981038605601
126 53 0.09904243243862138
118 76 0.14536598690741676
118 62 0.23502065107371933
118 89 0.10954919935480578
118 88 0.1452190154533171
118 63 0.08679039653572515
118 77 0.044173334214685
118 49 0.29124110025982375
118 61 0.028801799208659218
118 75 0.04756136294823485
118 74 0.09415264771650093
118 60 0.053281646790537554
118 48 0.18976202451624974
118 64 0.0756580878516569
118 70 0.16353684290919407
118 58 0.41103573111450364
118 59 0.20354185628882132
118 71 0.22189754857978913
118 65 0.06611144690145213
118 73 0.054157186722277095
118 67 0.23130432536606083
118 66 0.1142179017379937
118 72 0.015742769596052558
118 57 0.3575913718012351
118 94 0.17078950315938382
118 80 0.24052330780820014
118 81 0.3790545439404672
118 95 0.08733033912698875
118 56 0.3087038735962925
118 68 0.32554638860815643
118 54 0.08858327064968993
118 83 0.14327578646209588
118 82 0.09003126743922163
118 55 0.16089103015575193
118 69 0.20962072823842756
118 51 0.15322602708546026
118 79 0.2137038543327861
118 86 0.10620442448726244
118 92 0.17723016899160254
118 93 0.16312136881283654
118 87 0.21982435306203083
118 78 0.1612583207377672
118 50 0.24972390825517235
118 52 0.06334598120754394
118 46 0.21773918382906243
118 91 0.18033810145354492
118 85 0.18623926134576219
118 84 0.15204009386910763
118 90 0.1795795268508514
118 47 0.33667417750065265
118 53 0.2695442259711056
130 76 0.05304490630381818
130 62 0.11689880852713694
130 89 0.10454107019664326
130 88 0.2780821577839776
130 63 0.10229264903922942
130 77 0.10320501470413734
130 49 0.09583157381415275
130 61 0.06550426281730425
130 75 0.06774061442479296
130 74 0.037541629328188886
130 60 0.04964758416505771
130 48 0.08494489995769214
130 64 0.10240399159921856
130 70 0.21157552568986504
130 58 0.11351967219670275
130 59 0.061929761594020694
130 71 0.09751425067664733
130 65 0.04910891578014169
130 73 0.06570115406052962
130 67 0.21762150104344208
130 66 0.20162227623971976
130 72 0.07425840027917716
130 57 0.13215295888992185
130 94 0.31259730855261825
130 80 0.09860207248743724
130 81 0.18012213367789745
130 95 0.1030398876583172
130 56 0.20551198709694618
130 68 0.3157262083912564
130 54 0.13205714779202943
130 83 0.18823660765082417
130 82 0.08219671574700048
130 55 0.122802545133643
130 69 0.21698830601560415
130 51 0.04346609840641644
130 79 0.13312025862010804
130 86 0.03965035682307763
130 92 0.3188099835337496
130 93 0.28367027252505145
130 87 0.17686734876413046
130 78 0.2030898825908485
130 50 0.07371225353308729
130 52 0.079687965759803
130 46 0.2715682840129531
130 91 0.2410769313922137
130 85 0.27573036104482457
130 84 0.0998673864408305
130 90 0.26985321934081413
130 47 0.119433721861502
130 53 0.09319705888320765
124 76 0.09398931861236941
124 62 0.145150856482891
124 89 0.07566249866400378
124 88 0.33239165397403425
124 63 0.038813482762101226
124 77 0.03643324352239147
124 49 0.1675718472924815
124 61 0.07044205369115908
124 75 0.05767352996132033
124 74 0.06764260475819907
124 60 0.07067693896928273
124 48 0.10285520703003358
124 64 0.0974479331139596
124 70 0.18357705151968434
124 58 0.1533523197060845
124 59 0.05272521760667462
124 71 0.32007469456365945
124 65 0.05439188982376718
124 73 0.0679693807349769
124 67 0.31974557280362625
124 66 0.18845547912368232
124 72 0.1046179869768474
124 57 0.3199923931440542
124 94 0.3051148227191718
124 80 0.3463374472039005
124 81 0.1424291393074601
124 95 0.20428945365716683
124 56 0.16601274894528925
124 68 0.40715664798659323
124 54 0.10345141137229347
124 83 0.25562710868926297
124 82 0.060614239467883135
124 55 0.10485651477486854
124 69 0.2696581717015474
124 51 0.10231362221525353
124 79 0.08670244668378736
124 86 0.11558101698502823
124 92 0.3479195517446564
124 93 0.2974146276240802
124 87 0.20582530586557518
124 78 0.2828797744479002
124 50 0.16945122807156868
124 52 0.10986141100817629
124 46 0.13241555259909674
124 91 0.732888484082143
124 85 0.27346975142115165
124 84 0.044969506354763655
124 90 0.28398217642149565
124 47 0.16956420446206122
124 53 0.10742150567912583
125 76 0.07631434971754024
125 62 0.14480242505163837
125 89 0.13773848008873837
125 88 0.27094632226787685
125 63 0.11846250928841598
125 77 0.08589876359961182
125 49 0.1852531564800874
125 61 0.05900231491538745
125 75 0.07234982194279979
125 74 0.07909610780604488
125 60 0.0696254182273081
125 48 0.11516501366954034
125 64 0.08380853503112679
125 70 0.206802942290665
125 58 0.12024175263616568
125 59 0.0557230536265651
125 71 0.33423649630540586
125 65 0.0640815124272164
125 73 0.08142443546795894
125 67 0.4116768151506257
125 66 0.22254407302453813
125 72 0.03649317330550739
125 57 0.37534574848722324
125 94 0.31898191055031166
125 80 0.36585712724248165
125 81 0.1771750285679677
125 95 0.08206775660391885
125 56 0.3414339590975577
125 68 0.5832748713018845
125 54 0.09273997116819559
125 83 0.2863715801305332
125 82 0.07873057766749138
125 55 0.14188226488217529
125 69 0.2748999846970087
125 51 0.12148071623452103
125 79 0.1016836359149745
125 86 0.16591255644588973
125 92 0.31479630082737386
125 93 0.2973228038310063
125 87 0.2396095826765617
125 78 0.30535649031216494
125 50 0.1935020912494361
125 52 0.0
125 46 0.12952531577060877
125 91 0.36482027820080654
125 85 0.34711011611324316
125 84 0.09188880685904911
125 90 0.33670711887401306
125 47 0.09929667713698545
125 53 0.07614358111768156
131 76 0.09041513125992563
131 62 0.18086766551466715
131 89 0.17874845536142595
131 88 0.4823822915577336
131 63 0.11601531069085652
131 77 0.04693540816986777
131 49 0.051767948309019596
131 61 0.04284148574567326
131 75 0.04420708530009207
131 74 0.13987840574498386
131 60 0.09039512725190424
131 48 0.11485585184457281
131 64 0.11698358100630799
131 70 0.35259446957027996
131 58 0.6864502108945306
131 59 0.15209325563940657
131 71 0.08398560726529711
131 65 0.06436384676401746
131 73 0.03560039246244759
131 67 0.3590900413065093
131 66 0.26613966960814295
131 72 0.04849710381420538
131 57 0.5071343538022226
131 94 0.46963304778254744
131 80 0.09064320583861189
131 81 0.29547730659874083
131 95 0.06974635224131215
131 56 0.2126462894486162
131 68 0.5589919212465689
131 54 0.16367610937100308
131 83 0.0708574011091178
131 82 0.040428710322765155
131 55 0.17642215180962303
131 69 0.37820561337782194
131 51 0.06818048321955045
131 79 0.11243746229299642
131 86 0.1184837537488924
131 92 0.49248663414633753
131 93 0.4351412790390563
131 87 0.4233022572220182
131 78 0.317534176347002
131 50 0.0243271391118787
131 52 0.04865457591252287
131 46 0.20876629041006137
131 91 0.46937497133279404
131 85 0.4330000975962771
131 84 0.05842599861739482
131 90 0.43005165896583186
131 47 0.1697503367735569
131 53 0.047158334718049505
119 76 0.046898312948657456
119 62 0.1681362505530336
119 89 0.09902420560060722
119 88 0.23783527738620647
119 63 0.07815746249093446
119 77 0.27393755225525646
119 49 0.07717286781045254
119 61 0.16820855318557207
119 75 0.07822284103788311
119 74 0.13466346175225594
119 60 0.070413881361423
119 48 0.11149258970925999
119 64 0.08557003731360668
119 70 0.27331912719872203
119 58 0.5414656986775439
119 59 0.028974382413003485
119 71 0.11515566302368047
119 65 0.058234566350938446
119 73 0.032748009129229316
119 67 0.16101384901941201
119 66 0.12323985305313434
119 72 0.036410660564052205
119 57 0.2066983418722784
119 94 0.18237445984296682
119 80 0.1157198190780247
119 81 0.03770710305360597
119 95 0.016971468533081513
119 56 0.16553680949487493
119 68 0.2835014262574534
119 54 0.0815347939122889
119 83 0.08501642865405071
119 82 0.052569082701960215
119 55 0.19852184132686865
119 69 0.18675577671924298
119 51 0.07105788343757988
119 79 0.32914220568564495
119 86 0.14481707285466325
119 92 0.19883235168977703
119 93 0.18522566545932118
119 87 0.15586316328052394
119 78 0.14819877111512486
119 50 0.01671610731664555
119 52 0.06823097760146088
119 46 0.1307176056960222
119 91 0.1949344374854492
119 85 0.19439547830283546
119 84 0.10179042127845321
119 90 0.1795845909177221
119 47 0.12338026290852726
119 53 0.06117710822330316
