114 76 0.11047750556979734
114 62 0.15371928406554308
114 89 0.10647022263553059
114 88 0.23734766498599297
114 63 0.1335986225374273
114 77 0.0666501634245438
114 49 0.07607215157796422
114 61 0.030911755152247228
114 75 0.07082627902295732
114 74 0.16260254316736794
114 60 0.057099573516650154
114 48 0.07088817455674834
114 64 0.11434511911876355
114 70 0.22457157816058532
114 58 0.48468570931903443
114 59 0.08878065833302261
114 71 0.08499532288719572
114 65 0.03540066789354293
114 73 0.058921399140951985
114 67 0.20107328491746831
114 66 0.18948311794953765
114 72 0.08855970282980162
114 57 0.22942864286041226
114 94 0.29897777043420043
114 80 0.08736612452454971
114 81 0.22499728901816377
114 95 0.08383265800670803
114 56 0.12142330528028962
114 68 0.33685658303704274
114 54 0.12461507351958795
114 83 0.09237503226509272
114 82 0.0031909166795288657
114 55 0.173705175256398
114 69 0.2666124670956961
114 51 0.057076869335264124
114 79 0.09316539785732808
114 86 0.05752354124694392
114 92 0.3145218163585344
114 93 0.2666382433152727
114 87 0.2158825774771646
114 78 0.2148445073916221
114 50 0.08718703504321813
114 52 0.06674760080569636
114 46 0.1468896332624414
114 91 0.26540928513652867
114 85 0.28391631386977423
114 84 0.07523634614250226
114 90 0.2857909378812251
114 47 0.13432788382209188
114 53 0.06822493173598837
100 76 0.06059949316044971
100 62 0.0773019044812853
100 89 0.054486881100864304
100 88 0.08340015903717171
100 63 0.18926620915440157
100 77 0.07092481153513024
100 49 0.15542510900106782
100 61 0.04661430158504959
100 75 0.06038475505118038
100 74 0.07081297775723348
100 60 0.060527630753150666
100 48 0.08948992094904273
100 64 0.12588170247539301
100 70 0.09774344304741422
100 58 0.16483913831789165
100 59 0.057283048915041004
100 71 0.32369232378371127
100 65 0.05269252722043742
100 73 0.03736564476332113
100 67 0.17902712724292166
100 66 0.07972753230334378
100 72 0.04052174017238652
100 57 0.2235957657605658
100 94 0.1860470712548731
100 80 0.34601488705123357
100 81 0.0832846679756324
100 95 0.06685259790094815
100 56 0.1131810274124952
100 68 0.22032568379185558
100 54 0.11658206520963801
100 83 0.08728676323526308
100 82 0.050711995081084135
100 55 0.18345758689240824
100 69 0.12291980936658636
100 51 0.11619998279349629
100 79 0.05841887468206619
100 86 0.1541935880427232
100 92 0.10454741403180082
100 93 0.10162961903857319
100 87 0.08849302734011408
100 78 0.1026328834151769
100 50 0.1910214282530384
100 52 0.09060004576867389
100 46 0.13551268846582604
100 91 0.1651061863972292
100 85 0.16935630695155757
100 84 0.1086702499299382
100 90 0.1541138616486447
100 47 0.06865222221743383
100 53 0.06529874508966287
128 76 0.08363798795042102
128 62 0.05640995896536001
128 89 0.13025439215124152
128 88 0.28364067067683096
128 63 0.08556547973270918
128 77 0.0863427199073233
128 49 0.07057873038946647
128 61 0.06424029724511897
128 75 0.06078143573072385
128 74 0.05497082764279704
128 60 0.06385934366250634
128 48 0.07496604460086737
128 64 0.09838533452122006
128 70 0.19482002632108297
128 58 0.07748944642608586
128 59 0.05483302854175612
128 71 0.07269422113104038
128 65 0.03715013241453123
128 73 0.06873423493925751
128 67 0.24799167444703096
128 66 0.20043025731377614
128 72 0.06926857752942397
128 57 0.13169199827564954
128 94 0.3854461140165979
128 80 0.07569085122751758
128 81 0.23502335654005613
128 95 0.11808496233518342
128 56 0.19310358593525342
128 68 0.4016743238086814
128 54 0.13769039868965055
128 83 0.07118109453124294
128 82 0.042980540193707006
128 55 0.1221732108207953
128 69 0.223514494569041
128 51 0.0735189874659994
128 79 0.12498337024283135
128 86 0.05337402728930732
128 92 0.3989136012769344
128 93 0.33915996364787393
128 87 0.2910748959902632
128 78 0.2270977977900382
128 50 0.09335376733940559
128 52 0.11815174672622304
128 46 0.17214383425844426
128 91 0.3035499149030315
128 85 0.34057982458677716
128 84 0.06135901679018253
128 90 0.344958325477408
128 47 0.12898869171683566
128 53 0.05468153610091134
129 76 0.03977431692698459
129 62 0.17866575357417583
129 89 0.1383678865026005
129 88 0.3693624969008651
129 63 0.14591412762127845
129 77 0.10657667375500554
129 49 0.10908943978077539
129 61 0.06333740193663201
129 75 0.06365163965183981
129 74 0.10937785220981941
129 60 0.04154223411414587
129 48 0.17917857403832704
129 64 0.18628144859003817
129 70 0.30940818385402546
129 58 0.6108086303241063
129 59 0.04066116536053757
129 71 0.1174085869167345
129 65 0.061198015502830036
129 73 0.058760834842393486
129 67 0.3354764411474337
129 66 0.26083440362289984
129 72 0.045564752308206447
129 57 0.48408757648159406
129 94 0.4591016539597791
129 80 0.1291619602121147
129 81 0.2775762257202919
129 95 0.11508821418213391
129 56 0.22952733570880618
129 68 0.5505670587177052
129 54 0.24449254773368337
129 83 0.10040102469212087
129 82 0.2657811376857853
129 55 0.16075042197290856
129 69 0.3819589385157146
129 51 0.07474839417266516
129 79 0.13329460598445014
129 86 0.056658962369241256
129 92 0.4759704559848744
129 93 0.41138959204668624
129 87 0.3038169727377027
129 78 0.3343768444687859
129 50 0.047865228798677245
129 52 0.08089805711285816
129 46 0.23605276862792984
129 91 0.40078071410414884
129 85 0.396260637887243
129 84 0.12144626177826012
129 90 0.39998671644382733
129 47 0.28426360010904766
129 53 0.09409688872686675
101 76 0.024590203353673762
101 62 0.08972425019279019
101 89 0.08360738346919212
101 88 0.0968180976721277
101 63 0.05881768789198982
101 77 0.10266133117159876
101 49 0.09440266144087324
101 61 0.05488555094896244
101 75 0.04954636550111759
101 74 0.03101770345141061
101 60 0.049595324383896786
101 48 0.06046239260613974
101 64 0.06577198939409011
101 70 0.06685177862408946
101 58 0.0927956061704526
101 59 0.07071998645450353
101 71 0.14098506076856207
101 65 0.05327419324285991
101 73 0.05605562927294547
101 67 0.11440488850305114
101 66 0.06856610721603767
101 72 0.033844002585502464
101 57 0.149400797582025
101 94 0.1405894868547236
101 80 0.15646715783852175
101 81 0.11667031761896385
101 95 0.0
101 56 0.10929477544682621
101 68 0.1509460620744706
101 54 0.05529901620204729
101 83 0.05628686964783253
101 82 0.06658914245216196
101 55 0.07654440996873588
101 69 0.08667118205402886
101 51 0.08155606842155387
101 79 0.10895005057464369
101 86 0.0953255143048306
101 92 0.11556546030686052
101 93 0.10196307945801818
101 87 0.08659269516978087
101 78 0.09425178440610132
101 50 0.10696167633375053
101 52 0.0736388436773974
101 46 0.10335749181678466
101 91 0.16139670939681147
101 85 0.11547078662955465
101 84 0.08731572128334955
101 90 0.11601989374481807
101 47 0.023165977111187175
101 53 0.053062085474884446
115 76 0.05394701627007255
115 62 0.12702979856583854
115 89 0.08409702472746201
115 88 0.12739714345367484
115 63 0.059128051868557685
115 77 0.24356284816426133
115 49 0.15702516913868897
115 61 0.049266294572444275
115 75 0.07302672308838706
115 74 0.18649084351327846
115 60 0.046551892779992554
115 48 0.12042032458326127
115 64 0.1503304730202823
115 70 0.13597906074095975
115 58 0.1028571772370169
115 59 0.06124666238932573
115 71 0.11009768877219166
115 65 0.034046791114641844
115 73 0.030700016603887326
115 67 0.16531298869656852
115 66 0.2722905384976928
115 72 0.13244160833436547
115 57 0.08172515287263445
115 94 0.26925169944775684
115 80 0.11501944941707969
115 81 0.08515906962195233
115 95 0.09779613122077496
115 56 0.30702641765779526
115 68 0.21757889642615685
115 54 0.11107769014126957
115 83 0.2414995289650692
115 82 0.06588376387295411
115 55 0.18637449084946864
115 69 0.09406835923392073
115 51 0.07864992720782346
115 79 0.16716337728770994
115 86 0.07800598635223924
115 92 0.28007962388541546
115 93 0.25521505484643014
115 87 0.15143738509971016
115 78 0.11431617074709945
115 50 0.06381835802075925
115 52 0.8268686470233744
115 46 0.5847372161802599
115 91 0.25295753460021836
115 85 0.25398078689635084
115 84 0.08574749032923766
115 90 0.25855705239980564
115 47 0.34454581976049214
115 53 0.37713764585614806
103 76 0.05552718119728929
103 62 0.19075379125555816
103 89 0.06914254840921683
103 88 0.1527980101144666
103 63 0.1520296380803084
103 77 0.1009542873175211
103 49 0.0696353475933134
103 61 0.06810147710589116
103 75 0.06710890364768783
103 74 0.06209836529990019
103 60 0.04912198332349477
103 48 0.09801180179125027
103 64 0.19388569161760888
103 70 0.23802563202163557
103 58 1.0
103 59 0.06467351610567006
103 71 0.08286118194323965
103 65 0.06614401448480776
103 73 0.0654934418850789
103 67 0.15095337820293905
103 66 0.23076320182913454
103 72 0.05554583329199021
103 57 0.3314271725548276
103 94 0.17343980186577077
103 80 0.0865133322514456
103 81 0.21714838390840085
103 95 0.07368155372490366
103 56 0.1101566799477929
103 68 0.33343331914248436
103 54 0.22426963692511281
103 83 0.07972244271393183
103 82 0.09963214684952341
103 55 0.143045927113793
103 69 0.2793778994807694
103 51 0.051111234420469026
103 79 0.05431487130962953
103 86 0.04231945875932053
103 92 0.17220959462540267
103 93 0.15486643065540232
103 87 0.09346561540517832
103 78 0.21916451870355988
103 50 0.07314318297261962
103 52 0.11578147266611225
103 46 0.21332994714575543
103 91 0.15305357783040566
103 85 0.1399949799698176
103 84 0.11339996982747635
103 90 0.1418856673664912
103 47 0.15725606764808278
103 53 0.09459185335421096
117 76 0.1706317362405335
117 62 0.2385475891615586
117 89 0.07733267164993442
117 88 0.10761302953691529
117 63 0.08560975295717801
117 77 0.3702300507439208
117 49 0.2106104395634229
117 61 0.07949195852575648
117 75 0.4302440532677798
117 74 0.3073819812929902
117 60 0.04509557218113763
117 48 0.30912332286920924
117 64 0.15019730912029822
117 70 0.2400526348804714
117 58 0.5867650209549561
117 59 0.06313321845273709
117 71 0.08828405798576842
117 65 0.0376827083612809
117 73 0.32619332439031623
117 67 0.15851885603015847
117 66 0.11030790270745203
117 72 0.10951417757280926
117 57 0.23330351905349628
117 94 0.25070571160266236
117 80 0.0908700600693733
117 81 0.18243774917440853
117 95 0.13730624180845846
117 56 0.28514618837740513
117 68 0.2980043678539408
117 54 0.13147049552865991
117 83 0.5272958497340305
117 82 0.08761242866899402
117 55 0.152921084036869
117 69 0.25385164784384334
117 51 0.1117479623789133
117 79 0.35737836050988336
117 86 0.03914897786477374
117 92 0.25852975447358
117 93 0.22852875245439574
117 87 0.24267107637233776
117 78 0.26332512477897396
117 50 0.050520244364712835
117 52 0.24501804011777767
117 46 0.34390958030708463
117 91 0.25377032805098576
117 85 0.24395907194627334
117 84 0.1469364900727194
117 90 0.25367455471269873
117 47 0.12050856283162145
117 53 0.16165032675418042
116 76 0.08490721366433045
116 62 0.18739729230590751
116 89 0.09446213483153193
116 88 0.24045692884534262
116 63 0.089712423006954
116 77 0.143957857483443
116 49 0.09728074010844578
116 61 0.10849534585197457
116 75 0.10117456014964846
116 74 0.08726303066473615
116 60 0.055521338054892316
116 48 0.07242595523994846
116 64 0.11898838560091621
116 70 0.33579025615102487
116 58 0.6933253052297095
116 59 0.09803654090278412
116 71 0.06231955845093867
116 65 0.0477503701696388
116 73 0.07890874610301363
116 67 0.2114547601725799
116 66 0.2513253131671811
116 72 0.06186433323673976
116 57 0.352383828925113
116 94 0.3114660116956882
116 80 0.06782521421026737
116 81 0.26091996557141534
116 95 0.07923162559332503
116 56 0.27436394073263126
116 68 0.4006222038040286
116 54 0.12280824673908475
116 83 0.2683470892118375
116 82 0.2851811797723171
116 55 0.16154385917467406
116 69 0.30427534595123207
116 51 0.04250533370847108
116 79 0.1470567624604308
116 86 0.06644060560069061
116 92 0.3012415526276063
116 93 0.28187802291342656
116 87 0.15022375297446222
116 78 0.2531284137123119
116 50 0.08395420569890812
116 52 0.11516629488694642
116 46 0.2610630404895668
116 91 0.2726400704039612
116 85 0.2417944925469699
116 84 0.15229677519742812
116 90 0.24865241026259716
116 47 0.09614158575482366
116 53 0.08058197507105491
102 76 0.055771959300547166
102 62 0.11623096611560949
102 89 0.07111522275685994
102 88 0.10742182537644773
102 63 0.10692373426508628
102 77 0.07032430034608751
102 49 0.08401632671444066
102 61 0.040600207027912005
102 75 0.052461160198413334
102 74 0.042465081783681954
102 60 0.05246166149132099
102 48 0.06947783815754814
102 64 0.11071415915194263
102 70 0.1628663313511049
102 58 0.5290887704504368
102 59 0.05878130856010931
102 71 0.14489711511436504
102 65 0.030040395094400985
102 73 0.04694302276926897
102 67 0.10188333887814438
102 66 0.09198975092015443
102 72 0.06073077176970991
102 57 0.1762112817407499
102 94 0.10217118621230253
102 80 0.15625118135166757
102 81 0.12337258308692586
102 95 0.04277152064648146
102 56 0.09546299987706272
102 68 0.19258664081249377
102 54 0.13029995760137814
102 83 0.07511931816648465
102 82 0.019646839364919566
102 55 0.11696387660056048
102 69 0.1572560440366461
102 51 0.05719557874263252
102 79 0.06298117484266585
102 86 0.08793859610545887
102 92 0.10509619047011146
102 93 0.09842083355454931
102 87 0.09409201377279429
102 78 0.11786730229010803
102 50 0.08289656133047282
102 52 0.050749365603553906
102 46 0.11987703894014891
102 91 0.10067677279403298
102 85 0.10218990808705469
102 84 0.06264638442486918
102 90 0.10238278613275952
102 47 0.12559510488117753
102 53 0.05663924945348148
106 76 0.06917182157075302
106 62 0.09341213558039894
106 89 0.05728004306152214
106 88 0.11860895566886717
106 63 0.0589777800810085
106 77 0.06819698203180902
106 49 0.07066515516533267
106 61 0.05442711018524228
106 75 0.056053320461253
106 74 0.05778170464363924
106 60 0.049734196422154334
106 48 0.0740459040282415
106 64 0.09662264481587846
106 70 0.1419123396610294
106 58 0.48548908327542506
106 59 0.06443394272054434
106 71 0.08749484268494612
106 65 0.03776286963773126
106 73 0.052188737278545685
106 67 0.0987391258155095
106 66 0.08383210906858986
106 72 0.11489625850909313
106 57 0.17193799254612968
106 94 0.10642076786811742
106 80 0.08915196284743308
106 81 0.12972923124955982
106 95 0.07718194977340276
106 56 0.10930856157388927
106 68 0.190277128523607
106 54 0.11433217496281867
106 83 0.07914282578285003
106 82 0.057539890125242105
106 55 0.1412121303166337
106 69 0.1657594061115002
106 51 0.06586281141408744
106 79 0.09031547161409563
106 86 0.0671904644668164
106 92 0.11878461624752071
106 93 0.10785701248750407
106 87 0.11087189496751629
106 78 0.11815059559949218
106 50 0.06003497502511297
106 52 0.0770334660595734
106 46 0.09673402673646063
106 91 0.06589606290308532
106 85 0.1156627704505634
106 84 0.0907586002336698
106 90 0.11551970569796663
106 47 0.12157722604807969
106 53 0.06709280841888415
112 76 0.06615650026546341
112 62 0.15534532667810977
112 89 0.09487267164678326
112 88 0.17401880576716414
112 63 0.1282769643198727
112 77 0.12325800708754832
112 49 0.07940089082421213
112 61 0.04959448806241619
112 75 0.08480321842278378
112 74 0.07834687091524437
112 60 0.0459829434979378
112 48 0.08441671169726823
112 64 0.1640339026005815
112 70 0.19168011480343267
112 58 0.7172102318939337
112 59 0.0667351999342236
112 71 0.11578281509212883
112 65 0.05033464439825258
112 73 0.06546519543523356
112 67 0.14469503512270665
112 66 0.12305246420617968
112 72 0.05341385746525909
112 57 0.2648729706524609
112 94 0.16929734111807676
112 80 0.12622099088798258
112 81 0.17407071766860557
112 95 0.06737740434353141
112 56 0.17550539189769251
112 68 0.2919425649667222
112 54 0.18179668067127366
112 83 0.13740932954968915
112 82 0.05663629741814563
112 55 0.25116733725865603
112 69 0.2424380094360627
112 51 0.06868876981474155
112 79 0.1151696441143751
112 86 0.08057511803580694
112 92 0.18170146596672127
112 93 0.15763286483361133
112 87 0.13645303821825633
112 78 0.19318315084912752
112 50 0.08669456830257326
112 52 0.09379364944023667
112 46 0.16584229913174725
112 91 0.16060357206576434
112 85 0.15284765930162125
112 84 0.12204895825146723
112 90 0.15581316287961236
112 47 0.13984501181935197
112 53 0.06486927714780773
113 76 0.06881369032655414
113 62 0.16478097281132048
113 89 0.1317810164045015
113 88 0.36165035153684955
113 63 0.11267701631974297
113 77 0.1888469488656927
113 49 0.10470170664814842
113 61 0.06857896731575681
113 75 0.09594645313732166
113 74 0.05757238303129214
113 60 0.053560839734384
113 48 0.08753833979557897
113 64 0.13882721485677157
113 70 0.30812379865157635
113 58 0.4434240547259817
113 59 0.05826332384355516
113 71 0.09714420056695575
113 65 0.047851705159790356
113 73 0.08411521307391008
113 67 0.2866857172934945
113 66 0.2544834861785863
113 72 0.06569888054316692
113 57 0.27899989035794676
113 94 0.4604137652270236
113 80 0.10093917860713447
113 81 0.29053978538697117
113 95 0.12344695761065858
113 56 0.29341345851668676
113 68 0.4866835413457832
113 54 0.17491471734168693
113 83 0.2360166512135663
113 82 0.11526658037465783
113 55 0.2014378193501873
113 69 0.34831176598989555
113 51 0.051709964662194574
113 79 0.18261811515830517
113 86 0.04175223967162166
113 92 0.47203713869614183
113 93 0.40660488880814927
113 87 0.26660674894826175
113 78 0.3012118827567003
113 50 0.09135855907321588
113 52 0.15593440074804524
113 46 0.29423550134830156
113 91 0.3600412605850084
113 85 0.39027312511831247
113 84 0.13979751417475403
113 90 0.39359628815813186
113 47 0.13990433683039843
113 53 0.1043934691365383
107 76 0.05725376630168752
107 62 0.09917148960103139
107 89 0.05259099788176129
107 88 0.14298630408548735
107 63 0.05730416444296259
107 77 0.050853984384690354
107 49 0.11291825671509942
107 61 0.04579720771443546
107 75 0.056472204876807666
107 74 0.031123960083882074
107 60 0.05968944519244784
107 48 0.06211618571743284
107 64 0.05456568872268859
107 70 0.06795393455250931
107 58 0.03616143664562725
107 59 0.05507279785246062
107 71 0.16038685878421166
107 65 0.06732209949591682
107 73 0.07050234254663351
107 67 0.19105527251791854
107 66 0.16463422602362532
107 72 0.02011784707621081
107 57 0.15418558950190706
107 94 0.07535940991635925
107 80 0.17468763221617764
107 81 0.0658417147064095
107 95 0.08625105659141262
107 56 0.8763251111190179
107 68 0.6450261211310727
107 54 0.04359508211037527
107 83 0.09619046684517406
107 82 0.04518083087872994
107 55 0.08865931668043023
107 69 0.0750794391339035
107 51 0.052057217057528096
107 79 0.05936205749041237
107 86 0.08812341649871423
107 92 0.0868704222004424
107 93 0.2075864786964992
107 87 0.10176524905228668
107 78 0.06808259544065771
107 50 0.10844949948349827
107 52 0.06430784342528245
107 46 0.08298518565059539
107 91 0.06422941839600076
107 85 0.07275379652004886
107 84 0.04848540292779055
107 90 0.07196793802037832
107 47 0.03080048858796869
107 53 0.056843698231604345
139 76 0.12145886611670172
139 62 0.06455531223991143
139 89 0.0753001855435091
139 88 0.16210504471136422
139 63 0.07172093676659888
139 77 0.09411949516715358
139 49 0.08114354117487278
139 61 0.10119486811237813
139 75 0.045253782568570336
139 74 0.09500569084337668
139 60 0.055529274836409626
139 48 0.0573708564138771
139 64 0.06575832933155075
139 70 0.15308190309055916
139 58 0.07679554233921748
139 59 0.09315139613773475
139 71 0.0705197845019809
139 65 0.05090240920732271
139 73 0.04072457093160063
139 67 0.12628607895198452
139 66 0.23311606216697833
139 72 0.048484195558767
139 57 0.1643394980364954
139 94 0.21802749412643013
139 80 0.0725335327435702
139 81 0.10262534068721268
139 95 0.046288579471504776
139 56 0.10671050917157102
139 68 0.2124186040996013
139 54 0.08570120600965493
139 83 0.08379295715119588
139 82 0.08357286689121513
139 55 0.0824329773162215
139 69 0.12731835586124293
139 51 0.05768241855563923
139 79 0.09953945147626407
139 86 0.06408053346778937
139 92 0.22707488462144565
139 93 0.20127236910269755
139 87 0.14212135595732472
139 78 0.12260751322938745
139 50 0.06823408246245566
139 52 0.17026931309386278
139 46 0.15539109167925347
139 91 0.18395923608704823
139 85 0.20090940303145077
139 84 0.05386411263372623
139 90 0.1987050308101727
139 47 0.08104450978002244
139 53 0.09718679464818336
111 76 0.08123920581195627
111 62 0.18122810136869055
111 89 0.1337412282288555
111 88 0.2743253282940935
111 63 0.1416551506219919
111 77 0.12351792963103489
111 49 0.07301716556927873
111 61 0.0613315208511563
111 75 0.09242249389191591
111 74 0.08984883393346119
111 60 0.05374801468643839
111 48 0.08257727356394791
111 64 0.17183403463103025
111 70 0.35435027484417064
111 58 0.6464317346675647
111 59 0.09350774889376894
111 71 0.10077020631109412
111 65 0.04937571716911808
111 73 0.07632737898324599
111 67 0.2907430460854881
111 66 0.20990844801754732
111 72 0.05000199426526297
111 57 0.33818972548919723
111 94 0.3387106466499916
111 80 0.11014137101457722
111 81 0.259854358791666
111 95 0.09150420205172094
111 56 0.21695656734808677
111 68 0.5574595330047138
111 54 0.1911369153141824
111 83 0.13437811884526352
111 82 0.07918845753337633
111 55 0.26444617974021023
111 69 0.4739685933087906
111 51 0.07346782444450231
111 79 0.12430574466615743
111 86 0.04347484692823625
111 92 0.3523595587741825
111 93 0.30367263264207345
111 87 0.23198718437943905
111 78 0.4310808380619986
111 50 0.11690077254185974
111 52 0.09498187416566457
111 46 0.19394320004397592
111 91 0.31175319249949324
111 85 0.27999271745829785
111 84 0.1397700164047816
111 90 0.29038898311338135
111 47 0.14990725453089834
111 53 0.0627454819623621
105 76 0.0537966672522992
105 62 0.07585703478949264
105 89 0.04965327095982522
105 88 0.08925143211966582
105 63 0.05617908173177834
105 77 0.05754518950678188
105 49 0.14624807818408314
105 61 0.05385643195656778
105 75 0.05092402300179391
105 74 0.06593242251190977
105 60 0.07105148949270054
105 48 0.09331561679239615
105 64 0.07139214676832342
105 70 0.07525767122145958
105 58 0.19967392358431274
105 59 0.07327587097625479
105 71 0.30062231365928577
105 65 0.058606852884922636
105 73 0.051861346152044255
105 67 0.16866210866311554
105 66 0.11828185641476761
105 72 0.050583928764079744
105 57 0.28487544220917993
105 94 0.24553156514061014
105 80 0.3211325574705224
105 81 0.06750915956808977
105 95 0.0717466868608953
105 56 0.457945779920119
105 68 0.3865986950039748
105 54 0.07662022866986211
105 83 0.12549703970335874
105 82 0.061798557104595586
105 55 0.0787806479388421
105 69 0.11580956390698555
105 51 0.11207423929354668
105 79 0.06912196888938378
105 86 0.1571518959091136
105 92 0.10598811511622874
105 93 0.10740799498173399
105 87 0.09451066537335716
105 78 0.1174592378654849
105 50 0.1446798046099203
105 52 0.0842639940810098
105 46 0.08160318525156844
105 91 0.15901890705313404
105 85 0.22114817876418724
105 84 0.0800854892953175
105 90 0.164263397029543
105 47 0.08947045748219976
105 53 0.06258706581233933
104 76 0.06743381194936052
104 62 0.17400862051300783
104 89 0.05652235914088284
104 88 0.14600125393526572
104 63 0.13942078603962696
104 77 0.08995948761056478
104 49 0.08424023463964439
104 61 0.05458661193317109
104 75 0.07681402711786381
104 74 0.0679273588204844
104 60 0.04536735225995854
104 48 0.09754363137449622
104 64 0.165760322571251
104 70 0.2828998661782017
104 58 0.9926000556204448
104 59 0.05599747710333314
104 71 0.10748236662071772
104 65 0.03103131541554388
104 73 0.06794725871792995
104 67 0.1428973039467636
104 66 0.12715901667675666
104 72 0.08465122930643083
104 57 0.3147184483647546
104 94 0.1613696693855197
104 80 0.11059683059818408
104 81 0.20791696145722943
104 95 0.08108368578960712
104 56 0.1012127194249115
104 68 0.3159373338409799
104 54 0.1983559765149217
104 83 0.09421120853185962
104 82 0.03665827306177896
104 55 0.1989771940405109
104 69 0.28821630836107
104 51 0.05424189158187678
104 79 0.08775467996843697
104 86 0.05420721388721862
104 92 0.16881197544427196
104 93 0.14914356266973033
104 87 0.11540019841640767
104 78 0.20687539003563063
104 50 0.08453970723958548
104 52 0.0720083193033649
104 46 0.1588008595154541
104 91 0.1260843630364468
104 85 0.1500564595947138
104 84 0.12812982314922827
104 90 0.14987109381207048
104 47 0.17435705684307592
104 53 0.07550628055054365
110 76 0.004733310152811948
110 62 0.17349895098821813
110 89 0.1689891366806918
110 88 0.30260219873779076
110 63 0.04794645127126354
110 77 0.2594021875561635
110 49 0.0726806723414745
110 61 0.054444675230297945
110 75 0.08432123905238392
110 74 0.08434160436330009
110 60 0.08359264671816938
110 48 0.09353171609271484
110 64 0.0851125940229167
110 70 0.18098074732778274
110 58 0.3695819713775083
110 59 0.045551132875297606
110 71 0.15205449660725626
110 65 0.0629685470737944
110 73 0.06732232232480642
110 67 0.15723087158831514
110 66 0.13154957722901733
110 72 0.14397844482084055
110 57 0.20050773698155652
110 94 0.21277875396244844
110 80 0.15708761913974234
110 81 0.27163813504473433
110 95 0.08500051777851711
110 56 0.17547342618728048
110 68 0.3272193085849478
110 54 0.12210378739708563
110 83 0.08832742553607248
110 82 0.1869803818278043
110 55 0.13901018864931294
110 69 0.32724355784308845
110 51 0.0718479155855114
110 79 0.17704511595065853
110 86 0.02670505565394754
110 92 0.2359734566877152
110 93 0.3000251328329168
110 87 0.1584026380367456
110 78 0.24745839333629865
110 50 0.04445760208361063
110 52 0.09647263546163176
110 46 0.16086803655508705
110 91 0.2154934066027284
110 85 0.2222679637441255
110 84 0.06557304736525779
110 90 0.22031931350068953
110 47 0.0858751571742421
110 53 0.08463557357596208
138 76 0.06585974835311229
138 62 0.10971778051747269
138 89 0.08462333758097855
138 88 0.2047620476823005
138 63 0.07655563643545049
138 77 0.11475087221442343
138 49 0.06845082813989152
138 61 0.06321687888017381
138 75 0.047044305605463674
138 74 0.06950395157579453
138 60 0.05662252557755923
138 48 0.0858491324498759
138 64 0.09094650523901884
138 70 0.20463406596010902
138 58 0.1792899187001021
138 59 0.06629453140924577
138 71 0.09873033585685527
138 65 0.055589713392957624
138 73 0.04671742195035587
138 67 0.210151646136284
138 66 0.26705237275360894
138 72 0.12244283847144896
138 57 0.20389354955677352
138 94 0.2605416268308781
138 80 0.10599908291736818
138 81 0.19477399486046437
138 95 0.06727971874036058
138 56 0.14049730105579716
138 68 0.3875690556680092
138 54 0.10950789975401623
138 83 0.06903115799455808
138 82 0.12069877105991655
138 55 0.05470886040069929
138 69 0.1858359228261391
138 51 0.040945279213632155
138 79 0.048998643310276965
138 86 0.07488361746739784
138 92 0.2637510024767294
138 93 0.2384530875840101
138 87 0.1757472017712506
138 78 0.21172737994841673
138 50 0.02982898571931375
138 52 0.07586339218905574
138 46 0.14819509157463215
138 91 0.22553062297886617
138 85 0.21124946320842003
138 84 0.07470275551184352
138 90 0.21688283067736758
138 47 0.1303175361980231
138 53 0.12246344722500836
140 76 0.13331238525717617
140 62 0.0790563272703393
140 89 0.06614970219990189
140 88 0.09287633237063016
140 63 0.07941950000668253
140 77 0.08496496947512443
140 49 0.10114648612593038
140 61 0.06270921157874688
140 75 0.06411393513953753
140 74 0.038937821433636305
140 60 0.025685850228890722
140 48 0.06924810878407973
140 64 0.05709051785453398
140 70 0.17951593564431273
140 58 0.13508729043594617
140 59 0.09627785461736872
140 71 0.07397754364239745
140 65 0.032176256030393174
140 73 0.0727856893237469
140 67 0.1404922100592727
140 66 0.2032848317497662
140 72 0.02401307012877943
140 57 0.1629667662425876
140 94 0.1713485203367549
140 80 0.07664388917262947
140 81 0.13591704190498616
140 95 0.07267118758800953
140 56 0.07810939933222046
140 68 0.2124337161216398
140 54 0.07028344127872282
140 83 0.0799545112849169
140 82 0.1118642092422666
140 55 0.08669809900015843
140 69 0.19845229805106307
140 51 0.04689371547362496
140 79 0.07102859078820226
140 86 0.02144709313200266
140 92 0.17595384000384112
140 93 0.14866261623246288
140 87 0.13004630007581577
140 78 0.20913987333427658
140 50 0.09729244263752632
140 52 0.038357719583161615
140 46 0.05553951847123495
140 91 0.15426508836234798
140 85 0.14333039440453282
140 84 0.08115650026823533
140 90 0.14557831314571018
140 47 0.06959154652564226
140 53 0.07263753348932919
135 76 0.11977732814519843
135 62 0.23161729677050225
135 89 0.09271072587863101
135 88 0.2184804979988053
135 63 0.15030826444887624
135 77 0.25780760041145384
135 49 0.25940868652656124
135 61 0.05797415670353466
135 75 0.26789082839514966
135 74 0.1841173604211292
135 60 0.047184643186704844
135 48 0.25553953861692913
135 64 0.11972659494707186
135 70 0.19228117871209735
135 58 0.19297055404156307
135 59 0.04278414466072879
135 71 0.19992507746209343
135 65 0.04237340663249989
135 73 0.20281390033921787
135 67 0.27720347070195056
135 66 0.15240669947409272
135 72 0.06024199172875386
135 57 0.2734834075165203
135 94 0.2918155419831653
135 80 0.21597080173216626
135 81 0.2037640292793983
135 95 0.11739971434532104
135 56 0.28122281555156114
135 68 0.41149601325029495
135 54 0.14498227834105762
135 83 0.4425899439556651
135 82 0.04348718825727277
135 55 0.13699433509825168
135 69 0.22726605313409426
135 51 0.11393421017997445
135 79 0.19072779308370869
135 86 0.10032169900094695
135 92 0.3131301839729847
135 93 0.2635573355847647
135 87 0.23492548883459785
135 78 0.2571655297232258
135 50 0.12839230352424189
135 52 0.1832139393548322
135 46 0.3377786602739913
135 91 0.2925743340189726
135 85 0.2810067415324021
135 84 0.16749331031260925
135 90 0.2782189871613669
135 47 0.19715852586320476
135 53 0.28993730487970615
121 76 0.13618605367401485
121 62 0.17903930156162756
121 89 0.13201904510460358
121 88 0.39171505810391427
121 63 0.1990754737956431
121 77 0.19353240831897078
121 49 0.14864414582373506
121 61 0.0789910049092266
121 75 0.05026144856863793
121 74 0.10770470844923391
121 60 0.13249674834464525
121 48 0.14070034626207822
121 64 0.1388858854436022
121 70 0.16490951485806388
121 58 0.0812427816725633
121 59 0.052366972071919746
121 71 0.3738322485355086
121 65 0.12112961762758678
121 73 0.04441399748202671
121 67 0.3415937820643131
121 66 0.24239756244151572
121 72 0.09084895126362436
121 57 0.35999384107666343
121 94 0.5286482783174813
121 80 0.40730069045849177
121 81 0.1764123819014823
121 95 0.1207688817665685
121 56 0.24501429074052508
121 68 0.44619801606575693
121 54 0.15727156303007064
121 83 0.2385571543557446
121 82 0.11360655766605729
121 55 0.297122787181225
121 69 0.3997913176964254
121 51 0.15027103022287439
121 79 0.12135609483415488
121 86 0.15757327522486061
121 92 0.6066153568244248
121 93 0.45172359720778654
121 87 0.24787790477152352
121 78 0.4807379144472559
121 50 0.1736938529395712
121 52 0.06464576458099332
121 46 0.1804430325608503
121 91 0.39535715265199933
121 85 0.4262658739250037
121 84 0.06793954245937159
121 90 0.43889719716135
121 47 0.2756724882417199
121 53 0.18241899473807652
109 76 0.08182015935698618
109 62 0.1489116717386202
109 89 0.06231127934103868
109 88 0.15723390659761574
109 63 0.11879025061981689
109 77 0.1710520286331318
109 49 0.11735217072851692
109 61 0.06673732451598088
109 75 0.07378028965192819
109 74 0.12811638765551148
109 60 0.03238486797831072
109 48 0.07195737315149134
109 64 0.12218631422879755
109 70 0.2535092742061469
109 58 0.5095590554574068
109 59 0.03519418459570667
109 71 0.120674584820225
109 65 0.060365186119198985
109 73 0.040543327836792764
109 67 0.20345342274715436
109 66 0.12478820190922574
109 72 0.11953612391997512
109 57 0.3189828925049476
109 94 0.24836094847598933
109 80 0.12892031929744155
109 81 0.27687275450891574
109 95 0.08982333080165679
109 56 0.09070161672200303
109 68 0.3793043079857702
109 54 0.1051656218088993
109 83 0.102635252835751
109 82 0.06216090901134674
109 55 0.13414125229968368
109 69 0.3016550081677154
109 51 0.04869445077709891
109 79 0.10523626689443365
109 86 0.07651975471730164
109 92 0.2434667633195713
109 93 0.22666750035070504
109 87 0.16790673873702622
109 78 0.31288231253397425
109 50 0.14820194889137278
109 52 0.13869413905289307
109 46 0.1983639810584879
109 91 0.22433493175495722
109 85 0.22397906187532007
109 84 0.5244464921243818
109 90 0.22832475125681595
109 47 0.05869661739869274
109 53 0.08532461487586362
108 76 0.09170198418253411
108 62 0.18580218109142022
108 89 0.11443169243713155
108 88 0.3166749696044836
108 63 0.16826453841363317
108 77 0.1821733051671185
108 49 0.08016074378700008
108 61 0.0736003300048828
108 75 0.11302790423160736
108 74 0.1174250002153273
108 60 0.05880835629303627
108 48 0.1175901777748577
108 64 0.19336333096147615
108 70 0.306181181722902
108 58 0.7780752636159403
108 59 0.06785731223428437
108 71 0.10024751462117595
108 65 0.050056843127321726
108 73 0.09171656267256208
108 67 0.2626482915249448
108 66 0.2295196368667709
108 72 0.07653328174235913
108 57 0.36552783720413784
108 94 0.36630928213518366
108 80 0.11007023740490265
108 81 0.30070351526528694
108 95 0.0950035308414821
108 56 0.228809122896157
108 68 0.5540360229227311
108 54 0.2488380509294092
108 83 0.15106877076782985
108 82 0.11476934699462324
108 55 0.2425503502312576
108 69 0.40866161543098867
108 51 0.07505232047134497
108 79 0.1981704522975709
108 86 0.039190635861531806
108 92 0.37930055929758066
108 93 0.322944290098464
108 87 0.2500909309610163
108 78 0.343701065910262
108 50 0.104480193842701
108 52 0.10325418680926587
108 46 0.2234538894537988
108 91 0.32657735995992754
108 85 0.3017700664681109
108 84 0.13892167941569905
108 90 0.3050227243470986
108 47 0.19657194875989828
108 53 0.07739946630041498
120 76 0.05325168836563947
120 62 0.09768169019781417
120 89 0.08456564185906475
120 88 0.17738635833168645
120 63 0.04475600719484678
120 77 0.21663438939484916
120 49 0.048334191511927846
120 61 0.0289209488570068
120 75 0.08489842383977741
120 74 0.049810451032903394
120 60 0.05757670744104042
120 48 0.05845908012300852
120 64 0.08526731422231211
120 70 0.10863660366934885
120 58 0.0655646747477647
120 59 0.07237113173257707
120 71 0.10416786529237147
120 65 0.03368094433590521
120 73 0.054044260292126264
120 67 0.15442858621289446
120 66 0.15494609360134334
120 72 0.05873732457337952
120 57 0.07974982663359882
120 94 0.21947622285498836
120 80 0.10859257650169435
120 81 0.12814108963600077
120 95 0.04507071358595238
120 56 0.10589772623628291
120 68 0.16327724334067076
120 54 0.09319617266584383
120 83 0.06359270405558877
120 82 0.05932710851483451
120 55 0.22339823085755922
120 69 0.11598044757917073
120 51 0.10514875677244769
120 79 0.06491671038103641
120 86 0.06320052874820144
120 92 0.21838013622254182
120 93 0.1922121970486904
120 87 0.14958129310666213
120 78 0.14816973609021858
120 50 0.10718314102039217
120 52 0.035078450910047326
120 46 0.09754033794370308
120 91 0.20382320271047139
120 85 0.18451470850453988
120 84 0.077085555572797
120 90 0.17604489624325176
120 47 0.09919138569632371
120 53 0.315156496465802
134 76 0.12785792384609407
134 62 0.11179117764877566
134 89 0.06565550444451879
134 88 0.16399511036057626
134 63 0.1064030675825409
134 77 0.12396595117971258
134 49 0.23411969344286412
134 61 0.040235874450344586
134 75 0.2637609446687433
134 74 0.12510826101297554
134 60 0.07922301381090123
134 48 0.22483392427713167
134 64 0.12935293436305
134 70 0.16051224609679585
134 58 0.12241943440754052
134 59 0.04212814196680295
134 71 0.3442302895506081
134 65 0.02608144670593049
134 73 0.205145412814648
134 67 0.2556573007703702
134 66 0.13099946373040408
134 72 0.07588345176361824
134 57 0.2775853765587876
134 94 0.30404280129326433
134 80 0.3715041800227071
134 81 0.03208791491983179
134 95 0.11722380574427203
134 56 0.08791661987531325
134 68 0.33072582223371394
134 54 0.14182201019012539
134 83 0.261312961094126
134 82 0.025511419533929353
134 55 0.1764188984920563
134 69 0.16338410169449763
134 51 0.12206924717067816
134 79 0.05503197687654551
134 86 0.13011599209799712
134 92 0.18562980120247244
134 93 0.17460469756764282
134 87 0.1272446630110458
134 78 0.1469890303104779
134 50 0.1263153024333639
134 52 0.5054630156693996
134 46 0.19594812367006118
134 91 0.12496598624587163
134 85 0.16087080001322732
134 84 0.10816610268376152
134 90 0.14828872470198595
134 47 0.24310106122829775
134 53 0.39287010732548444
122 76 0.07714842702483025
122 62 0.04273301746070958
122 89 0.10464126473123826
122 88 0.12757941693744798
122 63 0.14611460229589057
122 77 0.11770775678492221
122 49 0.25958854947042986
122 61 0.054876166066480284
122 75 0.04969162532338339
122 74 0.10323638509485625
122 60 0.065708037299392
122 48 0.11312210655901647
122 64 0.08920768767897465
122 70 0.16266235967209536
122 58 0.13780718931235988
122 59 0.05467353148320614
122 71 0.5853633814632303
122 65 0.044833037710763204
122 73 0.037700245136338906
122 67 0.4314494507747715
122 66 0.1969102828534904
122 72 0.041473662453527654
122 57 0.4414735642005677
122 94 0.36111579178618247
122 80 0.631797717487608
122 81 0.12242744612957242
122 95 0.0519105916323989
122 56 0.09329352087327311
122 68 0.457691871886178
122 54 0.0937505560722945
122 83 0.2231944774160644
122 82 0.07044772257095545
122 55 0.08786478664845995
122 69 0.214734657145236
122 51 0.1754965947503529
122 79 0.07398055797725674
122 86 0.2763473077261731
122 92 0.27812816884166935
122 93 0.24745272047695382
122 87 0.17929936164964078
122 78 0.24723992281357063
122 50 0.2883627008042924
122 52 0.10104803137550306
122 46 0.13767684768924468
122 91 0.32296444833209154
122 85 0.8908594318568435
122 84 0.12568644777116578
122 90 0.4456052021665079
122 47 0.10447313028170696
122 53 0.1079494982459353
136 76 0.01402752179852887
136 62 0.10580259850149096
136 89 0.092918997544372
136 88 0.1299702052535975
136 63 0.1233906856818752
136 77 0.2506451093023981
136 49 0.1770732230255913
136 61 0.05862067517176445
136 75 0.056330226634857275
136 74 0.0511582922850336
136 60 0.05516741493693243
136 48 0.17435876408413617
136 64 0.06207153398583917
136 70 0.11737893272406158
136 58 0.0810149542728228
136 59 0.08772398251373324
136 71 0.0500237978672997
136 65 0.05681179032101202
136 73 0.08034914817487021
136 67 0.1267308287352713
136 66 0.08325807240047298
136 72 0.07789096425866118
136 57 0.147954489337621
136 94 0.16315583680637957
136 80 0.055763343349251454
136 81 0.3284515915949888
136 95 0.059288280816307534
136 56 0.24567248494243107
136 68 0.22889943689890035
136 54 0.09788528979831482
136 83 0.08523875766847011
136 82 0.08371691715530037
136 55 0.10671962510649437
136 69 0.0954049513900028
136 51 0.06907288294801174
136 79 0.451452369288854
136 86 0.0624889262077863
136 92 0.16252861416725134
136 93 0.14039898363318912
136 87 0.1094957219761186
136 78 0.1314453978203844
136 50 0.08242621252108767
136 52 0.10963488095216908
136 46 0.166450652250325
136 91 0.1677822283932957
136 85 0.13280825101574417
136 84 0.046243296600088274
136 90 0.14595909869866694
136 47 0.22420314721653262
136 53 0.05282026069423845
137 76 0.08904379832990438
137 62 0.08089740135172953
137 89 0.08169740881666157
137 88 0.194313367628405
137 63 0.08146625009901395
137 77 0.10738560709923856
137 49 0.0569935711380231
137 61 0.0731178588450699
137 75 0.06165964680286745
137 74 0.06595768849700336
137 60 0.04612895874301132
137 48 0.0714209282780262
137 64 0.09779360714990226
137 70 0.15522721838211068
137 58 0.12962983675489476
137 59 0.12695862668549232
137 71 0.0660728462136232
137 65 0.04434085876355667
137 73 0.06825144530198914
137 67 0.1917953579820027
137 66 0.24791927756117776
137 72 0.061865570599830985
137 57 0.16313479533256628
137 94 0.2411213920434051
137 80 0.07054758152355349
137 81 0.13201239035144086
137 95 0.07148905710684679
137 56 0.13533940495918362
137 68 0.315528753147171
137 54 0.11886510928460142
137 83 0.07913326994065853
137 82 0.10293007169007323
137 55 0.09063823701206086
137 69 0.1812298909787812
137 51 0.07630445816636384
137 79 0.13804739624338438
137 86 0.03660632525846083
137 92 0.24842063561364813
137 93 0.21074756811200981
137 87 0.16188157352763413
137 78 0.22635561842625598
137 50 0.08690203746172256
137 52 0.13229557333789166
137 46 0.13331303007601392
137 91 0.20400369578187244
137 85 0.21656444543835168
137 84 0.06053686432058776
137 90 0.21620787714261605
137 47 0.11001434518188062
137 53 0.09480645591128647
123 76 0.07588749013436796
123 62 0.10963887978731415
123 89 0.06184541107678333
123 88 0.24113054723864125
123 63 0.07390819523252787
123 77 0.06732864521277969
123 49 0.23069658276964067
123 61 0.059073831637016086
123 75 0.052030954361496476
123 74 0.06538929465103237
123 60 0.08050651526775934
123 48 0.10323977265070838
123 64 0.10960367066909713
123 70 0.14889132511767805
123 58 0.0798556502319066
123 59 0.040651998967258324
123 71 0.48775385980260255
123 65 0.07431863013194648
123 73 0.04777494299193635
123 67 0.31903373274217967
123 66 0.141484658788277
123 72 0.04742462160912665
123 57 0.44104786122635253
123 94 0.9421028166523476
123 80 0.5341127809417298
123 81 0.10557079200985081
123 95 0.1171967339688372
123 56 0.16877465307023282
123 68 0.4036245407638611
123 54 0.11710474445988675
123 83 0.19376170919862665
123 82 0.07022514956932434
123 55 0.0863853852638132
123 69 0.20559263215081117
123 51 0.14316197032026123
123 79 0.09685443814347022
123 86 0.243522081817165
123 92 0.3210967040272923
123 93 0.25935822807165565
123 87 0.17430428407529608
123 78 0.2520309686158792
123 50 0.24433225531008157
123 52 0.09237721256437771
123 46 0.1368636601922148
123 91 0.2498554434346898
123 85 0.2285977251214937
123 84 0.05390497134487743
123 90 0.23385546231977777
123 47 0.12227822194750616
123 53 0.09171036164458242
127 76 0.1394832537568731
127 62 0.09991235800174239
127 89 0.11335519216733603
127 88 0.2697470821221361
127 63 0.13369803498170696
127 77 0.10313730936347243
127 49 0.2229141819294199
127 61 0.05818351512446868
127 75 0.04609517777420512
127 74 0.06067852998816335
127 60 0.07286844227093751
127 48 0.16296369590541293
127 64 0.10306890442589206
127 70 0.19967131729012744
127 58 0.10350648960707504
127 59 0.12038481791123337
127 71 0.39300764866635685
127 65 0.041387329690598204
127 73 0.0371809238484158
127 67 0.3114849150735852
127 66 0.20334127586262468
127 72 0.08396666615728494
127 57 0.3465775631152628
127 94 0.34121832093239923
127 80 0.42054583932171063
127 81 0.2613957182503499
127 95 0.10034964707720559
127 56 0.25993911386324364
127 68 0.5021168101867991
127 54 0.15519675798211358
127 83 0.08688334195353035
127 82 0.05018095824322634
127 55 0.13149572599432005
127 69 0.23569602539215234
127 51 0.24050505714115122
127 79 0.19631718896495742
127 86 0.20854561382680126
127 92 0.3545895044669734
127 93 0.3069784304842486
127 87 0.32860730015817774
127 78 0.22340864182695136
127 50 0.3566419753953563
127 52 0.13064722555641028
127 46 0.21403810671106693
127 91 0.4662165600513849
127 85 0.3337695914482778
127 84 0.10951272445927973
127 90 0.32476299947273124
127 47 0.21930434255708423
127 53 0.09413701702391723
133 76 0.05432886085374927
133 62 0.2433419276992565
133 89 0.07432623786100477
133 88 0.20018882283487097
133 63 0.14698360518967316
133 77 0.24884708231320907
133 49 0.3066047992005885
133 61 0.07094669038312726
133 75 0.09189395804664986
133 74 0.14194620983606349
133 60 0.042489480379650585
133 48 0.2619956247233774
133 64 0.13892635663309522
133 70 0.1882596454819019
133 58 0.2395710330345538
133 59 0.0590660332903591
133 71 0.2547422946644414
133 65 0.04729034276640688
133 73 0.07412326558030338
133 67 0.25657964006786843
133 66 0.14396368661453096
133 72 0.06271306393984044
133 57 0.38711165347943677
133 94 0.2389392841583349
133 80 0.2742410099551899
133 81 0.23969990310902012
133 95 0.11608651201781786
133 56 0.17455877452334315
133 68 0.3526607958309174
133 54 0.18547913642388744
133 83 0.1225054066780198
133 82 0.20062234445183919
133 55 0.10477765850853611
133 69 0.17597429367285425
133 51 0.07299384990050502
133 79 0.276572138825926
133 86 0.10185869450942142
133 92 0.2517311894658587
133 93 0.22924881457324797
133 87 0.13831642912067033
133 78 0.18576292412072
133 50 0.1263328211247018
133 52 0.13637827104705902
133 46 0.13107442984258993
133 91 0.23928125533559874
133 85 0.2422491211506452
133 84 0.12233463198877156
133 90 0.23276237598570187
133 47 0.3590405135409904
133 53 0.35450753370950405
132 76 0.08746142096253769
132 62 0.13468356785668956
132 89 0.15999806562459884
132 88 0.4107292073612009
132 63 0.1662980288344009
132 77 0.19275577078083983
132 49 0.11258890655262999
132 61 0.07187034307602345
132 75 0.08363238841514364
132 74 0.1378789687905338
132 60 0.07712929620601795
132 48 0.09786472350696745
132 64 0.1415423656874191
132 70 0.2947350232052444
132 58 0.1438463488768937
132 59 0.05232016573601475
132 71 0.137656601279202
132 65 0.05959854865079704
132 73 0.04220027265047564
132 67 0.3506529321040791
132 66 0.2544643507361991
132 72 0.08929323205633444
132 57 0.2773185021721143
132 94 0.5392451453510646
132 80 0.1470388785148442
132 81 0.26378308912286186
132 95 0.09287443349913976
132 56 0.3259679851336932
132 68 0.5732014273284727
132 54 0.17593700303117918
132 83 0.23181042690752363
132 82 0.02230532091167997
132 55 0.16424387441225538
132 69 0.31612160640552356
132 51 0.058674155899609726
132 79 0.14568896314851254
132 86 0.12395122439892042
132 92 0.5655655789996532
132 93 0.49865399283250933
132 87 0.34255371798780127
132 78 0.3075518251365904
132 50 0.09986229488576803
132 52 0.2737515147935061
132 46 0.38580953951929164
132 91 0.4596692955904591
132 85 0.47744073854724833
132 84 0.09568010017684399
132 90 0.4822992720128346
132 47 0.15352857584912685
132 53 0.15562921913948896
126 76 0.06660799101196353
126 62 0.08851603720772548
126 89 0.11406898914208559
126 88 0.18493324070538195
126 63 0.11395719623955045
126 77 0.13851945890530507
126 49 0.2278474380624681
126 61 0.07936380172793506
126 75 0.0588416954000652
126 74 0.07927492909530694
126 60 0.14489446354867347
126 48 0.0991122680107233
126 64 0.08252816192557685
126 70 0.14613008223618776
126 58 0.1135742769947444
126 59 0.052635496746979135
126 71 0.5004913948812237
126 65 0.055539669861851354
126 73 0.06026656348582482
126 67 0.3947998421907065
126 66 0.19321225247381651
126 72 0.051942476604971824
126 57 0.3981992677230941
126 94 0.4555543870942802
126 80 0.549451719382009
126 81 0.14154672089229903
126 95 0.046944219325199155
126 56 0.10409300487516229
126 68 0.4413682218901016
126 54 0.08537882275407008
126 83 0.2522351743574396
126 82 0.07896114105500912
126 55 0.09336999893191937
126 69 0.20997880798313318
126 51 0.15525975758319016
126 79 0.09091987895457834
126 86 0.21657862025404284
126 92 0.48294348048070046
126 93 0.43185477086780966
126 87 0.21654319596479019
126 78 0.2663984539694213
126 50 0.24961891436648925
126 52 0.082045383878445
126 46 0.12999982346917238
126 91 0.450766604393518
126 85 0.5257311487813537
126 84 0.06790584246528077
126 90 0.8964502356990715
126 47 0.09931658761721462
126 53 0.11760679866933058
118 76 0.13394551366847496
118 62 0.20197710680945588
118 89 0.09090245217827972
118 88 0.10008016033386752
118 63 0.08271656534651026
118 77 0.07873233025097783
118 49 0.26026656635801276
118 61 0.020446425272194146
118 75 0.06573836691219205
118 74 0.09737348350924056
118 60 0.046646090274528734
118 48 0.17304891822007773
118 64 0.06438358179354743
118 70 0.10755900585154626
118 58 0.3368532543599308
118 59 0.186841545966352
118 71 0.20927609904731798
118 65 0.057506961441042254
118 73 0.06228502557351656
118 67 0.15944188075136487
118 66 0.0698084294203549
118 72 0.007336608648174453
118 57 0.26749289534948
118 94 0.10623145565482309
118 80 0.22785331628524633
118 81 0.31348646447803463
118 95 0.07179796081573313
118 56 0.2817997702918497
118 68 0.20453611704940544
118 54 0.07851185611584406
118 83 0.16805340074576622
118 82 0.08313333549847624
118 55 0.11866902206577334
118 69 0.13655314514579525
118 51 0.14900076961689515
118 79 0.22012842171004526
118 86 0.09466177000075016
118 92 0.11883946005435297
118 93 0.10874732720103183
118 87 0.16958979017484993
118 78 0.10461046961673665
118 50 0.24302434517438037
118 52 0.11199460580117807
118 46 0.1859489849880187
118 91 0.1801568436596913
118 85 0.13110389848509024
118 84 0.165586545264202
118 90 0.12622091452115503
118 47 0.3262222776210511
118 53 0.2655023472578275
130 76 0.04567445452937019
130 62 0.10134207333736714
130 89 0.10212323310961052
130 88 0.2913401352407554
130 63 0.10997831484823963
130 77 0.1188459428661996
130 49 0.09641693190612562
130 61 0.05431672528370722
130 75 0.0780436924278237
130 74 0.03758997548680448
130 60 0.049482745965607394
130 48 0.07303692162017707
130 64 0.11523252562310513
130 70 0.1877821166509366
130 58 0.11672817882369324
130 59 0.058417243351073525
130 71 0.08663845866685728
130 65 0.03998302794359161
130 73 0.06831269641429892
130 67 0.20651177945910776
130 66 0.19901350959205907
130 72 0.061984074038712464
130 57 0.10801217870168878
130 94 0.327001405084119
130 80 0.08820879400616077
130 81 0.206119610360487
130 95 0.09091978977803458
130 56 0.17985366328525773
130 68 0.27709811928700384
130 54 0.15108705779906104
130 83 0.1951328650102749
130 82 0.06898939607260084
130 55 0.09841738395753755
130 69 0.19024484444354
130 51 0.034379941416331494
130 79 0.1310826016197097
130 86 0.030691180978725086
130 92 0.3368001468190005
130 93 0.29331640505900863
130 87 0.18680374811405115
130 78 0.18620912101132536
130 50 0.0617708073496024
130 52 0.14358073774561037
130 46 0.26537206991374906
130 91 0.24959591596040662
130 85 0.28433823483099285
130 84 0.10049495704301001
130 90 0.28094166553650457
130 47 0.11765283983261925
130 53 0.1201768034442923
124 76 0.08771372135326003
124 62 0.11836109557892595
124 89 0.0576408834706086
124 88 0.2771471938521987
124 63 0.04295859255689222
124 77 0.0425956585779
124 49 0.18092942367458867
124 61 0.06430216400365027
124 75 0.05054384723035607
124 74 0.05631242275557688
124 60 0.06652881972730469
124 48 0.08790244163415785
124 64 0.09140290188647572
124 70 0.14393999277656083
124 58 0.11680517366381751
124 59 0.04547636175105188
124 71 0.3886204936038476
124 65 0.05049873963381794
124 73 0.061960581989540325
124 67 0.30779447156620593
124 66 0.15669897223736864
124 72 0.08757167155442336
124 57 0.3092381117038001
124 94 0.2723718526129588
124 80 0.42321200770058165
124 81 0.11637960548394928
124 95 0.1795475099996894
124 56 0.12880535678815586
124 68 0.3609239680915731
124 54 0.09502394987111261
124 83 0.22474387809397223
124 82 0.051866132862013095
124 55 0.0795509507695124
124 69 0.21401443123934064
124 51 0.15047150442938642
124 79 0.0688367591453846
124 86 0.13705085593613422
124 92 0.2850983921406062
124 93 0.2353661674116747
124 87 0.19029672068286846
124 78 0.22708824095812877
124 50 0.24878234980462954
124 52 0.1194747036424102
124 46 0.1153054793346883
124 91 0.9047661495158431
124 85 0.2356212094569859
124 84 0.044011303071782235
124 90 0.2386595981870902
124 47 0.1606406130080388
124 53 0.11730055790516374
125 76 0.06121952433824289
125 62 0.11611613703872561
125 89 0.1147440312383858
125 88 0.22843541468336367
125 63 0.11623135660754738
125 77 0.08054330801034293
125 49 0.20084315218842813
125 61 0.05137454009039255
125 75 0.08535866378914443
125 74 0.06438635700076069
125 60 0.06638349009163975
125 48 0.09849330219100566
125 64 0.07947934723496869
125 70 0.16422405259803888
125 58 0.08523374275861517
125 59 0.04847727587252951
125 71 0.36920862129566046
125 65 0.08282922322515907
125 73 0.09528086426838824
125 67 0.40215048596974456
125 66 0.1888371201361421
125 72 0.025092595189470684
125 57 0.3321302534202808
125 94 0.2871406045523016
125 80 0.405420477338973
125 81 0.14751770321480184
125 95 0.09013644313707507
125 56 0.4350610621351273
125 68 0.5069838351170951
125 54 0.08565627202331026
125 83 0.27597106983499614
125 82 0.06777085122663758
125 55 0.10732990340184845
125 69 0.21799080199135487
125 51 0.12038498412141405
125 79 0.08261482815271913
125 86 0.1713496563919114
125 92 0.2550459794017421
125 93 0.3466288352212118
125 87 0.19488637731439687
125 78 0.2457724594035725
125 50 0.2070181441834552
125 52 0.019576404325559488
125 46 0.11530189148899611
125 91 0.32386195899646475
125 85 0.3044244635518961
125 84 0.08934182136337987
125 90 0.28783787937105976
125 47 0.09672301617716719
125 53 0.08267864588256355
131 76 0.07617171685071221
131 62 0.16217303448094278
131 89 0.15834332093781658
131 88 0.4652096876610218
131 63 0.13036102686023512
131 77 0.05421201343567417
131 49 0.04424904845272383
131 61 0.0373580276541893
131 75 0.04859294762647358
131 74 0.12187575235809564
131 60 0.08592083810701141
131 48 0.10432386415587933
131 64 0.14541047692673986
131 70 0.33469335675232914
131 58 0.6594522759271415
131 59 0.13875902100799453
131 71 0.0646197282196876
131 65 0.054909701852348766
131 73 0.035754664399261074
131 67 0.3247908174667847
131 66 0.24031840371659874
131 72 0.03762622959240203
131 57 0.4759777872836799
131 94 0.43504245416054
131 80 0.07042594462780742
131 81 0.2751041419773335
131 95 0.05501835869072576
131 56 0.18554039452745513
131 68 0.5195096872913969
131 54 0.19991580798086472
131 83 0.07367383019774018
131 82 0.040932882711716495
131 55 0.17336506826510104
131 69 0.3563785309326305
131 51 0.055632248032292955
131 79 0.09777300725810151
131 86 0.10033211412742322
131 92 0.4590726273757204
131 93 0.40132567509996253
131 87 0.3963726196966192
131 78 0.2935679001823572
131 50 0.012860582851072166
131 52 0.05626038035670036
131 46 0.2194131532898945
131 91 0.42865648888422947
131 85 0.39592965302958577
131 84 0.0699356093086001
131 90 0.39594415623239826
131 47 0.1725077063905972
131 53 0.03904625721909048
119 76 0.06986739127676397
119 62 0.20559048160156138
119 89 0.11446600122721645
119 88 0.2569271447103807
119 63 0.07551780814977982
119 77 0.3893198323308831
119 49 0.12991811739570236
119 61 0.1574169239267208
119 75 0.1372486584109183
119 74 0.18002734758590713
119 60 0.05922482626774496
119 48 0.1406501753737035
119 64 0.09285362735525389
119 70 0.29687989879652465
119 58 0.521942457848009
119 59 0.03832599775030093
119 71 0.11183709149461077
119 65 0.04689523509859146
119 73 0.07239047008757941
119 67 0.18483725658294253
119 66 0.13040762998875854
119 72 0.03364721016146682
119 57 0.21382980065264007
119 94 0.24483730621968625
119 80 0.11404721397680725
119 81 0.04107644758729796
119 95 0.0366629283233829
119 56 0.25229126050079875
119 68 0.32365392059278286
119 54 0.09494407647615284
119 83 0.20653591943451302
119 82 0.056748824381414584
119 55 0.21369545029402565
119 69 0.1922400558739439
119 51 0.06521248389150602
119 79 0.40783486570556726
119 86 0.13950256962541338
119 92 0.2645958276224146
119 93 0.2395954298297808
119 87 0.19166091513138558
119 78 0.17437888096868773
119 50 0.028446598498312575
119 52 0.1284406195979869
119 46 0.18942244394369678
119 91 0.2579010208232967
119 85 0.25665923660426954
119 84 0.15126222662384656
119 90 0.24389236398270603
119 47 0.1107506546255481
119 53 0.08228900309947243
