114 76 0.05810001129075221
114 62 0.16620216249156877
114 89 0.08001274245418113
114 88 0.24111413553196276
114 63 0.06201747551116485
114 77 0.023386385628297562
114 49 0.023977848598216875
114 61 0.006499175084806547
114 75 0.005798724162224933
114 74 0.10747437086637232
114 60 0.0060154734632833495
114 48 0.04563392465802606
114 64 0.07219760206390559
114 70 0.29459512221006684
114 58 0.5709897574461232
114 59 0.010264470581477642
114 71 0.0373745835647975
114 65 0.00071184205447683
114 73 0.004294401813122878
114 67 0.23384137893952195
114 66 0.1788951519207121
114 72 0.010989727191492132
114 57 0.27788064319838224
114 94 0.32215619492784703
114 80 0.04068836921998693
114 81 0.20401955952314388
114 95 0.04484655072939503
114 56 0.14824063495093454
114 68 0.44003467986581013
114 54 0.08779195513776507
114 83 0.027749794384872406
114 82 0.029738351759278456
114 55 0.17286109692201523
114 69 0.3228715683128732
114 51 0.012031761168391275
114 79 0.06147435673282786
114 86 0.013021177758891028
114 92 0.3373326528212407
114 93 0.2812063450232788
114 87 0.20663533203531348
114 78 0.24582054722682484
114 50 0.023079361866970252
114 52 0.009161940547883024
114 46 0.13481181795632516
114 91 0.2761526732250677
114 85 0.28315270622280575
114 84 0.02628744044536696
114 90 0.28406529599901353
114 47 0.09271907812871094
114 53 0.012294251425551211
100 76 0.014956519140493577
100 62 0.08877244927222547
100 89 0.02935007837196535
100 88 0.09755000344525235
100 63 0.14666474163371945
100 77 0.03312222469332615
100 49 0.15443114582512305
100 61 0.008429265049835766
100 75 0.007456359468776652
100 74 0.01763400974777278
100 60 0.009028351734127027
100 48 0.06925072427065311
100 64 0.10098455424886982
100 70 0.1102700811551389
100 58 0.20515867741291138
100 59 0.005131471532201448
100 71 0.36244327849060043
100 65 0.0037837887386686087
100 73 0.005450717000824418
100 67 0.22613551186217506
100 66 0.08455209368510952
100 72 0.007820646433107495
100 57 0.3040991749877978
100 94 0.15340819986702553
100 80 0.3989241324737268
100 81 0.0840705765383547
100 95 0.04079730973942297
100 56 0.11978572038955651
100 68 0.3453316171288291
100 54 0.04744718335832489
100 83 0.04869345030935977
100 82 0.022011302708277197
100 55 0.1645832265646625
100 69 0.15114751076918564
100 51 0.08069619751879592
100 79 0.030814918436562394
100 86 0.13312596063947052
100 92 0.1358105418072753
100 93 0.12555406199289568
100 87 0.08732149835806513
100 78 0.13022475431172814
100 50 0.15660785304836458
100 52 0.016976301328942928
100 46 0.13783606529927322
100 91 0.13357108823464772
100 85 0.13314510781285743
100 84 0.03077718489340517
100 90 0.13000976622325172
100 47 0.056451126554612555
100 53 0.0323342150585732
128 76 0.0297859989856889
128 62 0.0515021367626224
128 89 0.09742011432639412
128 88 0.28990360546259897
128 63 0.049041714514429235
128 77 0.05978454455832616
128 49 0.027387612738153266
128 61 0.00729583361952299
128 75 0.004733504998108429
128 74 0.030084793727152823
128 60 0.007739667499962771
128 48 0.03720131892392187
128 64 0.04964661348353905
128 70 0.2155991410817242
128 58 0.11744757730822955
128 59 0.011074993533932584
128 71 0.04296171587283655
128 65 0.0019324629733205312
128 73 0.003668844520224507
128 67 0.26247851077438933
128 66 0.21394109248257398
128 72 0.03481069081050239
128 57 0.17595784126561423
128 94 0.41398587850783086
128 80 0.04710326409176055
128 81 0.18141056956971802
128 95 0.06771085517843013
128 56 0.1763886512662617
128 68 0.5313058594015667
128 54 0.09448468485502699
128 83 0.023305640509995923
128 82 0.023980029718353474
128 55 0.09541531071941134
128 69 0.26488868018090733
128 51 0.013265011639689392
128 79 0.09274835567486062
128 86 0.015629445965481686
128 92 0.4305156579467122
128 93 0.35536117590578736
128 87 0.2607429021461153
128 78 0.25962978094501854
128 50 0.024801908272001502
128 52 0.01221113547768947
128 46 0.13710550836600133
128 91 0.3499520287911736
128 85 0.3644057610626167
128 84 0.015018090764183908
128 90 0.3641413722265934
128 47 0.08466959056295911
128 53 0.018789263941121473
129 76 0.02552766585892033
129 62 0.17431602616014477
129 89 0.1347343506767097
129 88 0.4086944725862376
129 63 0.10193847868427558
129 77 0.03656424574535588
129 49 0.05023118862094712
129 61 0.008608538436441993
129 75 0.00791886805963285
129 74 0.03679920360644123
129 60 0.007858991504388721
129 48 0.0790529568123221
129 64 0.10861479754060044
129 70 0.3975233636316603
129 58 0.6411946268656241
129 59 0.01345792766023067
129 71 0.07368119510030466
129 65 0.0015880657469026505
129 73 0.006209302521276827
129 67 0.38772684556781367
129 66 0.29770635942608054
129 72 0.015089738214994486
129 57 0.4537133616053731
129 94 0.5595548727385797
129 80 0.08073169881474071
129 81 0.3009846366171932
129 95 0.07710578639756567
129 56 0.23517601476681105
129 68 0.6759376246086897
129 54 0.169294608306026
129 83 0.03861686693383948
129 82 0.14980196919204883
129 55 0.17655534058396571
129 69 0.46086773316308594
129 51 0.021622281458005918
129 79 0.11802613120753014
129 86 0.026846725063628354
129 92 0.5846307622976499
129 93 0.48398217364037344
129 87 0.35937725637092244
129 78 0.3786549451755473
129 50 0.04185015257394052
129 52 0.01466260044478665
129 46 0.22404258810121636
129 91 0.47596557705741893
129 85 0.4918858453572096
129 84 0.03325219039311632
129 90 0.492579108293424
129 47 0.16259577064063255
129 53 0.022754646347624696
101 76 0.01025452113672358
101 62 0.039318395215872576
101 89 0.01757733957845478
101 88 0.08008864042971786
101 63 0.018416748558794854
101 77 0.019179030762628363
101 49 0.08058328230702799
101 61 0.0049627965949613495
101 75 0.0035052042292139096
101 74 0.010525309245600675
101 60 0.004602979585478478
101 48 0.03249548113561647
101 64 0.020584270863556298
101 70 0.06853434097923637
101 58 0.12264979445329209
101 59 0.006525559450622442
101 71 0.15521328851947044
101 65 0.001917350778342014
101 73 0.0026526953965271827
101 67 0.11439140207424042
101 66 0.053235221678854014
101 72 0.005076156293727346
101 57 0.14926300503447687
101 94 0.13083083907222023
101 80 0.17082518781430445
101 81 0.05035047839400614
101 95 0.020954784565108214
101 56 0.0747612847680888
101 68 0.18475530004806479
101 54 0.024289631239818754
101 83 0.023843639680301468
101 82 0.012595567983070738
101 55 0.07564214817907666
101 69 0.08872839058633135
101 51 0.035182364818255665
101 79 0.01912348425112481
101 86 0.056956833383683375
101 92 0.12659505694224685
101 93 0.11447077918762455
101 87 0.05235146985457219
101 78 0.07708668529375592
101 50 0.09322119176983387
101 52 0.011774966099482378
101 46 0.041250016229804176
101 91 0.11328999433923273
101 85 0.1105222744109005
101 84 0.03619130661700033
101 90 0.10950398251324689
101 47 0.031790641995301336
101 53 0.01780012232488902
115 76 0.03400792163343089
115 62 0.05361066036321302
115 89 0.018015074299609662
115 88 0.06179081274151138
115 63 0.022663618799678598
115 77 0.0625405136155335
115 49 0.04516078092181729
115 61 0.0045915644447073745
115 75 0.0059895268983526095
115 74 0.07927823565903566
115 60 0.004017824695585426
115 48 0.0307175413625623
115 64 0.07169262133300812
115 70 0.07818035366846944
115 58 0.03708609972071426
115 59 0.005026457908149068
115 71 0.03791663779014004
115 65 0.0016026355706882656
115 73 0.006726210919176023
115 67 0.07362354585795178
115 66 0.15283527647445444
115 72 0.05214867671106364
115 57 0.05419873138575779
115 94 0.15366583043927703
115 80 0.04167192317136338
115 81 0.06537761702752193
115 95 0.019895989894294766
115 56 0.18058115734558777
115 68 0.1290698405360948
115 54 0.02181750171057363
115 83 0.15107108686002602
115 82 0.02401591529880641
115 55 0.12517087887048392
115 69 0.055038588106225236
115 51 0.010867979630337393
115 79 0.04265231075621918
115 86 0.0146604090173158
115 92 0.15839499525709627
115 93 0.14068526117226218
115 87 0.0546859363826024
115 78 0.059989936179562386
115 50 0.021450264382233616
115 52 0.5518390788879465
115 46 0.39888140127313987
115 91 0.13767308364367722
115 85 0.13343859879229317
115 84 0.04520087157722845
115 90 0.13359416514898434
115 47 0.18285831192205657
115 53 0.17354833173040063
103 76 0.028932168756510862
103 62 0.17805228037472076
103 89 0.04785709671683169
103 88 0.1601825306461594
103 63 0.05610258010958037
103 77 0.038120106307434204
103 49 0.046239470482671755
103 61 0.013859706962284946
103 75 0.006604116747357003
103 74 0.025165858939695043
103 60 0.008735749427170147
103 48 0.04888554474881833
103 64 0.06738144574735598
103 70 0.3079594196624362
103 58 0.9289539836118366
103 59 0.01249856214885535
103 71 0.08281430461324227
103 65 0.003889072102274377
103 73 0.004841844320614769
103 67 0.20509303064945025
103 66 0.2889221945970608
103 72 0.012339072215121469
103 57 0.40705847626723424
103 94 0.21405958166758854
103 80 0.0909238285509093
103 81 0.2143151990117665
103 95 0.03633402696640224
103 56 0.15276195491891684
103 68 0.5126184167743256
103 54 0.08137565313774252
103 83 0.03313267308877352
103 82 0.03764206003552607
103 55 0.14327531700860024
103 69 0.3499218855288331
103 51 0.026327961214073062
103 79 0.04904944225826545
103 86 0.02999813647296548
103 92 0.21798038247406593
103 93 0.189039816585397
103 87 0.13959720852892166
103 78 0.22180390727189891
103 50 0.04869165554323136
103 52 0.02126575922473689
103 46 0.11638404328709663
103 91 0.1955391192772471
103 85 0.19110898130138188
103 84 0.030587642216818672
103 90 0.19043463606750066
103 47 0.08944439009584448
103 53 0.033820272670212745
117 76 0.09584320048069209
117 62 0.22362759236461893
117 89 0.0369672682231017
117 88 0.14477961380948312
117 63 0.0375858927410212
117 77 0.2632237411682808
117 49 0.13337194853410725
117 61 0.0485926328572133
117 75 0.44594092692547294
117 74 0.23095135319593624
117 60 0.0014494083013164294
117 48 0.2983901901052052
117 64 0.11029274487021762
117 70 0.260593725521871
117 58 0.6431578931143843
117 59 0.007468497346008407
117 71 0.05654378743803477
117 65 0.0
117 73 0.2509786288577043
117 67 0.15457482509926776
117 66 0.09047068352541271
117 72 0.06661964267125899
117 57 0.2506403099058564
117 94 0.2131352987563433
117 80 0.0592508102889588
117 81 0.21376686208598583
117 95 0.0624662738632205
117 56 0.2488018222450379
117 68 0.33578787732193394
117 54 0.05304599554864371
117 83 0.4683586081501566
117 82 0.040051967171456246
117 55 0.16646691819721432
117 69 0.27123658734252726
117 51 0.07063561567827539
117 79 0.2895726896387447
117 86 0.012574083665508204
117 92 0.22430446411020705
117 93 0.1953800370237392
117 87 0.19811746401619584
117 78 0.24940403694479982
117 50 0.02086644562195389
117 52 0.06112160256499481
117 46 0.2771302813358572
117 91 0.21678861750113265
117 85 0.20992654555371418
117 84 0.09296313400444149
117 90 0.2117763680930249
117 47 0.06769743439040773
117 53 0.04984973158327752
116 76 0.08068632567232134
116 62 0.17051647699720893
116 89 0.09696280499843914
116 88 0.2874809241303283
116 63 0.0630757105097706
116 77 0.04987159205966249
116 49 0.04029535699089426
116 61 0.05670625977886713
116 75 0.012520225238006638
116 74 0.036744255559940917
116 60 0.005947499836401665
116 48 0.054734643914837594
116 64 0.0725693317018355
116 70 0.40371554010062694
116 58 0.7160079649106161
116 59 0.04393782795845627
116 71 0.04550320152219868
116 65 0.0008234061139694437
116 73 0.009497002056594109
116 67 0.2878639260185919
116 66 0.26085642574381873
116 72 0.014333702870896928
116 57 0.4074226796804835
116 94 0.3950463066385682
116 80 0.04961304868506651
116 81 0.2371086374387244
116 95 0.05760433330151668
116 56 0.27243973978375136
116 68 0.5644632829471217
116 54 0.08675090314845138
116 83 0.18117190000537786
116 82 0.17742569888394666
116 55 0.21225321367874295
116 69 0.39455811512219785
116 51 0.015377477583588192
116 79 0.08730290634039131
116 86 0.017498409254894917
116 92 0.4137119888840253
116 93 0.344429086920882
116 87 0.25101437598868037
116 78 0.3017066168698258
116 50 0.030457069703620387
116 52 0.03514711378835966
116 46 0.2754712011780063
116 91 0.3412822256797587
116 85 0.3484769544215137
116 84 0.06936562573818661
116 90 0.349708133746466
116 47 0.10555963306145318
116 53 0.028597355076950076
102 76 0.007348058620226916
102 62 0.09773829373072775
102 89 0.018682324844979517
102 88 0.060237217127537365
102 63 0.0236157211276838
102 77 0.007872716333006444
102 49 0.02612003248003758
102 61 0.0030976085190544678
102 75 0.0021760608323433406
102 74 0.008606075839866612
102 60 0.0006432794992259627
102 48 0.02338210844223164
102 64 0.031026918295081016
102 70 0.1547458971111761
102 58 0.5580566468385426
102 59 0.002542344770381816
102 71 0.054920103162760414
102 65 0.0
102 73 0.0014437209791989536
102 67 0.09437945324441666
102 66 0.04927405342764969
102 72 0.003128407316479509
102 57 0.2322474708563012
102 94 0.08018559708752733
102 80 0.06039021550027024
102 81 0.10984006429390517
102 95 0.013678955780700969
102 56 0.07033710559604531
102 68 0.24649791835235463
102 54 0.03802246201701995
102 83 0.013682935755260014
102 82 0.015121607200737061
102 55 0.0627079842805193
102 69 0.17914084165974278
102 51 0.013122174948118542
102 79 0.01752102656537892
102 86 0.020126484987241525
102 92 0.07666298800390375
102 93 0.06471718427854868
102 87 0.051709567337514487
102 78 0.09703075041723452
102 50 0.026896701722869773
102 52 0.002317272813243676
102 46 0.047571064109679845
102 91 0.06792696950453886
102 85 0.07044610003175936
102 84 0.013076439384952843
102 90 0.06454091526831457
102 47 0.034528289771145554
102 53 0.005311790065572308
106 76 0.03184230529163637
106 62 0.09943988843135157
106 89 0.026236687301094574
106 88 0.0801668458085357
106 63 0.028099589010161935
106 77 0.013316075693784499
106 49 0.016083698427378945
106 61 0.003697318739589117
106 75 0.004359838549997941
106 74 0.01231780012665172
106 60 0.000686206580371107
106 48 0.023978568734818323
106 64 0.03651888084772807
106 70 0.16963343103256395
106 58 0.5534214578946165
106 59 0.007586230093615864
106 71 0.025589744553327104
106 65 0.0
106 73 0.0030997735670788007
106 67 0.10002556099715143
106 66 0.06556437906997993
106 72 0.047580598438567934
106 57 0.22160254351995123
106 94 0.09830745543941312
106 80 0.027915553186625308
106 81 0.11828483917891079
106 95 0.01595616239956686
106 56 0.086866000454564
106 68 0.2535674274993097
106 54 0.04463100809675477
106 83 0.016041846264518905
106 82 0.04368090326076843
106 55 0.13122671091281898
106 69 0.19637756960835573
106 51 0.00816296537264019
106 79 0.026087447005665163
106 86 0.009324259174191177
106 92 0.10375795033605711
106 93 0.08812250845529838
106 87 0.0700144413413337
106 78 0.1172422170912089
106 50 0.01610551077401326
106 52 0.005019637553402262
106 46 0.060632525459163755
106 91 0.0882345497285072
106 85 0.08649927269042075
106 84 0.019819878897572196
106 90 0.08733534028422041
106 47 0.041818272620618824
106 53 0.005146212965413566
112 76 0.021082179162544748
112 62 0.15420286377390488
112 89 0.04787524369752599
112 88 0.1453140969765421
112 63 0.05060446447054151
112 77 0.025240514002969353
112 49 0.03445628598718957
112 61 0.006317160859429238
112 75 0.008822291763421905
112 74 0.023185169715250628
112 60 0.0011738084433348395
112 48 0.04539086634912959
112 64 0.06762424409230545
112 70 0.27425719638603385
112 58 0.8280100723777237
112 59 0.011900132045866915
112 71 0.05939470131686134
112 65 0.0
112 73 0.006188112391350531
112 67 0.17590447030512937
112 66 0.11687072604556424
112 72 0.010507301208434919
112 57 0.3523997870960739
112 94 0.17717960445627023
112 80 0.06487749431556035
112 81 0.19446123264823406
112 95 0.029583986668403478
112 56 0.15389461138764624
112 68 0.4217519184354236
112 54 0.08284695637294766
112 83 0.03164892643928362
112 82 0.032508303782162934
112 55 0.2574956598361445
112 69 0.3199886614324534
112 51 0.017441474377539
112 79 0.04761418195124019
112 86 0.02166224134661389
112 92 0.18700303570633925
112 93 0.15923077630853438
112 87 0.12626268961984993
112 78 0.20379984960576586
112 50 0.03469648672684632
112 52 0.010157419027079617
112 46 0.1127081442439469
112 91 0.16018365164462253
112 85 0.15606750294014599
112 84 0.03847780477756299
112 90 0.15757598940014758
112 47 0.07478309507037664
112 53 0.008962870352526478
113 76 0.043904367486684984
113 62 0.16709272649983026
113 89 0.13008110176045312
113 88 0.39164683465857153
113 63 0.09011610832339785
113 77 0.08940821120909101
113 49 0.05148867245130037
113 61 0.0117479536828006
113 75 0.012903245481716633
113 74 0.05093225489787556
113 60 0.010453136715138076
113 48 0.07292079009323957
113 64 0.09995325080090628
113 70 0.38787212835326346
113 58 0.6333238383257495
113 59 0.01808156573272919
113 71 0.06738372881141139
113 65 0.002061750945246882
113 73 0.009907082499248418
113 67 0.37517945098545963
113 66 0.29488399395301923
113 72 0.04171958507291569
113 57 0.3907553572384642
113 94 0.5415691134470927
113 80 0.07366260106056396
113 81 0.29576351205559614
113 95 0.08843533041585169
113 56 0.3377819411460805
113 68 0.7168172026750841
113 54 0.11973910912544955
113 83 0.15716462179099666
113 82 0.04534004146696706
113 55 0.22297319546501976
113 69 0.4658492904775533
113 51 0.02151426640787553
113 79 0.120769332278522
113 86 0.025157635285546084
113 92 0.5649931543208613
113 93 0.4699784498434122
113 87 0.33863212898562883
113 78 0.38940533351460305
113 50 0.041446778468096857
113 52 0.03709738216044431
113 46 0.29963718143192564
113 91 0.46442602390504306
113 85 0.47773999708644344
113 84 0.06468941305840152
113 90 0.4783690285547566
113 47 0.14577016903862036
113 53 0.03603360463358843
107 76 0.00877484749743658
107 62 0.013457859689379348
107 89 0.0087064749656037
107 88 0.03608868634931739
107 63 0.007997690734403581
107 77 0.018393173363199705
107 49 0.025704663008375525
107 61 0.006277122029937049
107 75 0.0060790152779908735
107 74 0.006735505483143223
107 60 0.005128361551264227
107 48 0.01103308043746093
107 64 0.004099472679281485
107 70 0.02658457729504736
107 58 0.006196605327692589
107 59 0.0040405545270312815
107 71 0.04849189573395234
107 65 0.00731297259863653
107 73 0.005796988262055935
107 67 0.10371967479289564
107 66 0.1486032058142454
107 72 0.003993144438743851
107 57 0.10315147549710289
107 94 0.049454792964495106
107 80 0.05339268742901747
107 81 0.018551405956705486
107 95 0.014379220508590501
107 56 0.4672580046423791
107 68 0.423482215383035
107 54 0.004387642376510903
107 83 0.012863613655477071
107 82 0.009948569569920143
107 55 0.018149241871692923
107 69 0.030808400700790148
107 51 0.013974497268159455
107 79 0.009616090864031937
107 86 0.017619312086175593
107 92 0.04797703540195407
107 93 0.06569425481020882
107 87 0.03179123235973515
107 78 0.03502760974535156
107 50 0.027592884760744604
107 52 0.009775006440996784
107 46 0.015320822364449538
107 91 0.04787607075106902
107 85 0.04510115954167747
107 84 0.0071474259569661025
107 90 0.044198272450637635
107 47 0.016623901925377577
107 53 0.021117853751430007
139 76 0.053468851356315295
139 62 0.03636892764241212
139 89 0.04517851941012262
139 88 0.1374357877357222
139 63 0.0247992172127207
139 77 0.026698425093762468
139 49 0.027175380642363023
139 61 0.03450561176455072
139 75 0.0028120854429712627
139 74 0.023195064619744618
139 60 0.005487087020801806
139 48 0.022255798439300575
139 64 0.023744144246931484
139 70 0.15533152091378402
139 58 0.08394821625748414
139 59 0.05450545159933774
139 71 0.04244415551425258
139 65 0.0017856350372300878
139 73 0.0026669426093576254
139 67 0.1390052510604851
139 66 0.20275663037613115
139 72 0.007719568520871328
139 57 0.13206778530319352
139 94 0.24207937780830807
139 80 0.046658406067855526
139 81 0.08620387169659507
139 95 0.029900638245987946
139 56 0.09787838948797195
139 68 0.2481437048847585
139 54 0.05342369775706576
139 83 0.030867185624865026
139 82 0.05472027129442418
139 55 0.054391316926966984
139 69 0.1297396239664923
139 51 0.012322440676241442
139 79 0.04744332706605264
139 86 0.015499639194786571
139 92 0.2505231943226566
139 93 0.21262381453706766
139 87 0.12817259424394237
139 78 0.12592873039489075
139 50 0.023494559965937245
139 52 0.023491355506992648
139 46 0.0791705522781154
139 91 0.20762388491464331
139 85 0.2101089375686631
139 84 0.011288893010454257
139 90 0.2099514645314104
139 47 0.04647706442472324
139 53 0.024260694910614944
111 76 0.03711819616853257
111 62 0.19054097933515698
111 89 0.10717163631576096
111 88 0.3211504980314842
111 63 0.08082251368393378
111 77 0.04051699558480994
111 49 0.040323482662782115
111 61 0.013400044718203663
111 75 0.009540348334046544
111 74 0.0381066071690173
111 60 0.005855749746049466
111 48 0.06550319101513394
111 64 0.09723705722395454
111 70 0.4409111728404925
111 58 0.8192087513211216
111 59 0.025608739776307246
111 71 0.05935938901327138
111 65 0.000767665247678323
111 73 0.007050231197025136
111 67 0.3466864760332108
111 66 0.28331032043371607
111 72 0.017916927699264215
111 57 0.4353013651905604
111 94 0.427635320633579
111 80 0.06471506406592295
111 81 0.28334609511742115
111 95 0.06226352117999742
111 56 0.25081316265785775
111 68 0.7286871499498014
111 54 0.11814966278159823
111 83 0.04548492697677686
111 82 0.05175453052468813
111 55 0.2864439460834166
111 69 0.5582944944474759
111 51 0.018747685509829068
111 79 0.11590616460053846
111 86 0.02119582051540131
111 92 0.44861625179640263
111 93 0.3754868430075112
111 87 0.294355273315152
111 78 0.48012150648031326
111 50 0.037217326515065194
111 52 0.01921409019497
111 46 0.18927314642022242
111 91 0.3708601804059703
111 85 0.3761734734802975
111 84 0.045720121723216836
111 90 0.3778763180873879
111 47 0.12910464518397055
111 53 0.018756734875199577
105 76 0.024560589874006666
105 62 0.06257464680794288
105 89 0.022792532163790638
105 88 0.07951637872267314
105 63 0.026005368343772817
105 77 0.03180276018353999
105 49 0.14367244458127276
105 61 0.009609129158106175
105 75 0.005724500455686704
105 74 0.023391665687545957
105 60 0.010688413092063268
105 48 0.05797378515813549
105 64 0.02300738700146482
105 70 0.0828094860953221
105 58 0.13295991583879505
105 59 0.008717709637942828
105 71 0.33901356268726757
105 65 0.0045931386820282916
105 73 0.003944669241522397
105 67 0.2217490323044453
105 66 0.13490816425116922
105 72 0.007680866950459497
105 57 0.30850837123098046
105 94 0.1450221319361687
105 80 0.37332191996961783
105 81 0.059885041680181314
105 95 0.03691738148364904
105 56 0.2721814462543718
105 68 0.4467011071849821
105 54 0.026828980087861956
105 83 0.13201262824963989
105 82 0.02109980861572147
105 55 0.04571507983569603
105 69 0.14056211115420922
105 51 0.07600484623252188
105 79 0.02411538189339095
105 86 0.12451825988415516
105 92 0.11736524887661264
105 93 0.10961858498157824
105 87 0.07456024994405294
105 78 0.14310591650387489
105 50 0.14905959592848403
105 52 0.011792833935941022
105 46 0.0466804310728576
105 91 0.12146507252492336
105 85 0.1268429098075392
105 84 0.022950796507299115
105 90 0.11475398040455906
105 47 0.04540021870550755
105 53 0.03435625495015726
104 76 0.016818814139260688
104 62 0.17547088095226496
104 89 0.04024372662319814
104 88 0.12678799702304985
104 63 0.04786407284235848
104 77 0.018062609257577245
104 49 0.02283923867182283
104 61 0.006071053576048618
104 75 0.00618217320759562
104 74 0.018918874031521482
104 60 0.0009230119254043934
104 48 0.039607718158356606
104 64 0.06370284420912967
104 70 0.29373528654205405
104 58 1.0
104 59 0.006244472245385713
104 71 0.03442316100413288
104 65 0.0
104 73 0.004356783122069413
104 67 0.1556886126679717
104 66 0.09946078620199489
104 72 0.007538800938374612
104 57 0.38495520658561044
104 94 0.15176569183929794
104 80 0.037531147274078844
104 81 0.20664619875682258
104 95 0.024150070593372083
104 56 0.13086244828307783
104 68 0.42071611293901223
104 54 0.07809510327667638
104 83 0.024845857049919318
104 82 0.02982772651743769
104 55 0.17791841312382492
104 69 0.33404286079495127
104 51 0.011578969728513966
104 79 0.039302319941146316
104 86 0.012537965600838197
104 92 0.16018009057597907
104 93 0.1357771834019827
104 87 0.10794005232999108
104 78 0.18780104099567096
104 50 0.0225966129338164
104 52 0.007117756411988946
104 46 0.10087582797558464
104 91 0.1370564426221377
104 85 0.13346650261505003
104 84 0.029979785821837468
104 90 0.13475653678786426
104 47 0.07028030774284016
104 53 0.008766419294361213
110 76 0.026711590989145648
110 62 0.13161217580993018
110 89 0.14339174074949718
110 88 0.2582886552498266
110 63 0.04247065495321735
110 77 0.17245310438949157
110 49 0.04976985543975161
110 61 0.005623024693517914
110 75 0.00760550903063581
110 74 0.04627938453531409
110 60 0.05227689565814239
110 48 0.06558923179075003
110 64 0.04715742190193571
110 70 0.2277414659965874
110 58 0.43080773155782226
110 59 0.007978175684054595
110 71 0.1426218859901839
110 65 0.0008925466055260955
110 73 0.005719034382097921
110 67 0.18920991613095905
110 66 0.13355295176187448
110 72 0.0879212216999341
110 57 0.25867983812278095
110 94 0.27869977254200273
110 80 0.14659349731801788
110 81 0.21724620626642915
110 95 0.0646036271098884
110 56 0.16261913745496726
110 68 0.41112936575291725
110 54 0.08309828398599348
110 83 0.028430563003335144
110 82 0.10468829583958762
110 55 0.13814560328582834
110 69 0.3834430933230901
110 51 0.01036055252004739
110 79 0.13325562289648382
110 86 0.012080025314053819
110 92 0.29101517496634394
110 93 0.32120475941491106
110 87 0.19811575667355744
110 78 0.2795862906161273
110 50 0.020268142920844986
110 52 0.020874506518352112
110 46 0.14977715423368354
110 91 0.25542660331966727
110 85 0.25732046458821617
110 84 0.022892351127172736
110 90 0.25822805049033637
110 47 0.10860855378410425
110 53 0.025526334021944555
138 76 0.042651610696817624
138 62 0.08569860001876414
138 89 0.06217206627741098
138 88 0.19134608566963454
138 63 0.042011438715454735
138 77 0.05937752163132616
138 49 0.03269174808972848
138 61 0.009762091353647875
138 75 0.004031446163133862
138 74 0.037630971879951125
138 60 0.009149796951987213
138 48 0.03253965677573287
138 64 0.039788924341364953
138 70 0.1833959126434832
138 58 0.08937447903837163
138 59 0.014086851074889495
138 71 0.059013615486917526
138 65 0.002641190676992755
138 73 0.0031623318341244544
138 67 0.21751674193312462
138 66 0.23506497445603547
138 72 0.07815051164268386
138 57 0.17867577693570333
138 94 0.2864468902883411
138 80 0.06486183954913131
138 81 0.11989400721041998
138 95 0.050940271886159585
138 56 0.16736939717428384
138 68 0.41903184312837194
138 54 0.04700381365151575
138 83 0.04251854001571574
138 82 0.03597917165053459
138 55 0.06479435584211975
138 69 0.191052221652367
138 51 0.018262309883248062
138 79 0.05981389203236444
138 86 0.0214741708308782
138 92 0.2827997848763665
138 93 0.23716737285601386
138 87 0.1864320377756336
138 78 0.19158215386610913
138 50 0.03391915281970051
138 52 0.013745662885815815
138 46 0.11656799356858591
138 91 0.23559247073076256
138 85 0.24262896736452122
138 84 0.013783551077334727
138 90 0.24214704526631575
138 47 0.09735798317380062
138 53 0.07924663563079068
140 76 0.06244089894234163
140 62 0.056520988483430054
140 89 0.0423073910234342
140 88 0.12532131321681708
140 63 0.03881575406626801
140 77 0.02279993099667406
140 49 0.053641234491792714
140 61 0.028671640030917003
140 75 0.004826357147083737
140 74 0.024091669869952773
140 60 0.004949728877911175
140 48 0.019153520211632996
140 64 0.018670749981722287
140 70 0.1775588847870047
140 58 0.15684353394824374
140 59 0.02259220829279114
140 71 0.04033575373593966
140 65 0.0014920009655589594
140 73 0.003357623104237095
140 67 0.14441792623714483
140 66 0.1882806907936214
140 72 0.007409544504706517
140 57 0.19046973244264387
140 94 0.1866752727681081
140 80 0.04426102137321167
140 81 0.09351957091186719
140 95 0.02717547039677473
140 56 0.08326272338742532
140 68 0.29397270289239064
140 54 0.02227127593997652
140 83 0.018972204545812554
140 82 0.05769486869467301
140 55 0.061816464041722724
140 69 0.19931438738433105
140 51 0.011813156472302855
140 79 0.035357043953291714
140 86 0.014940085168469494
140 92 0.18649018989812963
140 93 0.15648894074637487
140 87 0.12103616786551905
140 78 0.20036900743259828
140 50 0.05324173002592293
140 52 0.010629447530116992
140 46 0.05609327846556805
140 91 0.1565285068171949
140 85 0.16533039677955852
140 84 0.022098049936010875
140 90 0.15957330476472892
140 47 0.0435441828872338
140 53 0.01578399623866683
135 76 0.06288601618503625
135 62 0.1923042734266896
135 89 0.0615903350283491
135 88 0.2095403519805805
135 63 0.05817947682421218
135 77 0.19499583820045993
135 49 0.27311959134772795
135 61 0.007625556215252932
135 75 0.24693842771765562
135 74 0.14344413564273903
135 60 0.00814816937434451
135 48 0.2888291440366544
135 64 0.05652884729324295
135 70 0.1835393323807875
135 58 0.1459962251083974
135 59 0.00836528867519748
135 71 0.20681784073431758
135 65 0.0023684401284837786
135 73 0.15983063945388498
135 67 0.2645960375759754
135 66 0.1505988650782312
135 72 0.029359415849277287
135 57 0.2530099282266992
135 94 0.32583666256715654
135 80 0.22615539254367562
135 81 0.2191112959851414
135 95 0.0943420693433924
135 56 0.2869228024113938
135 68 0.4427560545912068
135 54 0.08944947207923887
135 83 0.38849792830822005
135 82 0.027567374151463972
135 55 0.10226543180835995
135 69 0.21810946140132423
135 51 0.10483318398054216
135 79 0.17235404957384187
135 86 0.07198322235248544
135 92 0.3203399277821254
135 93 0.27455385547233135
135 87 0.22836635188725257
135 78 0.24989047142365842
135 50 0.0970398079250005
135 52 0.05252521168296331
135 46 0.29473809498898407
135 91 0.2871223115991337
135 85 0.2900784440904637
135 84 0.10306408878257366
135 90 0.2895938588697794
135 47 0.18644693111975935
135 53 0.22282906622458068
121 76 0.08956998266759067
121 62 0.09619234460909577
121 89 0.07023805114007503
121 88 0.30217922192138513
121 63 0.11744609793475524
121 77 0.07284309359645416
121 49 0.13508326671790746
121 61 0.011879493768930813
121 75 0.006225905231983658
121 74 0.06063974294732678
121 60 0.060405478644734986
121 48 0.09946956861005733
121 64 0.09156935518915474
121 70 0.1758200873380873
121 58 0.07519975974619253
121 59 0.004333269853233873
121 71 0.34100146888497646
121 65 0.049507334375053794
121 73 0.003076777361471661
121 67 0.324003107442253
121 66 0.18620851720101195
121 72 0.03370982571017056
121 57 0.3461485667800368
121 94 0.40727754093275015
121 80 0.3736826847722833
121 81 0.11001937040898066
121 95 0.08305516406495773
121 56 0.1754543888052589
121 68 0.43402650916177776
121 54 0.1102674113019897
121 83 0.24316659417934378
121 82 0.038284704279161585
121 55 0.1703504764976574
121 69 0.353518737187499
121 51 0.0928505939212078
121 79 0.07191833392301687
121 86 0.1180222719425968
121 92 0.5126251412021264
121 93 0.35320315408937336
121 87 0.20738321939533616
121 78 0.4417707022331099
121 50 0.14036387585753252
121 52 0.007942963751126506
121 46 0.1304366118628124
121 91 0.33348875885645146
121 85 0.353490025573994
121 84 0.022482700601195754
121 90 0.3520038441531188
121 47 0.1876072530011726
121 53 0.061992076133971744
109 76 0.04348606056608138
109 62 0.1273697177694987
109 89 0.06500200346446128
109 88 0.21262715647886193
109 63 0.04127580613982909
109 77 0.1466218448466552
109 49 0.054682829402889835
109 61 0.005369528074678359
109 75 0.007052660229167534
109 74 0.06744062076096806
109 60 0.0027656501284670787
109 48 0.05402440760390423
109 64 0.09350288758237778
109 70 0.29009821406187386
109 58 0.5197673727115687
109 59 0.008375123857966474
109 71 0.04365066175552769
109 65 0.0004952169001942175
109 73 0.005548298649979466
109 67 0.22685501496268123
109 66 0.16846615558372374
109 72 0.04258150947287638
109 57 0.2871991187331334
109 94 0.29765903397514415
109 80 0.04758129209954631
109 81 0.24408915817600804
109 95 0.058195865065261115
109 56 0.1500939962326227
109 68 0.46353441021981945
109 54 0.06839815734878656
109 83 0.03320387383203863
109 82 0.035105061588828784
109 55 0.15111043772262786
109 69 0.3482063682476742
109 51 0.014616256256823931
109 79 0.13883233907080517
109 86 0.015577008510346602
109 92 0.31186401814693426
109 93 0.26438253332597084
109 87 0.19922572302931701
109 78 0.3189307747396938
109 50 0.027918107462265127
109 52 0.02766437913283
109 46 0.17463205942297605
109 91 0.27249584468306043
109 85 0.27355419724815155
109 84 0.3821187268845704
109 90 0.2748146153096046
109 47 0.07412620522003802
109 53 0.02730287443308395
108 76 0.05381386108494961
108 62 0.2237811781467606
108 89 0.12194856623262504
108 88 0.3742294872444234
108 63 0.10870694026465948
108 77 0.09185145513686985
108 49 0.05751868019169737
108 61 0.015055182056903163
108 75 0.013257234909991533
108 74 0.05388400430004585
108 60 0.009144569040431358
108 48 0.0881701711017351
108 64 0.12527168053916848
108 70 0.45937663002650564
108 58 0.9280973876479077
108 59 0.025396943276215833
108 71 0.08024078206413496
108 65 0.001806484961803967
108 73 0.009871057051348164
108 67 0.378569231932006
108 66 0.29523622911002195
108 72 0.04733334780241005
108 57 0.5105613365449893
108 94 0.49901198206833974
108 80 0.08776050017714858
108 81 0.3648465670260916
108 95 0.08704484520865804
108 56 0.337578805938767
108 68 0.8294796661839634
108 54 0.18950053080546692
108 83 0.0582030053909153
108 82 0.061925008565080486
108 55 0.2856161197032663
108 69 0.5396625104635951
108 51 0.025616180083804715
108 79 0.1647934225756241
108 86 0.02972788543700547
108 92 0.521651345005975
108 93 0.4367514491649974
108 87 0.3336728100418176
108 78 0.4225506203885583
108 50 0.04964593228364432
108 52 0.028201379382562147
108 46 0.24899568138798217
108 91 0.43380926934163255
108 85 0.4400409263528191
108 84 0.04983166158301515
108 90 0.44142234245030887
108 47 0.1698485222494869
108 53 0.030781292391878212
120 76 0.011191270143034185
120 62 0.122551012054887
120 89 0.04862075666634147
120 88 0.15150204061725525
120 63 0.02717604312980286
120 77 0.20753085948985134
120 49 0.027468082614962003
120 61 0.0065831182955673195
120 75 0.032587332956133
120 74 0.013477576763603116
120 60 0.009823622530721818
120 48 0.022702568305270357
120 64 0.024808841819212807
120 70 0.1017981909853377
120 58 0.049186958257785185
120 59 0.004339294440826952
120 71 0.058294502191134134
120 65 0.004241204685709765
120 73 0.0026592558850099257
120 67 0.1465342675834005
120 66 0.11277040214225756
120 72 0.005796693820412174
120 57 0.09044226088600653
120 94 0.22491773070497473
120 80 0.06405277863820268
120 81 0.07588031291712177
120 95 0.0318494246433101
120 56 0.0951026502665388
120 68 0.20801150513348596
120 54 0.02993215048992108
120 83 0.029293269340910547
120 82 0.013592480325380157
120 55 0.20377805351758901
120 69 0.12830078676836423
120 51 0.04579655557659355
120 79 0.03324997509882488
120 86 0.02091767703009359
120 92 0.22752968248424404
120 93 0.19290218726051048
120 87 0.16378775485786015
120 78 0.1701351956836899
120 50 0.07815216719050827
120 52 0.004440633508214331
120 46 0.059773432506641244
120 91 0.19359860278744997
120 85 0.20044947576920846
120 84 0.07314618386068492
120 90 0.19833920360807267
120 47 0.08201368468280053
120 53 0.29307543060596064
134 76 0.049445295857094715
134 62 0.12750182374639807
134 89 0.02650038697320671
134 88 0.08982137752727717
134 63 0.03770157712912299
134 77 0.044494597816756576
134 49 0.2535050876688801
134 61 0.007400692719929269
134 75 0.24788731567512132
134 74 0.08693814237088672
134 60 0.008188994070543576
134 48 0.22148854635185583
134 64 0.03699023075815293
134 70 0.1056795204162515
134 58 0.11936057438881405
134 59 0.004111556374750636
134 71 0.347283862266386
134 65 0.0032035106369836253
134 73 0.15974848155801333
134 67 0.22132727142544872
134 66 0.0812959779929372
134 72 0.008421728509147047
134 57 0.25746101737852384
134 94 0.16258220917114338
134 80 0.3808992691953773
134 81 0.07718836335519441
134 95 0.0390942621337865
134 56 0.10359161309403558
134 68 0.32649756737748126
134 54 0.06688933356885673
134 83 0.23519845531082184
134 82 0.020105252192044204
134 55 0.17690784453943997
134 69 0.14271706798201123
134 51 0.10781051301598511
134 79 0.04403250306426358
134 86 0.12225838415798398
134 92 0.13201150333021297
134 93 0.12094522992739022
134 87 0.12488399381578023
134 78 0.13617334535332612
134 50 0.14371143980021922
134 52 0.3830069699550763
134 46 0.15773081872098996
134 91 0.1275634521270957
134 85 0.127859306804337
134 84 0.06775845837558311
134 90 0.12535106961059364
134 47 0.1471696740296934
134 53 0.30214578646008033
122 76 0.03400652616678003
122 62 0.0852373185518276
122 89 0.07035714620058264
122 88 0.21990966597250972
122 63 0.04605111170512727
122 77 0.042595071140701324
122 49 0.2254971488688633
122 61 0.012958844654491153
122 75 0.007746824104430214
122 74 0.04038807628564359
122 60 0.015968229077183135
122 48 0.09385628071654642
122 64 0.041780621198736684
122 70 0.15583713562191648
122 58 0.09918151601832918
122 59 0.0045382306547057105
122 71 0.5416145477657945
122 65 0.0058298176643308275
122 73 0.004939144187339373
122 67 0.4148650433944573
122 66 0.17412694277074314
122 72 0.009179306537730594
122 57 0.4223333341962555
122 94 0.3472742125725357
122 80 0.5963977584763187
122 81 0.1184623016049133
122 95 0.07349695308568421
122 56 0.13738259740849235
122 68 0.5325005152823792
122 54 0.049348857986064296
122 83 0.23490680501619413
122 82 0.02682495512841017
122 55 0.08467750073088381
122 69 0.2655422732257017
122 51 0.11906617442489782
122 79 0.05040955139079972
122 86 0.19884852460396601
122 92 0.3286390717626184
122 93 0.2856137116053804
122 87 0.19751520503306713
122 78 0.2876191185561967
122 50 0.23167856506079637
122 52 0.01181635611488649
122 46 0.09642073418716107
122 91 0.2938991295338774
122 85 0.7346214615802636
122 84 0.031021621220875414
122 90 0.29744749549998384
122 47 0.0805224571475574
122 53 0.049580075156463926
136 76 0.022724410316035504
136 62 0.08423304263450902
136 89 0.018630213569083967
136 88 0.08752603757330744
136 63 0.02715518287725603
136 77 0.2267186223248075
136 49 0.1228567139727629
136 61 0.03811409774511461
136 75 0.0070578946296248335
136 74 0.08782940784484214
136 60 0.002384884679224708
136 48 0.12931884803355068
136 64 0.02531091782615566
136 70 0.10600463946677832
136 58 0.0821389989425711
136 59 0.0052843908594485955
136 71 0.02239200809345232
136 65 0.0006334385643440021
136 73 0.005484278392233505
136 67 0.08127408664075095
136 66 0.049465882622040686
136 72 0.032225236278678834
136 57 0.1259389550521228
136 94 0.13513611881631762
136 80 0.024558218211853527
136 81 0.24034510855089644
136 95 0.05620118262715454
136 56 0.16648701852887776
136 68 0.2219776570514446
136 54 0.0662939453049682
136 83 0.024112436260634168
136 82 0.015566824736231027
136 55 0.044001412597187886
136 69 0.07463749644898324
136 51 0.0067405406277191715
136 79 0.30866956547655466
136 86 0.00936755848802849
136 92 0.14081266729706704
136 93 0.1231169129992678
136 87 0.08897565226756185
136 78 0.12011196020073112
136 50 0.0137064456928387
136 52 0.023276044466517168
136 46 0.14329914699396248
136 91 0.1394589741989992
136 85 0.13610951660784779
136 84 0.029823103597729606
136 90 0.136870120454105
136 47 0.16638440402261728
136 53 0.027999197390116637
137 76 0.04431182369631696
137 62 0.07824147756444083
137 89 0.06327293226366157
137 88 0.19364367907252195
137 63 0.043277074902641696
137 77 0.030598946555743856
137 49 0.028796378208885656
137 61 0.012059565229239289
137 75 0.0034278047718396543
137 74 0.021460716016191067
137 60 0.007915228120139534
137 48 0.03435783411354493
137 64 0.043037288377595795
137 70 0.16886501251905633
137 58 0.1319925655628803
137 59 0.027515552851993044
137 71 0.04338921025673641
137 65 0.0019424129975609827
137 73 0.002889234428595455
137 67 0.19310539921263603
137 66 0.23269132691632366
137 72 0.011457193316356903
137 57 0.18509143099975595
137 94 0.2747782728546553
137 80 0.04766284496365922
137 81 0.11819303648268267
137 95 0.04048325484666253
137 56 0.14613255123640498
137 68 0.36948327118885943
137 54 0.0511685060603702
137 83 0.02281744175623611
137 82 0.02974516595893667
137 55 0.07236958715588976
137 69 0.1952029300665835
137 51 0.012518366023665434
137 79 0.0938199724419028
137 86 0.015822159544215286
137 92 0.2851282796272089
137 93 0.23825194804676186
137 87 0.1720744342238592
137 78 0.19119831943225782
137 50 0.024760633513345856
137 52 0.01848338801117992
137 46 0.09683055521075745
137 91 0.2370680388147304
137 85 0.24255559847212854
137 84 0.013097264621301355
137 90 0.24261952581195678
137 47 0.07535951936256667
137 53 0.021344743731951166
123 76 0.027628846952249278
123 62 0.07132607453155139
123 89 0.05621756691380694
123 88 0.1807413741628235
123 63 0.043125999471034085
123 77 0.03956345664703985
123 49 0.18246354490937094
123 61 0.012336033017863443
123 75 0.007901730559015954
123 74 0.03408566408247908
123 60 0.014995962684299577
123 48 0.07762584633008832
123 64 0.03729720963357455
123 70 0.12837967855369975
123 58 0.08073597936011256
123 59 0.003568842898729302
123 71 0.43492276420235165
123 65 0.00603477543568956
123 73 0.0054055678583864175
123 67 0.3358742127838102
123 66 0.14582343802011308
123 72 0.008464400268746008
123 57 0.3772845177928684
123 94 0.682375253927109
123 80 0.47894694312063113
123 81 0.09872187377855488
123 95 0.060398387271016374
123 56 0.14886857595482111
123 68 0.4393431260295879
123 54 0.04365350057200755
123 83 0.17752690285267533
123 82 0.02485832788645545
123 55 0.07275809136239555
123 69 0.21070907687341162
123 51 0.09894141413702312
123 79 0.040949463600634894
123 86 0.15964964469834064
123 92 0.2668493180537101
123 93 0.24021297724882468
123 87 0.16332220339368037
123 78 0.2647731337171877
123 50 0.19140657858591778
123 52 0.009272298079751579
123 46 0.08222184166129268
123 91 0.25088899286619465
123 85 0.25138991037050407
123 84 0.027836867296940362
123 90 0.2466316780491376
123 47 0.07111493060301353
123 53 0.048890193840219226
127 76 0.08594132705129177
127 62 0.12749366090750605
127 89 0.10673899475996887
127 88 0.33280662038418696
127 63 0.0793830525112667
127 77 0.10661832052790665
127 49 0.1695805597252302
127 61 0.01766759716863829
127 75 0.009918538788230041
127 74 0.06423806649805931
127 60 0.01729354576987706
127 48 0.0986443865687116
127 64 0.07876130458904892
127 70 0.2775941696545058
127 58 0.21330504872320222
127 59 0.021216302990624367
127 71 0.37500463883907215
127 65 0.005247750560501641
127 73 0.007204579189500293
127 67 0.43380786850369746
127 66 0.2695038930039598
127 72 0.052925624667093274
127 57 0.4363148277675035
127 94 0.4871743542321044
127 80 0.41280100243675566
127 81 0.2458120351679613
127 95 0.10250074602009149
127 56 0.2863172963188264
127 68 0.7647018729044778
127 54 0.14322322764518852
127 83 0.06452532401708441
127 82 0.04631377282343274
127 55 0.1453900192033015
127 69 0.35570870378528374
127 51 0.20557746969561733
127 79 0.15945052847465496
127 86 0.13793295080762136
127 92 0.4858646543667513
127 93 0.41277813566610333
127 87 0.3595067385740026
127 78 0.3471708134235528
127 50 0.32576972589169795
127 52 0.025731502700541448
127 46 0.23487691949236977
127 91 0.45216338706844594
127 85 0.42731374094686303
127 84 0.04192870509592918
127 90 0.42441592668701433
127 47 0.13385492215078937
127 53 0.052761774099677
133 76 0.010197932614980088
133 62 0.2138323935013721
133 89 0.025684209883849632
133 88 0.11893190278093664
133 63 0.04773746343380576
133 77 0.21384599965632373
133 49 0.34799006289913437
133 61 0.0421092640547166
133 75 0.007677361981422548
133 74 0.10583357476834547
133 60 0.005584178035339393
133 48 0.22042695674667911
133 64 0.04384873019435838
133 70 0.13007593516745344
133 58 0.11204416643925844
133 59 0.002186806960611576
133 71 0.26022409987938844
133 65 0.0021219597047543726
133 73 0.03721712118711214
133 67 0.21634434967549232
133 66 0.07159734886628763
133 72 0.007035625733716799
133 57 0.29181341484795864
133 94 0.20405710809789973
133 80 0.2865274870179098
133 81 0.16885542616768107
133 95 0.06477902988533167
133 56 0.16278078057317985
133 68 0.3138871428787827
133 54 0.0905276828564208
133 83 0.08749105538868401
133 82 0.1273094379238075
133 55 0.07884509061705369
133 69 0.09741984609501034
133 51 0.05679399732517561
133 79 0.29364134996427665
133 86 0.09665028002228032
133 92 0.18527541503033662
133 93 0.16599483889709418
133 87 0.11604757937583714
133 78 0.14389274967375193
133 50 0.11187891823311845
133 52 0.030560856180193066
133 46 0.09613968964856007
133 91 0.18694678903722423
133 85 0.18406898680523523
133 84 0.10023503122982427
133 90 0.18321274751243627
133 47 0.22292043767328487
133 53 0.3106486376466633
132 76 0.05414172184876746
132 62 0.10636416688882583
132 89 0.1309723225126611
132 88 0.39354127422760454
132 63 0.08378479686172904
132 77 0.10543952542059705
132 49 0.059742038392946395
132 61 0.009977175971399271
132 75 0.010241980377433638
132 74 0.06434665396042095
132 60 0.010568462772280754
132 48 0.06846186848565146
132 64 0.08357374315017302
132 70 0.3074958600444618
132 58 0.1842914574560528
132 59 0.01555778837682062
132 71 0.07194220050532382
132 65 0.002376370312226622
132 73 0.009349122025680182
132 67 0.36496553443948593
132 66 0.29778069479921787
132 72 0.04651328857862726
132 57 0.2521129379543123
132 94 0.6271214265415168
132 80 0.07891154921265212
132 81 0.2486806616182487
132 95 0.09361277338603993
132 56 0.32861941065048905
132 68 0.6417541269802297
132 54 0.13727793845602043
132 83 0.183992581070896
132 82 0.03735539845672073
132 55 0.14400688742480602
132 69 0.36232006832959757
132 51 0.021795900414287278
132 79 0.13906510680094086
132 86 0.027025875663695242
132 92 0.6535166528818391
132 93 0.5469923386321285
132 87 0.35223819119918354
132 78 0.3553256604479319
132 50 0.041744535381639844
132 52 0.060179203134398854
132 46 0.3311038407323254
132 91 0.5330561946231394
132 85 0.547048440038996
132 84 0.06043589137661799
132 90 0.5475945474398581
132 47 0.14067359272211336
132 53 0.05430521140046175
126 76 0.03674163331979377
126 62 0.07630595024200909
126 89 0.07615273993498228
126 88 0.2306641064122118
126 63 0.04060502597750282
126 77 0.0352055291411196
126 49 0.15718187716072887
126 61 0.014647497595165884
126 75 0.006054921397905921
126 74 0.04275402521910532
126 60 0.028315895913309033
126 48 0.06993536735559538
126 64 0.03738037071786249
126 70 0.15911254896393343
126 58 0.08780633060313117
126 59 0.0050597040018455774
126 71 0.37479433215101343
126 65 0.003683585834030584
126 73 0.0035925717197160256
126 67 0.36244244111059987
126 66 0.17841463403651286
126 72 0.008035324261225843
126 57 0.32996299888204333
126 94 0.4693899524909668
126 80 0.412675896687257
126 81 0.11848964691202268
126 95 0.06483408973518198
126 56 0.1421573795984291
126 68 0.4599870502328859
126 54 0.04433717306611748
126 83 0.26866442175414984
126 82 0.02302658119780618
126 55 0.07880196920458693
126 69 0.2729306205508162
126 51 0.08257246557731132
126 79 0.05158666133273672
126 86 0.13754132173141162
126 92 0.4714055746530814
126 93 0.407165834372901
126 87 0.2349256633709078
126 78 0.30164623369530374
126 50 0.16107064241251698
126 52 0.009274530975285633
126 46 0.09361665855269669
126 91 0.3944145514309688
126 85 0.3990795662173132
126 84 0.024596982185066785
126 90 0.7761848901119784
126 47 0.07004384045465217
126 53 0.03934476966360878
118 76 0.06768954391262968
118 62 0.2108518946030647
118 89 0.031180769062512687
118 88 0.09923884931061042
118 63 0.06644678099370588
118 77 0.03980370942401476
118 49 0.27960456085547714
118 61 0.006216804256371167
118 75 0.010006810101519603
118 74 0.09552630594556277
118 60 0.004882578288778694
118 48 0.15081008659700465
118 64 0.04244965745771756
118 70 0.15485206443649435
118 58 0.4205499326363231
118 59 0.09151339832297391
118 71 0.20118851806876104
118 65 0.0015579095523044484
118 73 0.03009780081957103
118 67 0.19078088611636468
118 66 0.08225428234213744
118 72 0.007804142794276048
118 57 0.3311151759294959
118 94 0.13930438181448077
118 80 0.22132694058616903
118 81 0.255107154749316
118 95 0.0321054395945051
118 56 0.25558142135415984
118 68 0.3209010456821661
118 54 0.05004748493849996
118 83 0.14578589476252482
118 82 0.040024794223349425
118 55 0.14210428108433454
118 69 0.18493347571765256
118 51 0.11497790059395878
118 79 0.15012897871665878
118 86 0.07487936174875487
118 92 0.13628037446713986
118 93 0.11966996635596819
118 87 0.13225696139006807
118 78 0.12974848886508383
118 50 0.2254023734707823
118 52 0.028130261411993596
118 46 0.1838018822832887
118 91 0.14090541554416802
118 85 0.12270681186004426
118 84 0.10957581504147368
118 90 0.12207205426551819
118 47 0.27367394505003473
118 53 0.22438126090876076
130 76 0.0138705507615271
130 62 0.0633416015772274
130 89 0.07028846181696632
130 88 0.20997934757191883
130 63 0.0425183575617083
130 77 0.03417611078922855
130 49 0.026346492707626762
130 61 0.004742790033514799
130 75 0.006840046407288858
130 74 0.024376910833014923
130 60 0.005834311787571378
130 48 0.03495291042499803
130 64 0.044931429876077025
130 70 0.16896814235524604
130 58 0.10734866809513119
130 59 0.00878358889771591
130 71 0.027393659500450973
130 65 0.0008675601162972113
130 73 0.005586209943566733
130 67 0.188836597282379
130 66 0.15483261248201702
130 72 0.007972338059294107
130 57 0.11084096843487974
130 94 0.29749059249047216
130 80 0.02995914246650297
130 81 0.13787478357458807
130 95 0.04138956356477448
130 56 0.17932134521865156
130 68 0.29939191954032707
130 54 0.09686567286340528
130 83 0.1645888112741515
130 82 0.017652388773796907
130 55 0.0838901786605398
130 69 0.184211783880877
130 51 0.00840307759634347
130 79 0.07502018741423619
130 86 0.010662863557685823
130 92 0.310655001705297
130 93 0.25684041857036544
130 87 0.19290528534167664
130 78 0.17841843806146065
130 50 0.016677282980905525
130 52 0.02971905301499947
130 46 0.2420617513412693
130 91 0.2532323740058879
130 85 0.2624937184717193
130 84 0.04754153967098114
130 90 0.2627958488812818
130 47 0.07161068143975785
130 53 0.023407952083849146
124 76 0.036156870453011414
124 62 0.07068188910252812
124 89 0.06974489536282356
124 88 0.21577773509046416
124 63 0.04011292859590403
124 77 0.03282641760979854
124 49 0.13805694131706894
124 61 0.009937459882746635
124 75 0.005744983204228282
124 74 0.04129079707790004
124 60 0.011357787026089264
124 48 0.06400007764542219
124 64 0.03738037071786249
124 70 0.15008875727069207
124 58 0.08780633060313117
124 59 0.0050597040018455774
124 71 0.3265747772998742
124 65 0.003683585834030584
124 73 0.0035925717197160256
124 67 0.3289863269446348
124 66 0.16445146424251555
124 72 0.007791059239406553
124 57 0.2976220219706467
124 94 0.32241905188341147
124 80 0.35955928323801023
124 81 0.11137133677354415
124 95 0.05877764545064117
124 56 0.1324030948347443
124 68 0.41862788520147787
124 54 0.04433717306611748
124 83 0.237922838107682
124 82 0.02223934642596885
124 55 0.07450485269758975
124 69 0.24967931124794462
124 51 0.08124104346582113
124 79 0.04826776900410501
124 86 0.119805233672096
124 92 0.31746050398799475
124 93 0.2696249969010389
124 87 0.19434901362777898
124 78 0.2739895036352846
124 50 0.15286131260748145
124 52 0.009274530975285633
124 46 0.09277749136284669
124 91 0.8925608708314452
124 85 0.28180135111167026
124 84 0.02316943701063548
124 90 0.278983047450616
124 47 0.07013492651809794
124 53 0.03628248897778401
125 76 0.036166175661259486
125 62 0.0757992774367202
125 89 0.07478913025963456
125 88 0.2348435315401313
125 63 0.043765449707903706
125 77 0.03342049513952422
125 49 0.14960440466033054
125 61 0.010061542557415815
125 75 0.010643461569367574
125 74 0.04415455691985479
125 60 0.01184456549410641
125 48 0.06978170215053224
125 64 0.03995923798696313
125 70 0.16154476800361214
125 58 0.09386407876516423
125 59 0.005408772370915055
125 71 0.34570971305213494
125 65 0.010149250274916186
125 73 0.009403477794554499
125 67 0.4102762989168549
125 66 0.18125100799304625
125 72 0.008157040481544087
125 57 0.32454223709953617
125 94 0.3457034598310253
125 80 0.3806203566687425
125 81 0.12007644535284405
125 95 0.06762428497638946
125 56 0.28007981748308514
125 68 0.5822668609089632
125 54 0.04739598929048476
125 83 0.2630351697085972
125 82 0.024840764674733798
125 55 0.07885773443680269
125 69 0.268737729239601
125 51 0.07792119480159952
125 79 0.05164042757966829
125 86 0.12683001899976498
125 92 0.3404265370354823
125 93 0.31567243528874056
125 87 0.20467330263563888
125 78 0.29495424541286935
125 50 0.15225899803615395
125 52 0.010920053019033704
125 46 0.09662274914457014
125 91 0.2930429043477758
125 85 0.30213176126415175
125 84 0.022829282823477612
125 90 0.29912064901571667
125 47 0.07547242055521008
125 53 0.03723699147534945
131 76 0.01967827702316731
131 62 0.1197308543849524
131 89 0.11309378330134223
131 88 0.4339777597795277
131 63 0.06975484829131265
131 77 0.02645888366468531
131 49 0.029236141048815875
131 61 0.007546277690111125
131 75 0.0052039077238859865
131 74 0.028063703205277984
131 60 0.007711693229611294
131 48 0.050642960683032756
131 64 0.07799032502189596
131 70 0.3292072587541138
131 58 0.5279217373592655
131 59 0.0836561779832598
131 71 0.04616568127521388
131 65 0.0014217766893475647
131 73 0.003958247800679632
131 67 0.31945622153318187
131 66 0.24766057357039384
131 72 0.011094997157455835
131 57 0.37189824171807506
131 94 0.47213796154513066
131 80 0.05052068987596926
131 81 0.24834584678467983
131 95 0.06336806963108083
131 56 0.16270742016633016
131 68 0.5535344199569046
131 54 0.13090190000889484
131 83 0.026665180601541202
131 82 0.033721205546938415
131 55 0.13778506795766252
131 69 0.3805651286369479
131 51 0.014112581535034807
131 79 0.09345352665538645
131 86 0.016555011666806826
131 92 0.4928429115982593
131 93 0.406984200285729
131 87 0.3257870952667192
131 78 0.31232046789699086
131 50 0.027048742414206448
131 52 0.010956109400140066
131 46 0.17669588060413247
131 91 0.4002419000335108
131 85 0.4149010026087948
131 84 0.022556049667829342
131 90 0.41524526607116063
131 47 0.11138503259991153
131 53 0.01658822444859541
119 76 0.017307181606167857
119 62 0.13743082446012883
119 89 0.030287629802888946
119 88 0.1086161488276387
119 63 0.02581050414422595
119 77 0.19112802225165224
119 49 0.06006512962911774
119 61 0.035303318406968376
119 75 0.0194919502476555
119 74 0.09482181574591445
119 60 0.0008101184425545749
119 48 0.05226310461329678
119 64 0.03101712576050228
119 70 0.19755590378822313
119 58 0.5014376736143981
119 59 0.04752082630838805
119 71 0.01931587970602787
119 65 0.0
119 73 0.013778641280022208
119 67 0.11489357377087625
119 66 0.06532354881286792
119 72 0.007132367704103637
119 57 0.19625464096170586
119 94 0.15701869906159832
119 80 0.020821313137632275
119 81 0.1323079151888041
119 95 0.045962395489553776
119 56 0.11091695837845078
119 68 0.2568437489904528
119 54 0.03711184356205001
119 83 0.04889192813764323
119 82 0.01962187618748773
119 55 0.1266178859801206
119 69 0.17686807364059987
119 51 0.00795921716103204
119 79 0.2110109729583241
119 86 0.01000374378490472
119 92 0.1652728571713194
119 93 0.14384484995826063
119 87 0.09991906869428724
119 78 0.15448364022622732
119 50 0.017108006834542708
119 52 0.03484358691230928
119 46 0.08332591218304541
119 91 0.15951674268270688
119 85 0.15458501097096305
119 84 0.0502861403562965
119 90 0.15595423816339304
119 47 0.045106973701656075
119 53 0.028815175033812077
