114 76 0.07968638650298479
114 62 0.16648263953677453
114 89 0.07855468610107705
114 88 0.20290791047784798
114 63 0.04878327325968676
114 77 0.03208520434886582
114 49 0.03527604275503127
114 61 0.024063871705105044
114 75 0.024791149221078473
114 74 0.1458811635465445
114 60 0.024004238817584705
114 48 0.03900059234362267
114 64 0.04705852603622421
114 70 0.23239621669195654
114 58 0.4385081396248396
114 59 0.026115621576342368
114 71 0.04509327760758973
114 65 0.021326010715610022
114 73 0.023400344916709948
114 67 0.1920803690520989
114 66 0.14490518868194355
114 72 0.026751314414937624
114 57 0.21949265156206996
114 94 0.2663666339564924
114 80 0.04725314799958297
114 81 0.15745234025164323
114 95 0.056718828998733886
114 56 0.12062857147720199
114 68 0.31905990721937016
114 54 0.05223478005030975
114 83 0.03478915296435864
114 82 0.0367574662354814
114 55 0.1459601136921603
114 69 0.23782857527689782
114 51 0.027507154112040577
114 79 0.060374954487480995
114 86 0.02814611282684852
114 92 0.2730664770679066
114 93 0.23387246329189032
114 87 0.19460805414214494
114 78 0.1825422251819502
114 50 0.036008411335915466
114 52 0.023785136655350064
114 46 0.0931283152095578
114 91 0.23458606182093653
114 85 0.23322676003239307
114 84 0.03278016787060664
114 90 0.23608411222872844
114 47 0.0667346690979418
114 53 0.030164821856675322
100 76 0.024833537276603812
100 62 0.08156970513767164
100 89 0.029351754038466182
100 88 0.06849085036011138
100 63 0.18009954908116035
100 77 0.03300056108439495
100 49 0.1740121455966677
100 61 0.022181350052829105
100 75 0.020876922660516772
100 74 0.027966585168229446
100 60 0.022070846222013663
100 48 0.07504998631324242
100 64 0.1134427031736311
100 70 0.06491378202734925
100 58 0.10792069194286959
100 59 0.019480807395395802
100 71 0.40394278575190784
100 65 0.01858566552003657
100 73 0.01914494113104183
100 67 0.20587092997218254
100 66 0.05789333295462805
100 72 0.022328480753563335
100 57 0.2871651932608241
100 94 0.08343467161840475
100 80 0.44257827917650355
100 81 0.061018846386921385
100 95 0.0493778556280301
100 56 0.11357561933197374
100 68 0.2765395384011863
100 54 0.03680042796137753
100 83 0.05633992122372067
100 82 0.029901767182623676
100 55 0.1651011570728709
100 69 0.09566533377435504
100 51 0.09704234386339307
100 79 0.031184681186143495
100 86 0.16009667473115174
100 92 0.07751347337445355
100 93 0.07585672934219659
100 87 0.07387083860209749
100 78 0.08911664174123701
100 50 0.17483762198248948
100 52 0.024777421181051584
100 46 0.13581175821355762
100 91 0.08120515062127769
100 85 0.07418512317161652
100 84 0.029844728923416303
100 90 0.07559477468498554
100 47 0.044733718883355436
100 53 0.033130933648442606
128 76 0.032403347520989334
128 62 0.04131386390498294
128 89 0.10247299497074408
128 88 0.28968344636745147
128 63 0.029159770825040954
128 77 0.06681810730971452
128 49 0.023633272380993817
128 61 0.01183483468410125
128 75 0.011290157215413377
128 74 0.03409807661896708
128 60 0.011758106802036886
128 48 0.023400458253938536
128 64 0.025429638055607065
128 70 0.19408255074992717
128 58 0.07191008015041547
128 59 0.013400719632834804
128 71 0.0342462062541633
128 65 0.00787843504032168
128 73 0.010451020958816129
128 67 0.25242737822652483
128 66 0.20121262081674668
128 72 0.04606759319889188
128 57 0.15819276002157823
128 94 0.4128530718002474
128 80 0.03670728027501387
128 81 0.1714117667734751
128 95 0.07662736044170845
128 56 0.17505105241178265
128 68 0.5302091960461734
128 54 0.0745636998789733
128 83 0.02076977517553545
128 82 0.02215915367128775
128 55 0.0791739627901075
128 69 0.24307700702712204
128 51 0.015182927702294763
128 79 0.0971685767632148
128 86 0.017564045093528352
128 92 0.4247164967830648
128 93 0.35255328759281324
128 87 0.2779157864893843
128 78 0.24431933050708596
128 50 0.023973487963538168
128 52 0.012585718527037243
128 46 0.1141599649379785
128 91 0.3498695892489586
128 85 0.35822335517025616
128 84 0.017416837612551667
128 90 0.3618005522933619
128 47 0.055994496459574425
128 53 0.01946752713459403
129 76 0.037374849081588946
129 62 0.15680956915807734
129 89 0.13717682460197164
129 88 0.3583175537630622
129 63 0.0666143159373736
129 77 0.0430655855311807
129 49 0.04984697630533379
129 61 0.03341004934270134
129 75 0.032198314909256204
129 74 0.05152871288479109
129 60 0.033237903981238645
129 48 0.0533207194675174
129 64 0.06095229076682604
129 70 0.3133408141698919
129 58 0.4843824439369022
129 59 0.03546864576929179
129 71 0.061869861125881956
129 65 0.031792935941736516
129 73 0.032034852313104614
129 67 0.3281738051670077
129 66 0.25298944028149883
129 72 0.03532871621228456
129 57 0.3810084434396723
129 94 0.4944265740538525
129 80 0.06487363831239502
129 81 0.24777948427247704
129 95 0.08794307410508466
129 56 0.19725773304848204
129 68 0.5164825986174084
129 54 0.11704266337971676
129 83 0.04631441692018427
129 82 0.17896952201088218
129 55 0.12285117983653762
129 69 0.3578133523034941
129 51 0.036203876205055274
129 79 0.11387332705967516
129 86 0.04091558715891745
129 92 0.5062642062150293
129 93 0.4249876823595495
129 87 0.3441037011526852
129 78 0.30055867077047455
129 50 0.049001242627423766
129 52 0.032481532043581895
129 46 0.16323824050522412
129 91 0.4205173016671969
129 85 0.42884379152966484
129 84 0.04193948156626358
129 90 0.4333027304077791
129 47 0.09757623002165335
129 53 0.040759629735052746
101 76 0.014373324610557014
101 62 0.0329498922966454
101 89 0.016893988734985668
101 88 0.07775964109862733
101 63 0.02113028075573807
101 77 0.018060010009037647
101 49 0.09056433275965459
101 61 0.010799418353962503
101 75 0.0092098403758724
101 74 0.014442744753468711
101 60 0.010418198645163149
101 48 0.03485877429076542
101 64 0.020085606447143203
101 70 0.04437736940242121
101 58 0.07220855811361471
101 59 0.010278680280437436
101 71 0.16846534939078975
101 65 0.008241378259523452
101 73 0.008290703046076528
101 67 0.10199514156702921
101 66 0.040704796385504616
101 72 0.010724064555277163
101 57 0.13973721037202763
101 94 0.11473686611755114
101 80 0.18459359903899158
101 81 0.041462433291811276
101 95 0.02486590940779443
101 56 0.07334276874438597
101 68 0.14635444286316396
101 54 0.02241050158991663
101 83 0.02630537748941346
101 82 0.016764421485721992
101 55 0.07590458111373005
101 69 0.05850347667662992
101 51 0.04143518485697541
101 79 0.018065728493537006
101 86 0.06681439551922468
101 92 0.11393817770357108
101 93 0.10639611387916667
101 87 0.05126300275378176
101 78 0.05423312128075704
101 50 0.10750402468971762
101 52 0.01292747348420012
101 46 0.03317298236908271
101 91 0.103354580888415
101 85 0.09455360986398782
101 84 0.0417640095575295
101 90 0.09609746575224151
101 47 0.028937791896258724
101 53 0.018699708838585932
115 76 0.039295728891507564
115 62 0.04027438237091503
115 89 0.016737731849496423
115 88 0.045607999552350786
115 63 0.01421320825010483
115 77 0.03447637589916687
115 49 0.022244529030415475
115 61 0.00977454598753695
115 75 0.008360733485267058
115 74 0.08000531445439577
115 60 0.00866212383603189
115 48 0.018260964704849128
115 64 0.08149868945836504
115 70 0.056558152650810364
115 58 0.04838644193400124
115 59 0.0075802325223620765
115 71 0.02721989084697002
115 65 0.0044836922100822685
115 73 0.008101076278691041
115 67 0.04905345140064746
115 66 0.15456732389687505
115 72 0.06745525503640479
115 57 0.05230379538117089
115 94 0.13060480707247954
115 80 0.029613127618247068
115 81 0.0692998083004448
115 95 0.015479866423334446
115 56 0.18717082566232573
115 68 0.09562083339185261
115 54 0.0196678729584865
115 83 0.15748203157072158
115 82 0.030947745146619104
115 55 0.13668397252896058
115 69 0.03936693781376373
115 51 0.013618014713584481
115 79 0.02792050268491067
115 86 0.0147655289964303
115 92 0.13004367990021526
115 93 0.12062891204526875
115 87 0.04939711588393812
115 78 0.0395123395432818
115 50 0.018849412993438078
115 52 0.6483904753041609
115 46 0.4519336600719522
115 91 0.11595837002673634
115 85 0.10909302919336711
115 84 0.04552826199235492
115 90 0.1105222313730684
115 47 0.2018918215092734
115 53 0.1779232662534557
103 76 0.056004374599885
103 62 0.15996937033944786
103 89 0.059912148020656794
103 88 0.10781249219596056
103 63 0.0633717306582453
103 77 0.0586125205825353
103 49 0.060171697081865524
103 61 0.04801623434090983
103 75 0.04588763167819229
103 74 0.0546267763172473
103 60 0.04699166401283639
103 48 0.059329267680109876
103 64 0.0653004632926368
103 70 0.2076296671200626
103 58 0.7153904204640045
103 59 0.04735631525575666
103 71 0.0738171448717376
103 65 0.04639284271575041
103 73 0.04494407020440165
103 67 0.13572120080345576
103 66 0.2853667386841561
103 72 0.04855452825840689
103 57 0.30894883569006426
103 94 0.12331326452050878
103 80 0.07726449711688826
103 81 0.16876169813896152
103 95 0.055894768402033654
103 56 0.11365566066489524
103 68 0.3224862387222367
103 54 0.06958842402008088
103 83 0.05567323651756245
103 82 0.05928961627071412
103 55 0.09175572206274435
103 69 0.22796206968057176
103 51 0.05348595820184446
103 79 0.06104193218417632
103 86 0.055836149093785134
103 92 0.12034791108708105
103 93 0.11588073797833563
103 87 0.1141064628038291
103 78 0.13571188010706017
103 50 0.06321400732993282
103 52 0.052531921158950584
103 46 0.08488846429923946
103 91 0.12277661686778861
103 85 0.11003537833944646
103 84 0.051518468465633155
103 90 0.11405625246066672
103 47 0.07624310647854259
103 53 0.0585274946818016
117 76 0.13197164165339723
117 62 0.23284946237893353
117 89 0.035848192556141065
117 88 0.12098961687070396
117 63 0.03367636425422908
117 77 0.31584329389070576
117 49 0.15924892501758384
117 61 0.08325645984368085
117 75 0.5889096654939749
117 74 0.28961647170089044
117 60 0.024134320036538717
117 48 0.37005278073169195
117 64 0.12254186253496893
117 70 0.21759432068276746
117 58 0.5688441990060691
117 59 0.025285506780066164
117 71 0.07933758535525344
117 65 0.019642191744253815
117 73 0.3378357897182526
117 67 0.1279090034429994
117 66 0.06536778627306794
117 72 0.10437930719006393
117 57 0.21788538090245899
117 94 0.17616283889108508
117 80 0.08173717332357461
117 81 0.20968894959152432
117 95 0.08335128309393483
117 56 0.2546140532049451
117 68 0.2551955585922282
117 54 0.041537632312302133
117 83 0.5791198235240351
117 82 0.056109215173014745
117 55 0.1479993064189167
117 69 0.2226900930411816
117 51 0.10840481479708336
117 79 0.3485477406078107
117 86 0.029748352458543417
117 92 0.17830438851944386
117 93 0.1648661557664114
117 87 0.21521269962397938
117 78 0.23227372741736618
117 50 0.03546442471796531
117 52 0.0530689031709711
117 46 0.28115172160738044
117 91 0.19502459593679117
117 85 0.1852395768682929
117 84 0.10795773867249636
117 90 0.18677467290075767
117 47 0.050973872660128844
117 53 0.05828397713607912
116 76 0.12182997535763375
116 62 0.1678788686850712
116 89 0.11376356316722713
116 88 0.2654835288458393
116 63 0.06550240359727064
116 77 0.06434991116371347
116 49 0.06097945511851717
116 61 0.10530253170960362
116 75 0.04739073260339295
116 74 0.059955542187196884
116 60 0.04534727300329314
116 48 0.06230077154505981
116 64 0.06710681473239108
116 70 0.3534400997634558
116 58 0.5823205522174421
116 59 0.08635976701584996
116 71 0.06688090678028498
116 65 0.04198933739860913
116 73 0.04635620816893926
116 67 0.2574946974650069
116 66 0.24712055753802023
116 72 0.05051880186994395
116 57 0.372446797371775
116 94 0.3493737216421112
116 80 0.06947312753540952
116 81 0.20892712245879708
116 95 0.0862983493005389
116 56 0.27691597251497324
116 68 0.44458276833836424
116 54 0.07215202580325092
116 83 0.23529516888070373
116 82 0.23964135573974965
116 55 0.1972626280671032
116 69 0.3155727660108619
116 51 0.04937039374073442
116 79 0.09645682230479671
116 86 0.05147771283332027
116 92 0.3588055371705047
116 93 0.30819908216599196
116 87 0.2554074446773914
116 78 0.24672876390096415
116 50 0.060114777985144155
116 52 0.05894844622049966
116 46 0.2748219611506201
116 91 0.30975544118973086
116 85 0.3095671429428858
116 84 0.09671010054154175
116 90 0.31335604829921226
116 47 0.09246552696771956
116 53 0.05739961546405606
102 76 0.030711480802058988
102 62 0.10141250742634803
102 89 0.035407310374294246
102 88 0.06627452544220477
102 63 0.041578851124313226
102 77 0.03519424366943513
102 49 0.03976556650959166
102 61 0.027893926485320977
102 75 0.02797933099429835
102 74 0.035133661791855314
102 60 0.02746940237936628
102 48 0.038068975001667005
102 64 0.04171567061613106
102 70 0.13011989085070602
102 58 0.4571065176462306
102 59 0.02795958051935711
102 71 0.054349795469229495
102 65 0.02694349280576583
102 73 0.027044167779595965
102 67 0.08573746553534625
102 66 0.05625869610704322
102 72 0.02966662016393022
102 57 0.19918464017881488
102 94 0.07579818922958134
102 80 0.057099551305567486
102 81 0.10561780459848565
102 95 0.035386336606219496
102 56 0.06994507133295384
102 68 0.18619479059328364
102 54 0.04467594532469896
102 83 0.03487035889590971
102 82 0.03658568908677201
102 55 0.056433555553566536
102 69 0.14296479222638844
102 51 0.033243240865533374
102 79 0.036879179251545935
102 86 0.03593221524220763
102 92 0.07204839765126013
102 93 0.06944190991077154
102 87 0.07028330558105192
102 78 0.08305714671550454
102 50 0.04063997734004514
102 52 0.030132101107418055
102 46 0.05464577805260677
102 91 0.07277749890169181
102 85 0.06809660495058271
102 84 0.033162363995332275
102 90 0.06815202037937473
102 47 0.04837993015869484
102 53 0.03462509446272079
106 76 0.04392605441347816
106 62 0.0892503312336363
106 89 0.021713575630120538
106 88 0.05495119914755893
106 63 0.026726033550926412
106 77 0.019247558556952746
106 49 0.02262987746552253
106 61 0.01383871764737378
106 75 0.013255097124759113
106 74 0.019072351498662668
106 60 0.013143704842345935
106 48 0.022555518493173568
106 64 0.026137855526347287
106 70 0.12104574676361955
106 58 0.4604203303258305
106 59 0.013906537711200387
106 71 0.03236787602810694
106 65 0.011529512448104878
106 73 0.012325456945424723
106 67 0.07132501730950006
106 66 0.04438153694507638
106 72 0.0695606153927543
106 57 0.18620069190140237
106 94 0.06266701758103901
106 80 0.034390893970393605
106 81 0.09526207950254785
106 95 0.02085029655920702
106 56 0.07349697550666426
106 68 0.17508701877469482
106 54 0.029220965587200956
106 83 0.01977666195195041
106 82 0.05552932006051771
106 55 0.12022788333571487
106 69 0.13580074454406849
106 51 0.017095339651146027
106 79 0.0218882175523913
106 86 0.018924524847771768
106 92 0.06060188701300481
106 93 0.05752682031785826
106 87 0.0587552452457971
106 78 0.07221702977901936
106 50 0.024199494173376773
106 52 0.013515280976102176
106 46 0.039328481451665634
106 91 0.06133834797653147
106 85 0.05395545106531853
106 84 0.019440992954920785
106 90 0.055648217594826924
106 47 0.033333904957603216
106 53 0.019169210208947962
112 76 0.04762358784762821
112 62 0.13262412171212717
112 89 0.05277354383335267
112 88 0.1028870850269348
112 63 0.05879314905737766
112 77 0.049217418511594516
112 49 0.053573492168262335
112 61 0.04136121309956366
112 75 0.04148246618111294
112 74 0.05009962732003341
112 60 0.0394285053019771
112 48 0.054200977637470615
112 64 0.059667592251815504
112 70 0.17773291651594378
112 58 0.5696868961912833
112 59 0.04318867777395023
112 71 0.06641465741236204
112 65 0.037203436249264255
112 73 0.03979099939787592
112 67 0.11768875651447554
112 66 0.0851695651925955
112 72 0.04492717515701061
112 57 0.2492349916770496
112 94 0.11067669486577128
112 80 0.06879925592091443
112 81 0.14652471810459297
112 95 0.054442011319434824
112 56 0.13689261988107798
112 68 0.24755647312652615
112 54 0.06429109082093444
112 83 0.051910992753231966
112 82 0.05195187842587909
112 55 0.24732637822292264
112 69 0.19653768443813055
112 51 0.0445493779324469
112 79 0.05591878098657095
112 86 0.04591439569275642
112 92 0.11031849352786444
112 93 0.10495096843074539
112 87 0.10836761842927746
112 78 0.12284013796308657
112 50 0.05446770446091066
112 52 0.04416539914017627
112 46 0.08257308469645933
112 91 0.10918285005460335
112 85 0.10096349789613764
112 84 0.05268271681488493
112 90 0.1016836601632097
112 47 0.0688104253132937
112 53 0.047183651872158866
113 76 0.06079481585550672
113 62 0.14159429171369525
113 89 0.1323875073668029
113 88 0.334711051337637
113 63 0.06434350560715735
113 77 0.09769929807833211
113 49 0.05451636092648342
113 61 0.03907350253829364
113 75 0.038810085214855086
113 74 0.06444477054464103
113 60 0.038300929068057474
113 48 0.056384420393388396
113 64 0.06264765494389093
113 70 0.2874256682673953
113 58 0.45293041168432735
113 59 0.041028938719891675
113 71 0.06544364312454473
113 65 0.034533769405787895
113 73 0.03767781107735631
113 67 0.3085690990906197
113 66 0.2414912783801133
113 72 0.07344042422386632
113 57 0.3058624272504152
113 94 0.4566526809269187
113 80 0.0684417863191302
113 81 0.2339959190722385
113 95 0.10665965221567934
113 56 0.3210889345491401
113 68 0.5557493804974766
113 54 0.06807884451470503
113 83 0.18638677838293152
113 82 0.05319243097480597
113 55 0.1767341679550592
113 69 0.3546107442074038
113 51 0.042368283532830786
113 79 0.11562353724088334
113 86 0.044849941647247954
113 92 0.468685069702671
113 93 0.39622479391359294
113 87 0.31387694083919265
113 78 0.3039790153701546
113 50 0.053659710450771544
113 52 0.04586845841538749
113 46 0.2515206193200975
113 91 0.3947038697818464
113 85 0.40046965613800894
113 84 0.07908439373135599
113 90 0.4043944688965847
113 47 0.09585870558707996
113 53 0.049380276772513554
107 76 0.017199157163272902
107 62 0.026299070360289334
107 89 0.01904001453469581
107 88 0.04767801896989236
107 63 0.014486960476428973
107 77 0.01698790772586871
107 49 0.021210682740852582
107 61 0.011659580806790276
107 75 0.010127510942279469
107 74 0.010216227377991757
107 60 0.012578851199927008
107 48 0.01697728112916165
107 64 0.016873023443312693
107 70 0.03317334400236058
107 58 0.04583776688725033
107 59 0.008903632462673533
107 71 0.03135041017180562
107 65 0.013090198644700804
107 73 0.010702820691046167
107 67 0.1026978425741416
107 66 0.17287738585766965
107 72 0.008811992336338795
107 57 0.11550565080693306
107 94 0.049626570918017185
107 80 0.034330326893280555
107 81 0.030554937552489475
107 95 0.015988444735356863
107 56 0.4883227517816242
107 68 0.42765480405452294
107 54 0.018319713745107227
107 83 0.0188055457049537
107 82 0.011384079358443377
107 55 0.032130256139313945
107 69 0.03879480236060727
107 51 0.0157880745907691
107 79 0.01978778581365355
107 86 0.020179251829794492
107 92 0.048167718550429575
107 93 0.05212217263024678
107 87 0.04490982084056286
107 78 0.036245563109213355
107 50 0.02314057133409829
107 52 0.015958044977319077
107 46 0.027825677093577306
107 91 0.05343498387603281
107 85 0.04194181342708965
107 84 0.011194633495967152
107 90 0.044155261970387286
107 47 0.023132688999941933
107 53 0.01956006822523225
139 76 0.06568922395233777
139 62 0.031160315447468404
139 89 0.04950178531284334
139 88 0.13791971819840057
139 63 0.021921484774600125
139 77 0.022486318318894805
139 49 0.02171326685663373
139 61 0.04609641847395102
139 75 0.009890064353447567
139 74 0.027422379626667298
139 60 0.010698478418280949
139 48 0.019586561326856988
139 64 0.020643779222382003
139 70 0.1501278456697127
139 58 0.06415000393868837
139 59 0.07250217443838931
139 71 0.03039067079496717
139 65 0.007889769931368099
139 73 0.00951920618358608
139 67 0.12623147498877185
139 66 0.2160698668873458
139 72 0.012663346262818856
139 57 0.12881295038572602
139 94 0.24597204356996838
139 80 0.03279511932905087
139 81 0.08773550676823569
139 95 0.03377738508234329
139 56 0.09188176657929369
139 68 0.21778531843984816
139 54 0.05746355215653638
139 83 0.032464232796129575
139 82 0.06927692774897509
139 55 0.0507095557983408
139 69 0.11170859978155466
139 51 0.014902427844283292
139 79 0.04971337832367956
139 86 0.01731822446420135
139 92 0.2508445617992184
139 93 0.21609136285882533
139 87 0.14002735630707783
139 78 0.11149369905696055
139 50 0.021985209416521795
139 52 0.018501947460749332
139 46 0.07079802945432057
139 91 0.21175472400230022
139 85 0.20729028982776412
139 84 0.013590443754384299
139 90 0.21039433770414462
139 47 0.03956677378340907
139 53 0.021229596687958915
111 76 0.06380860702432128
111 62 0.1637625461128322
111 89 0.1071793336217808
111 88 0.24430657915242304
111 63 0.07621007178618187
111 77 0.059589365210317616
111 49 0.06591623986725112
111 61 0.05370015500537771
111 75 0.05132370853654172
111 74 0.06603114763268547
111 60 0.05065226860151932
111 48 0.06840248516247865
111 64 0.07571563062720538
111 70 0.311680579780074
111 58 0.5151113282393711
111 59 0.05876241287423967
111 71 0.0761028408581331
111 65 0.04791738359695037
111 73 0.04989235585724382
111 67 0.2588628638179231
111 66 0.22128238424394436
111 72 0.05629993122595418
111 57 0.30335226053494924
111 94 0.30584268344460397
111 80 0.07834990131224678
111 81 0.2028226357735858
111 95 0.08772806802360686
111 56 0.2071352707152016
111 68 0.49398082421568446
111 54 0.08184666366510376
111 83 0.06538393570450045
111 82 0.0664495682093553
111 55 0.24664728345905088
111 69 0.4063929084781518
111 51 0.05410804524342165
111 79 0.1234824499504333
111 86 0.05578711787521022
111 92 0.31551002594349764
111 93 0.27461655893794035
111 87 0.25423036570460267
111 78 0.3796325502186635
111 50 0.06732685016809883
111 52 0.055545932055092215
111 46 0.13024688934666764
111 91 0.27585652899588853
111 85 0.27302863880207284
111 84 0.06582645046404921
111 90 0.2755576181434404
111 47 0.09789205902198708
111 53 0.05771654695915862
105 76 0.04713188971569979
105 62 0.06979048708739702
105 89 0.03763471166717683
105 88 0.07496012068466498
105 63 0.04250781387054345
105 77 0.040402921141756656
105 49 0.15018102998468408
105 61 0.03126123380765469
105 75 0.029314022902194967
105 74 0.04840171474761926
105 60 0.0316786141890331
105 48 0.07237343474969765
105 64 0.03896710090538401
105 70 0.06695666740879312
105 58 0.09216664476698264
105 59 0.030152546334340072
105 71 0.3303871364260037
105 65 0.027977020206113548
105 73 0.028247194530617137
105 67 0.1970279500573865
105 66 0.13621360566679747
105 72 0.029784115145280135
105 57 0.2902358729895106
105 94 0.0903234843965601
105 80 0.3608218037985903
105 81 0.061840922555645536
105 95 0.05328777112655343
105 56 0.2717968308612316
105 68 0.3765882821517498
105 54 0.04108070336043772
105 83 0.17932141289422668
105 82 0.03705491737497664
105 55 0.05186721206296176
105 69 0.1210034140690667
105 51 0.08925154465551206
105 79 0.03917013676957415
105 86 0.13943914771906749
105 92 0.08280039135228118
105 93 0.08285438471051476
105 87 0.07742195738504865
105 78 0.13252812252984839
105 50 0.15134861642212954
105 52 0.03056158734670622
105 46 0.053266069010636144
105 91 0.08624724746885182
105 85 0.08154736787481016
105 84 0.03600467114977521
105 90 0.08079288146948069
105 47 0.050239180320057905
105 53 0.0416202393489582
104 76 0.03744326722163521
104 62 0.15537294422154396
104 89 0.043756947729854334
104 88 0.08479993683397127
104 63 0.0496226255374316
104 77 0.03907341711628466
104 49 0.04221679734318909
104 61 0.032695063440428565
104 75 0.032491416346872026
104 74 0.040563459172884814
104 60 0.03175531985032143
104 48 0.0442601045611512
104 64 0.05157166765418954
104 70 0.20171125549805696
104 58 0.7809850163106402
104 59 0.031608426454996286
104 71 0.05181590292017403
104 65 0.032040730437557854
104 73 0.03141426128125942
104 67 0.11164776146740543
104 66 0.07124179079861365
104 72 0.034699387541756804
104 57 0.30609257345830415
104 94 0.09355234500191267
104 80 0.054101667223999894
104 81 0.16026969004039945
104 95 0.040290232613546334
104 56 0.10619731221132764
104 68 0.274535891968563
104 54 0.056093907546442404
104 83 0.04020079034322514
104 82 0.0444325818471759
104 55 0.14022436962944868
104 69 0.22394814067262592
104 51 0.036804471042397646
104 79 0.04346265810992088
104 86 0.038424535724979364
104 92 0.09178818844009193
104 93 0.08775007441720029
104 87 0.09063190432966604
104 78 0.11709214334646063
104 50 0.04444837522095842
104 52 0.03349462336592532
104 46 0.06807314607967865
104 91 0.09304802640428059
104 85 0.0823082961081673
104 84 0.03946442705577438
104 90 0.0856049722928954
104 47 0.058435294120165446
104 53 0.03871958903400789
110 76 0.03545296834649471
110 62 0.13304732617834816
110 89 0.16863160871053215
110 88 0.26379140347163854
110 63 0.03577778180485085
110 77 0.21438822238315158
110 49 0.06000354542927565
110 61 0.01800725289179296
110 75 0.01859675861674967
110 74 0.05921899432743653
110 60 0.08125740239355132
110 48 0.06779042957671785
110 64 0.033524207858146096
110 70 0.1919201375074836
110 58 0.3532515334902055
110 59 0.018744238409427877
110 71 0.18177233297114667
110 65 0.015421058364059242
110 73 0.017224132379185464
110 67 0.1713408816852709
110 66 0.11369619245803075
110 72 0.12212933068588849
110 57 0.24078174287112797
110 94 0.2592856283142635
110 80 0.18538220301115615
110 81 0.2169709753027239
110 95 0.08242100433945702
110 56 0.16035139137661128
110 68 0.36551002324882587
110 54 0.0718985956930292
110 83 0.0281495220759031
110 82 0.1321206366138497
110 55 0.12357962035197971
110 69 0.3761862517857502
110 51 0.021343338485073027
110 79 0.15333714188598804
110 86 0.022539365950584755
110 92 0.2662789676174186
110 93 0.3282641408242739
110 87 0.2117128588069878
110 78 0.270862644881515
110 50 0.029868645265753724
110 52 0.021818853861168774
110 46 0.1362243432323651
110 91 0.2474818190368421
110 85 0.24415300957118885
110 84 0.025503630187825727
110 90 0.24633329511623198
110 47 0.10089528035125961
110 53 0.036120566417908034
138 76 0.055187633947844345
138 62 0.09737281051734445
138 89 0.06612675609950999
138 88 0.17643660032237177
138 63 0.036360405554975786
138 77 0.06752302188232873
138 49 0.03170094893233184
138 61 0.01998431980589062
138 75 0.018360939606270207
138 74 0.05114271485712141
138 60 0.01956797134461953
138 48 0.030935698671478384
138 64 0.03398022359949228
138 70 0.16510762533324813
138 58 0.07080516376037219
138 59 0.022895347907292737
138 71 0.04343422552327504
138 65 0.01543795010197642
138 73 0.01772294770265885
138 67 0.19237243903447618
138 66 0.2314241013815413
138 72 0.10815060011765681
138 57 0.16997180392844635
138 94 0.23917777522127415
138 80 0.04639394253392698
138 81 0.11423843057007137
138 95 0.061303788843331666
138 56 0.1686856386204856
138 68 0.37800626454888825
138 54 0.03739282789055412
138 83 0.05227635398968446
138 82 0.048309133139250976
138 55 0.05539494480689862
138 69 0.15929910501478567
138 51 0.023879061952700398
138 79 0.06359012906578919
138 86 0.025826716337290848
138 92 0.2421505494837486
138 93 0.20754024314324845
138 87 0.1910487877360601
138 78 0.160760833030811
138 50 0.03312525946486708
138 52 0.01929493157888311
138 46 0.10607873866982281
138 91 0.21047822490924223
138 85 0.20463961801560426
138 84 0.02192536144780488
138 90 0.20876761062184918
138 47 0.09324117481665839
138 53 0.09894133136302055
140 76 0.08232054493882243
140 62 0.053759048276806165
140 89 0.04671929371383328
140 88 0.12259380364435866
140 63 0.05085070194615092
140 77 0.022986726928630616
140 49 0.06516717538198431
140 61 0.04253218406328954
140 75 0.01441687321580333
140 74 0.03448789324076143
140 60 0.015187580126884634
140 48 0.022857136851789764
140 64 0.02359865742756681
140 70 0.16497563038960064
140 58 0.09188538052716111
140 59 0.034139914305297295
140 71 0.036073772993021544
140 65 0.012624872914139967
140 73 0.013561224113642759
140 67 0.13132640344165505
140 66 0.2008015938216797
140 72 0.01654322530349908
140 57 0.18570588977111374
140 94 0.1660627671545794
140 80 0.03848357867990512
140 81 0.08985168347631142
140 95 0.03412298429720183
140 56 0.07335965034970426
140 68 0.25487923927222944
140 54 0.026005986058110886
140 83 0.02144579525749235
140 82 0.07555173119098045
140 55 0.05620497202434212
140 69 0.17974679709848024
140 51 0.019286271334209473
140 79 0.0367325732734729
140 86 0.02204474219115908
140 92 0.1683794011712724
140 93 0.14512215991630284
140 87 0.1292261819964655
140 78 0.19578232144452692
140 50 0.06677758309140111
140 52 0.016792088396939117
140 46 0.05212606345134657
140 91 0.14758677459734024
140 85 0.14577980431498258
140 84 0.03102732368331103
140 90 0.14779443851591745
140 47 0.04624288890296459
140 53 0.022336755976645667
135 76 0.07888167110006383
135 62 0.20623693598650708
135 89 0.05825097001869636
135 88 0.1783595106710293
135 63 0.035062027943464635
135 77 0.2165088640805222
135 49 0.31291451207201926
135 61 0.019213894968713743
135 75 0.32487611432186014
135 74 0.17011876888140223
135 60 0.0186822920320375
135 48 0.3375279343030375
135 64 0.034168809955925555
135 70 0.1425481929185193
135 58 0.1012437985874763
135 59 0.018690775097488038
135 71 0.21236332140882885
135 65 0.014189899687667887
135 73 0.21374645971604705
135 67 0.2338576506665338
135 66 0.11517313081926998
135 72 0.04505054889535984
135 57 0.23614237757633166
135 94 0.25959497637353285
135 80 0.23052163582367086
135 81 0.22166092363248768
135 95 0.10779192808917483
135 56 0.29835440707071775
135 68 0.38709596246395844
135 54 0.07003454088642225
135 83 0.46883516477040443
135 82 0.03093895016366363
135 55 0.0752106937524038
135 69 0.18012666362197943
135 51 0.1301249760303656
135 79 0.18736295307035233
135 86 0.0808875958231398
135 92 0.2606720865560407
135 93 0.22718173529392577
135 87 0.23012922008843972
135 78 0.22775739931720418
135 50 0.10135641083211691
135 52 0.03505491518212725
135 46 0.28927633588667234
135 91 0.2429975293772309
135 85 0.23948196311590386
135 84 0.12047335511758393
135 90 0.2423288631436778
135 47 0.17493687765815322
135 53 0.26119042627021105
121 76 0.10447411027564041
121 62 0.0982868955643031
121 89 0.07611507644717469
121 88 0.30186721941763167
121 63 0.1196320370229624
121 77 0.06593168555430495
121 49 0.13832366360147752
121 61 0.015097023049793767
121 75 0.0128706156250612
121 74 0.07415634301946183
121 60 0.06539020339801109
121 48 0.1014992141212957
121 64 0.0900183910822131
121 70 0.16696609884803182
121 58 0.06258889805034704
121 59 0.011729304452727712
121 71 0.3507964901094558
121 65 0.0632087754174661
121 73 0.011164274245400799
121 67 0.3290342247689254
121 66 0.17079706141404297
121 72 0.043085295669767265
121 57 0.3667789118728394
121 94 0.3834379415219717
121 80 0.3830150412010598
121 81 0.09971913019565173
121 95 0.08999815940622456
121 56 0.17742615129879913
121 68 0.4022191671002304
121 54 0.10595435737732299
121 83 0.30605365679429963
121 82 0.04124961861655645
121 55 0.16442582824655239
121 69 0.3666071929230477
121 51 0.09743349993764364
121 79 0.07556318071478785
121 86 0.12412516820524333
121 92 0.5056858971186513
121 93 0.3355859731238765
121 87 0.21711101236734895
121 78 0.48054847471432977
121 50 0.13926653482159831
121 52 0.0136520315420465
121 46 0.12483401773115596
121 91 0.3261597967726739
121 85 0.32587484167799097
121 84 0.020459500569145056
121 90 0.3302113181719524
121 47 0.1826893956308959
121 53 0.04348554274780202
109 76 0.06222813432804374
109 62 0.11345454339524212
109 89 0.06389709839001373
109 88 0.19076410643191805
109 63 0.037990879154150906
109 77 0.1814131072845503
109 49 0.06606599525375265
109 61 0.02478666798745087
109 75 0.023464686287892833
109 74 0.08832264237408727
109 60 0.022796284106082004
109 48 0.05397890490540594
109 64 0.08710788131772722
109 70 0.24208092222896144
109 58 0.3793733625541983
109 59 0.02403844456536551
109 71 0.04926331610812715
109 65 0.01978050658713218
109 73 0.021489893829840345
109 67 0.19833963460208737
109 66 0.14719123117892388
109 72 0.068738310602468
109 57 0.23937924079954984
109 94 0.26214508483191823
109 80 0.05144098966541845
109 81 0.23208629545551646
109 95 0.07644002582442129
109 56 0.12950198936023688
109 68 0.37723400082835296
109 54 0.04365688878180289
109 83 0.03340853898239331
109 82 0.043926707660172565
109 55 0.12141026809384729
109 69 0.2884024208599686
109 51 0.028177981147450362
109 79 0.1588809323178906
109 86 0.02921976493461982
109 92 0.2696290433840527
109 93 0.23578840587802707
109 87 0.19850371642790848
109 78 0.29146032954109097
109 50 0.03770018833496648
109 52 0.02984115171589942
109 46 0.1486511739775307
109 91 0.25216060818412245
109 85 0.24629377478228612
109 84 0.47761580800360115
109 90 0.24843173479301847
109 47 0.05665135179725268
109 53 0.041749555083006
108 76 0.08600431248981444
108 62 0.18593770908860174
108 89 0.12162037887827813
108 88 0.2732488534005585
108 63 0.08860519532687791
108 77 0.11871049453637728
108 49 0.07546811546866142
108 61 0.059836320720661126
108 75 0.057999843742179924
108 74 0.08392591004942475
108 60 0.057832038650378656
108 48 0.07889605754824872
108 64 0.08753845881547762
108 70 0.2930944344166678
108 58 0.5812825673006348
108 59 0.06402026737041197
108 71 0.08614036131097326
108 65 0.05580630971962443
108 73 0.057128255297804575
108 67 0.2623602405320826
108 66 0.20993613501812514
108 72 0.09867174484090852
108 57 0.3545393336478231
108 94 0.3473591746323874
108 80 0.08914294277969219
108 81 0.27428686905955757
108 95 0.11422387773779347
108 56 0.29110316927752716
108 68 0.5529118005703185
108 54 0.1437912456193566
108 83 0.0734046978750792
108 82 0.07832985825964467
108 55 0.21865083348873826
108 69 0.34159666664115373
108 51 0.06276830053511456
108 79 0.17459629940128885
108 86 0.06552431790408053
108 92 0.3546316455618901
108 93 0.30866663757284807
108 87 0.2776527991667873
108 78 0.2763121123409868
108 50 0.07618506279875917
108 52 0.06398394990156965
108 46 0.16865195718895298
108 91 0.3112352567624157
108 85 0.30538240820049356
108 84 0.06921711203132706
108 90 0.31006462121631573
108 47 0.11452097064527347
108 53 0.06797925631916818
120 76 0.006396264619388553
120 62 0.14611006919950298
120 89 0.05044566343789049
120 88 0.152076070945152
120 63 0.01861389610873411
120 77 0.25770821485317724
120 49 0.015981407405338904
120 61 0.004579750049277395
120 75 0.04142246966549944
120 74 0.014760209481310058
120 60 0.005890315641497737
120 48 0.013344923166032696
120 64 0.01467160465160848
120 70 0.09546742576208837
120 58 0.0451563545794723
120 59 0.0037141594130698924
120 71 0.03215015467126686
120 65 0.003446883566908601
120 73 0.0030209220279127647
120 67 0.13757327760105512
120 66 0.10616139675168032
120 72 0.004160646816243285
120 57 0.07726626983071372
120 94 0.2184895030489381
120 80 0.03499865242898732
120 81 0.06933393771203976
120 95 0.030141110649299932
120 56 0.09773243114770735
120 68 0.18516705579081064
120 54 0.017050881778863533
120 83 0.029998865854138537
120 82 0.01153290612809299
120 55 0.23963822293865544
120 69 0.11809506892774724
120 51 0.04657948891679757
120 79 0.03206765613952424
120 86 0.011878955719454826
120 92 0.22109927376966157
120 93 0.18731741617321393
120 87 0.1856359238980257
120 78 0.17240470163497293
120 50 0.07887713726051408
120 52 0.0033992955843035605
120 46 0.0509226337624028
120 91 0.18757909013280638
120 85 0.18985152957221646
120 84 0.08866193386285867
120 90 0.19203064463900466
120 47 0.07870218126478046
120 53 0.3679397561579296
134 76 0.06447527146282753
134 62 0.1333237598136507
134 89 0.02287184471471894
134 88 0.05847021315627368
134 63 0.027969849271236302
134 77 0.03483451433565926
134 49 0.28968724817907954
134 61 0.017871341633656376
134 75 0.330399995857246
134 74 0.1072816399281599
134 60 0.01761214455932146
134 48 0.2663004800294195
134 64 0.0275817954189177
134 70 0.07401655418422443
134 58 0.08252571923063201
134 59 0.01361030801603269
134 71 0.37790637859033227
134 65 0.013554129755145417
134 73 0.21549600551425668
134 67 0.2002254730849051
134 66 0.051206039655184235
134 72 0.01884899856319118
134 57 0.25305105466573685
134 94 0.08062567753999973
134 80 0.41251847857222407
134 81 0.06424528826681673
134 95 0.038689805991044324
134 56 0.08667934444111264
134 68 0.27485504584848225
134 54 0.0635740756482934
134 83 0.28477920911146626
134 82 0.0269046844528944
134 55 0.1900002272340081
134 69 0.11153796946139885
134 51 0.12750083076184168
134 79 0.040258340126810926
134 86 0.13926141426031277
134 92 0.07097876010928364
134 93 0.06930071383465186
134 87 0.12234180668289103
134 78 0.10879495649625419
134 50 0.15264641972279175
134 52 0.4789823315226782
134 46 0.14905542377391662
134 91 0.07415046598281813
134 85 0.0686893603253931
134 84 0.07605594123135137
134 90 0.07056178051451106
134 47 0.15555049390810993
134 53 0.366510794840586
122 76 0.04602610003596194
122 62 0.07989368208929462
122 89 0.07863322298547502
122 88 0.19906548678891323
122 63 0.04140295118169167
122 77 0.03195448063289791
122 49 0.2314666953990937
122 61 0.02048331223915774
122 75 0.019120284324267614
122 74 0.059267759794121716
122 60 0.022244514965253703
122 48 0.09174411661511453
122 64 0.030958421803851457
122 70 0.1338676278268133
122 58 0.07127349048628234
122 59 0.019226332653250258
122 71 0.5495346616385106
122 65 0.016527507427512134
122 73 0.017255583020834436
122 67 0.40052912279647956
122 66 0.14776988494096643
122 72 0.017653022356977743
122 57 0.41646701253357604
122 94 0.2848573536643099
122 80 0.6030242802256793
122 81 0.10181584359594424
122 95 0.07658323109907014
122 56 0.12684144394935368
122 68 0.4750637225185668
122 54 0.03388354931897189
122 83 0.2946413374008686
122 82 0.028904043997910453
122 55 0.06498007663688052
122 69 0.24894482573510243
122 51 0.12526441736609026
122 79 0.05443412101065083
122 86 0.21662987934425526
122 92 0.28529609235236697
122 93 0.24326062347822408
122 87 0.18837629292082092
122 78 0.2795027111315087
122 50 0.23261081945891626
122 52 0.018692068989820898
122 46 0.0781915355963629
122 91 0.24215496367268408
122 85 0.7240753828876143
122 84 0.02853398158269846
122 90 0.25679210591783863
122 47 0.053580990321563826
122 53 0.03225305463447714
136 76 0.02430253148840847
136 62 0.09003308442398074
136 89 0.010461642772299135
136 88 0.07843265635879448
136 63 0.014326126387987331
136 77 0.2749495403776696
136 49 0.14238365518026921
136 61 0.04918971245887778
136 75 0.003281824177826076
136 74 0.10286801251377459
136 60 0.002902298588356625
136 48 0.14645475550597503
136 64 0.012824962189710909
136 70 0.09799723142476241
136 58 0.0786716245610943
136 59 0.003765326304478747
136 71 0.020151558201656775
136 65 0.0
136 73 0.002877686656098888
136 67 0.06817134850069764
136 66 0.03270871425283017
136 72 0.03966345619267317
136 57 0.13668480746162498
136 94 0.12203228260345156
136 80 0.022168252657934998
136 81 0.2913106334866313
136 95 0.0651904663044203
136 56 0.18518904579738468
136 68 0.22712917604276425
136 54 0.06335464921454823
136 83 0.011807807531173484
136 82 0.011386677970414372
136 55 0.034766446359453224
136 69 0.05775920773447642
136 51 0.006584688336381109
136 79 0.378774695349822
136 86 0.008906730357656281
136 92 0.12185098917655456
136 93 0.11200093306577287
136 87 0.09379216037582273
136 78 0.11948470164907853
136 50 0.012821027396987053
136 52 0.010274422039519629
136 46 0.14684337559658736
136 91 0.13590733543796962
136 85 0.12537137746635318
136 84 0.03174132487617229
136 90 0.12735410627299693
136 47 0.18149108570472328
136 53 0.025328999079634665
137 76 0.05442057739088127
137 62 0.07963864214820743
137 89 0.06264087914357142
137 88 0.16219374681175702
137 63 0.03690506450387415
137 77 0.030094103804160013
137 49 0.03250757459628269
137 61 0.0232674173682135
137 75 0.018793610039770592
137 74 0.029541835960335397
137 60 0.021669533945300246
137 48 0.03144179674892515
137 64 0.03368691881937563
137 70 0.11891106137835797
137 58 0.08395880232059308
137 59 0.029015971170642155
137 71 0.03952763635241546
137 65 0.018416852812868728
137 73 0.01882055000246645
137 67 0.14744104308115094
137 66 0.21140566681064027
137 72 0.022040492088472405
137 57 0.15846770219691877
137 94 0.21735467892178037
137 80 0.04176805891486084
137 81 0.0954841616825526
137 95 0.04645543299586137
137 56 0.12770349572218195
137 68 0.28079133050205796
137 54 0.03669509771648405
137 83 0.02915343100623531
137 82 0.031395333876271
137 55 0.05818858482812114
137 69 0.13717649249406427
137 51 0.023533327971960866
137 79 0.10186404191727731
137 86 0.026263600326542652
137 92 0.22273267799383034
137 93 0.19045138181284074
137 87 0.15450439778203431
137 78 0.13687487189120612
137 50 0.03317494512669385
137 52 0.026975686352852163
137 46 0.07242256255919474
137 91 0.19131727363789264
137 85 0.19169245281373362
137 84 0.023665183775633716
137 90 0.19360475460334375
137 47 0.05412737871510548
137 53 0.02848269955405404
123 76 0.03985276833042592
123 62 0.0693710313311258
123 89 0.059827507729791896
123 88 0.16343031013373294
123 63 0.034545767628416116
123 77 0.03709257406928365
123 49 0.17715810984082875
123 61 0.023224991224579064
123 75 0.020970172483679703
123 74 0.04772092943523769
123 60 0.02365345832524887
123 48 0.07624563834838684
123 64 0.03228781691062599
123 70 0.11273644967949155
123 58 0.07730360540964942
123 59 0.0175539240474077
123 71 0.41561262170567337
123 65 0.019030812674119255
123 73 0.018961091273538164
123 67 0.30792577547245226
123 66 0.12203330290936576
123 72 0.02259100679232806
123 57 0.37235982352266583
123 94 0.6571793727806923
123 80 0.45532590369308584
123 81 0.08564157915463427
123 95 0.06399257627090682
123 56 0.14827245238690243
123 68 0.37336939446188244
123 54 0.034973438287097855
123 83 0.218451673198053
123 82 0.033489743708637595
123 55 0.05579168595162573
123 69 0.19681283584238524
123 51 0.09888566928241418
123 79 0.04579212670329379
123 86 0.16259069595267625
123 92 0.22816197249070813
123 93 0.19985571350615333
123 87 0.15910424921535288
123 78 0.26392454130307247
123 50 0.17884675757626614
123 52 0.02033911009689189
123 46 0.06832830378701245
123 91 0.20497880599131124
123 85 0.19812420464334773
123 84 0.03003864250774152
123 90 0.20294482122580026
123 47 0.05591145648448896
123 53 0.03705172224301245
127 76 0.11261291277104049
127 62 0.11828827613701645
127 89 0.10967072907037716
127 88 0.2776905706909871
127 63 0.06120195026644348
127 77 0.11879826366561946
127 49 0.17710956027004465
127 61 0.04053939447964992
127 75 0.03814582124266701
127 74 0.08987230233878482
127 60 0.04019609434802045
127 48 0.09285237286220792
127 64 0.0572548785410449
127 70 0.20680222680741506
127 58 0.11934193778259074
127 59 0.04185822225550265
127 71 0.37809439372188475
127 65 0.03289167965573825
127 73 0.0363050167397832
127 67 0.3646693201134029
127 66 0.20663043239063061
127 72 0.08805932881326219
127 57 0.3846036289700171
127 94 0.37664520293210724
127 80 0.41235877763344736
127 81 0.2132987544823885
127 95 0.12364509584251458
127 56 0.27020501922152584
127 68 0.6410300569101046
127 54 0.12685882142628985
127 83 0.07390073419391194
127 82 0.05537001813330962
127 55 0.11242315178732114
127 69 0.27291399872246336
127 51 0.2544261131501783
127 79 0.17797063207580333
127 86 0.1618632858991675
127 92 0.37951666801956924
127 93 0.32656302416915084
127 87 0.3473345847176105
127 78 0.2736137824268442
127 50 0.3735207969883939
127 52 0.04223624015683161
127 46 0.20367671982224883
127 91 0.3317244873968951
127 85 0.32535115324979624
127 84 0.04835517323989465
127 90 0.3305208763377583
127 47 0.09148751817520354
127 53 0.05452888274060362
133 76 0.010452044983508796
133 62 0.24555560454807007
133 89 0.016552903377722306
133 88 0.09138598485147242
133 63 0.02593066873277723
133 77 0.25336576842035713
133 49 0.4082322901340011
133 61 0.0586675475753666
133 75 0.00871189866059989
133 74 0.1271905587889736
133 60 0.009670291551110655
133 48 0.24690959560094938
133 64 0.02236565112146381
133 70 0.11094191393677214
133 58 0.09338680025520693
133 59 0.007411475008857027
133 71 0.2721204774101801
133 65 0.006811329667764432
133 73 0.04900526942303729
133 67 0.20086616124232926
133 66 0.04144963557064854
133 72 0.010197768377719088
133 57 0.2997085275702608
133 94 0.14568668067911575
133 80 0.29895618429690807
133 81 0.18080212925163483
133 95 0.06813429967503123
133 56 0.1616124551207915
133 68 0.28132147355264847
133 54 0.07712095416849804
133 83 0.09122239972330595
133 82 0.15288585532460391
133 55 0.06283163801374977
133 69 0.062308097097911144
133 51 0.06001074334824619
133 79 0.35406720393869584
133 86 0.10504637389109711
133 92 0.14073459714150285
133 93 0.13059378670357746
133 87 0.10853647615200315
133 78 0.12824516434611513
133 50 0.11464585549897421
133 52 0.015818018636631834
133 46 0.06370234671703326
133 91 0.1555413652309679
133 85 0.14664414957008476
133 84 0.1195918161402836
133 90 0.14874255469169656
133 47 0.2233674247754023
133 53 0.38150071336170455
132 76 0.06791725591534345
132 62 0.08576265397596457
132 89 0.13856234235311962
132 88 0.36832556489086155
132 63 0.05273661854267439
132 77 0.10281094268043868
132 49 0.04559250449431712
132 61 0.028280681052073847
132 75 0.02787939171891264
132 74 0.07007043662274301
132 60 0.027549196614527677
132 48 0.04663593882936813
132 64 0.05110862575913788
132 70 0.2514584427211136
132 58 0.10124528552535526
132 59 0.031233554770848118
132 71 0.05225676539047208
132 65 0.022663130279932775
132 73 0.02760370334977498
132 67 0.32046802713867634
132 66 0.26240069462448434
132 72 0.07082931310718552
132 57 0.20548088709348056
132 94 0.5983681737377078
132 80 0.055155086913166784
132 81 0.2237245646446708
132 95 0.10835759454696789
132 56 0.3243315686546717
132 68 0.5560724345460828
132 54 0.10958592959772921
132 83 0.2057630546791982
132 82 0.044270248020039454
132 55 0.1113357544675202
132 69 0.30656806502141065
132 51 0.032204848280103796
132 79 0.1381167248503801
132 86 0.03455236071353075
132 92 0.6158582198411263
132 93 0.5205716103068143
132 87 0.3553258689400346
132 78 0.3095726013700997
132 50 0.042105327264329834
132 52 0.04649341892014715
132 46 0.3016086175212362
132 91 0.5082322894892285
132 85 0.5117033147992216
132 84 0.0720501267630006
132 90 0.5171778787876646
132 47 0.09365470516142269
132 53 0.04475722265726505
126 76 0.047719522974430384
126 62 0.07340133012283788
126 89 0.08224677005694936
126 88 0.22860766992731962
126 63 0.030853374141265502
126 77 0.0277161496627234
126 49 0.1551490014014985
126 61 0.01769703117257633
126 75 0.014337180296238441
126 74 0.058072413105014487
126 60 0.018865576185448943
126 48 0.06448213627168214
126 64 0.027527862914791174
126 70 0.1473465079529044
126 58 0.06762844458860459
126 59 0.014647745000588144
126 71 0.36590811620989083
126 65 0.013238811537977166
126 73 0.013001625162608763
126 67 0.3604063299674702
126 66 0.16379485178251849
126 72 0.015947782950518435
126 57 0.32437180459227677
126 94 0.4644328369009737
126 80 0.40126097014262885
126 81 0.10446004962138623
126 95 0.06825773405531876
126 56 0.13971267164219883
126 68 0.4194392561870423
126 54 0.029872525670634587
126 83 0.3398352220126931
126 82 0.024646597579861762
126 55 0.06079547547710695
126 69 0.27277471230767425
126 51 0.08421661499362793
126 79 0.054578330855594964
126 86 0.1415536111176152
126 92 0.47329483007870554
126 93 0.4083146816761603
126 87 0.24795913418725574
126 78 0.3118932534725547
126 50 0.1564656937949797
126 52 0.014524951580243875
126 46 0.07861250854338789
126 91 0.39179204201278134
126 85 0.3941548913658717
126 84 0.0189221552686185
126 90 0.8040778285392787
126 47 0.05130527352245118
126 53 0.02690496195469526
118 76 0.090693715475927
118 62 0.23282316439324996
118 89 0.02803086328368705
118 88 0.06841251415935248
118 63 0.07031212252960384
118 77 0.03591307192555851
118 49 0.33994690442280484
118 61 0.02004517962779706
118 75 0.020087286941681853
118 74 0.12294545400214843
118 60 0.019790658832946284
118 48 0.17579128800175567
118 64 0.033215680343553475
118 70 0.10966552097477386
118 58 0.3599843704023598
118 59 0.1315122919300817
118 71 0.222168160653404
118 65 0.015290527223618414
118 73 0.04813107678837987
118 67 0.16640226550166975
118 66 0.054760215085373765
118 72 0.02167237291139404
118 57 0.32465402255014325
118 94 0.0814119192194917
118 80 0.24265617059758016
118 81 0.2768440148816578
118 95 0.03999395361459379
118 56 0.28008346626375624
118 68 0.24861395441827477
118 54 0.03649680968725366
118 83 0.17321265057687618
118 82 0.051471892502652536
118 55 0.1328831330230034
118 69 0.13396722812288014
118 51 0.1473339908645099
118 79 0.17557037832630276
118 86 0.09259611377620072
118 92 0.07563438709245983
118 93 0.07373777454914206
118 87 0.13107223967711434
118 78 0.08807246808502188
118 50 0.2742364916238501
118 52 0.027540833465546477
118 46 0.18200413961226058
118 91 0.08011609739841008
118 85 0.06984486384584151
118 84 0.12934848774663918
118 90 0.07212582789503838
118 47 0.3196413769122871
118 53 0.2861795934725778
130 76 0.012878035259689308
130 62 0.05356558284930504
130 89 0.06941492911936867
130 88 0.1984323413011883
130 63 0.024458926210659274
130 77 0.02251156532087424
130 49 0.02044536542266205
130 61 0.00954504822171498
130 75 0.00907106718921688
130 74 0.019950182706795133
130 60 0.009474035686653129
130 48 0.020284842765232625
130 64 0.02313490296558758
130 70 0.14113260108743297
130 58 0.06432354287149149
130 59 0.010515181847216684
130 71 0.02817068807735003
130 65 0.00635156911109809
130 73 0.008524975863090145
130 67 0.17411163580418393
130 66 0.13962657165066525
130 72 0.010279463663404459
130 57 0.0927594365450188
130 94 0.27987660012101734
130 80 0.030377397168572698
130 81 0.12063011260099692
130 95 0.04295311748488308
130 56 0.18120047610371057
130 68 0.2609638330763192
130 54 0.0836355539912466
130 83 0.19219422274775966
130 82 0.017626519031661514
130 55 0.06635655120740447
130 69 0.15397582242278524
130 51 0.012138591714806024
130 79 0.070003405626032
130 86 0.014194326157563497
130 92 0.2865045027887422
130 93 0.2399328846952806
130 87 0.19928378814280534
130 78 0.15360492182014138
130 50 0.019226310338090455
130 52 0.017029402165712734
130 46 0.24337992624034432
130 91 0.23881225726867772
130 85 0.24375127964704757
130 84 0.05384734904579759
130 90 0.24597329440674964
130 47 0.04585746256919759
130 53 0.01824364105527619
124 76 0.042530569582215016
124 62 0.06806501954361892
124 89 0.07593504852908087
124 88 0.21397581663607998
124 63 0.029809643782335984
124 77 0.027438264196703102
124 49 0.13949574694667488
124 61 0.015243600810856392
124 75 0.014996141610041147
124 74 0.05527001343060532
124 60 0.016090502348203903
124 48 0.06108476833501983
124 64 0.027777753927042098
124 70 0.1382106749492481
124 58 0.06602429786074168
124 59 0.013612226068406647
124 71 0.32523549236969385
124 65 0.010218324312300922
124 73 0.013221060637972515
124 67 0.3254131325701397
124 66 0.15038518136930545
124 72 0.015396767628453503
124 57 0.29302930143591843
124 94 0.30151950297463603
124 80 0.35658368766597376
124 81 0.09990769700673383
124 95 0.06806772217939437
124 56 0.12865622412258615
124 68 0.38296888416915503
124 54 0.03090512872612418
124 83 0.30218527894598646
124 82 0.02540280910792414
124 55 0.05677520286126453
124 69 0.24685770083418018
124 51 0.07786014080950043
124 79 0.05181765267395594
124 86 0.1281420942311833
124 92 0.303500244560889
124 93 0.25757157312555845
124 87 0.20254309082079447
124 78 0.28121204798823496
124 50 0.1407126231176503
124 52 0.015110526861233375
124 46 0.07783399966313999
124 91 0.9999999999999998
124 85 0.2580272818880771
124 84 0.021506797063026273
124 90 0.26207562231504455
124 47 0.053341365383837464
124 53 0.02652605417863159
125 76 0.05087641594822245
125 62 0.07774105183451792
125 89 0.08673127183568444
125 88 0.2331854541487285
125 63 0.03420070519216435
125 77 0.0271105771083007
125 49 0.15249629695955183
125 61 0.019694943931274647
125 75 0.01861567900525357
125 74 0.05977331521821369
125 60 0.02108279580063395
125 48 0.06736591345771312
125 64 0.031718472499345965
125 70 0.14849818207029708
125 58 0.0726422577334006
125 59 0.017516975077838448
125 71 0.35159798796692204
125 65 0.018392560642092784
125 73 0.017906808896952828
125 67 0.41816900873892293
125 66 0.16497878989236908
125 72 0.017846715842288197
125 57 0.3206382426144347
125 94 0.3239556527549912
125 80 0.3855555186562056
125 81 0.1081941500282073
125 95 0.07299331741180004
125 56 0.26332143821963583
125 68 0.539175682600914
125 54 0.034759425542360806
125 83 0.3319383637609223
125 82 0.02687187722673312
125 55 0.06703848946905006
125 69 0.2696456029066512
125 51 0.08484153349568901
125 79 0.0582037705303778
125 86 0.14133474355519354
125 92 0.32888998163395194
125 93 0.2809097403196431
125 87 0.21547321288831756
125 78 0.3059503101466076
125 50 0.15368894500171337
125 52 0.016456705517549686
125 46 0.08248965033059329
125 91 0.28004702724342845
125 85 0.28058657339359094
125 84 0.02362950705049581
125 90 0.2839775278171539
125 47 0.055484201258311605
125 53 0.028235104904087385
131 76 0.029252590729679215
131 62 0.11342806549880588
131 89 0.1240696441443842
131 88 0.4531849261812222
131 63 0.05635232089303416
131 77 0.03176233101948567
131 49 0.039032446566127074
131 61 0.025637378152048765
131 75 0.024862300431732515
131 74 0.044578654066271914
131 60 0.026131529889407645
131 48 0.042910831035814195
131 64 0.05209594507956347
131 70 0.28784211405217386
131 58 0.4428795557107859
131 59 0.1212166755539597
131 71 0.05076490495381114
131 65 0.024929124303271627
131 73 0.024290866488863028
131 67 0.30148808439587244
131 66 0.2317720426129248
131 72 0.027239395258665047
131 57 0.3552052953238245
131 94 0.4576442393673378
131 80 0.05339807165451127
131 81 0.22717734857550467
131 95 0.0788552085938799
131 56 0.14257195539368508
131 68 0.47583862001635957
131 54 0.10523134632005889
131 83 0.03591509035059752
131 82 0.04180459471062106
131 55 0.10900267202527411
131 69 0.32943331253809033
131 51 0.02913147605810895
131 79 0.10026037723292479
131 86 0.03213160201551571
131 92 0.4703691256429005
131 93 0.39406467887668545
131 87 0.3493363360502604
131 78 0.27564440726510586
131 50 0.03956358122157769
131 52 0.022955867330779534
131 46 0.14556216706166547
131 91 0.3908130808436993
131 85 0.39655782075425333
131 84 0.032148048592465436
131 90 0.4010732228229642
131 47 0.08487268222426789
131 53 0.03163745518455177
119 76 0.023119029975825003
119 62 0.12778745829269536
119 89 0.02558557240213631
119 88 0.0916971287928001
119 63 0.024474732855311918
119 77 0.22221258333490873
119 49 0.06553301956329277
119 61 0.05693553802773543
119 75 0.019645674352129022
119 74 0.11175918062282988
119 60 0.01607586071080716
119 48 0.050756540946740536
119 64 0.026724658896536163
119 70 0.1575489365178169
119 58 0.411569608143493
119 59 0.06992711195377113
119 71 0.03187151541601334
119 65 0.011733245418791838
119 73 0.018487053001168208
119 67 0.09608141202017585
119 66 0.0503697449797377
119 72 0.02032315921763818
119 57 0.16357020726659807
119 94 0.13163105640666548
119 80 0.0338209132671342
119 81 0.11832490352107203
119 95 0.06065296986714876
119 56 0.08811539119019068
119 68 0.1928977097188021
119 54 0.02914426543663126
119 83 0.031030248111296357
119 82 0.024825861025256038
119 55 0.10672046245711618
119 69 0.12201377122254448
119 51 0.02053372387848236
119 79 0.2453752516822452
119 86 0.021444412545465155
119 92 0.13253013670613278
119 93 0.12290322458418568
119 87 0.09855230768691643
119 78 0.12714835897724883
119 50 0.025989426242322727
119 52 0.03357239894778272
119 46 0.05239060865600731
119 91 0.1457776781053849
119 85 0.13591448440887352
119 84 0.04517244636634306
119 90 0.13768604088521394
119 47 0.03624761293009948
119 53 0.039695390293963226
