114 76 0.05246315136323989
114 62 0.1198918790094311
114 89 0.0497288648625312
114 88 0.14495667908760984
114 63 0.016964253040166688
114 77 0.014177481864024344
114 49 0.006995830189917382
114 61 0.0023335776360589866
114 75 0.006701886348986122
114 74 0.11289616900310798
114 60 0.004400474223766632
114 48 0.009173148308821946
114 64 0.020964175075322444
114 70 0.17098194724339613
114 58 0.3516946023605825
114 59 0.004450078157702264
114 71 0.010798034211743204
114 65 0.0005029156666046114
114 73 0.004583748882153335
114 67 0.13189204711633518
114 66 0.09787246817271975
114 72 0.0042735951008299605
114 57 0.14375984822879181
114 94 0.20725745154210756
114 80 0.011899315317422679
114 81 0.10313018034795687
114 95 0.025311996572899217
114 56 0.07182074905179248
114 68 0.22753015329170811
114 54 0.025833065877058706
114 83 0.013362861190049813
114 82 0.007378157751138301
114 55 0.10018504419343678
114 69 0.17769409886307352
114 51 0.004438891580491072
114 79 0.031068613185473687
114 86 0.003963334168320579
114 92 0.21719894523056188
114 93 0.17631653545304005
114 87 0.1245692183573456
114 78 0.12921096690089137
114 50 0.007671337851139201
114 52 0.007716120679748736
114 46 0.0521399673042731
114 91 0.17191459728751357
114 85 0.1801810873379454
114 84 0.016075080508528336
114 90 0.181605034212117
114 47 0.028848454982985265
114 53 0.003760522657430515
100 76 0.002546658123186496
100 62 0.0428486018345267
100 89 0.004875024544100964
100 88 0.013398179760247972
100 63 0.14973472780286246
100 77 0.00992540152292426
100 49 0.14053573851104362
100 61 0.0022204424654033994
100 75 0.004691870785847041
100 74 0.00457032360985779
100 60 0.0057224551220765585
100 48 0.0466241711940704
100 64 0.09035759488429952
100 70 0.012996737751090753
100 58 0.03871057004342349
100 59 0.002993073034618779
100 71 0.35529232015405604
100 65 0.00319170749958346
100 73 0.0032090006230988677
100 67 0.14219833007991373
100 66 0.009508224162580695
100 72 0.0022469019481534402
100 57 0.20542318683829697
100 94 0.042085890945489215
100 80 0.3912839949997857
100 81 0.011642594406508985
100 95 0.023362382148795824
100 56 0.06749457422642345
100 68 0.18138718520494534
100 54 0.016635857376553626
100 83 0.0346812864329012
100 82 0.0032038693727372003
100 55 0.12283091802982646
100 69 0.04055971912339029
100 51 0.0739747058901924
100 79 0.00826777761873529
100 86 0.13084719397068717
100 92 0.018782299515437306
100 93 0.017589693515356816
100 87 0.011305790189913054
100 78 0.038731878384492595
100 50 0.1439942484243923
100 52 0.015607862810734535
100 46 0.09536949849368546
100 91 0.03344891616718288
100 85 0.03148270552915775
100 84 0.017954215450428718
100 90 0.03060166365996618
100 47 0.010977619107711209
100 53 0.009325763763022105
128 76 0.019793547355722627
128 62 0.01578364218297254
128 89 0.0869854742613321
128 88 0.24925345265949175
128 63 0.014462419202565066
128 77 0.05178371457558332
128 49 0.006774479094648803
128 61 0.0029729673026666903
128 75 0.00424941707443631
128 74 0.019411183892358186
128 60 0.003793411639510219
128 48 0.010944001313782384
128 64 0.016233979259085693
128 70 0.15388441561989347
128 58 0.0274879552217331
128 59 0.005471491070621545
128 71 0.009438696916328898
128 65 0.0013652830684897782
128 73 0.0029063848221922567
128 67 0.20666851150865004
128 66 0.16707712137462444
128 72 0.0338124934249491
128 57 0.10310645893694484
128 94 0.3636189034293579
128 80 0.010401340520929031
128 81 0.14316587332345337
128 95 0.05898061759175713
128 56 0.1401979188906547
128 68 0.44848651290837444
128 54 0.06412024964422983
128 83 0.008472893682076627
128 82 0.007276934477304792
128 55 0.05131946229612328
128 69 0.1975967394765172
128 51 0.0028586280684514964
128 79 0.0769328281674517
128 86 0.0034644000249809542
128 92 0.3806632131082132
128 93 0.30802242577622146
128 87 0.22757130975463113
128 78 0.20227019959076528
128 50 0.0051932939034539105
128 52 0.010415943050199244
128 46 0.09204687599853532
128 91 0.30088448540349416
128 85 0.3158753975165771
128 84 0.004506325218327292
128 90 0.3182898495291403
128 47 0.039151989680585426
128 53 0.006223569839968288
129 76 0.005136033703750487
129 62 0.10501452844332004
129 89 0.09868912933898102
129 88 0.28982231752783894
129 63 0.035942559281271734
129 77 0.018169259545074867
129 49 0.02136195444197736
129 61 0.0034274461715328164
129 75 0.00858885334392935
129 74 0.01579245786869647
129 60 0.003728462620904413
129 48 0.034509702400975395
129 64 0.034665914299900756
129 70 0.255086150242676
129 58 0.40110503641978384
129 59 0.00405346711138492
129 71 0.02423931612140104
129 65 0.0011219667884085072
129 73 0.005874338188407324
129 67 0.2599549579445555
129 66 0.19360285071916622
129 72 0.0034736046543877575
129 57 0.30236787987929475
129 94 0.41219101673247405
129 80 0.02671146061878185
129 81 0.18089289901426756
129 95 0.05150517486806925
129 56 0.14340042380974807
129 68 0.4226018248118666
129 54 0.0909076686329022
129 83 0.017125276234203207
129 82 0.14500360005832957
129 55 0.07810854707332054
129 69 0.2963167609308842
129 51 0.00598215555575797
129 79 0.07980142764523276
129 86 0.008896851771056147
129 92 0.4316405281829449
129 93 0.34959227327243597
129 87 0.2612381182003396
129 78 0.23990627691759586
129 50 0.010867832832152854
129 52 0.009888653052501875
129 46 0.11706795853539914
129 91 0.3423599226161283
129 85 0.3581474810605961
129 84 0.018210793006143075
129 90 0.36091152810862454
129 47 0.08648662096663318
129 53 0.008144682523650332
101 76 0.002200169314705902
101 62 0.009760391442532407
101 89 0.00259022748314168
101 88 0.03560379716607364
101 63 0.0044933471666580155
101 77 0.006734498975338329
101 49 0.0715330597973328
101 61 0.0011572577071420204
101 75 0.002193883969975871
101 74 0.002481564698561381
101 60 0.0026014504051496273
101 48 0.018800179142311593
101 64 0.0065757212309711655
101 70 0.011573647218969502
101 58 0.023199309774787027
101 59 0.006042269733789116
101 71 0.13879196080875222
101 65 0.0014924187471893197
101 73 0.0015005048834455942
101 67 0.057794747198511895
101 66 0.007474947723501907
101 72 0.0010506346809530664
101 57 0.082221934776595
101 94 0.07277786629344367
101 80 0.15285262218325515
101 81 0.01058197211511662
101 95 0.00936880171570105
101 56 0.04105635943771298
101 68 0.07942925727659264
101 54 0.008102920298009339
101 83 0.01451110074673538
101 82 0.0018726319360572174
101 55 0.04877029400118348
101 69 0.024695232727344002
101 51 0.029308087110834838
101 79 0.003929573233391964
101 86 0.05111288783262288
101 92 0.06767770862516487
101 93 0.06054502495982193
101 87 0.007001329750501925
101 78 0.022706578306739444
101 50 0.08803702816440986
101 52 0.012163534756520808
101 46 0.009536226045128299
101 91 0.060249193153036534
101 85 0.05652801926233358
101 84 0.03435872248472342
101 90 0.05643959358241135
101 47 0.005458887099997964
101 53 0.007267763244600378
115 76 0.030772356188023632
115 62 0.04573555052976601
115 89 0.006751346165486463
115 88 0.028652690411288602
115 63 0.012695446519695383
115 77 0.0563793221897374
115 49 0.037264965891742996
115 61 0.0016436996777433321
115 75 0.006166297239587212
115 74 0.08860334202034824
115 60 0.0017715532835232833
115 48 0.023424569802375478
115 64 0.07868001336295792
115 70 0.051508141079184125
115 58 0.018571892718686603
115 59 0.0027271039585905488
115 71 0.017123373941464584
115 65 0.0011322603536669251
115 73 0.004217433213151836
115 67 0.035836558852964225
115 66 0.1475807398357568
115 72 0.061009696101427854
115 57 0.01563624570291483
115 94 0.1195301811752633
115 80 0.018869770351906665
115 81 0.05052312776604175
115 95 0.011657375364865816
115 56 0.18402465718718689
115 68 0.06320615341800637
115 54 0.013990546822090708
115 83 0.17052489878513744
115 82 0.019381366854227033
115 55 0.13155798560743825
115 69 0.016029024073569487
115 51 0.0033329251707439334
115 79 0.03289727657616042
115 86 0.006285000740720997
115 92 0.12550797517209908
115 93 0.11228715917305668
115 87 0.023692001438420804
115 78 0.02205725016310635
115 50 0.007751205691874874
115 52 0.6885264515947196
115 46 0.4713976888771544
115 91 0.10651910993404122
115 85 0.10089762683628521
115 84 0.04584514566182548
115 90 0.10175307390281028
115 47 0.2084958911382093
115 53 0.20426083590145572
103 76 0.008718178104721447
103 62 0.0973545963111012
103 89 0.00810440709161267
103 88 0.03184343644711448
103 63 0.027947458255685523
103 77 0.011605902049225736
103 49 0.00767113770101395
103 61 0.005817930311856942
103 75 0.004907433477686962
103 74 0.00478030195429395
103 60 0.004298980116661286
103 48 0.01619594234421301
103 64 0.04089928683170863
103 70 0.1249112858995001
103 58 0.6407703904529838
103 59 0.006617788921783219
103 71 0.01190536153803537
103 65 0.0027476253706675557
103 73 0.00335643452398926
103 67 0.04827034163150251
103 66 0.2052666347019384
103 72 0.002350133314563907
103 57 0.19898932065091823
103 94 0.03310123259437546
103 80 0.013119577890847292
103 81 0.09237787129900343
103 95 0.005280696102708857
103 56 0.03742692269299811
103 68 0.19709960999802323
103 54 0.05039807038684531
103 83 0.009784909642888084
103 82 0.007785854367046638
103 55 0.036367209226569344
103 69 0.14840529161764968
103 51 0.0056038974114059475
103 79 0.008647631301919506
103 86 0.004369770019675437
103 92 0.03493647589837351
103 93 0.028977258006001524
103 87 0.023325180080265018
103 78 0.06709201829802518
103 50 0.009249861266466375
103 52 0.0209620334747235
103 46 0.04253361586506626
103 91 0.02869206702107415
103 85 0.02892625709042375
103 84 0.0150232812434338
103 90 0.02920584679575891
103 47 0.03325652582536277
103 53 0.01252490328422054
117 76 0.10764466373823957
117 62 0.19941707820749088
117 89 0.012992883616769757
117 88 0.07169028062726733
117 63 0.010634622702568527
117 77 0.29783962306091616
117 49 0.13717736532141148
117 61 0.05792246061695784
117 75 0.5617976870108519
117 74 0.26956198764502004
117 60 0.0007344344904831462
117 48 0.3374529885236201
117 64 0.09648078186586698
117 70 0.16910248507071834
117 58 0.47623045461593877
117 59 0.005701171191056717
117 71 0.04501300070859743
117 65 0.0
117 73 0.31431366037115105
117 67 0.07816983773281881
117 66 0.02082979795686027
117 72 0.0751472346504375
117 57 0.14889798372214594
117 94 0.12606075356531765
117 80 0.04632806603653107
117 81 0.15446775699761853
117 95 0.05579242193057006
117 56 0.22188256151497063
117 68 0.18046120494004358
117 54 0.019177574525674687
117 83 0.5585757112513743
117 82 0.029177496913576434
117 55 0.11071435826367226
117 69 0.16727663244669178
117 51 0.08047906092740795
117 79 0.3247259203706936
117 86 0.005040054536132543
117 92 0.13223412315220368
117 93 0.11778609144450854
117 87 0.15644041602458797
117 78 0.18321755195890305
117 50 0.00794527087671229
117 52 0.053796161060934745
117 46 0.2436905120506091
117 91 0.14490446502010693
117 85 0.13874144740546634
117 84 0.0898561710771556
117 90 0.13985671071217207
117 47 0.024052104204435265
117 53 0.048046133334889406
116 76 0.07286194792706596
116 62 0.0993158029820472
116 89 0.05805938827266013
116 88 0.16376903862226735
116 63 0.01456065262139275
116 77 0.031991762993850974
116 49 0.0157862266041041
116 61 0.06311579491694755
116 75 0.015122936621950245
116 74 0.019002397626088532
116 60 0.0027551142217481644
116 48 0.012668591356883557
116 64 0.021083999479056162
116 70 0.24917930526064744
116 58 0.43712173300070906
116 59 0.04000940902737904
116 71 0.01249036542992002
116 65 0.0005817355578936756
116 73 0.010343318317569919
116 67 0.1539979523364386
116 66 0.16303493113866463
116 72 0.0037124924745869925
116 57 0.2444324783849129
116 94 0.23372869145821376
116 80 0.013764245766031899
116 81 0.11534080750720319
116 95 0.031874121480442684
116 56 0.19743426266585257
116 68 0.29623984643363244
116 54 0.025980719276451278
116 83 0.19670912650181144
116 82 0.18316507113233077
116 55 0.11990849335429338
116 69 0.21750957350241587
116 51 0.005134580689125104
116 79 0.050980609428339034
116 86 0.004584491131670573
116 92 0.24472968234269063
116 93 0.19901349728977039
116 87 0.14084881518743322
116 78 0.1567300687094474
116 50 0.008873634887441015
116 52 0.027081308372076437
116 46 0.19403892608361936
116 91 0.19724667713085942
116 85 0.20550488032493805
116 84 0.056868484021097586
116 90 0.20708993701848707
116 47 0.02959491670638971
116 53 0.01618119580714407
102 76 0.001425516816407263
102 62 0.056052340937461
102 89 0.00421476172159839
102 88 0.016560433786741394
102 63 0.014534299170871623
102 77 0.005398936781348326
102 49 0.010876156390575958
102 61 0.0012467630174638894
102 75 0.0025521500264283764
102 74 0.002486034260975281
102 60 0.00020711878484071244
102 48 0.00842282934037808
102 64 0.021270001201859304
102 70 0.07150459385193177
102 58 0.36909025156968955
102 59 0.0007901775338524514
102 71 0.026472552074381192
102 65 0.0
102 73 0.0017455406167098536
102 67 0.026799033183814228
102 66 0.012651686442024357
102 72 0.001222205625026923
102 57 0.11455513267608458
102 94 0.017214560732133358
102 80 0.02917246215495181
102 81 0.05237148057710714
102 95 0.00274626823967479
102 56 0.024263226617390887
102 68 0.09587040762955779
102 54 0.026209919554599878
102 83 0.005088720512920003
102 82 0.002614124198273754
102 55 0.018913057998793545
102 69 0.08476105132250782
102 51 0.0051526664922548066
102 79 0.004497269816510885
102 86 0.00971654359503113
102 92 0.018168993689420987
102 93 0.01506985476667029
102 87 0.012130446439867548
102 78 0.03683158040182722
102 50 0.011153624675147022
102 52 0.0029383813110654133
102 46 0.022119947085922964
102 91 0.01492153891419283
102 85 0.015043331332652995
102 84 0.007812977556761913
102 90 0.015188734194883244
102 47 0.017295322218839268
102 53 0.002377675495200182
106 76 0.028054205295639068
106 62 0.06145006734624674
106 89 0.005744234449848021
106 88 0.017697399852581078
106 63 0.010869985042005897
106 77 0.011695086422804826
106 49 0.00577090060527341
106 61 0.0013084013801938216
106 75 0.005528424638376536
106 74 0.005385205774700447
106 60 0.0002926792519111765
106 48 0.006299308130712417
106 64 0.015907515882913587
106 70 0.07899120018999681
106 58 0.4050588988107758
106 59 0.004894691547891086
106 71 0.009812171550273224
106 65 0.0
106 73 0.0037811608458655777
106 67 0.0301842267075614
106 66 0.011859783057198245
106 72 0.05520151764848417
106 57 0.12555054536616403
106 94 0.019658249825957902
106 80 0.010812905472957934
106 81 0.0568380280389054
106 95 0.0028339539021098176
106 56 0.041972613547593865
106 68 0.10668672213416341
106 54 0.019602006960311738
106 83 0.0110231011383016
106 82 0.036243746566190144
106 55 0.09101054366435818
106 69 0.09474587835943463
106 51 0.004033619900321694
106 79 0.009741910546622684
106 86 0.0036014809740395337
106 92 0.020748169098859556
106 93 0.01732453492392856
106 87 0.013816287067536806
106 78 0.03879405892587482
106 50 0.006970943186457121
106 52 0.006365072377728848
106 46 0.016543177701737452
106 91 0.01671928524296727
106 85 0.0170866127387886
106 84 0.014607422475342344
106 90 0.017251765147061823
106 47 0.012934912898464906
106 53 0.003102076792999814
112 76 0.006072073316436402
112 62 0.07166401879295137
112 89 0.01162366718237362
112 88 0.033106099763358286
112 63 0.021995809800033364
112 77 0.02366543243223239
112 49 0.011677627117053252
112 61 0.0022025978773480975
112 75 0.011186968185294605
112 74 0.010897159609383755
112 60 0.0005475080290409662
112 48 0.012746878949649862
112 64 0.03218943654470825
112 70 0.09730556328915174
112 58 0.47163682083714653
112 59 0.006399988388903183
112 71 0.02304034031609481
112 65 0.0
112 73 0.0076513163971791975
112 67 0.0432910825933694
112 66 0.022185810589917157
112 72 0.005357355681083836
112 57 0.1464823171416153
112 94 0.03677421459267452
112 80 0.025390202426269007
112 81 0.07303170469532252
112 95 0.005734608720433576
112 56 0.07311072823700787
112 68 0.13567724687168053
112 54 0.0396653735153974
112 83 0.02230564578586304
112 82 0.007742716264556457
112 55 0.18786419879919675
112 69 0.11883801563465665
112 51 0.007783721697356791
112 79 0.019713110058972916
112 86 0.008456777060884157
112 92 0.03881310033200683
112 93 0.03240859031965167
112 87 0.025845795530825416
112 78 0.057931129151349785
112 50 0.013451907485665784
112 52 0.012879955293676623
112 46 0.03347572133810601
112 91 0.0312763643154614
112 85 0.031963515016908195
112 84 0.0281881074750528
112 90 0.032272461650311786
112 47 0.026174266366987498
112 53 0.006277165135024854
113 76 0.02267845718551538
113 62 0.0845009532277309
113 89 0.08965124094563119
113 88 0.25903974662567514
113 63 0.022332314731458844
113 77 0.07198340325710341
113 49 0.015127260155907693
113 61 0.00437745821713309
113 75 0.014491657971137314
113 74 0.028492412234266074
113 60 0.005857641204626146
113 48 0.015226249686298196
113 64 0.027514755669736032
113 70 0.21185931957806986
113 58 0.34655323839948604
113 59 0.005923670917006615
113 71 0.014002364265530087
113 65 0.0014566248853666725
113 73 0.009911555876473216
113 67 0.22631455333216818
113 66 0.17425365206366417
113 72 0.03488124890374215
113 57 0.20830473923243853
113 94 0.3742208923011703
113 80 0.01543045190612112
113 81 0.1674098436316932
113 95 0.06005963824391155
113 56 0.25102554415801326
113 68 0.43539436951584193
113 54 0.03390500667227103
113 83 0.15689737817631738
113 82 0.010124306286653811
113 55 0.11833932484288055
113 69 0.27476296018882407
113 51 0.0049255224762461
113 79 0.07776795991536942
113 86 0.005139458501668082
113 92 0.39195984337402273
113 93 0.3176564955059977
113 87 0.2236914055677839
113 78 0.22634063826752296
113 50 0.008512338344718776
113 52 0.03016854509363133
113 46 0.1905459706075724
113 91 0.3100194215905477
113 85 0.3252046807754463
113 84 0.047252010838243236
113 90 0.3277312031877998
113 47 0.04683727902116187
113 53 0.018025832750386966
107 76 0.003173570893635666
107 62 0.005813937773636285
107 89 0.0026687110005688686
107 88 0.016009855838743828
107 63 0.0031186437744581547
107 77 0.007311503386655455
107 49 0.01758547892597853
107 61 0.0024574331995588505
107 75 0.006890072233341704
107 74 0.002632174304750323
107 60 0.0022825627810456606
107 48 0.006399022440690141
107 64 0.0019387105681261951
107 70 0.007332033556597131
107 58 0.007356816647860934
107 59 0.0035137447198546334
107 71 0.033843129417693026
107 65 0.007814235760667476
107 73 0.006998435670628592
107 67 0.08039777534356975
107 66 0.14335722885076696
107 72 0.0010956851791363992
107 57 0.07730421414851174
107 94 0.01092108434779758
107 80 0.03729475758018181
107 81 0.008058384275785951
107 95 0.009773593585861023
107 56 0.5510742242572604
107 68 0.4339398921064198
107 54 0.00238897250395069
107 83 0.009156345918512956
107 82 0.003762641552779833
107 55 0.00726473415296118
107 69 0.009139769674370815
107 51 0.008720461370317886
107 79 0.003595640733041555
107 86 0.012421856474409507
107 92 0.011850752105603352
107 93 0.04306472698542087
107 87 0.012558402612502781
107 78 0.010801929452072312
107 50 0.01797494974238327
107 52 0.011129885723127411
107 46 0.008725843945592351
107 91 0.012151763862818105
107 85 0.009531210753357389
107 84 0.0027424607535615347
107 90 0.009617232173027679
107 47 0.0053743064452380085
107 53 0.010167990662438883
139 76 0.05371773343212337
139 62 0.011629760235117206
139 89 0.033869481626139904
139 88 0.09521839865604606
139 63 0.007751129987975239
139 77 0.015151449681436127
139 49 0.010014633622040123
139 61 0.03840257539825854
139 75 0.0019626493250390065
139 74 0.017892878679276636
139 60 0.001973840885124409
139 48 0.006295148236716203
139 64 0.006512248898269679
139 70 0.11580797461212242
139 58 0.017477287892895044
139 59 0.06281281805047847
139 71 0.00693761600136239
139 65 0.0012615492852850602
139 73 0.0013423521649345016
139 67 0.08306826118554586
139 66 0.18234205977758416
139 72 0.0019958932186527056
139 57 0.076688667650355
139 94 0.19302552480338303
139 80 0.007645176773160192
139 81 0.053563480503419136
139 95 0.017705268326772147
139 56 0.06296903012621552
139 68 0.15259347923025252
139 54 0.040510590749412885
139 83 0.024608335310901536
139 82 0.05407327922915405
139 55 0.027296424297624272
139 69 0.0754336961839472
139 51 0.002572982783476188
139 79 0.035087904076881726
139 86 0.002546397798497829
139 92 0.2020537651823362
139 93 0.1688822741387785
139 87 0.09288635624267276
139 78 0.07497532510655891
139 50 0.004246996695499855
139 52 0.02736583456122149
139 46 0.05443525953839837
139 91 0.16002963852805274
139 85 0.16319535101151716
139 84 0.004220619162758385
139 90 0.16443983339141893
139 47 0.019015368184734094
139 53 0.01635120140346022
111 76 0.01122250718729742
111 62 0.08803394599986099
111 89 0.04979332144632535
111 88 0.1509075117717366
111 63 0.026299899222264
111 77 0.024106220536750614
111 49 0.011895132507539416
111 61 0.0074891524302136275
111 75 0.01139533465042565
111 74 0.014287325198164003
111 60 0.0025686054615558646
111 48 0.014347272157116633
111 64 0.032501029691871526
111 70 0.21989977691787058
111 58 0.38387946804682394
111 59 0.016466707777285025
111 71 0.019959979990444715
111 65 0.000542354694187161
111 73 0.007793828445561979
111 67 0.16471351091079292
111 66 0.13280835263139548
111 72 0.006263519669935394
111 57 0.1851051270947254
111 94 0.2061052389522504
111 80 0.021995679118838984
111 81 0.11873998218940353
111 95 0.025192034402392344
111 56 0.12334220362633377
111 68 0.3679433333188564
111 54 0.04004933359341565
111 83 0.02272110674792914
111 82 0.011438452659333631
111 55 0.16837498143625887
111 69 0.3193175966445744
111 51 0.008205214522287757
111 79 0.06832550889706107
111 86 0.0073261548485456796
111 92 0.21607155927747174
111 93 0.1759199832437469
111 87 0.14444120570000324
111 78 0.29916438439220305
111 50 0.014180335698710508
111 52 0.013119855033368114
111 46 0.0629693468280012
111 91 0.1715037459066344
111 85 0.1789729778684413
111 84 0.029714509048885035
111 90 0.18040343034150305
111 47 0.03930402518821414
111 53 0.006676797277115135
105 76 0.01510941192670727
105 62 0.026845466992715547
105 89 0.0036352844925719996
105 88 0.012078054291791651
105 63 0.008893096199702924
105 77 0.006886632886195496
105 49 0.11028440294124944
105 61 0.002348888522137993
105 75 0.0030864658404392703
105 74 0.01489804903316827
105 60 0.006053482296490581
105 48 0.03671278202510747
105 64 0.007471692000852362
105 70 0.010059905154519183
105 58 0.05010687760246517
105 59 0.008806478365228437
105 71 0.2777544992583506
105 65 0.003500452669817883
105 73 0.003135008154106167
105 67 0.1232330614957442
105 66 0.07885079696192661
105 72 0.0017022345158945879
105 57 0.2105263773997097
105 94 0.057991270421782135
105 80 0.30590261696688
105 81 0.007583019362341126
105 95 0.018637188187491688
105 56 0.26779883178193764
105 68 0.295341470095947
105 54 0.008218097276111669
105 83 0.14007306415519433
105 82 0.004210957451380309
105 55 0.00847670957242068
105 69 0.05866738132117324
105 51 0.05740807168830199
105 79 0.004018343214081663
105 86 0.10227145794372998
105 92 0.01887690083632977
105 93 0.019291206865022795
105 87 0.010191828305701728
105 78 0.07529259374115398
105 50 0.11087275713409475
105 52 0.012438311858593731
105 46 0.010662790915970097
105 91 0.03668454829122364
105 85 0.046080563821614046
105 84 0.009439141055876246
105 90 0.03237187977134231
105 47 0.012275312018003567
105 53 0.007431943720331971
104 76 0.004254972514859262
104 62 0.10661090995466217
104 89 0.008145221871579372
104 88 0.02793622689953581
104 63 0.02451828766637039
104 77 0.016583423701231642
104 49 0.00818303400377876
104 61 0.0027738560342340096
104 75 0.007839207412760507
104 74 0.007636125621614601
104 60 0.00046002982545653714
104 48 0.014208690099486235
104 64 0.035880918783919274
104 70 0.14409452928812722
104 58 0.7021575142518708
104 59 0.0021704060132555075
104 71 0.014600889752684185
104 65 0.0
104 73 0.005361618556937342
104 67 0.05129346583368416
104 66 0.021342459240961703
104 72 0.0037541379998875107
104 57 0.2215772144325229
104 94 0.03261966848925982
104 80 0.01609002043104904
104 81 0.09841586245688366
104 95 0.004632751391570891
104 56 0.054593426958512416
104 68 0.18417232738067665
104 54 0.04421419566207868
104 83 0.015630560567857985
104 82 0.006341429205182464
104 55 0.09465668973575675
104 69 0.1629033070937039
104 51 0.006002182000903772
104 79 0.013813855187860657
104 86 0.005359142609657738
104 92 0.03442821226486902
104 93 0.028555690401817012
104 87 0.02158734590815592
104 78 0.07037779450101522
104 50 0.010373032352339107
104 52 0.009025558966632097
104 46 0.037314714623768556
104 91 0.028274648438864944
104 85 0.02850543145891956
104 84 0.02173640809688207
104 90 0.02878095363094263
104 47 0.02917592932818639
104 53 0.00528996242864771
110 76 0.016428560352898733
110 62 0.09850351737474182
110 89 0.144720045259031
110 88 0.20959223196004645
110 63 0.009467814032962624
110 77 0.1982289663950581
110 49 0.03902577112151721
110 61 0.0021592476220289175
110 75 0.008837908597374933
110 74 0.04048608906026132
110 60 0.06259058004058045
110 48 0.04450183244218481
110 64 0.011700185708009972
110 70 0.14299793279193018
110 58 0.2813581076830377
110 59 0.002653138593447499
110 71 0.1434203891018525
110 65 0.0006305832428286917
110 73 0.006044679295392569
110 67 0.11687677476134103
110 66 0.0703524237845268
110 72 0.1027239485609129
110 57 0.17140976337092811
110 94 0.19711772772823727
110 80 0.1454151740929188
110 81 0.16742613622326952
110 95 0.05680001773696264
110 56 0.11906802915454254
110 68 0.28099506455164547
110 54 0.04787149388251898
110 83 0.01762186638914509
110 82 0.10730810663102608
110 55 0.08983021930215603
110 69 0.3263321221692675
110 51 0.0028176357023587256
110 79 0.132732338827555
110 86 0.0025157703563020856
110 92 0.20639324246292656
110 93 0.26889522789225945
110 87 0.14803504476285484
110 78 0.22352091409607544
110 50 0.004869466852766527
110 52 0.01621304433893586
110 46 0.09457526722519577
110 91 0.1840120870552333
110 85 0.18615418014417645
110 84 0.010203835785984536
110 90 0.18758073007841525
110 47 0.06920471572751866
110 53 0.018885880356715457
138 76 0.03336502650340739
138 62 0.06340911713179134
138 89 0.04207391405095045
138 88 0.12214571244992325
138 63 0.013419729635915784
138 77 0.04517984701904185
138 49 0.006262965158372588
138 61 0.00328910685863483
138 75 0.0025656065916389165
138 74 0.028643436599422235
138 60 0.00327208062825754
138 48 0.0072835703907868365
138 64 0.014002933006249538
138 70 0.11969198408271495
138 58 0.0218673280767306
138 59 0.009660537373275893
138 71 0.01567659992596357
138 65 0.0018659984495098397
138 73 0.0017547442218636272
138 67 0.14023980806083472
138 66 0.18978557042329047
138 72 0.0887854837161404
138 57 0.09945894867541041
138 94 0.1754789108213393
138 80 0.01727544124848729
138 81 0.07455570295023335
138 95 0.035557562141279676
138 56 0.12330535742836435
138 68 0.3025246967523955
138 54 0.017255088240905644
138 83 0.029671267760516894
138 82 0.02098211297834876
138 55 0.02115965659622579
138 69 0.1113054529955984
138 51 0.0038057822556628457
138 79 0.036576112110248755
138 86 0.005753973631801704
138 92 0.18385018081130297
138 93 0.14913046496683763
138 87 0.1302207444705003
138 78 0.11731719033104515
138 50 0.0067785744944826865
138 52 0.014235973499147
138 46 0.07454111842021273
138 91 0.1454710504252916
138 85 0.15252641900551153
138 84 0.002720716155107661
138 90 0.15372235652029265
138 47 0.058223015938217916
138 53 0.07623575156543044
140 76 0.06328815565493005
140 62 0.024548368774285706
140 89 0.026432976463406713
140 88 0.07436943226408707
140 63 0.02820012717970629
140 77 0.009739972973901015
140 49 0.04325029710746265
140 61 0.029923441764810328
140 75 0.004604216216909485
140 74 0.018384119882697322
140 60 0.001649257796281639
140 48 0.003856984607480324
140 64 0.00412336128425915
140 70 0.1190042341619815
140 58 0.030571524712415622
140 59 0.021812597654191912
140 71 0.008450205863201554
140 65 0.0010540971209129502
140 73 0.003149049362892259
140 67 0.08189426276078711
140 66 0.16089171015496634
140 72 0.0020487812310084202
140 57 0.11768118549805595
140 94 0.11034753930608945
140 80 0.009312034217674181
140 81 0.047961745732435945
140 95 0.013944498514132667
140 56 0.03575323361178784
140 68 0.1741701286295958
140 54 0.005081004299404404
140 83 0.009180326103984962
140 82 0.05659948903281581
140 55 0.02401646759167414
140 69 0.13210898880479732
140 51 0.0021498753761395734
140 79 0.01919311156496653
140 86 0.0031015821000592025
140 92 0.11557410568705576
140 93 0.09365447486463302
140 87 0.07747524142979346
140 78 0.14931879043877455
140 50 0.041549444311487584
140 52 0.00804186020775409
140 46 0.021555065616098157
140 91 0.09172596001356254
140 85 0.09652288204471557
140 84 0.015400245707124338
140 90 0.0966356034729193
140 47 0.01807607521330777
140 53 0.0048050453429910045
135 76 0.061500098057700306
135 62 0.17663355054577023
135 89 0.037832647011482964
135 88 0.13606203279724008
135 63 0.02505372359744784
135 77 0.19741154412460804
135 49 0.28624800191718225
135 61 0.0020930636410422115
135 75 0.3083213030926387
135 74 0.1538179802934007
135 60 0.002978619678418143
135 48 0.30686933356663565
135 64 0.02104932882665439
135 70 0.1042277738180282
135 58 0.05749862460685586
135 59 0.0036880416437401614
135 71 0.18027237777325217
135 65 0.0017451816621170818
135 73 0.19732801760385799
135 67 0.1903954694975004
135 66 0.07587312379240979
135 72 0.02656470413304647
135 57 0.1762630665377129
135 94 0.2070708566695206
135 80 0.19676898952001085
135 81 0.17674033218028506
135 95 0.08412321869007425
135 56 0.2586237589091338
135 68 0.3217058546484876
135 54 0.054677538232594664
135 83 0.4467881762715509
135 82 0.008694645014851593
135 55 0.04594108705991196
135 69 0.14201535338575783
135 51 0.10870358910488144
135 79 0.16692037473074078
135 86 0.05926919008698768
135 92 0.2169935176946385
135 93 0.18136569426472854
135 87 0.1750830236408122
135 78 0.18804501069244495
135 50 0.07678222506932826
135 52 0.0509846209305918
135 46 0.2596951018710689
135 91 0.19098146871249538
135 85 0.1937566748464315
135 84 0.1059225624689617
135 90 0.1952781950934353
135 47 0.14541020371604746
135 53 0.2491714505464847
121 76 0.10117602809146037
121 62 0.08059534394277074
121 89 0.060227660880349164
121 88 0.2875408716113644
121 63 0.109421396139116
121 77 0.06661212025796266
121 49 0.12298246357032624
121 61 0.007285551408107618
121 75 0.0028238894241385815
121 74 0.0615822374228424
121 60 0.06739363218729857
121 48 0.0892798637379864
121 64 0.07716747461363523
121 70 0.13742177205244993
121 58 0.013687648219114196
121 59 0.0018962804032427033
121 71 0.33469501246441247
121 65 0.060004205615784775
121 73 0.0021956403115415413
121 67 0.28856733098694276
121 66 0.1532767916123568
121 72 0.035886253645512074
121 57 0.3130768966126706
121 94 0.35024208362037723
121 80 0.36630934841063467
121 81 0.06657346567738784
121 95 0.08064271305008142
121 56 0.1581651761995886
121 68 0.3574588678214227
121 54 0.09371454111766349
121 83 0.28232445908826825
121 82 0.027784098949179728
121 55 0.16251043119837466
121 69 0.3465112757319607
121 51 0.09069417167774114
121 79 0.06335429883782626
121 86 0.11396380980621258
121 92 0.5172727984388747
121 93 0.325336195982299
121 87 0.1765293810169572
121 78 0.4635843874870423
121 50 0.12658343911475387
121 52 0.007909859217432244
121 46 0.09894803440823845
121 91 0.2923289806137042
121 85 0.3167062226794436
121 84 0.008130572504830277
121 90 0.31920893940789197
121 47 0.17960583920076434
121 53 0.05174605439691088
109 76 0.03599482796006968
109 62 0.07355790104020246
109 89 0.03910086937094197
109 88 0.1299773919162826
109 63 0.012384531944588897
109 77 0.16207590423087676
109 49 0.039678638453107
109 61 0.0021767796762880015
109 75 0.00849005893223985
109 74 0.06400351910728042
109 60 0.0011626708183937184
109 48 0.02532034697830761
109 64 0.06200497715767777
109 70 0.1819888472597789
109 58 0.3053749354219256
109 59 0.0031001659124406805
109 71 0.025506468324385703
109 65 0.0003498702217840932
109 73 0.005806767843199501
109 67 0.1430754632685433
109 66 0.09470294615609154
109 72 0.045253357678913746
109 57 0.17717666215451008
109 94 0.19389814935526467
109 80 0.02810784845408648
109 81 0.1763669798394774
109 95 0.04425417185140449
109 56 0.08281232294665757
109 68 0.2929694039652555
109 54 0.01989323040182546
109 83 0.016928290498991652
109 82 0.018608097021687725
109 55 0.07946939314370233
109 69 0.22837284108987063
109 51 0.010485283272213305
109 79 0.13288293958555938
109 86 0.009361950095813282
109 92 0.20302849513398313
109 93 0.17276187724155972
109 87 0.12867690483047234
109 78 0.2374274303928233
109 50 0.018120773843534138
109 52 0.025259450330440955
109 46 0.10720379154966672
109 91 0.18053920770690002
109 85 0.1829404819650718
109 84 0.4616745736322825
109 90 0.18434348488334884
109 47 0.02121234908955172
109 53 0.024105683506200834
108 76 0.026700084980762123
108 62 0.0975759181281479
108 89 0.055525119812675695
108 88 0.17120199031989503
108 63 0.028886148104532765
108 77 0.07832867653853373
108 49 0.01584478279221728
108 61 0.006762959557020512
108 75 0.015179032454340519
108 74 0.027192377395688958
108 60 0.004107078331236302
108 48 0.024821696163887227
108 64 0.040013758913828384
108 70 0.18805588149051217
108 58 0.442925538120744
108 59 0.013309488637877467
108 71 0.01782624722902522
108 65 0.0012762797351788119
108 73 0.010381685009516473
108 67 0.15713828478401515
108 66 0.11417374189972787
108 72 0.0396094979907328
108 57 0.21594492929522927
108 94 0.23448975260395308
108 80 0.019644329008868658
108 81 0.1723016956542437
108 95 0.04507658268684374
108 56 0.19444802953032386
108 68 0.4031829385939218
108 54 0.0969525297520922
108 83 0.030265404861319213
108 82 0.01650455362909202
108 55 0.13511723603175468
108 69 0.2435858766318403
108 51 0.007328072608865907
108 79 0.11549273000042405
108 86 0.006542984894314388
108 92 0.24580802765697046
108 93 0.20006683049019597
108 87 0.15706716356261
108 78 0.18707885843678818
108 50 0.012664450068426814
108 52 0.018119917551448206
108 46 0.09122470688565687
108 91 0.19506959335903187
108 85 0.20361847749608708
108 84 0.026538011804025305
108 90 0.2052416857968071
108 47 0.057799417912761275
108 53 0.010826727050293139
120 76 0.0043704659602477325
120 62 0.126595136506637
120 89 0.0425557733620906
120 88 0.1221967472962949
120 63 0.007956726739525022
120 77 0.24258812311128053
120 49 0.0053596198712947685
120 61 0.0017263437570211038
120 75 0.03798811838232704
120 74 0.005762781141804577
120 60 0.004688227457622651
120 48 0.004294294857122516
120 64 0.008931378288132619
120 70 0.07105842398560011
120 58 0.010785943948384433
120 59 0.0021105304733637226
120 71 0.012667837469480053
120 65 0.0029964066723873056
120 73 0.00213295043292043
120 67 0.10113966969825423
120 66 0.08198290021711502
120 72 0.0021949293924703184
120 57 0.030691811163112252
120 94 0.17831867463148365
120 80 0.013959818007917763
120 81 0.0503010929202007
120 95 0.02176891200473781
120 56 0.07315976728035084
120 68 0.12627219915671015
120 54 0.011005674340215502
120 83 0.021026185345968326
120 82 0.0028553818119661095
120 55 0.2173076476061259
120 69 0.087608681974029
120 51 0.041636343943012424
120 79 0.02267476953336925
120 86 0.004649630858450174
120 92 0.1873706766510429
120 93 0.15071641665406085
120 87 0.14753886321565218
120 78 0.14329757977765167
120 50 0.06880363780593404
120 52 0.003640504383307888
120 46 0.036683114134106826
120 91 0.15365003921157377
120 85 0.15645523784785076
120 84 0.08035584066599386
120 90 0.15567932479026603
120 47 0.06301199838464505
120 53 0.3511012699255139
134 76 0.04722395230025377
134 62 0.1060039618161698
134 89 0.008989959503281547
134 88 0.02986869918530663
134 63 0.021992384600840964
134 77 0.0228962896606357
134 49 0.26129374233216474
134 61 0.0018799176032308906
134 75 0.3080030403698861
134 74 0.09185761624098242
134 60 0.004844865059692519
134 48 0.24142750275548103
134 64 0.018477290744618444
134 70 0.04388497805318201
134 58 0.021033534162976708
134 59 0.00253405831189292
134 71 0.34084531484696
134 65 0.002702230391608426
134 73 0.19674587929901088
134 67 0.16007265131488768
134 66 0.0211967813822891
134 72 0.002897408792651962
134 57 0.18936171880523966
134 94 0.06012788825220287
134 80 0.3735613571368509
134 81 0.03265167068456959
134 95 0.023031004357241036
134 56 0.05814749649134702
134 68 0.2173798394970008
134 54 0.0526966406072281
134 83 0.2640219889756332
134 82 0.006683990884479074
134 55 0.1571226926160067
134 69 0.07995137292783966
134 51 0.10710194265186238
134 79 0.024630722938299862
134 86 0.11821234495410275
134 92 0.0418715724280254
134 93 0.03505264830952917
134 87 0.08047109769857724
134 78 0.07945313426607561
134 50 0.1263407858022919
134 52 0.4764442774189544
134 46 0.12968797956195888
134 91 0.033597715361486674
134 85 0.0344101579188403
134 84 0.06020331921612121
134 90 0.03474275283020371
134 47 0.1298163061074525
134 53 0.3467565062428438
122 76 0.026074805615420638
122 62 0.04865677950179611
122 89 0.05204814927033768
122 88 0.14904556700459037
122 63 0.015931679743702007
122 77 0.012467443036889486
122 49 0.21182665399911343
122 61 0.004190370545184924
122 75 0.004142536456427093
122 74 0.02986090799464649
122 60 0.008292861589439773
122 48 0.06878302839425687
122 64 0.013385282406496002
122 70 0.09073961162622109
122 58 0.023811832278514633
122 59 0.00198597321362097
122 71 0.5349840019772322
122 65 0.004698173752233872
122 73 0.0042076880940735695
122 67 0.3568974373189798
122 66 0.10770688785269651
122 72 0.0019735822648266205
122 57 0.3579226230177479
122 94 0.2498913396339615
122 80 0.5892067776127792
122 81 0.055828720604272165
122 95 0.05725492293523395
122 56 0.08527677918211961
122 68 0.40873342391841944
122 54 0.014722442101770428
122 83 0.26150472938071867
122 82 0.0075668142539941224
122 55 0.029540643172332903
122 69 0.19975480578902388
122 51 0.10659908419290764
122 79 0.0295119065913712
122 86 0.19697359684911828
122 92 0.22860631531957082
122 93 0.18583048281760495
122 87 0.1338843373590411
122 78 0.2336804091097221
122 50 0.21191441454456716
122 52 0.01237422980513847
122 46 0.04759936305337483
122 91 0.20574813271454506
122 85 0.7741702421915984
122 84 0.012046040698534627
122 90 0.21013736277008965
122 47 0.03256339431199299
122 53 0.016047507445894324
136 76 0.020737492668486804
136 62 0.07937064851184092
136 89 0.005290696276281967
136 88 0.05292490750675558
136 63 0.012403706427872266
136 77 0.26757386508411674
136 49 0.1328608537961303
136 61 0.04533661646734063
136 75 0.008384989741246476
136 74 0.10033354396865649
136 60 0.000743593901701603
136 48 0.14083227648561122
136 64 0.011092770149334505
136 70 0.07620309299173167
136 58 0.05091786015891057
136 59 0.002321514305880387
136 71 0.008364940260080778
136 65 0.0004475236828684753
136 73 0.005734905868572365
136 67 0.04233027580680421
136 66 0.012238544132476284
136 72 0.03534099494860068
136 57 0.10472595143682857
136 94 0.08843644992315444
136 80 0.009218072457841911
136 81 0.2639164736332493
136 95 0.05677858296116162
136 56 0.16469677751740486
136 68 0.17724454290959546
136 54 0.06022319896425424
136 83 0.016718793509415325
136 82 0.00791873889408412
136 55 0.022255264076228062
136 69 0.03494230590961516
136 51 0.0017622801910430752
136 79 0.36501417325526825
136 86 0.003070286026014196
136 92 0.09268295240569534
136 93 0.08244385145986162
136 87 0.06087890080812186
136 78 0.09368842883994014
136 50 0.0035243826824410407
136 52 0.01980329513639649
136 46 0.1285100521207279
136 91 0.1018891007132901
136 85 0.09761562851012154
136 84 0.03150041070229529
136 90 0.09837742439813739
136 47 0.17565120963454633
136 53 0.02463310562471903
137 76 0.032830766020392074
137 62 0.04405271090305027
137 89 0.036763340505800074
137 88 0.10708622572688153
137 63 0.012137408644976644
137 77 0.011219679863771634
137 49 0.007415856934793574
137 61 0.007459341699744909
137 75 0.0026026447969623306
137 74 0.00664935514067147
137 60 0.003183574378702869
137 48 0.011099536823143089
137 64 0.013624168781295673
137 70 0.07176348492846592
137 58 0.03185995113949473
137 59 0.024469463131522318
137 71 0.007796218545474687
137 65 0.0013723127502038024
137 73 0.001780076467653463
137 67 0.09859477003786477
137 66 0.1647007931825456
137 72 0.0029662183840362677
137 57 0.09132845660018023
137 94 0.15323973899644777
137 80 0.008591347363509166
137 81 0.05052147648856565
137 95 0.019428787481967483
137 56 0.08203247784943334
137 68 0.20525079870820062
137 54 0.016788356726789286
137 83 0.007833933150318204
137 82 0.009982475731943788
137 55 0.022772628833363992
137 69 0.08768951716746025
137 51 0.0027988895249711765
137 79 0.07136216278079421
137 86 0.002861541160091033
137 92 0.16058308832409707
137 93 0.13033958307589708
137 87 0.09582033239771144
137 78 0.0968864814320584
137 50 0.004619881112287158
137 52 0.020264457160031987
137 46 0.038216835574793225
137 91 0.12761494444685056
137 85 0.13321603786353098
137 84 0.0031253772298150545
137 90 0.13426736690975127
137 47 0.028151136246284722
137 53 0.012108098498300815
123 76 0.018944297032413168
123 62 0.038924513500346945
123 89 0.04021562535016534
123 88 0.117405803066225
123 63 0.01987337821323923
123 77 0.012203018709343469
123 49 0.16224475372401231
123 61 0.00410149619378021
123 75 0.004934810711478457
123 74 0.02457172607990013
123 60 0.00783031557147175
123 48 0.051522299677590595
123 64 0.016696970064344244
123 70 0.07408480811683626
123 58 0.01816741453965133
123 59 0.0015152130341960501
123 71 0.4095857988622721
123 65 0.005596715539084751
123 73 0.005012422822490634
123 67 0.2652113620609171
123 66 0.07931748030201573
123 72 0.0016619043796284316
123 57 0.3183543912851634
123 94 0.7044513147910356
123 80 0.4511179728797989
123 81 0.04520239414108308
123 95 0.0423050180755671
123 56 0.1104011009676242
123 68 0.3098800735333422
123 54 0.018364959930020117
123 83 0.1923918111693616
123 82 0.006039976165932312
123 55 0.023441301537176468
123 69 0.15273135623142525
123 51 0.08191026451285224
123 79 0.022753709023143304
123 86 0.15076950066941058
123 92 0.17854188577839225
123 93 0.14517543512770337
123 87 0.1019578566389889
123 78 0.218340721434437
123 50 0.16298136326839785
123 52 0.009441010664336946
123 46 0.04405120375415122
123 91 0.16972145385422704
123 85 0.16123863345443873
123 84 0.00919061634451597
123 90 0.15952644630715135
123 47 0.025749031751428328
123 53 0.0176445918519606
127 76 0.07244453184470402
127 62 0.06324719759332292
127 89 0.06643217218726288
127 88 0.192140698388017
127 63 0.02342506676627372
127 77 0.07470413860016423
127 49 0.130742995989726
127 61 0.005683466390361894
127 75 0.005912149274578976
127 74 0.04429523737098644
127 60 0.006599724814216293
127 48 0.05673320019471764
127 64 0.02043906987016028
127 70 0.1277499507305042
127 58 0.03861468879202062
127 59 0.01462604524711661
127 71 0.3300106026072218
127 65 0.003866797363974314
127 73 0.004043608950870178
127 67 0.27175853628958146
127 66 0.1293055267612752
127 72 0.04810923894163014
127 57 0.282226565061485
127 94 0.2772521619666284
127 80 0.36346217058699587
127 81 0.14566504545016534
127 95 0.07174945756984422
127 56 0.2001137948199186
127 68 0.5045686002778964
127 54 0.08781665987071752
127 83 0.03313772298372351
127 82 0.01459073390693591
127 55 0.05428744763829089
127 69 0.18836998493555723
127 51 0.22059739833473352
127 79 0.12983123958184933
127 86 0.12149866126518037
127 92 0.29041212762945956
127 93 0.2354028407627822
127 87 0.24421916021151308
127 78 0.19025787577218395
127 50 0.3359115502926823
127 52 0.025195508092773725
127 46 0.14363351158023804
127 91 0.28378624918383943
127 85 0.24094771318441285
127 84 0.018948472477034045
127 90 0.24282326084603653
127 47 0.05526717698923693
127 53 0.015054422198080633
133 76 0.00372355404357419
133 62 0.225366718264669
133 89 0.010763608792418694
133 88 0.07571415264292235
133 63 0.02698697739849998
133 77 0.2373122380632061
133 49 0.3859198128875386
133 61 0.0486438005953781
133 75 0.006860141248448595
133 74 0.11593549131873093
133 60 0.003209169438350923
133 48 0.24255547659147697
133 64 0.02413474867755297
133 70 0.09490914586973097
133 58 0.06780222969231545
133 59 0.0018993363784683692
133 71 0.24752960571729543
133 65 0.0017899188277254313
133 73 0.0437572465893447
133 67 0.1748168585932396
133 66 0.02662763068557554
133 72 0.002141419006830486
133 57 0.2683371418554062
133 94 0.11793881750317792
133 80 0.27261011736507856
133 81 0.16504935868476597
133 95 0.05945973130453736
133 56 0.14312247824970664
133 68 0.24401743668083856
133 54 0.0798682526964105
133 83 0.0827214599365098
133 82 0.1441937375185664
133 55 0.05112788635241333
133 69 0.049108315106818956
133 51 0.049024935620750804
133 79 0.3355485930073724
133 86 0.09115062658506552
133 92 0.12323480896306424
133 93 0.10821202093486433
133 87 0.07959415689441951
133 78 0.10927252229327258
133 50 0.09737767057639697
133 52 0.030564092074235764
133 46 0.047510203773612224
133 91 0.12883162605245624
133 85 0.12451436735627186
133 84 0.10836379840452323
133 90 0.12552220473774112
133 47 0.2309453357482593
133 53 0.36602735049026613
132 76 0.038250918494534665
132 62 0.047656691350582675
132 89 0.10496848792870551
132 88 0.30293534075600453
132 63 0.03486926548582423
132 77 0.08549744694277989
132 49 0.023282832225432912
132 61 0.003655889574504023
132 75 0.010831708964161094
132 74 0.045605044806498275
132 60 0.005462052218949923
132 48 0.018925325362838682
132 64 0.029296029881553935
132 70 0.19616137424197289
132 58 0.03384905910771751
132 59 0.006728350878307615
132 71 0.026292051792316834
132 65 0.0016789031389149722
132 73 0.0074083371861110026
132 67 0.26571525020677444
132 66 0.2036720114913962
132 72 0.042255107129409344
132 57 0.14077198302353097
132 94 0.523303099832692
132 80 0.028973552823026195
132 81 0.17574100471776677
132 95 0.07274023698083106
132 56 0.26784119453879296
132 68 0.47529787997219125
132 54 0.08404736955932013
132 83 0.18030349717744262
132 82 0.010597570790337019
132 55 0.06639986813553954
132 69 0.25152395755285795
132 51 0.007962878551664485
132 79 0.10213334995258617
132 86 0.00965029237547868
132 92 0.5478854602089276
132 93 0.45242498613634974
132 87 0.27710275416754915
132 78 0.2536575641007116
132 50 0.014466229130221997
132 52 0.06362231099454597
132 46 0.2590972359385949
132 91 0.4333496913321697
132 85 0.447262929059108
132 84 0.04726786115772778
132 90 0.45069350934248126
132 47 0.05317159983073828
132 53 0.03801459876906339
126 76 0.0310358469783463
126 62 0.0488432342522918
126 89 0.063463279244365
126 88 0.18156374918831403
126 63 0.013385211052386728
126 77 0.01446208890395824
126 49 0.15020086825693352
126 61 0.010890661477249888
126 75 0.0025240233667944145
126 74 0.03748463179203253
126 60 0.028067073353313966
126 48 0.04667466654258399
126 64 0.011245821714284343
126 70 0.10839254351394853
126 58 0.015982260698216566
126 59 0.002214174946374048
126 71 0.3789518067844434
126 65 0.0028625699391252035
126 73 0.0025637198806414963
126 67 0.3253577765574985
126 66 0.13046931438821727
126 72 0.0014848326424261038
126 57 0.2828867775729249
126 94 0.4221215698899065
126 80 0.4173829078752473
126 81 0.06929427692421669
126 95 0.053916316827277926
126 56 0.10470265069074255
126 68 0.36761076842643603
126 54 0.012369254084249506
126 83 0.31196775726408643
126 82 0.006051785026871537
126 55 0.035378778673377666
126 69 0.22606126481076688
126 51 0.07618278623963182
126 79 0.03454788100649892
126 86 0.13948364144856734
126 92 0.4419877801721356
126 93 0.37457684391307877
126 87 0.19903443134263418
126 78 0.2696972036130927
126 50 0.15166561288062053
126 52 0.00923587676096592
126 46 0.052593038457487654
126 91 0.35070610324484863
126 85 0.3530587399797645
126 84 0.008677729040966253
126 90 0.8523433661190845
126 47 0.031113411591419116
126 53 0.01861492197580218
118 76 0.07155529649347885
118 62 0.19546989146620564
118 89 0.006538510114102308
118 88 0.01610863808432693
118 63 0.0474018042917862
118 77 0.021921514062604716
118 49 0.30496079844173185
118 61 0.0016282607374299707
118 75 0.010362594518147764
118 74 0.10277269931463452
118 60 0.002356121896079602
118 48 0.149550843511167
118 64 0.010486464784405583
118 70 0.061916652417859985
118 58 0.2833138657307355
118 59 0.11274033289655003
118 71 0.1854494656144871
118 65 0.0013141303453195474
118 73 0.03570217216269914
118 67 0.1081020493825767
118 66 0.011569613390511449
118 72 0.001689431066081784
118 57 0.24512964206287305
118 94 0.02078114363155968
118 80 0.20424256867814827
118 81 0.2221130949538967
118 95 0.014885070177458229
118 56 0.23943310622854264
118 68 0.1591429661020915
118 54 0.012921926792716365
118 83 0.15847563751710136
118 82 0.028613653137390872
118 55 0.09275925475033134
118 69 0.08048763348514726
118 51 0.1254574423383553
118 79 0.15572546474262572
118 86 0.0682851925153073
118 92 0.021933319901446438
118 93 0.01878970560512909
118 87 0.06870605284450054
118 78 0.04072270922291725
118 50 0.24566558919088366
118 52 0.02352654746491023
118 46 0.14120502991616463
118 91 0.039343326259366075
118 85 0.019830452189648462
118 84 0.11371779534941306
118 90 0.020022125459613363
118 47 0.2860233532352038
118 53 0.25869366716825076
130 76 0.004277053873539521
130 62 0.03540586811819794
130 89 0.05966396384924237
130 88 0.17284070950205255
130 63 0.016407088567821
130 77 0.01666948407544433
130 49 0.01044194741550751
130 61 0.0013346842317074475
130 75 0.007879889309070187
130 74 0.011953109776325924
130 60 0.00430348753358005
130 48 0.008746023191626373
130 64 0.018416859017939935
130 70 0.11297938531946206
130 58 0.030790815983302848
130 59 0.0043519981941255725
130 71 0.007531191383339714
130 65 0.0006129303143347503
130 73 0.005389442901759536
130 67 0.14198761008867364
130 66 0.11639555260038834
130 72 0.0019991495665733217
130 57 0.04788491507000821
130 94 0.24893581130604703
130 80 0.008299290336453602
130 81 0.104482585309362
130 95 0.030238591566804696
130 56 0.15067238716387632
130 68 0.20468972378248795
130 54 0.07820872647475942
130 83 0.18250596243925277
130 82 0.004217412676664034
130 55 0.044664573010723796
130 69 0.12341514372214805
130 51 0.002280916027725191
130 79 0.05757942361193104
130 86 0.002764265009022701
130 92 0.26077713000825936
130 93 0.21144459307702615
130 87 0.16330468739835816
130 78 0.12635605169297603
130 50 0.004143759529896512
130 52 0.028533505693195862
130 46 0.2208203351465014
130 91 0.20630371313441673
130 85 0.21635455230707668
130 84 0.04668516474089772
130 90 0.21804390249590516
130 47 0.030221891512268423
130 53 0.017048889822543725
124 76 0.031089617018691854
124 62 0.04212279083041786
124 89 0.056486368355517236
124 88 0.1619071336050997
124 63 0.013385211052386728
124 77 0.012165250169597006
124 49 0.126443984113185
124 61 0.00408880199690119
124 75 0.0025240233667944145
124 74 0.03504292444783941
124 60 0.0049867810419638725
124 48 0.0414794464271179
124 64 0.011245821714284343
124 70 0.09717361723951924
124 58 0.015982260698216566
124 59 0.002214174946374048
124 71 0.31900518258956156
124 65 0.0028625699391252035
124 73 0.0025637198806414963
124 67 0.2855732487470617
124 66 0.11393508631597608
124 72 0.0013246484309523965
124 57 0.24361573935212733
124 94 0.24978259878359751
124 80 0.35134859191462275
124 81 0.06279894587161684
124 95 0.04649014403126296
124 56 0.09344544372781552
124 68 0.31739620900796883
124 54 0.012369254084249506
124 83 0.2734274120308984
124 82 0.006051785026871537
124 55 0.03061013280523949
124 69 0.20077896858437472
124 51 0.07877620674669779
124 79 0.031048911051002437
124 86 0.11743349919003639
124 92 0.24915544125802594
124 93 0.2017595583250479
124 87 0.15049469433118765
124 78 0.23563239527325805
124 50 0.14720315597739198
124 52 0.00923587676096592
124 46 0.048196450039881746
124 91 0.9999999999999998
124 85 0.21509134144285097
124 84 0.008085180534343844
124 90 0.21369407424407913
124 47 0.02949262140694557
124 53 0.01565853897227687
125 76 0.030044255267274764
125 62 0.045283343284309614
125 89 0.06144425070444237
125 88 0.17903966291161222
125 63 0.014308655149117153
125 77 0.010232892147174058
125 49 0.13778123163222722
125 61 0.0034393267102723196
125 75 0.009643073704746805
125 74 0.03729063273397084
125 60 0.0053308184648230145
125 48 0.04501443497634047
125 64 0.012021669598512266
125 70 0.10558354004917302
125 58 0.017084874936902222
125 59 0.0023669306089747627
125 71 0.33364705500027214
125 65 0.010936496575717047
125 73 0.009794734903246352
125 67 0.37474250067430076
125 66 0.1251308635070659
125 72 0.0014160357664989576
125 57 0.25719830441691266
125 94 0.27146271019162505
125 80 0.3674665698807332
125 81 0.06811910415074601
125 95 0.057881010080330794
125 56 0.25476812959203543
125 68 0.4615660047112885
125 54 0.013222607432235911
125 83 0.3053715363855814
125 82 0.006469296946248371
125 55 0.03133137223043125
125 69 0.21844945043977365
125 51 0.06844955348291237
125 79 0.03372301779893735
125 86 0.12283867253509251
125 92 0.27099606922542285
125 93 0.25689681038583356
125 87 0.1547496941596599
125 78 0.2560352738742076
125 50 0.13671146974328113
125 52 0.009873058785191291
125 46 0.05219005343782815
125 91 0.22448123823980132
125 85 0.2337912933363541
125 84 0.008642976164627017
125 90 0.23232617170547196
125 47 0.03177376779754173
125 53 0.01423071922419028
131 76 0.0045982309044434455
131 62 0.0731294440081143
131 89 0.0920955180598596
131 88 0.3891316411494205
131 63 0.025040716233432625
131 77 0.011208246444888673
131 49 0.007850043995907788
131 61 0.003068552470313818
131 75 0.005298288833342199
131 74 0.012402978354992933
131 60 0.004485744083743415
131 48 0.013540366512131766
131 64 0.030944949823973625
131 70 0.2392661256463249
131 58 0.3758490722333979
131 59 0.09434471453287262
131 71 0.009302045556280433
131 65 0.0010044837432534454
131 73 0.003623759677875135
131 67 0.24177424958440621
131 66 0.18139086072196342
131 72 0.002537311031119316
131 57 0.282770157936176
131 94 0.3875780901170252
131 80 0.010250752220328632
131 81 0.1694365683495597
131 95 0.04667749163064026
131 56 0.09525982684657881
131 68 0.3965995415410946
131 54 0.08389855349048514
131 83 0.010564234386853416
131 82 0.010890803982604363
131 55 0.07228254167166095
131 69 0.278079147836768
131 51 0.003238711914827219
131 79 0.06802885576009106
131 86 0.0034142432099711906
131 92 0.40583418466179155
131 93 0.3289151784266975
131 87 0.2751989904978115
131 78 0.22515269111973546
131 50 0.005597175071890587
131 52 0.007663352535494536
131 46 0.10873655442239952
131 91 0.3212516557660696
131 85 0.336499702246471
131 84 0.011728728632073943
131 90 0.33908960258984056
131 47 0.048024863708896554
131 53 0.004578885414704331
119 76 0.013415624211705723
119 62 0.11674815370433907
119 89 0.015595402070249953
119 88 0.06361136193879038
119 63 0.009007510278271222
119 77 0.2295143405163286
119 49 0.06170883780724451
119 61 0.04199951446909146
119 75 0.02471646065866337
119 74 0.10901988000593514
119 60 0.000514848088760067
119 48 0.0430968700257236
119 64 0.013181905243051295
119 70 0.13638963772321283
119 58 0.35767490861228574
119 59 0.05742959319198425
119 71 0.008130943671927682
119 65 0.0
119 73 0.01690480008394564
119 67 0.06821570481439063
119 66 0.022153647001656146
119 72 0.003581062832724566
119 57 0.1205291257396053
119 94 0.10864678103439665
119 80 0.008960210783111669
119 81 0.0844665467789231
119 95 0.0441992770179874
119 56 0.08336082346608804
119 68 0.15251408117204243
119 54 0.01624337830157392
119 83 0.049282040263337455
119 82 0.008852698523742028
119 55 0.0894678303891192
119 69 0.09440360774012546
119 51 0.003716041246411783
119 79 0.24459196837696676
119 86 0.006049594475357578
119 92 0.11410188117686695
119 93 0.10088771611211542
119 87 0.06450003131371645
119 78 0.10350531910201805
119 50 0.009536735457204196
119 52 0.028456942312571475
119 46 0.04097502472798165
119 91 0.12109770090693808
119 85 0.11653416592899576
119 84 0.04578729377768396
119 90 0.11750319043453616
119 47 0.011838803418189728
119 53 0.02495267021228309
