114 76 0.05491841781564635
114 62 0.12039682227022713
114 89 0.043194208965927454
114 88 0.17574335654311662
114 63 0.05746512424035112
114 77 0.04081733218464546
114 49 0.0
114 61 0.0
114 75 0.0
114 74 0.11964152800607084
114 60 0.0
114 48 0.010922124024883531
114 64 0.08136011456118786
114 70 0.15666925355991257
114 58 0.3598935359163964
114 59 0.0
114 71 0.020628971453787455
114 65 0.0
114 73 0.0
114 67 0.12007247224661978
114 66 0.11072463054911741
114 72 0.0
114 57 0.1544215902262086
114 94 0.23249042844404738
114 80 0.027207875024768333
114 81 0.15367657747204916
114 95 0.0214753657818648
114 56 0.06157560790924229
114 68 0.25670182007613185
114 54 0.11044620612951228
114 83 0.035950899052026426
114 82 0.00019909451959128355
114 55 0.09006205606796998
114 69 0.19124617332484595
114 51 0.0
114 79 0.026672677507107813
114 86 0.0
114 92 0.24781316609421483
114 93 0.19805871001415218
114 87 0.13424905532688425
114 78 0.15773675592436387
114 50 0.0019505125697960451
114 52 0.0022180390982531606
114 46 0.12303540048051646
114 91 0.18914716359924844
114 85 0.1976328952747038
114 84 0.05215332844775519
114 90 0.19996723410335143
114 47 0.07516636865260494
114 53 0.0
100 76 0.0
100 62 0.04071613631420367
100 89 0.0
100 88 0.03616188738770234
100 63 0.1573239195711935
100 77 0.01541598243307453
100 49 0.14888199873507058
100 61 0.0
100 75 0.0
100 74 0.0
100 60 0.0
100 48 0.04641993391822521
100 64 0.08644817402944488
100 70 0.03376372741386287
100 58 0.1873746649112943
100 59 0.0
100 71 0.37662310368165336
100 65 0.0
100 73 0.0
100 67 0.14380104565843987
100 66 0.012923821610971595
100 72 0.0
100 57 0.20860555217016746
100 94 0.20753837299752897
100 80 0.4147598051118222
100 81 0.025674259212379022
100 95 0.021787604580384534
100 56 0.06527666921779539
100 68 0.176042824521483
100 54 0.055503333201808225
100 83 0.02848663547039884
100 82 0.0
100 55 0.12465650998038355
100 69 0.0561348937775769
100 51 0.07399383122510873
100 79 0.005513562636374536
100 86 0.13873138923379846
100 92 0.06832588666211946
100 93 0.061201420590523865
100 87 0.02366223662172786
100 78 0.041881340775297426
100 50 0.1467575523820072
100 52 0.04936223345430693
100 46 0.09147871678349045
100 91 0.15594226014456825
100 85 0.14419638516215566
100 84 0.0633790250622411
100 90 0.13893316084139345
100 47 0.021701787201996593
100 53 0.011833827995328824
128 76 0.01725264537227804
128 62 0.010126964057148274
128 89 0.08685763788250132
128 88 0.2447110512836626
128 63 0.042519509098753815
128 77 0.04813459147141007
128 49 0.0
128 61 0.0
128 75 0.0
128 74 0.016744258571495398
128 60 0.0
128 48 0.021500959072478815
128 64 0.0531025679762234
128 70 0.15005361912580778
128 58 0.12033229003952295
128 59 0.0
128 71 0.012508475296313604
128 65 0.0
128 73 0.0
128 67 0.2058479117992566
128 66 0.1628331733560238
128 72 0.03619039752295448
128 57 0.09267764558551338
128 94 0.36413749782568966
128 80 0.01825917728804375
128 81 0.12896649549730274
128 95 0.06031051678317273
128 56 0.1411353180639755
128 68 0.46685492919284993
128 54 0.07562589672879928
128 83 0.006738898106694119
128 82 0.0
128 55 0.046178203744922645
128 69 0.19805832559170328
128 51 0.0
128 79 0.07811071141431959
128 86 0.0
128 92 0.3808217224860614
128 93 0.3071917762010038
128 87 0.227058157843453
128 78 0.20269954501917842
128 50 0.0
128 52 0.018346410812223664
128 46 0.10000918146445578
128 91 0.3006095310601237
128 85 0.3160938327391312
128 84 0.0
128 90 0.3184306960664836
128 47 0.08284599454025955
128 53 0.0
129 76 0.0
129 62 0.09407121987854093
129 89 0.09488010709807013
129 88 0.2677555418152635
129 63 0.1708389450176908
129 77 0.06466366924154271
129 49 0.08373639440677186
129 61 0.0
129 75 0.007431625358181759
129 74 0.008352808774934467
129 60 0.0
129 48 0.16227925285746791
129 64 0.16321244149965
129 70 0.2692079479865145
129 58 0.4882352239851694
129 59 0.0
129 71 0.10092536181040726
129 65 0.0
129 73 0.0
129 67 0.24145998195303098
129 66 0.17787300350071644
129 72 0.0
129 57 0.3462626163245288
129 94 0.3977704855255468
129 80 0.11569361687073967
129 81 0.20297130940347063
129 95 0.04717264314206696
129 56 0.16475543401526466
129 68 0.45315375875827785
129 54 0.2113085842767391
129 83 0.05842705490527801
129 82 0.13728875159538387
129 55 0.1548232946224219
129 69 0.3052062633176288
129 51 0.0
129 79 0.0799015663330785
129 86 0.00927156607961166
129 92 0.415995722375365
129 93 0.3355650618201943
129 87 0.24803002774287392
129 78 0.23748404076688973
129 50 0.021045938920762446
129 52 0.015196452067899782
129 46 0.21198316041836562
129 91 0.3283748579516835
129 85 0.3452893428197903
129 84 0.06491178449016323
129 90 0.34784204685570574
129 47 0.3557184582333246
129 53 0.0047782092770476264
101 76 0.0
101 62 0.005936572432964041
101 89 0.0
101 88 0.031965883171655995
101 63 0.0
101 77 0.0
101 49 0.07545288581767812
101 61 0.0
101 75 0.0
101 74 0.0
101 60 0.0
101 48 0.017978495266721496
101 64 0.0
101 70 0.02526237808959097
101 58 0.09471250531782247
101 59 0.0
101 71 0.14586657315813417
101 65 0.0
101 73 0.0
101 67 0.05569431493104337
101 66 0.0007773046528025962
101 72 0.0
101 57 0.0807931768905579
101 94 0.06808486045194842
101 80 0.1606369626929085
101 81 0.019338245869084628
101 95 0.008438365003097303
101 56 0.039270362661689734
101 68 0.06850372461308557
101 54 0.004528727419977022
101 83 0.011032907583875415
101 82 0.0
101 55 0.04827961363746027
101 69 0.04854127941669313
101 51 0.028657898281171643
101 79 0.0
101 86 0.05373083100633801
101 92 0.06356384633276199
101 93 0.05768336183888231
101 87 0.0
101 78 0.03536995736445262
101 50 0.09191307392002596
101 52 0.028786286024866964
101 46 0.013091101049560433
101 91 0.05017544144732625
101 85 0.04748396628170109
101 84 0.02920343955280144
101 90 0.04783501248364501
101 47 0.0
101 53 0.0
115 76 0.028042874353327495
115 62 0.13899831566889162
115 89 0.0
115 88 0.1272902596789694
115 63 0.03196385456767505
115 77 0.29292538760206643
115 49 0.17873882228522128
115 61 0.0
115 75 0.0
115 74 0.08022975953345315
115 60 0.0
115 48 0.09605817809133885
115 64 0.06869713898964672
115 70 0.16529755584956507
115 58 0.06706894506985656
115 59 0.0
115 71 0.058415690867134884
115 65 0.0
115 73 0.0
115 67 0.17020571287312625
115 66 0.19166232922176618
115 72 0.06059825198559246
115 57 0.04953178899263108
115 94 0.2671423882380678
115 80 0.06884842554473283
115 81 0.044044812810831044
115 95 0.025762558647659327
115 56 0.233669766980715
115 68 0.23115530258962863
115 54 0.039700607663924754
115 83 0.19128900876412946
115 82 0.018509457204396555
115 55 0.12001934663052945
115 69 0.05187819356815469
115 51 0.0
115 79 0.15264684024082537
115 86 0.0
115 92 0.28438634670685803
115 93 0.24440162479985145
115 87 0.0976557783191992
115 78 0.08788999649713095
115 50 0.002427632189766535
115 52 0.6599105373089266
115 46 0.4404261721876301
115 91 0.259730561674521
115 85 0.24399628076412205
115 84 0.04994335776953958
115 90 0.24677874965144975
115 47 0.22809954801424442
115 53 0.3195947342920882
103 76 0.008204193893321138
103 62 0.11046168554472363
103 89 0.0045376093227863235
103 88 0.14635134261313681
103 63 0.12307729868023778
103 77 0.025455064059467063
103 49 0.0019493169001645744
103 61 0.0
103 75 0.0
103 74 0.0
103 60 0.0
103 48 0.05287534061910773
103 64 0.20044976137854073
103 70 0.18673978495482427
103 58 0.95904169254231
103 59 0.0
103 71 0.027243994324531638
103 65 0.0
103 73 0.0
103 67 0.11087612506748368
103 66 0.20351854233804556
103 72 0.0
103 57 0.2726772284748413
103 94 0.15386524575930566
103 80 0.03449755770472721
103 81 0.166827488385206
103 95 0.0
103 56 0.0709405470063925
103 68 0.3077443301417942
103 54 0.25719420267385107
103 83 0.014576703046097816
103 82 0.002634618663648308
103 55 0.17337574604617265
103 69 0.24528503516923628
103 51 0.0
103 79 0.007782756886473896
103 86 0.0
103 92 0.16482873969743345
103 93 0.12922918235445116
103 87 0.09546443740665878
103 78 0.20407407723568022
103 50 0.011380396802274054
103 52 0.08134732093042883
103 46 0.21021302078457627
103 91 0.1275254901913203
103 85 0.12892450981999337
103 84 0.04587002266379166
103 90 0.13059474070051327
103 47 0.1547929464041481
103 53 0.030945052469749434
117 76 0.10850599833892259
117 62 0.19341242855188662
117 89 0.03374070333952192
117 88 0.11806763010910938
117 63 0.019652773318992955
117 77 0.28601005790790124
117 49 0.13011834191053867
117 61 0.06151125646846263
117 75 0.6087427999406362
117 74 0.2806390917785696
117 60 0.0
117 48 0.3601611225148739
117 64 0.09101540580308376
117 70 0.17603062920134385
117 58 0.45708052206571237
117 59 0.0
117 71 0.039832503482719085
117 65 0.0
117 73 0.3376955089173537
117 67 0.11911446628699815
117 66 0.08055736392835698
117 72 0.08028535942752224
117 57 0.15492399197579826
117 94 0.20281297211598018
117 80 0.040210432618445986
117 81 0.15169031965786414
117 95 0.05088181334692083
117 56 0.20414873220996793
117 68 0.2734460130079519
117 54 0.07068720582301236
117 83 0.582098646945713
117 82 0.024522793575244436
117 55 0.10213168938925962
117 69 0.15140983572588435
117 51 0.08608328756994386
117 79 0.32443437767171107
117 86 0.0
117 92 0.2164902920962618
117 93 0.17917289566216704
117 87 0.1448456173422054
117 78 0.17180647778222843
117 50 0.0035869512146237126
117 52 0.27749393428187746
117 46 0.2266611758997813
117 91 0.19470849326090978
117 85 0.19152744975852587
117 84 0.08657288581486194
117 90 0.19380277577720398
117 47 0.09980698327589459
117 53 0.14814348003245048
116 76 0.06907461445656937
116 62 0.08902345596494118
116 89 0.05457168908237395
116 88 0.15374923531466786
116 63 0.043106342184858926
116 77 0.14723742523360817
116 49 0.05042775450164094
116 61 0.06239690874895743
116 75 0.04646535034371659
116 74 0.044124949238461365
116 60 0.0
116 48 0.03180342547685443
116 64 0.08207592925513742
116 70 0.2446012140008404
116 58 0.4231748237496049
116 59 0.03894900614444961
116 71 0.03073872802468275
116 65 0.0
116 73 0.017912560535148593
116 67 0.14842656350640904
116 66 0.15078513804747634
116 72 0.0
116 57 0.23918543825351835
116 94 0.22878354510928484
116 80 0.038348715927887495
116 81 0.11637863816419361
116 95 0.027132039512579954
116 56 0.1877752347025916
116 68 0.27491786931626816
116 54 0.11132826745928687
116 83 0.18734000378753796
116 82 0.1945198041914676
116 55 0.11378466325746442
116 69 0.21142298326500097
116 51 0.0
116 79 0.11531973742320015
116 86 0.0
116 92 0.2392660581379949
116 93 0.1930051807554479
116 87 0.134648039535178
116 78 0.1719200434445567
116 50 0.009132871573971843
116 52 0.11790303705630417
116 46 0.1900535638869708
116 91 0.18886962924784167
116 85 0.19859824399589177
116 84 0.06720376703795938
116 90 0.20006646926700494
116 47 0.06558800313152739
116 53 0.05278724681192068
102 76 0.0
102 62 0.04793437963990611
102 89 0.0
102 88 0.05505276293251652
102 63 0.042948910255039226
102 77 0.0
102 49 0.021095662726928414
102 61 0.0
102 75 0.0
102 74 0.0
102 60 0.0
102 48 0.006439820537233701
102 64 0.08318707825428705
102 70 0.07605709537194916
102 58 0.4776988787648207
102 59 0.0
102 71 0.11426640971373903
102 65 0.0
102 73 0.0
102 67 0.03660359234093388
102 66 0.03170243781424882
102 72 0.0
102 57 0.12074955014449401
102 94 0.058960428354832874
102 80 0.13039530539604005
102 81 0.06570154629574373
102 95 0.0
102 56 0.036257460372417054
102 68 0.1389864768095219
102 54 0.11269747875384664
102 83 0.0
102 82 0.0
102 55 0.06910702006089658
102 69 0.10650402095154791
102 51 0.0
102 79 0.0
102 86 0.014168293572748542
102 92 0.06466208105601795
102 93 0.0461482465584481
102 87 0.028588620920594048
102 78 0.08507193270063669
102 50 0.02275322052827851
102 52 0.0
102 46 0.08826453938838781
102 91 0.04526222782402612
102 85 0.045989799170336985
102 84 0.002796648910743174
102 90 0.04685841609713628
102 47 0.059442886494309885
102 53 0.0
106 76 0.02817990011691373
106 62 0.05675835276237137
106 89 0.0
106 88 0.061844843602984145
106 63 0.02105879592976282
106 77 0.0259878393797639
106 49 0.0
106 61 0.0
106 75 0.0
106 74 0.0
106 60 0.0
106 48 0.0
106 64 0.051152320160096555
106 70 0.06849434228805108
106 58 0.38269784739426704
106 59 0.0
106 71 0.014739561973689336
106 65 0.0
106 73 0.0
106 67 0.04217073261878153
106 66 0.026971714677861233
106 72 0.05911219789093665
106 57 0.115867051733856
106 94 0.07355869470374131
106 80 0.02071781034606119
106 81 0.054963126232123884
106 95 0.0
106 56 0.03467263598464795
106 68 0.1318357476838732
106 54 0.07322270747238546
106 83 0.021973490668008584
106 82 0.03611109763959049
106 55 0.08645781038148093
106 69 0.1006234920110692
106 51 0.0
106 79 0.014319832292109105
106 86 0.0
106 92 0.08006972423071168
106 93 0.059617399222112774
106 87 0.038659603586400325
106 78 0.08002948825056465
106 50 0.0
106 52 0.0
106 46 0.05494967742721901
106 91 0.056001719931079705
106 85 0.05819608444120847
106 84 0.04338573893249807
106 90 0.059182682470486775
106 47 0.03339439415133988
106 53 0.0
112 76 0.0
112 62 0.07198032401516805
112 89 0.025561190549155177
112 88 0.15389432156496197
112 63 0.08752296012291302
112 77 0.0974970586891348
112 49 0.025883539861354395
112 61 0.0
112 75 0.022952410123784787
112 74 0.0212211331000276
112 60 0.0
112 48 0.03227110491034105
112 64 0.14841830014639534
112 70 0.16059435636258523
112 58 0.7089833669429297
112 59 0.0
112 71 0.09376284338857149
112 65 0.0
112 73 0.001830907126395248
112 67 0.11709043588548453
112 66 0.08865799900500157
112 72 0.0
112 57 0.1937505679574789
112 94 0.17580714075790302
112 80 0.10780060009592869
112 81 0.14307445393504145
112 95 0.0
112 56 0.0908683744862453
112 68 0.28847539340373424
112 54 0.19307853101683192
112 83 0.08937387817015918
112 82 0.002376917505375137
112 55 0.1791134314859228
112 69 0.22943888323852163
112 51 0.00262187838492578
112 79 0.07388642227577177
112 86 0.006642619603259917
112 92 0.18798716691302297
112 93 0.14972749499695037
112 87 0.11052225135011151
112 78 0.19048629598899425
112 50 0.03648284951334762
112 52 0.03306608489357673
112 46 0.15610239059064368
112 91 0.14296373081021355
112 85 0.14706867566056686
112 84 0.12451490439278864
112 90 0.1489142808373554
112 47 0.11248449145924025
112 53 0.0
113 76 0.01666112989724563
113 62 0.0733068466082378
113 89 0.08387968083164624
113 88 0.24846814477716972
113 63 0.08953319482465333
113 77 0.13925971098399495
113 49 0.04649117854765584
113 61 0.0
113 75 0.04269417752625985
113 74 0.04045147207952786
113 60 0.0
113 48 0.04708252854141968
113 64 0.12049239227151545
113 70 0.2046223084146574
113 58 0.37846690780917214
113 59 0.0
113 71 0.039771203464072716
113 65 0.0
113 73 0.015333270423933926
113 67 0.21346504382526466
113 66 0.16191920730180132
113 72 0.03494959185399859
113 57 0.2163830554896336
113 94 0.3516528637098316
113 80 0.048302404834826534
113 81 0.21909420284110576
113 95 0.058242740902160084
113 56 0.24948581627983768
113 68 0.4154487760171771
113 54 0.15866688280189023
113 83 0.14397593320758612
113 82 0.016604212444137963
113 55 0.11383382487855558
113 69 0.25688210194010336
113 51 0.0
113 79 0.10867436724152262
113 86 0.0
113 92 0.3677650614802641
113 93 0.2966595543008414
113 87 0.20696142580027854
113 78 0.21253786173082617
113 50 0.006974535157556375
113 52 0.13634576942241478
113 46 0.17830654865273207
113 91 0.29030298468839616
113 85 0.3052563994300345
113 84 0.06268103158664366
113 90 0.30751314224303455
113 47 0.13243109532849986
113 53 0.06380685707353183
107 76 0.0
107 62 0.0
107 89 0.0
107 88 0.0517636851398401
107 63 0.0
107 77 0.0
107 49 0.06117624320668602
107 61 0.0
107 75 0.0
107 74 0.0
107 60 0.0
107 48 0.0
107 64 0.0
107 70 0.0
107 58 7.160567061707812e-05
107 59 0.0
107 71 0.15829723649723076
107 65 0.0028041652497820535
107 73 0.0
107 67 0.14222426316775783
107 66 0.14444533185524477
107 72 0.0
107 57 0.09785835864407531
107 94 0.021364056233979335
107 80 0.17891679378082298
107 81 0.004262675279309555
107 95 0.014509102460197557
107 56 0.853299307592536
107 68 0.6259331436736146
107 54 0.0
107 83 0.010821748829999478
107 82 0.0
107 55 0.0
107 69 0.010722724601564163
107 51 0.00821783381151138
107 79 0.0
107 86 0.030329464840444097
107 92 0.026917765001079695
107 93 0.21338580639605076
107 87 0.03114517290160366
107 78 0.020652241089831103
107 50 0.06350288890288827
107 52 0.02261140725698224
107 46 0.008249988584267898
107 91 0.028715968306516064
107 85 0.013061140378510111
107 84 0.0
107 90 0.013575020642260446
107 47 0.0
107 53 0.01686517696479159
139 76 0.051941004809432464
139 62 0.005269129321333027
139 89 0.0328283655277572
139 88 0.09249001050534249
139 63 0.0024271799449644554
139 77 0.04663568348382388
139 49 0.01594904285923826
139 61 0.03753573625183035
139 75 0.0
139 74 0.013845926365314898
139 60 0.0
139 48 0.0
139 64 0.0
139 70 0.11066757472557082
139 58 0.06052992468707245
139 59 0.06456293605969578
139 71 0.0
139 65 0.0
139 73 0.0
139 67 0.07780145369383713
139 66 0.18363571141291837
139 72 0.0
139 57 0.06890130254725549
139 94 0.19559808521624486
139 80 0.0017942298473836993
139 81 0.0487436609863441
139 95 0.016321659190135174
139 56 0.05678305911535784
139 68 0.14131694630136782
139 54 0.03750924524236148
139 83 0.01932179569737775
139 82 0.05324778834247416
139 55 0.022409585956416282
139 69 0.06689794719346495
139 51 0.0
139 79 0.029522412173023517
139 86 0.0
139 92 0.20456009109691514
139 93 0.1711224938016207
139 87 0.09063656888328227
139 78 0.06846560687777724
139 50 0.0
139 52 0.11960275781983173
139 46 0.08429132540815154
139 91 0.16147375379961557
139 85 0.16475905023396356
139 84 0.0
139 90 0.16597710431304763
139 47 0.02921430613440759
139 53 0.05380283712662155
111 76 0.023164715289086903
111 62 0.08945515431468788
111 89 0.040721418961706043
111 88 0.24829410418478154
111 63 0.11323500505286183
111 77 0.1001302668863023
111 49 0.027182887487312367
111 61 0.0008621616391148029
111 75 0.02419716305240014
111 74 0.022433639572978857
111 60 0.0
111 48 0.041831636307164306
111 64 0.15027971523650607
111 70 0.3003853508228951
111 58 0.6493234605515728
111 59 0.054492856497069364
111 71 0.07536118967653058
111 65 0.0
111 73 0.0026822547243682826
111 67 0.20239786085930875
111 66 0.1519193228064441
111 72 0.0
111 57 0.2766077979998567
111 94 0.2806663023135415
111 80 0.08752217945122813
111 81 0.2708876123401869
111 95 0.020245940099262713
111 56 0.13884419411279758
111 68 0.5156948483008545
111 54 0.19537225631127414
111 83 0.0918557854623518
111 82 0.024454744174345656
111 55 0.15431054089799479
111 69 0.41629683253066463
111 51 0.005139819205648613
111 79 0.07607986298925111
111 86 0.0
111 92 0.29866007191640653
111 93 0.24213837707179986
111 87 0.18421977226577751
111 78 0.35071352025690333
111 50 0.040834380604990686
111 52 0.0344992133164602
111 46 0.19600470520671537
111 91 0.232146147755191
111 85 0.2382104559043714
111 84 0.13363341983180543
111 90 0.2409370013079729
111 47 0.14067747145846582
111 53 0.0
105 76 0.013182516664171626
105 62 0.020489740183031194
105 89 0.0
105 88 0.02827563735237497
105 63 0.009249130807037403
105 77 0.0
105 49 0.10959579420299007
105 61 0.0
105 75 0.0
105 74 0.013902879938871751
105 60 0.0
105 48 0.034170884108501734
105 64 0.000757855408413749
105 70 0.01621948883815698
105 58 0.25545465657692573
105 59 0.008731687642348634
105 71 0.27724176538384143
105 65 0.0
105 73 0.0
105 67 0.12025060413001502
105 66 0.07620329909394209
105 72 0.0
105 57 0.20101439168244367
105 94 0.3025549471444436
105 80 0.3053151531475238
105 81 0.0014229099274362805
105 95 0.01603840523404703
105 56 0.42069520265108995
105 68 0.30296137429986764
105 54 0.005216779025170704
105 83 0.15214424025267795
105 82 0.0
105 55 0.0067616937167173236
105 69 0.051902934760620724
105 51 0.054468725353883383
105 79 0.0
105 86 0.10212367454186222
105 92 0.06889102208905934
105 93 0.07136602996633129
105 87 0.017007579804154654
105 78 0.06958719774893071
105 50 0.1080319356621068
105 52 0.030427767067925424
105 46 0.019821046395485473
105 91 0.1752714864660337
105 85 0.2314020055561058
105 84 0.012511128525574455
105 90 0.1495081911733221
105 47 0.029454028185275337
105 53 0.000520404585633516
104 76 0.0
104 62 0.10080752610062582
104 89 0.004781431268234132
104 88 0.12301020408586112
104 63 0.1025918998849604
104 77 0.055190101555467955
104 49 0.005007315804225948
104 61 0.0
104 75 0.002953342503691961
104 74 0.001740159498843541
104 60 0.0
104 48 0.041003765939538174
104 64 0.17047071306850192
104 70 0.22295794363527843
104 58 0.8963073492211571
104 59 0.0
104 71 0.043346713335670535
104 65 0.0
104 73 0.0
104 67 0.1086247418912414
104 66 0.08361993272689969
104 72 0.0
104 57 0.27502443271475774
104 94 0.1509884472793691
104 80 0.05224257751333408
104 81 0.15103591938096664
104 95 0.0
104 56 0.06927015551547294
104 68 0.30262886446554127
104 54 0.22025257596341657
104 83 0.04949782676887721
104 82 0.0
104 55 0.14671869633303797
104 69 0.24107824122911453
104 51 0.0
104 79 0.038645075867906824
104 86 0.0
104 92 0.1617924418655558
104 93 0.12671079481263622
104 87 0.08508285237655225
104 78 0.2004668294913579
104 50 0.01809006813828736
104 52 0.010040445364127418
104 46 0.17903601444541253
104 91 0.1250318883425937
104 85 0.12641055472207582
104 84 0.08597332962223574
104 90 0.12805648671170033
104 47 0.1304160178174705
104 53 0.0
110 76 0.013083005647657533
110 62 0.0975379871428969
110 89 0.15089595837669173
110 88 0.20848864603923334
110 63 0.01268241699168128
110 77 0.2019367077324568
110 49 0.03351899753349069
110 61 0.0
110 75 0.008919447575247513
110 74 0.03585507509431719
110 60 0.0686261154835244
110 48 0.04172773656099403
110 64 0.02601830181616873
110 70 0.1350460801407405
110 58 0.2643867585825932
110 59 0.0
110 71 0.1536082851007745
110 65 0.0
110 73 0.0
110 67 0.11115576265561017
110 66 0.06173972978271263
110 72 0.1100656565619979
110 57 0.16937669468617078
110 94 0.1932153813278057
110 80 0.15506571411860753
110 81 0.16615653469878922
110 95 0.05879228081388815
110 56 0.11388330266048508
110 68 0.2745909838677946
110 54 0.04225135995687139
110 83 0.061393616963605
110 82 0.11356401467749434
110 55 0.07861077601818435
110 69 0.3269124459418766
110 51 0.0
110 79 0.13177882155988638
110 86 0.0
110 92 0.20206821535111086
110 93 0.2731157389594611
110 87 0.14717525971507145
110 78 0.22130913757257076
110 50 0.0
110 52 0.05297750561001954
110 46 0.08989742284083696
110 91 0.18227064386151515
110 85 0.1844784073496719
110 84 0.01707931085856361
110 90 0.1858422454894043
110 47 0.062458024397443024
110 53 0.013993968334339177
138 76 0.029590237257009558
138 62 0.06315208476367748
138 89 0.03785093828433255
138 88 0.1194271029112545
138 63 0.036290623414547765
138 77 0.041952314051887436
138 49 0.0
138 61 0.0
138 75 0.0
138 74 0.02782801996267622
138 60 0.0
138 48 0.0
138 64 0.03977460104379213
138 70 0.11298923544800045
138 58 0.08675542777909717
138 59 0.013833720019817836
138 71 0.04977285963367847
138 65 0.0
138 73 0.0
138 67 0.13526405399550645
138 66 0.1781060870190811
138 72 0.09502126339059425
138 57 0.0928326746874152
138 94 0.16162278120304496
138 80 0.05932412028088014
138 81 0.1030188076560502
138 95 0.03374560634388945
138 56 0.12284890093044953
138 68 0.2802773617583336
138 54 0.059202534181229005
138 83 0.027183756700456356
138 82 0.018649532578186204
138 55 0.014409061007942814
138 69 0.11390485813402985
138 51 0.0
138 79 0.03403919090095778
138 86 0.0
138 92 0.17301637891262772
138 93 0.13602023176335235
138 87 0.11660740969794824
138 78 0.13793400258884028
138 50 0.0
138 52 0.04116675325906178
138 46 0.08023480834990591
138 91 0.1310000258495544
138 85 0.13774779566596318
138 84 0.0
138 90 0.13876615711049384
138 47 0.04929533841491874
138 53 0.07618167143507139
140 76 0.06332730893277247
140 62 0.020704961351647025
140 89 0.024849978971602835
140 88 0.07001185649031974
140 63 0.0275874203635431
140 77 0.014308257496144769
140 49 0.043241576397478124
140 61 0.028413301775653155
140 75 0.0
140 74 0.01563365568296747
140 60 0.0
140 48 0.0
140 64 0.0
140 70 0.11569878253768415
140 58 0.13875311486707917
140 59 0.017735972624805814
140 71 0.006603364161868214
140 65 0.0
140 73 0.0
140 67 0.07606670574661646
140 66 0.16108164155919363
140 72 0.0
140 57 0.11628155118161167
140 94 0.10417977490916172
140 80 0.011751809558390572
140 81 0.04090863103501347
140 95 0.012354952223058005
140 56 0.02977312260298303
140 68 0.16735962724809306
140 54 0.0
140 83 0.010965003197136877
140 82 0.056644361263639295
140 55 0.019150291864441456
140 69 0.12742687084350623
140 51 0.0
140 79 0.012462439495298738
140 86 0.0
140 92 0.10895313326975394
140 93 0.08788759820029811
140 87 0.0729355383907439
140 78 0.15005963049405946
140 50 0.04262454807935486
140 52 0.004163962743862104
140 46 0.015659527757325084
140 91 0.08600441720062516
140 85 0.09043447747504581
140 84 0.011830169021746148
140 90 0.0911030543090461
140 47 0.014643148542309858
140 53 0.0
135 76 0.06104220267571718
135 62 0.17869320929881466
135 89 0.031034395959362304
135 88 0.15939219450277806
135 63 0.10579052132759709
135 77 0.19029558665168858
135 49 0.3009824762559485
135 61 0.0
135 75 0.3318136652916525
135 74 0.15841805479486917
135 60 0.0
135 48 0.3298686760004219
135 64 0.08186881149227201
135 70 0.1254274868529171
135 58 0.19579317934269783
135 59 0.0
135 71 0.1815201725300907
135 65 0.0
135 73 0.2117049387198242
135 67 0.173852193384589
135 66 0.10037610278950966
135 72 0.02586179302212794
135 57 0.16271673915608287
135 94 0.22610798231137558
135 80 0.19790829351286232
135 81 0.17706414259942743
135 95 0.0867401162825959
135 56 0.26068779145697096
135 68 0.29788575793188216
135 54 0.09443053772661683
135 83 0.47266826714096283
135 82 0.008063610414514005
135 55 0.05057483724065221
135 69 0.14785923860369998
135 51 0.11583335430408156
135 79 0.16134807210905033
135 86 0.058866336222991734
135 92 0.24107685575135934
135 93 0.1946711747585158
135 87 0.16463604055286263
135 78 0.17760315564764567
135 50 0.07467274022463621
135 52 0.2606981758619081
135 46 0.24714229381373387
135 91 0.1847697367780434
135 85 0.19029875418407327
135 84 0.10325180017188088
135 90 0.19256220411962957
135 47 0.13504737573136008
135 53 0.2460004384681812
121 76 0.09305576811683916
121 62 0.06992051033947558
121 89 0.05884420317072332
121 88 0.292669279600887
121 63 0.11761170412832797
121 77 0.14252131032846532
121 49 0.11978290772367885
121 61 0.0
121 75 0.0
121 74 0.0581542191699006
121 60 0.07431799705333626
121 48 0.08263611004223828
121 64 0.06789528809053996
121 70 0.12899676605295982
121 58 0.037891132598484686
121 59 0.0
121 71 0.32528138559652864
121 65 0.05326859137529666
121 73 0.0
121 67 0.28661875399485953
121 66 0.17945456328964196
121 72 0.029945466702514405
121 57 0.31475594381544403
121 94 0.3263585458793473
121 80 0.35617553438882227
121 81 0.06286884965134976
121 95 0.07512783505777164
121 56 0.14565699136151997
121 68 0.33144439950578125
121 54 0.08211732844731608
121 83 0.3096537042852406
121 82 0.024943396047377574
121 55 0.23168474128261413
121 69 0.3337897748410578
121 51 0.08359538075353429
121 79 0.05809973738627508
121 86 0.11161624196448522
121 92 0.5697752423672398
121 93 0.39276558247421656
121 87 0.16628805996740853
121 78 0.45928146795983354
121 50 0.11807368589944937
121 52 0.00337540677743102
121 46 0.09096607593811702
121 91 0.27153343426282517
121 85 0.380180917482079
121 84 0.004693917943324438
121 90 0.384279692946235
121 47 0.21794840765547485
121 53 0.18587051563349766
109 76 0.03530331072541926
109 62 0.06691861905950448
109 89 0.032268890518623174
109 88 0.11933391026204213
109 63 0.03010649317475802
109 77 0.16209979774698913
109 49 0.032843180186530235
109 61 0.0
109 75 0.006841440977005134
109 74 0.06268836190547747
109 60 0.0
109 48 0.020480357153667868
109 64 0.05256415368046055
109 70 0.17378214366063077
109 58 0.40451989062427796
109 59 0.0
109 71 0.1084951567612147
109 65 0.0
109 73 0.0
109 67 0.13121535645738294
109 66 0.08916105023146606
109 72 0.045502737282884086
109 57 0.2083189324802741
109 94 0.18931973062195115
109 80 0.12403544791531372
109 81 0.17038783939619773
109 95 0.044881406216382355
109 56 0.0738921315891126
109 68 0.27040407574372033
109 54 0.07496243671085813
109 83 0.05725028890962788
109 82 0.013898601705882405
109 55 0.07352010656988751
109 69 0.21595414414989073
109 51 0.018760639869517294
109 79 0.13263767038660856
109 86 0.012050000226735386
109 92 0.19799407187271043
109 93 0.16541125577452215
109 87 0.12333304623012534
109 78 0.23197012719938825
109 50 0.06437402225371847
109 52 0.10701950485537642
109 46 0.09896432658997198
109 91 0.17859566334217947
109 85 0.180758913420835
109 84 0.4765767850107427
109 90 0.18209525355820766
109 47 0.04302905607001057
109 53 0.04628429048510764
108 76 0.01863301890839343
108 62 0.08685957322131657
108 89 0.046903532011489474
108 88 0.27702528783486624
108 63 0.12868490419237855
108 77 0.1479463301218496
108 49 0.05077756120684464
108 61 0.0
108 75 0.04680045921839557
108 74 0.04445137681324415
108 60 0.0
108 48 0.10440442099104802
108 64 0.19515973801293401
108 70 0.28304061721649465
108 58 0.759146446112047
108 59 0.035632058683052394
108 71 0.06261456030894436
108 65 0.0
108 73 0.018141757935659843
108 67 0.21730757627702607
108 66 0.17117331536495145
108 72 0.03908596895123252
108 57 0.2937790483040167
108 94 0.3125808655089064
108 80 0.07347553363542994
108 81 0.2550290429631778
108 95 0.041816351169632476
108 56 0.18428913231697985
108 68 0.48750232466514165
108 54 0.25067558118724836
108 83 0.1369243965034024
108 82 0.05471894246941174
108 55 0.16867191374361745
108 69 0.3931122106226295
108 51 0.0
108 79 0.11591024934911848
108 86 0.0
108 92 0.3323440854860838
108 93 0.2702642259929962
108 87 0.20665008883241115
108 78 0.3308331371739364
108 50 0.03177868598275438
108 52 0.06436890688123734
108 46 0.21959391479375695
108 91 0.25928939245866556
108 85 0.2659500454850642
108 84 0.11465745723729155
108 90 0.2689447107374501
108 47 0.24353889181997018
108 53 0.020800378569576707
120 76 0.0
120 62 0.13731583917762197
120 89 0.041823975292207334
120 88 0.11783406977361416
120 63 0.00365538698127639
120 77 0.2645444804080416
120 49 0.0
120 61 0.0
120 75 0.040366674312399695
120 74 0.0036819906565061095
120 60 0.0
120 48 0.0
120 64 0.009477822797643476
120 70 0.06725327337301215
120 58 0.020556745864539733
120 59 0.0
120 71 0.031798921856021005
120 65 0.0
120 73 0.0
120 67 0.09912056310685201
120 66 0.07840796486322693
120 72 0.0
120 57 0.02488666751247736
120 94 0.17534068486446913
120 80 0.039517037906619576
120 81 0.04981636712509244
120 95 0.020794110816112744
120 56 0.07317978763379353
120 68 0.12134448548403873
120 54 0.021869385345972055
120 83 0.02051116828786676
120 82 0.0
120 55 0.23213123362969595
120 69 0.08522928405171906
120 51 0.03995820933554884
120 79 0.020975018213400802
120 86 0.0
120 92 0.18337452756358766
120 93 0.14791999380849458
120 87 0.150043966222502
120 78 0.14645210225409244
120 50 0.06604344468721826
120 52 0.0
120 46 0.035284231848225316
120 91 0.14475048949257208
120 85 0.1522065413335854
120 84 0.08798367873538852
120 90 0.15333179544418735
120 47 0.05919391090683197
120 53 0.38466493413763053
134 76 0.05002386139348314
134 62 0.10524865572675025
134 89 0.009827779010955606
134 88 0.13455453073971316
134 63 0.08750249844870295
134 77 0.09290230436114733
134 49 0.2768782656534877
134 61 0.0
134 75 0.3407399503352811
134 74 0.09383071393003348
134 60 0.0
134 48 0.2581292618501197
134 64 0.0665038057409339
134 70 0.10474000394550205
134 58 0.08177445631925065
134 59 0.0
134 71 0.35051068151821496
134 65 0.0
134 73 0.2174001189544782
134 67 0.1472476482118366
134 66 0.08274967300874833
134 72 0.0
134 57 0.18179290022712596
134 94 0.3153188115219257
134 80 0.38395711007528244
134 81 0.0574383328302841
134 95 0.018987183152435583
134 56 0.06883791690360955
134 68 0.2561254301641839
134 54 0.07753060235747868
134 83 0.2789873226860641
134 82 0.0
134 55 0.16383919924843565
134 69 0.12443079800471563
134 51 0.11266777659105384
134 79 0.03593357666436729
134 86 0.12089985783684826
134 92 0.20625806331764934
134 93 0.1655227378843268
134 87 0.10668893143211222
134 78 0.11420612230459443
134 50 0.12789439590752583
134 52 0.48938487253232454
134 46 0.14980606624427184
134 91 0.156831166297335
134 85 0.1616845876574453
134 84 0.05574770490722841
134 90 0.16367146443102695
134 47 0.12324532394302182
134 53 0.36223539650707043
122 76 0.024908557670971915
122 62 0.04464620309107665
122 89 0.0508654602984355
122 88 0.14330737707253768
122 63 0.051296671778597785
122 77 0.03060179276574994
122 49 0.20708285298971596
122 61 0.0
122 75 0.0
122 74 0.030747656056419076
122 60 0.005663410866395963
122 48 0.06456638433828182
122 64 0.03608484035019532
122 70 0.0817920506789357
122 58 0.09837163146308892
122 59 0.0
122 71 0.5238523627763904
122 65 0.0
122 73 0.0
122 67 0.347763666248014
122 66 0.0953581575153305
122 72 0.0
122 57 0.35001307451652636
122 94 0.31637172834026006
122 80 0.5768974387619
122 81 0.04735448238407684
122 95 0.05559417158111521
122 56 0.08202900413831464
122 68 0.3924380437600806
122 54 0.044072850540186725
122 83 0.28747876290874813
122 82 0.001326102813773447
122 55 0.02975384219595973
122 69 0.2017254587944487
122 51 0.10291945167260574
122 79 0.02550938663143975
122 86 0.1929641738144826
122 92 0.22301633659553016
122 93 0.17989726035948303
122 87 0.12550343638622852
122 78 0.2375691206368743
122 50 0.20412791944802688
122 52 0.030044949594586125
122 46 0.07023589942781991
122 91 0.25025572623383424
122 85 0.919776229138666
122 84 0.02808439249952819
122 90 0.22104764707917457
122 47 0.08789405953002265
122 53 0.051988610721018305
136 76 0.018206162193142583
136 62 0.07669695618086532
136 89 0.0
136 88 0.05791766032301125
136 63 0.030221038930509203
136 77 0.28101283089980417
136 49 0.13959552186371021
136 61 0.049512227186850846
136 75 0.006213771917523758
136 74 0.10366712172101288
136 60 0.0
136 48 0.1450113246113221
136 64 0.02238968386619134
136 70 0.06885222449246944
136 58 0.10698835921074419
136 59 0.0
136 71 0.0060939990434073915
136 65 0.0
136 73 0.0
136 67 0.04947854291965102
136 66 0.029234381836904036
136 72 0.03819056341330289
136 57 0.09244464377522528
136 94 0.07683024261164015
136 80 0.011190494782255644
136 81 0.2808111307677307
136 95 0.05902931706056079
136 56 0.16623321209878272
136 68 0.17062964617687498
136 54 0.052363636048038655
136 83 0.05599878238170719
136 82 0.0034284527582736507
136 55 0.01557766181844486
136 69 0.04683558463966396
136 51 0.0
136 79 0.39394476160756586
136 86 0.0
136 92 0.08352265772220048
136 93 0.07283614959133784
136 87 0.05410435050522044
136 78 0.09133988084354189
136 50 0.0
136 52 0.07442517566475788
136 46 0.12708352358999492
136 91 0.09503397104203043
136 85 0.0899362266959467
136 84 0.0254297955457482
136 90 0.09060111999090605
136 47 0.17160623866702618
136 53 0.026809041520411074
137 76 0.024354994648516405
137 62 0.04099975853633228
137 89 0.03213390387888268
137 88 0.11500990272706084
137 63 0.028630212187181606
137 77 0.023147825242808784
137 49 0.00042430431633952437
137 61 0.000684076389015853
137 75 0.0
137 74 0.0028289212828879473
137 60 0.0
137 48 0.022430107055378373
137 64 0.037511915069014405
137 70 0.1103957600844147
137 58 0.1464499991397164
137 59 0.10230022875303338
137 71 0.0026965328562363194
137 65 0.0
137 73 0.0
137 67 0.14064510709507066
137 66 0.15120480865025332
137 72 0.0
137 57 0.09279897352653989
137 94 0.15606423346134612
137 80 0.007446524292009912
137 81 0.09904543414962311
137 95 0.01597638563870088
137 56 0.07126329131423391
137 68 0.2645855469805262
137 54 0.05641434358295759
137 83 0.0029218347770660763
137 82 0.015756935996695254
137 55 0.027194525039758922
137 69 0.1321831182076121
137 51 0.0
137 79 0.06952849200534962
137 86 0.0
137 92 0.16714964664958754
137 93 0.13115420535208047
137 87 0.10744560457229556
137 78 0.17897467506090797
137 50 0.0
137 52 0.07718009488424668
137 46 0.07687771743475373
137 91 0.12781100821596875
137 85 0.13084614471460182
137 84 0.0
137 90 0.1325349493543283
137 47 0.08464697459487278
137 53 0.028455117356591023
123 76 0.01767632253576415
123 62 0.031683114544797754
123 89 0.03609660157934688
123 88 0.11736232555584622
123 63 0.07484384243578318
123 77 0.029022157789924737
123 49 0.14695605218997976
123 61 0.0
123 75 0.0
123 74 0.02182003040286034
123 60 0.002900223852962791
123 48 0.04581944284400046
123 64 0.055868412088447165
123 70 0.09042048282327346
123 58 0.06465264743002982
123 59 0.0
123 71 0.42852797148100874
123 65 0.0
123 73 0.0
123 67 0.24678999129618828
123 66 0.07054896039983918
123 72 0.0
123 57 0.29603318873182344
123 94 0.928153696617989
123 80 0.4767081010665355
123 81 0.047676414035251566
123 95 0.039452324817732615
123 56 0.10685216053010177
123 68 0.328201430190484
123 54 0.06583275672948628
123 83 0.20400889535565203
123 82 0.0
123 55 0.023177213907534452
123 69 0.14315418501654908
123 51 0.07303664254671373
123 79 0.01810269995329067
123 86 0.13693675158747043
123 92 0.18215709192657237
123 93 0.14534668943184492
123 87 0.09218162759018067
123 78 0.21869059069785207
123 50 0.16039128255220336
123 52 0.012522297312285727
123 46 0.0984688738320124
123 91 0.30650961854297454
123 85 0.22165740626007047
123 84 0.01102647569478217
123 90 0.20627110138142796
123 47 0.06540792073429935
123 53 0.06152937578821216
127 76 0.07190539020337834
127 62 0.055848535803339025
127 89 0.061655133497557225
127 88 0.18137654802264785
127 63 0.09606114688608877
127 77 0.06833583632644617
127 49 0.12550482067031132
127 61 0.0
127 75 0.0
127 74 0.043345177537636635
127 60 0.0
127 48 0.0872101395794614
127 64 0.07822320747037702
127 70 0.1144215804850487
127 58 0.18680188335353273
127 59 0.04349698883871673
127 71 0.3174864354956263
127 65 0.0
127 73 0.0
127 67 0.26734100676251726
127 66 0.11558570191233726
127 72 0.05137887340721599
127 57 0.2707366498748
127 94 0.25847981348837057
127 80 0.34963498209371174
127 81 0.15874376321144446
127 95 0.0733345414013106
127 56 0.2001077312799459
127 68 0.5073678536459013
127 54 0.10658075818147844
127 83 0.02654413485581427
127 82 0.04328604369418199
127 55 0.05689780073080752
127 69 0.17812235559127568
127 51 0.2222164581520799
127 79 0.13121363864871635
127 86 0.11694804123441405
127 92 0.27032296423269536
127 93 0.21805739175921496
127 87 0.2402964727737955
127 78 0.18229640348735915
127 50 0.33506377028342765
127 52 0.10663752262254227
127 46 0.12932428356261222
127 91 0.5181154698383278
127 85 0.22437643862304435
127 84 0.06931858133817562
127 90 0.22603524058825986
127 47 0.21021098448379105
127 53 0.04605605449224429
133 76 0.0
133 62 0.23543403416246667
133 89 0.020423318679978375
133 88 0.17759957680615393
133 63 0.11733951664746783
133 77 0.24789245496109935
133 49 0.4160377863010203
133 61 0.05331342710548695
133 75 0.0
133 74 0.12288673453127472
133 60 0.0
133 48 0.2436793394928487
133 64 0.10030069012014337
133 70 0.12934231113865505
133 58 0.19608314878969144
133 59 0.0
133 71 0.25410944143560527
133 65 0.0
133 73 0.04394020451528193
133 67 0.15923843032529206
133 66 0.11519282824912266
133 72 0.0
133 57 0.2490539729184299
133 94 0.22178071373837888
133 80 0.2798404595380105
133 81 0.1507485609829015
133 95 0.05880081148522521
133 56 0.13148805827083243
133 68 0.2881479913934796
133 54 0.13378569525350215
133 83 0.07765892260286458
133 82 0.14280869625683185
133 55 0.07511934207565588
133 69 0.1534880962794205
133 51 0.04992399812568572
133 79 0.35992288767347597
133 86 0.09360274365319925
133 92 0.233308851297513
133 93 0.1860284390364242
133 87 0.12219341299012056
133 78 0.11836037256459422
133 50 0.09901803500023873
133 52 0.13870871329729728
133 46 0.1089407678080956
133 91 0.1822613190940494
133 85 0.18562379796476688
133 84 0.11370377474424778
133 90 0.18784206163140063
133 47 0.25615376205363005
133 53 0.3911627163831927
132 76 0.036411327060445337
132 62 0.07038192816607448
132 89 0.10203504418022355
132 88 0.28747158612458446
132 63 0.16442723383226676
132 77 0.1665542472601957
132 49 0.09521145708043549
132 61 0.0
132 75 0.020830139845573546
132 74 0.036696298463193354
132 60 0.0
132 48 0.06918030362556218
132 64 0.13113348219178111
132 70 0.19175756505329583
132 58 0.1583326596591062
132 59 0.0
132 71 0.1131881255734663
132 65 0.0
132 73 0.0003793823602598473
132 67 0.25915409162382136
132 66 0.19128645957266055
132 72 0.042514267025657165
132 57 0.21884608585074278
132 94 0.5178560211198135
132 80 0.12920704809519462
132 81 0.20133474740118856
132 95 0.07084910889273555
132 56 0.2686147281473203
132 68 0.44505077120392145
132 54 0.14861663855063206
132 83 0.17513884840847496
132 82 0.01943143023371318
132 55 0.064674101692895
132 69 0.232666815431345
132 51 0.003692137070462176
132 79 0.09175968958412647
132 86 0.013772517796112022
132 92 0.541583394020654
132 93 0.446371103866436
132 87 0.2667340458691472
132 78 0.23811903633992143
132 50 0.04254226908849495
132 52 0.3361940178062774
132 46 0.2540991367043385
132 91 0.4275100932890135
132 85 0.44171067392215735
132 84 0.0402464367813961
132 90 0.4449762152528568
132 47 0.14787123336862634
132 53 0.1832170271577956
126 76 0.03194206557898454
126 62 0.04358294090245166
126 89 0.06522850058280662
126 88 0.18377353264969878
126 63 0.03608441409044941
126 77 0.04251753593979136
126 49 0.14820217529473234
126 61 0.0211823141422885
126 75 0.0
126 74 0.039429968572559114
126 60 0.12379186300797634
126 48 0.041399098855386327
126 64 0.023303993102951996
126 70 0.10488792972829926
126 58 0.0515988355227711
126 59 0.0
126 71 0.4360016405251661
126 65 0.0
126 73 0.0
126 67 0.31771543422477
126 66 0.12228474089431171
126 72 0.0
126 57 0.2628048407027697
126 94 0.41341657720649194
126 80 0.4849440024158545
126 81 0.06072611677286375
126 95 0.05186144151952195
126 56 0.10519179248256351
126 68 0.3462501866159203
126 54 0.030015225314603634
126 83 0.3432495597202203
126 82 0.0
126 55 0.035590553356289197
126 69 0.2347945920540198
126 51 0.06599057075293172
126 79 0.03271255250602919
126 86 0.13225869858745729
126 92 0.43235869410909344
126 93 0.36352295099491694
126 87 0.19800853149834535
126 78 0.280199649194456
126 50 0.16701509721525537
126 52 0.011296855268054642
126 46 0.05199645621860292
126 91 0.3412913093229841
126 85 0.34672207470990357
126 84 0.007962556686789968
126 90 0.8527567796092131
126 47 0.0615108254622605
126 53 0.06732599600066284
118 76 0.07415815219677199
118 62 0.20431758958608826
118 89 0.0
118 88 0.05235379684235146
118 63 0.040128063149698544
118 77 0.08707912749039333
118 49 0.3308498295335302
118 61 0.0
118 75 0.018027713936185262
118 74 0.10424389391854
118 60 0.0
118 48 0.1555500404582843
118 64 0.018767698062689624
118 70 0.06678882238686844
118 58 0.26741636622075404
118 59 0.1235821018541162
118 71 0.18613115137747727
118 65 0.0
118 73 0.032185505630902764
118 67 0.10497536019807535
118 66 0.025238280546910408
118 72 0.0
118 57 0.25175485476260673
118 94 0.08026670960512114
118 80 0.2049787156334832
118 81 0.23466779566160345
118 95 0.010767666366352235
118 56 0.24581092653603037
118 68 0.14893532807379822
118 54 0.033316816921473986
118 83 0.15501144872895184
118 82 0.023764259646539117
118 55 0.09050001626586231
118 69 0.06979039819072079
118 51 0.13027770823122753
118 79 0.15461925433878937
118 86 0.0685625309702468
118 92 0.08714965396625278
118 93 0.0683701296348437
118 87 0.061620633802031054
118 78 0.05058213328097571
118 50 0.2584368685830368
118 52 0.0966673787802004
118 46 0.13807940485454667
118 91 0.19115466450191348
118 85 0.07458740820801617
118 84 0.10895201600781504
118 90 0.07573243825868214
118 47 0.2971708547805268
118 53 0.2751645853063369
130 76 0.0
130 62 0.028003522605480058
130 89 0.0546499038833172
130 88 0.17090291162637802
130 63 0.05413669944686743
130 77 0.05570421452835732
130 49 0.01850175735445101
130 61 0.0
130 75 0.003196370620242528
130 74 0.004811126490762319
130 60 0.0
130 48 0.008370536656061994
130 64 0.06614279482338034
130 70 0.10094682407084057
130 58 0.1400631310997057
130 59 0.0
130 71 0.0011132966285513496
130 65 0.0
130 73 0.0
130 67 0.12951732131639418
130 66 0.10731720187418481
130 72 0.0
130 57 0.06947201800121419
130 94 0.2291114488216437
130 80 0.005701815326863091
130 81 0.14932248556099853
130 95 0.027170926472198577
130 56 0.1506904618830059
130 68 0.1875792133800569
130 54 0.09169469208964956
130 83 0.1876085085993061
130 82 0.0
130 55 0.037305595295251154
130 69 0.11136608007556448
130 51 0.0
130 79 0.04914643058592878
130 86 0.0
130 92 0.24138429867224104
130 93 0.1932818051745859
130 87 0.15088414236148717
130 78 0.11397578816465521
130 50 0.0
130 52 0.12657826638005337
130 46 0.21764198499708431
130 91 0.18914032639327072
130 85 0.1988828846654952
130 84 0.0431119311883553
130 90 0.20035321426852934
130 47 0.06923696331496984
130 53 0.05797073286919719
124 76 0.028099156238814142
124 62 0.03833953263719799
124 89 0.05738094252444824
124 88 0.16166397234749152
124 63 0.03608441409044941
124 77 0.028796533669318933
124 49 0.11680430311142899
124 61 0.0
124 75 0.0
124 74 0.03468619913362221
124 60 0.0
124 48 0.03641842585311598
124 64 0.023303993102951996
124 70 0.09226899612091216
124 58 0.0515988355227711
124 59 0.0
124 71 0.29547695178031236
124 65 0.0
124 73 0.0
124 67 0.2794914938637583
124 66 0.1075728190312425
124 72 0.0
124 57 0.23118712410641096
124 94 0.24056091488462833
124 80 0.32681862506735704
124 81 0.05342023479219918
124 95 0.045622057359557315
124 56 0.09253630153314713
124 68 0.30459326643673595
124 54 0.030015225314603634
124 83 0.3019536411517597
124 82 0.0
124 55 0.022969679982526824
124 69 0.20654675289675783
124 51 0.11840527708095831
124 79 0.028776946862261968
124 86 0.10884071531017889
124 92 0.25158304903012335
124 93 0.20294074400248135
124 87 0.14157948100039927
124 78 0.2464891852816194
124 50 0.2239881123117327
124 52 0.011296855268054642
124 46 0.05199645621860292
124 91 1.0
124 85 0.20882172818552702
124 84 0.004422752484127004
124 90 0.21036553508084793
124 47 0.0615108254622605
124 53 0.049664965952317716
125 76 0.03062205846772144
125 62 0.04178187416245835
125 89 0.06253293024113821
125 88 0.17617908421430573
125 63 0.041600943552591224
125 77 0.017252889609169306
125 49 0.12729165846691545
125 61 0.0
125 75 0.013729394438768625
125 74 0.037800523576775845
125 60 0.0
125 48 0.03968827947353188
125 64 0.027938802862024256
125 70 0.10055343192368286
125 58 0.05818570304904892
125 59 0.0
125 71 0.32200655480118595
125 65 0.021456126787785405
125 73 0.014635397815420004
125 67 0.37246578502654815
125 66 0.11723131918680457
125 72 0.0
125 57 0.251944420366326
125 94 0.262159843450036
125 80 0.3546128068313064
125 81 0.05821660761850534
125 95 0.049718265417248615
125 56 0.3555050526812682
125 68 0.4565904646957586
125 54 0.035113042174825165
125 83 0.32906475821925785
125 82 0.0
125 55 0.023804979419042478
125 69 0.2250916963401829
125 51 0.06326350783163173
125 79 0.03136070499232497
125 86 0.118613054412397
125 92 0.2741716075533365
125 93 0.3161778971363581
125 87 0.15429129288356286
125 78 0.2686203877157163
125 50 0.1254752918013479
125 52 0.015103294035525155
125 46 0.05861075554874759
125 91 0.21642304918576527
125 85 0.2275709318628879
125 84 0.007754947729303185
125 90 0.2292533505308938
125 47 0.06878151997943523
125 53 0.04113536493495688
131 76 0.0
131 62 0.06945543033047515
131 89 0.09010769014838768
131 88 0.38531364655391015
131 63 0.1057128171037368
131 77 0.023079523553140573
131 49 0.003018078777834221
131 61 0.0
131 75 0.0
131 74 0.007932667109898664
131 60 0.0
131 48 0.0370112917086248
131 64 0.14098390570445324
131 70 0.23560208312872732
131 58 0.431119443704427
131 59 0.10101557639118444
131 71 0.011692138653502021
131 65 0.0
131 73 0.0
131 67 0.2293146783083843
131 66 0.16892608972963158
131 72 0.0
131 57 0.26294479000724047
131 94 0.3777628499392652
131 80 0.017359583257547224
131 81 0.1764714841649542
131 95 0.04479988526290666
131 56 0.10191530364607997
131 68 0.39980354729373463
131 54 0.18391751224625313
131 83 0.019232283092451084
131 82 0.021183165449897984
131 55 0.1334952317599004
131 69 0.26773641693085365
131 51 0.0
131 79 0.06311155558957447
131 86 0.0
131 92 0.3950713674480719
131 93 0.3186863246672456
131 87 0.2686499994338086
131 78 0.2072833516901484
131 50 0.0
131 52 0.0019028093799934587
131 46 0.1845196808397162
131 91 0.31185778407951387
131 85 0.32792147970687635
131 84 0.02618881336320443
131 90 0.33034578414058746
131 47 0.1318413968447006
131 53 0.0
119 76 0.03626609816858048
119 62 0.1530435055028273
119 89 0.04928779468508778
119 88 0.1505056895812478
119 63 0.009932624954155311
119 77 0.2684745260180817
119 49 0.11025178940012917
119 61 0.04287231825464683
119 75 0.10377575839296946
119 74 0.09995067909193134
119 60 0.0
119 48 0.07981276111199935
119 64 0.03486989283139915
119 70 0.22007887307949786
119 58 0.40082932662496257
119 59 0.05689913110990083
119 71 0.004696135245092353
119 65 0.0
119 73 0.05710996036441528
119 67 0.15176221057977252
119 66 0.08846585810239771
119 72 0.0
119 57 0.19474450515993635
119 94 0.2522258096993232
119 80 0.009650064201949554
119 81 0.09671194903049296
119 95 0.03546377395657926
119 56 0.2538291270497724
119 68 0.3370068871448987
119 54 0.05315871657794807
119 83 0.2505271904759636
119 82 0.009007800584201614
119 55 0.13137772613416868
119 69 0.1903454027929146
119 51 0.0
119 79 0.226125341780675
119 86 0.0
119 92 0.26864274304740976
119 93 0.22385054612097338
119 87 0.1544912560624493
119 78 0.17462191637884095
119 50 0.013094144208031053
119 52 0.12612088715544084
119 46 0.20090220927188918
119 91 0.2424979763681966
119 85 0.23867975911282124
119 84 0.11270244167602157
119 90 0.24141084061472795
119 47 0.02684638516727654
119 53 0.03897303141798244
