114 76 0.11249176719600437
114 62 0.15957525646458307
114 89 0.11116504204832774
114 88 0.27331747423491565
114 63 0.16418614187896782
114 77 0.10113819741290071
114 49 0.06886906707734781
114 61 0.0362901209123315
114 75 0.06945627729328223
114 74 0.18722223951637534
114 60 0.05399764823273115
114 48 0.08253909104761421
114 64 0.12412145657770403
114 70 0.20502495290829695
114 58 0.4784582437423354
114 59 0.0960695944587298
114 71 0.09799084580126342
114 65 0.04980810756810508
114 73 0.06191938309196568
114 67 0.21056170399441332
114 66 0.19280829097209012
114 72 0.10553724876237618
114 57 0.23107483930649142
114 94 0.30302104553560916
114 80 0.09821084563703131
114 81 0.23123303024682598
114 95 0.10188574304405677
114 56 0.12612745130505093
114 68 0.2989721145304779
114 54 0.13056135821407494
114 83 0.09271665944706309
114 82 0.023226678686568997
114 55 0.18887469331565557
114 69 0.25092595186704014
114 51 0.0569251434788811
114 79 0.11233235517217699
114 86 0.062105708036043886
114 92 0.314472218805029
114 93 0.2810075018976965
114 87 0.27656101437020497
114 78 0.19404371348805488
114 50 0.08648973758283805
114 52 0.09810421968058858
114 46 0.16220985561772452
114 91 0.2775065459023727
114 85 0.2955326585127953
114 84 0.0986785177271892
114 90 0.2909186813426551
114 47 0.1619166173111441
114 53 0.07491237530083929
100 76 0.06324353797964045
100 62 0.07533439549989407
100 89 0.05039824568422342
100 88 0.09393467388404647
100 63 0.18544891826575807
100 77 0.08356637461963377
100 49 0.14028800230799535
100 61 0.054252116950331886
100 75 0.049810916530791935
100 74 0.06507053370425148
100 60 0.044578775083054106
100 48 0.0825476969570635
100 64 0.11926544492690808
100 70 0.11052855304373016
100 58 0.18478984725596354
100 59 0.0426781838884171
100 71 0.30641578941007225
100 65 0.05683671925018226
100 73 0.032704562084847094
100 67 0.16678725643638792
100 66 0.0729694905890346
100 72 0.03843086993566708
100 57 0.2133085107700292
100 94 0.10043952480917012
100 80 0.32710202714167164
100 81 0.09934089473494248
100 95 0.08209151923685047
100 56 0.1303615249132262
100 68 0.2181496405229005
100 54 0.10756285873149063
100 83 0.07548734956974021
100 82 0.054953905041305345
100 55 0.17181125154301477
100 69 0.12420265244406345
100 51 0.11158681881448165
100 79 0.061684381834391
100 86 0.14984303565012852
100 92 0.08623464171932842
100 93 0.08117784472785562
100 87 0.10567006969355852
100 78 0.09459168317080864
100 50 0.167131283013284
100 52 0.12690634952875307
100 46 0.13157780552017606
100 91 0.11121794320062868
100 85 0.14290911645767335
100 84 0.13010913098081914
100 90 0.10028887873596537
100 47 0.06623784930293566
100 53 0.0693147325566684
128 76 0.08450385870512676
128 62 0.05690084987146453
128 89 0.11023605134727912
128 88 0.26588757640957006
128 63 0.08539484272451964
128 77 0.11715628655882679
128 49 0.06494509910505886
128 61 0.0501452138120439
128 75 0.058114792244741545
128 74 0.06355391395723627
128 60 0.04484533240152917
128 48 0.05786778070707985
128 64 0.08520518325370059
128 70 0.17573177621591213
128 58 0.08578431992214117
128 59 0.03981498426640706
128 71 0.0608928542842867
128 65 0.027836707922437504
128 73 0.06693303749082981
128 67 0.21812826582884617
128 66 0.17015461629186385
128 72 0.06669823614532709
128 57 0.1394054441801948
128 94 0.3358379371588022
128 80 0.06341864919713118
128 81 0.2018765361033283
128 95 0.11447603349016569
128 56 0.16772156589589746
128 68 0.3632651196327285
128 54 0.11810174715106295
128 83 0.07524729207610882
128 82 0.04927692561778249
128 55 0.11112891216618787
128 69 0.19364436484670258
128 51 0.0627584878823425
128 79 0.13929569582608997
128 86 0.04677975088942979
128 92 0.3448086343067768
128 93 0.301756016095877
128 87 0.29268491855606565
128 78 0.19530223357999635
128 50 0.08040983930048158
128 52 0.1223459963399765
128 46 0.14887245790931752
128 91 0.268016223280861
128 85 0.302097975671085
128 84 0.06747464827521625
128 90 0.3015518638919953
128 47 0.1079431608379772
128 53 0.0470194257906628
129 76 0.04645375811330835
129 62 0.20084373327143212
129 89 0.14414152574193245
129 88 0.34740490030890026
129 63 0.1724045304449994
129 77 0.12579218443535184
129 49 0.10267658788044513
129 61 0.0753732588161884
129 75 0.057043197332830864
129 74 0.14113095791931335
129 60 0.057537594790981764
129 48 0.14817640924487444
129 64 0.16208244234592944
129 70 0.2643151554224793
129 58 0.5303201245462128
129 59 0.061655238838122434
129 71 0.11642234998320827
129 65 0.10199156277352556
129 73 0.06580729952626416
129 67 0.30126311810000406
129 66 0.242821592544619
129 72 0.06384314219377231
129 57 0.4864945647637327
129 94 0.43925466386102674
129 80 0.12447531556947247
129 81 0.3042586300941392
129 95 0.12151110246593264
129 56 0.2286414253956785
129 68 0.45515898449775644
129 54 0.20505276108633685
129 83 0.08871445529060318
129 82 0.2854044554569256
129 55 0.15480326667032632
129 69 0.31730451389110925
129 51 0.08461330313007967
129 79 0.1257493098704917
129 86 0.08465173318834675
129 92 0.41487264962303205
129 93 0.37232088817802694
129 87 0.31414950943870995
129 78 0.28901214482298154
129 50 0.07161500796473061
129 52 0.10475013973618152
129 46 0.21899872191886005
129 91 0.35755996152207215
129 85 0.3402583925365662
129 84 0.1306755855766624
129 90 0.34500876856411833
129 47 0.2196533418031541
129 53 0.10141488940776575
101 76 0.0280830385468033
101 62 0.07503883810819373
101 89 0.06712604756832571
101 88 0.09312146338132296
101 63 0.06277210873161895
101 77 0.10458103346178665
101 49 0.07554719594803758
101 61 0.049527245743895165
101 75 0.03348602227475936
101 74 0.016629864324874233
101 60 0.03351145696963581
101 48 0.046989260094072755
101 64 0.06577965373663264
101 70 0.048328188035896044
101 58 0.10284357856793884
101 59 0.0628067185210249
101 71 0.1258388973850878
101 65 0.045749023527268826
101 73 0.04130671071893782
101 67 0.10374365086404494
101 66 0.07283561080765799
101 72 0.02004464966585906
101 57 0.14046246221958608
101 94 0.11242615094455126
101 80 0.1407846808179395
101 81 0.1097920332998818
101 95 0.0
101 56 0.11416511091159695
101 68 0.12328825377695252
101 54 0.05659464745223294
101 83 0.037939804680137745
101 82 0.06132439641280202
101 55 0.07650802206106402
101 69 0.05660664947185372
101 51 0.06756501173504394
101 79 0.10222682443185484
101 86 0.08343647130528346
101 92 0.10560080267730064
101 93 0.0997799179672056
101 87 0.08697545075308523
101 78 0.07593997928681649
101 50 0.08673476951467653
101 52 0.10155417410135906
101 46 0.10224280208101272
101 91 0.13381323458876343
101 85 0.09678551978397806
101 84 0.0941353068307944
101 90 0.09751658101483629
101 47 0.02361962426016742
101 53 0.05231778860494021
115 76 0.10895397670448334
115 62 0.12231015988402125
115 89 0.15567632602977385
115 88 0.15824616185557688
115 63 0.046609101519614754
115 77 0.3261298778878472
115 49 0.1567229581767243
115 61 0.1182365834028373
115 75 0.11306710013446916
115 74 0.143115966724683
115 60 0.10194481690134491
115 48 0.1396498616618281
115 64 0.1878289207577414
115 70 0.13614420134605384
115 58 0.1200900344471996
115 59 0.1031944665283235
115 71 0.13237981218481348
115 65 0.08353766284584496
115 73 0.08665527910274816
115 67 0.19191076715100522
115 66 0.3099029157835465
115 72 0.20633522729921328
115 57 0.11514668051504931
115 94 0.28139636040128363
115 80 0.13577729486882162
115 81 0.0974974648724644
115 95 0.13520574577328964
115 56 0.3237102873046281
115 68 0.22729123203044566
115 54 0.16083447715389007
115 83 0.2423111963047378
115 82 0.12683470011529915
115 55 0.20666149306883527
115 69 0.11216641158591709
115 51 0.15796180614697003
115 79 0.2538779215032606
115 86 0.1371378039462233
115 92 0.269390413591442
115 93 0.255142613367282
115 87 0.20936592728038508
115 78 0.13844249079635246
115 50 0.11689811877042285
115 52 0.9055166540396362
115 46 0.592845642163615
115 91 0.2645106417318786
115 85 0.27102996304420485
115 84 0.11992459604861301
115 90 0.2774890537637259
115 47 0.3903651306342705
115 53 0.41418948711468057
103 76 0.09573204147799445
103 62 0.22265814758027863
103 89 0.10551927991588195
103 88 0.1566783108395959
103 63 0.1778288560767718
103 77 0.12461149197454163
103 49 0.08936325147601153
103 61 0.10931886071828423
103 75 0.0998029032243908
103 74 0.09893338655984198
103 60 0.09211614599783272
103 48 0.10088900815719971
103 64 0.18291842615667953
103 70 0.25379916678503583
103 58 0.9782534738312076
103 59 0.08678420730808689
103 71 0.08479835922190421
103 65 0.12409589123936829
103 73 0.10959476927854891
103 67 0.14770548551479848
103 66 0.22347445930964493
103 72 0.10074681345561345
103 57 0.40953539418897644
103 94 0.15065239248761977
103 80 0.08697056065403996
103 81 0.25039686001650124
103 95 0.09985181069279495
103 56 0.12768540149867594
103 68 0.2920417920757681
103 54 0.19446533332878074
103 83 0.08859712881025777
103 82 0.15069809679146975
103 55 0.13920141220252097
103 69 0.24543693510584746
103 51 0.08899546482399451
103 79 0.08260227191700542
103 86 0.10290656617487694
103 92 0.15509865364046413
103 93 0.15101735352256268
103 87 0.1325548273535785
103 78 0.19061177490865153
103 50 0.089826397936054
103 52 0.15713189087060533
103 46 0.19305230038571156
103 91 0.15870208932714536
103 85 0.13793124269534918
103 84 0.12529059539014664
103 90 0.13682115040607984
103 47 0.15717230798558304
103 53 0.11318937669220891
117 76 0.23524328849686443
117 62 0.2465589320807559
117 89 0.11305735857149468
117 88 0.14578083331695413
117 63 0.09008475066626914
117 77 0.47120033558818486
117 49 0.23646700681469007
117 61 0.14174527892255218
117 75 0.45383934979588186
117 74 0.3169826943875452
117 60 0.10373039792261968
117 48 0.33467249686481515
117 64 0.15036822050132329
117 70 0.25975861009874945
117 58 0.5789045016086081
117 59 0.12197455181939144
117 71 0.11254916260278809
117 65 0.06190191226880411
117 73 0.37034822257748257
117 67 0.1921592595918098
117 66 0.1629008182648123
117 72 0.18955616158252697
117 57 0.24582515373145725
117 94 0.2750683810845684
117 80 0.11350652141961123
117 81 0.2135720035970924
117 95 0.2363671322496972
117 56 0.31383438325070356
117 68 0.32268984803638207
117 54 0.11918439368927056
117 83 0.5385759237846266
117 82 0.1325222862644471
117 55 0.15591912698470464
117 69 0.2722184008379121
117 51 0.16390316532365637
117 79 0.42911908285281425
117 86 0.08562225468158807
117 92 0.27482709238186775
117 93 0.2497648352399066
117 87 0.31861216715710405
117 78 0.29704450475159094
117 50 0.0872857869170584
117 52 0.37112361178686093
117 46 0.3880769240154853
117 91 0.28745872213286877
117 85 0.30239178284166973
117 84 0.19454701946243813
117 90 0.2996169619144131
117 47 0.1755647611776669
117 53 0.21796571541500553
116 76 0.13426911234806407
116 62 0.19790740962794157
116 89 0.12010194790946835
116 88 0.25636751039824557
116 63 0.1158455698886179
116 77 0.24927373970908528
116 49 0.12564546732588594
116 61 0.13463669856057053
116 75 0.14070128303605758
116 74 0.10827686098290673
116 60 0.08968503828735111
116 48 0.10704700257538334
116 64 0.12795164938058007
116 70 0.353315732138376
116 58 0.7645563310992275
116 59 0.1354305292214479
116 71 0.08598040070976612
116 65 0.08611443448368966
116 73 0.12861127245600168
116 67 0.2313583288486371
116 66 0.264694719734009
116 72 0.1227548129823992
116 57 0.3877188701531257
116 94 0.33196505485519134
116 80 0.08878675425970632
116 81 0.2597581399191868
116 95 0.16195434137181555
116 56 0.3034580119385073
116 68 0.3991714970260787
116 54 0.12589947466263324
116 83 0.29820109964865293
116 82 0.28711656675898467
116 55 0.17622340516338694
116 69 0.3156341406987441
116 51 0.0773833107796047
116 79 0.224362509129283
116 86 0.09513416485369955
116 92 0.31701409923948254
116 93 0.299218081418805
116 87 0.21799868995550273
116 78 0.2635625035005649
116 50 0.09776645176616146
116 52 0.1880638918057068
116 46 0.31708985609782264
116 91 0.303558482894782
116 85 0.29493891270773576
116 84 0.18247639446608543
116 90 0.2915588158495949
116 47 0.10368728432823257
116 53 0.11420264927889356
102 76 0.10362032418414932
102 62 0.15610358153682843
102 89 0.11119375033872544
102 88 0.12042434117893897
102 63 0.13312901239485103
102 77 0.11669444358756098
102 49 0.13250098345419017
102 61 0.09289779614981304
102 75 0.10874811068265164
102 74 0.11291725027950536
102 60 0.10743010521940355
102 48 0.11190425912246478
102 64 0.12100541417831866
102 70 0.18115882305652134
102 58 0.60000129614484
102 59 0.12254988896358363
102 71 0.19232533847747574
102 65 0.08976137471891903
102 73 0.10371538447427446
102 67 0.1458774514036578
102 66 0.10217885072038088
102 72 0.12259568690068662
102 57 0.24736361966075973
102 94 0.11671673097759877
102 80 0.19978262201001812
102 81 0.1620990289396713
102 95 0.11662965213942304
102 56 0.1306865586028
102 68 0.20606017903426493
102 54 0.13351659361418253
102 83 0.12081564467629147
102 82 0.08373759307302796
102 55 0.12618364075540173
102 69 0.16224227113068915
102 51 0.11323621484502189
102 79 0.1056431718489044
102 86 0.13364478163384658
102 92 0.10493117713327381
102 93 0.10464003205516144
102 87 0.12461557838577743
102 78 0.11543966472969625
102 50 0.12660244949278499
102 52 0.09586396389493065
102 46 0.12490531766334573
102 91 0.1133664172526673
102 85 0.11796700421927478
102 84 0.10128756721867833
102 90 0.10508364486724964
102 47 0.13623367723351285
102 53 0.11510495651444444
106 76 0.06455328287057856
106 62 0.0866632923869026
106 89 0.04501357784357478
106 88 0.11522409859817868
106 63 0.06408293320225926
106 77 0.07162757869932515
106 49 0.05669879778561773
106 61 0.05308491861573354
106 75 0.03914404072209879
106 74 0.0478412618800773
106 60 0.05002145935889782
106 48 0.060466307949953446
106 64 0.08692019356632802
106 70 0.12594636541764903
106 58 0.46279720368523536
106 59 0.04572112927525239
106 71 0.08816036566314145
106 65 0.04524012875656763
106 73 0.04035897264059729
106 67 0.08872013954694748
106 66 0.07262935240707613
106 72 0.10644238112102247
106 57 0.18665759046669658
106 94 0.09952886876010991
106 80 0.08778204133105537
106 81 0.12921495038571162
106 95 0.0733565823636388
106 56 0.09717751127121378
106 68 0.16763852340883664
106 54 0.09859458023398511
106 83 0.05984779013375943
106 82 0.05585019735927087
106 55 0.12861469275466048
106 69 0.14314595548268932
106 51 0.056854344659985456
106 79 0.08339514605463857
106 86 0.0629498629952469
106 92 0.10554121701539923
106 93 0.09838216147668924
106 87 0.11943755005374412
106 78 0.09314001074101654
106 50 0.05212208238671581
106 52 0.08052075670278554
106 46 0.08368038975461214
106 91 0.05887858146805755
106 85 0.09739690730527449
106 84 0.09810446856507687
106 90 0.0993089148077003
106 47 0.11120848186135868
106 53 0.059574625754154634
112 76 0.08765784569043314
112 62 0.15362130943670552
112 89 0.10323708732081469
112 88 0.19121346532094655
112 63 0.13787394443270998
112 77 0.1712348729634484
112 49 0.09247232409693981
112 61 0.08262504384443627
112 75 0.09327905947164034
112 74 0.09468152461161539
112 60 0.07158936486006319
112 48 0.07869301985977846
112 64 0.1444040266230075
112 70 0.1969198424335139
112 58 0.6197971751861511
112 59 0.08154136486021338
112 71 0.13486405832060064
112 65 0.08318440396662324
112 73 0.08218970614441048
112 67 0.145534042597497
112 66 0.12079690250453423
112 72 0.0836745935695175
112 57 0.2669326234689387
112 94 0.1461693750393297
112 80 0.13927187364253876
112 81 0.17788700640869975
112 95 0.10670928140889024
112 56 0.17533768355337281
112 68 0.2667423898768237
112 54 0.1476674731512665
112 83 0.14035674973235554
112 82 0.08256154583169134
112 55 0.25706742567516927
112 69 0.2393345236058257
112 51 0.08692500754615448
112 79 0.1463513844276931
112 86 0.10052217875781472
112 92 0.1713038596675376
112 93 0.16899144244492476
112 87 0.18515478838695196
112 78 0.18284084184636065
112 50 0.10357407293129557
112 52 0.145654170876973
112 46 0.1399075979484336
112 91 0.17084599434872982
112 85 0.14805767243880644
112 84 0.16479472638161177
112 90 0.14746512556434016
112 47 0.12858650706117772
112 53 0.08848519947103609
113 76 0.09786145230038518
113 62 0.1612620567955701
113 89 0.13550960436372375
113 88 0.3798681844757979
113 63 0.14724343445125637
113 77 0.23650080891758846
113 49 0.10598318741130976
113 61 0.08615570386134289
113 75 0.10716577273844993
113 74 0.07937278906330325
113 60 0.05793277295195867
113 48 0.09080873955921058
113 64 0.14396547342728164
113 70 0.2679124114372397
113 58 0.3968560796101217
113 59 0.07378658059956811
113 71 0.10338053043380524
113 65 0.061543616386544486
113 73 0.10571627915673766
113 67 0.28266194335044237
113 66 0.24574228818357155
113 72 0.09954060711530244
113 57 0.26437063082944523
113 94 0.43412720683774997
113 80 0.10391866953175269
113 81 0.2811093122717102
113 95 0.16652066383599165
113 56 0.2825681958976145
113 68 0.4111926811239828
113 54 0.17119085045803467
113 83 0.22987861796266043
113 82 0.1288469427580753
113 55 0.18392275820189222
113 69 0.2965817322722281
113 51 0.06524415313603554
113 79 0.21240280982919932
113 86 0.050477848167902115
113 92 0.4399528806981398
113 93 0.3969173710332661
113 87 0.322635544928255
113 78 0.2786514207349087
113 50 0.09113981779969059
113 52 0.18527917341793262
113 46 0.2914273473422779
113 91 0.3520057332916233
113 85 0.38015330509462925
113 84 0.15873774525045228
113 90 0.3757051598478124
113 47 0.15652732839768846
113 53 0.10403231299771246
107 76 0.1502279130391647
107 62 0.18360843735286808
107 89 0.12754421215896694
107 88 0.20244313938568095
107 63 0.08146648561194238
107 77 0.08668098429540956
107 49 0.1302938397072185
107 61 0.11053228218429262
107 75 0.09043165618340573
107 74 0.07352785858755341
107 60 0.13087513223980612
107 48 0.10082445898337494
107 64 0.11301561890704076
107 70 0.08432743230672221
107 58 0.06834296727878711
107 59 0.09606557990588466
107 71 0.18177235792577381
107 65 0.1267818682738373
107 73 0.1120260938630302
107 67 0.21428006270339087
107 66 0.19715073613616424
107 72 0.05946902864694224
107 57 0.20183586982872948
107 94 0.12710357000923397
107 80 0.19525565979246834
107 81 0.08225609499134508
107 95 0.1230387573884724
107 56 0.8491854925300258
107 68 0.5662476798675529
107 54 0.09948201668005711
107 83 0.14420364389286522
107 82 0.07152355572139273
107 55 0.1833667798408826
107 69 0.10256627538627464
107 51 0.08800351303949257
107 79 0.1383095680464671
107 86 0.13413721281284813
107 92 0.11446517509418928
107 93 0.16393803103913193
107 87 0.18120892204836148
107 78 0.09037009905979763
107 50 0.1414563408316704
107 52 0.14686150454878555
107 46 0.12084468530521023
107 91 0.1534327648960776
107 85 0.08438869081609525
107 84 0.08428731017024485
107 90 0.09714959900308665
107 47 0.06672781955112808
107 53 0.09573347805420927
139 76 0.14714847526230945
139 62 0.055021272251583944
139 89 0.07919301755885917
139 88 0.18827509630545253
139 63 0.0627733688171814
139 77 0.11693280212208781
139 49 0.06591926370415693
139 61 0.09917599249888008
139 75 0.04503374718582687
139 74 0.0772914051150888
139 60 0.057283595777755464
139 48 0.0455699247932657
139 64 0.055349913478193305
139 70 0.16535426856133428
139 58 0.11149989551203597
139 59 0.10205116361587348
139 71 0.06459200376607857
139 65 0.06545962203498149
139 73 0.041684856615235605
139 67 0.1499173614109982
139 66 0.2379993764696575
139 72 0.05677106867109419
139 57 0.18764113887610556
139 94 0.2224377332967692
139 80 0.06762325027872876
139 81 0.1261909829269901
139 95 0.05978783753514483
139 56 0.1111347005031232
139 68 0.23445236037837328
139 54 0.07594077092431871
139 83 0.07176643427009412
139 82 0.08126681916782791
139 55 0.08530609251474627
139 69 0.1295020928051151
139 51 0.05682002407312112
139 79 0.11373672672681381
139 86 0.06982331443474399
139 92 0.22918662630663225
139 93 0.20675532906690167
139 87 0.1933728841215754
139 78 0.14155308791326793
139 50 0.06554677057475053
139 52 0.2166965354817984
139 46 0.16326998129211734
139 91 0.21396786318435496
139 85 0.20348849498888685
139 84 0.04696669056179083
139 90 0.20443840301563995
139 47 0.09055475050530411
139 53 0.1081620963096935
111 76 0.1245302427829556
111 62 0.20730997798549541
111 89 0.15959434639374737
111 88 0.2614121783441417
111 63 0.15735757388599447
111 77 0.179362970407771
111 49 0.0968211833133199
111 61 0.09200403382129721
111 75 0.10454074637960506
111 74 0.12822827218891825
111 60 0.09221793760354896
111 48 0.08959640443170758
111 64 0.14751775240295414
111 70 0.3400519515587843
111 58 0.5837240331536759
111 59 0.11474598997668067
111 71 0.15868178641352992
111 65 0.08776711851789724
111 73 0.09711457826388306
111 67 0.29056330740122854
111 66 0.2149754367193039
111 72 0.09275279978455982
111 57 0.313101606627017
111 94 0.2958452170269661
111 80 0.16362793007439536
111 81 0.22007510881236625
111 95 0.1373923941315521
111 56 0.2311208825875965
111 68 0.4759733751021897
111 54 0.1535021535493763
111 83 0.14294526762905485
111 82 0.10705161712198563
111 55 0.28725187838558286
111 69 0.42049475823693744
111 51 0.10698337114234119
111 79 0.1613199803531646
111 86 0.08787789509776812
111 92 0.32028904985358075
111 93 0.2950763371286284
111 87 0.2682034438206685
111 78 0.3847252355030803
111 50 0.14973056076423816
111 52 0.15349678376474088
111 46 0.16498339449757854
111 91 0.30417909661875275
111 85 0.2760933032455589
111 84 0.21147674351253845
111 90 0.2813452751444415
111 47 0.1484025513839661
111 53 0.08995250422420942
105 76 0.08479355629974086
105 62 0.11690941088181526
105 89 0.08273875294903352
105 88 0.10575936226802735
105 63 0.09293058576622311
105 77 0.09025517312286739
105 49 0.1790674934718654
105 61 0.09374732840661193
105 75 0.09637641624813043
105 74 0.12250656511666459
105 60 0.09728086981211677
105 48 0.1324652303162834
105 64 0.09931976170802147
105 70 0.11440989412625863
105 58 0.2032658976681314
105 59 0.10201000430757923
105 71 0.31527671274274705
105 65 0.09012519027005014
105 73 0.09364635909949036
105 67 0.19057877548437313
105 66 0.12518360649768667
105 72 0.1033644156387752
105 57 0.28330883553506747
105 94 0.1198945067171071
105 80 0.32941899159511023
105 81 0.101135895544532
105 95 0.13401863646024467
105 56 0.4419457927542222
105 68 0.33424240297580177
105 54 0.1012226417100961
105 83 0.16322344575653322
105 82 0.10628366093735717
105 55 0.09541725113436611
105 69 0.1501079831679001
105 51 0.1420124596687755
105 79 0.10277370632336182
105 86 0.18409861228141863
105 92 0.09091859133363896
105 93 0.08963092996262104
105 87 0.12049473256113956
105 78 0.1319395426773273
105 50 0.16741505297725628
105 52 0.11521431908865067
105 46 0.10287915155053137
105 91 0.09078905736313166
105 85 0.17348779235323045
105 84 0.10892463663342025
105 90 0.12186928391540318
105 47 0.10937369048004471
105 53 0.09541127111720073
104 76 0.1204723167320324
104 62 0.21086348870685817
104 89 0.09265525003451001
104 88 0.16950540971539285
104 63 0.18403026351885218
104 77 0.10165926345998443
104 49 0.10031429943683003
104 61 0.10588936652210498
104 75 0.0981539600647944
104 74 0.09858180826664403
104 60 0.10040485830714191
104 48 0.11102839540532544
104 64 0.18038348961973807
104 70 0.2732866074921403
104 58 1.0
104 59 0.09265122325289288
104 71 0.12503980233987722
104 65 0.09962624663924129
104 73 0.10424805663574066
104 67 0.1350511132982059
104 66 0.13362203803070344
104 72 0.12209712043944623
104 57 0.38969806875769614
104 94 0.1464306584420413
104 80 0.12499301274457975
104 81 0.258514961234041
104 95 0.11227111262857696
104 56 0.11033082193191474
104 68 0.2765806242581487
104 54 0.19841544879211112
104 83 0.08464481065774498
104 82 0.09599252462968143
104 55 0.21219357506128123
104 69 0.24789735696345122
104 51 0.08960540225898347
104 79 0.09544486428831066
104 86 0.10948987213927872
104 92 0.15756087888056353
104 93 0.15251083463986648
104 87 0.1648800990441323
104 78 0.17327756627974128
104 50 0.09575538468809691
104 52 0.10895424340582138
104 46 0.16664516358822695
104 91 0.14094359834857176
104 85 0.14169640172213294
104 84 0.15308890521992546
104 90 0.14213158294980974
104 47 0.19273922778263314
104 53 0.11849253038945243
110 76 0.02065875786593105
110 62 0.18692873223768205
110 89 0.17309185194452817
110 88 0.3353445523648907
110 63 0.09222094150853459
110 77 0.2846667683018524
110 49 0.068142072924088
110 61 0.05880552744422465
110 75 0.08538087647961122
110 74 0.105446006349879
110 60 0.0911638920457111
110 48 0.09475153115848071
110 64 0.0904812855187771
110 70 0.20433181089112726
110 58 0.35594010457249775
110 59 0.06474926964785091
110 71 0.1818656943122591
110 65 0.07995936054032585
110 73 0.0748068979769194
110 67 0.1786857799666153
110 66 0.14142085442730593
110 72 0.16691110933413064
110 57 0.20525553141893021
110 94 0.2207082145059354
110 80 0.18376944241369778
110 81 0.299620784573073
110 95 0.1142861347721181
110 56 0.17374832622603156
110 68 0.34133014059823363
110 54 0.12568655902189896
110 83 0.08938004230145528
110 82 0.20555748372970623
110 55 0.17818609686061324
110 69 0.3462444948975584
110 51 0.07330499392874185
110 79 0.19331774339573715
110 86 0.026726951115574105
110 92 0.25744394948401517
110 93 0.3176932059285402
110 87 0.2297437401819824
110 78 0.2701675064208381
110 50 0.06194282632704025
110 52 0.11361547714864398
110 46 0.176214690205642
110 91 0.24855433280658407
110 85 0.2412246202602912
110 84 0.07793613860044035
110 90 0.2364533361389024
110 47 0.10772306837404035
110 53 0.080658274896521
138 76 0.13377244393071916
138 62 0.14145944586778292
138 89 0.1322236649739027
138 88 0.28590610370262415
138 63 0.09791031913340627
138 77 0.1389794100630986
138 49 0.08765922343678029
138 61 0.08438627347919234
138 75 0.08813224699130019
138 74 0.10114303025955469
138 60 0.07335260371242315
138 48 0.11490357061411367
138 64 0.10284620698608327
138 70 0.28960113618711275
138 58 0.16386192875498493
138 59 0.0823993889733251
138 71 0.09789092795283648
138 65 0.05521711152272968
138 73 0.08682317676404988
138 67 0.2780209955566083
138 66 0.31376633299284207
138 72 0.1495219093770276
138 57 0.25195624254222426
138 94 0.31926501657082496
138 80 0.10528407180125234
138 81 0.21948807689470243
138 95 0.1303770223178939
138 56 0.17090289469576378
138 68 0.4547326942034751
138 54 0.11905230114689166
138 83 0.09667985053641968
138 82 0.168008092139338
138 55 0.06744109576247603
138 69 0.2312333748593785
138 51 0.08268036420622223
138 79 0.08468646804083949
138 86 0.09135715055299667
138 92 0.3166648557123384
138 93 0.2979341686769821
138 87 0.30152614639375314
138 78 0.27001139134784574
138 50 0.059255341864676195
138 52 0.1013204807561603
138 46 0.1578903135129772
138 91 0.3313983047043788
138 85 0.22454150697230515
138 84 0.09752436651029131
138 90 0.24755503313404295
138 47 0.16492657567616936
138 53 0.14688585214177233
140 76 0.17575430206238904
140 62 0.08529715165114327
140 89 0.07718042467589474
140 88 0.12044764572213262
140 63 0.08462795824079962
140 77 0.08246190360561456
140 49 0.0956851785381688
140 61 0.07464041157527246
140 75 0.05658195575024423
140 74 0.034371359149497765
140 60 0.0390606924576766
140 48 0.06790892993960553
140 64 0.05691553899860978
140 70 0.1938717785968175
140 58 0.18616716416532772
140 59 0.11455063675141414
140 71 0.07585185024079252
140 65 0.05873486519507268
140 73 0.07307090624945066
140 67 0.15480283003916825
140 66 0.2348910564225486
140 72 0.043230037634262336
140 57 0.2101830775438277
140 94 0.19322173757766503
140 80 0.08003417472524965
140 81 0.1691370907643166
140 95 0.08505275585721202
140 56 0.11014101765098103
140 68 0.24304197417153667
140 54 0.06623828209106947
140 83 0.05870483727127808
140 82 0.11960632184997418
140 55 0.10217327046140394
140 69 0.2024278230678213
140 51 0.052322142562601204
140 79 0.07465205207624419
140 86 0.037870712773521886
140 92 0.20671063940909387
140 93 0.1739933729098115
140 87 0.17268093285849442
140 78 0.22348412360151756
140 50 0.10338400839436494
140 52 0.0528087595934829
140 46 0.04878374001807485
140 91 0.18327415703156885
140 85 0.17004121064977826
140 84 0.08813330228952189
140 90 0.17780429246395069
140 47 0.07395848812316158
140 53 0.06280806987488866
135 76 0.13378710827319715
135 62 0.2292910026862912
135 89 0.10190960284120293
135 88 0.23210868072595686
135 63 0.14903510347857424
135 77 0.29200150819204385
135 49 0.24344748996615123
135 61 0.07401749252905038
135 75 0.25605025986576413
135 74 0.1656107349214289
135 60 0.055614763576118414
135 48 0.26121303007948027
135 64 0.11836890567499109
135 70 0.1931260651809355
135 58 0.1787479335564422
135 59 0.05626716455832077
135 71 0.1923896863687922
135 65 0.04887397985303958
135 73 0.2048352711671422
135 67 0.27295908239878186
135 66 0.15501146774717917
135 72 0.087947966690577
135 57 0.3162666141257132
135 94 0.30930652800400815
135 80 0.20583307087082742
135 81 0.21237952950628528
135 95 0.14919367161277092
135 56 0.26450343043439034
135 68 0.38374864920792046
135 54 0.14477077278535205
135 83 0.40925773730267434
135 82 0.0961386667211685
135 55 0.1285342127468883
135 69 0.2135426509847437
135 51 0.12413638099745868
135 79 0.20438003650467337
135 86 0.1096687976241
135 92 0.2866265481726132
135 93 0.2524010070223199
135 87 0.27230784841778605
135 78 0.247654735857267
135 50 0.13119842453192024
135 52 0.25602716587494057
135 46 0.3434514486231356
135 91 0.2820357491490676
135 85 0.2486050802595125
135 84 0.164445958761307
135 90 0.2556550354625551
135 47 0.21125647563522637
135 53 0.30245952774038987
121 76 0.1563936820272347
121 62 0.22322900057963688
121 89 0.1733118006819656
121 88 0.3498842662774046
121 63 0.25586877985819517
121 77 0.22414728562708122
121 49 0.15318491046433985
121 61 0.11070070238064486
121 75 0.08574091560462278
121 74 0.1359894686612316
121 60 0.12973326190861495
121 48 0.15525266646713418
121 64 0.1664869439883919
121 70 0.1438591792687903
121 58 0.07513251697980883
121 59 0.07270301971119275
121 71 0.3647147952717221
121 65 0.15969949159067517
121 73 0.07179370273647459
121 67 0.367538897548425
121 66 0.24184668257651443
121 72 0.12093622565419543
121 57 0.3642596571315285
121 94 0.5501926093955776
121 80 0.39423134285842
121 81 0.2189499156581515
121 95 0.1349170109969496
121 56 0.23995251537041024
121 68 0.3926446105417679
121 54 0.17469025384483358
121 83 0.24389248848158007
121 82 0.14773736471851867
121 55 0.3336286289163999
121 69 0.374889222036266
121 51 0.15661316119957183
121 79 0.11550104818575294
121 86 0.13203989131250793
121 92 0.4732902142133551
121 93 0.42995249093239124
121 87 0.26963080927719907
121 78 0.4549517393411416
121 50 0.17506280307983563
121 52 0.08345830347679498
121 46 0.1998417433543317
121 91 0.44578392682775375
121 85 0.39863570808474025
121 84 0.10669025306633208
121 90 0.4233799832097611
121 47 0.26380567617387235
121 53 0.20769282420787916
109 76 0.12380581911570263
109 62 0.17353719791140063
109 89 0.06839387690978535
109 88 0.21420343655775417
109 63 0.13975450905838643
109 77 0.16767892794074374
109 49 0.15190560481054635
109 61 0.12323829288267371
109 75 0.08245118300536816
109 74 0.1403548755836901
109 60 0.06592517368379167
109 48 0.10984101226793147
109 64 0.1447141474778271
109 70 0.2950531067419071
109 58 0.49670736363559387
109 59 0.05056202940501445
109 71 0.17344045732540148
109 65 0.08021425785094957
109 73 0.045637518893778484
109 67 0.21516861229244372
109 66 0.15569529269620047
109 72 0.14470282659389216
109 57 0.3241812900229234
109 94 0.24350729672060994
109 80 0.175727004347367
109 81 0.31632993864024384
109 95 0.14255208985467854
109 56 0.10044103333852675
109 68 0.39036766451633315
109 54 0.12675735494803997
109 83 0.09044379938783105
109 82 0.08373493132472015
109 55 0.16371231986688928
109 69 0.31530258852645116
109 51 0.0856108588844038
109 79 0.09776161055020362
109 86 0.12133564492909427
109 92 0.2517567259963358
109 93 0.2393514542280178
109 87 0.21980136109208448
109 78 0.30412109760500494
109 50 0.17667860006033695
109 52 0.17050703086972416
109 46 0.22143267303562095
109 91 0.25155184606286285
109 85 0.23204598641685342
109 84 0.5591470394820148
109 90 0.2332570443290424
109 47 0.07729809583360803
109 53 0.08715858376659909
108 76 0.1372591436216461
108 62 0.20754279831452027
108 89 0.13665004472804693
108 88 0.28550711675513735
108 63 0.1843977201651509
108 77 0.1998103614512551
108 49 0.07440231241977635
108 61 0.09590818857773999
108 75 0.10723916007419007
108 74 0.13720696189257822
108 60 0.08745639365563776
108 48 0.09345754149237297
108 64 0.17973367869861345
108 70 0.296477793736508
108 58 0.7193791889385736
108 59 0.08802532285991699
108 71 0.12652367528356923
108 65 0.08993848784857365
108 73 0.09845186673557799
108 67 0.24925154434019664
108 66 0.21643459992045827
108 72 0.1090449742813854
108 57 0.3486994805243586
108 94 0.31593850228795395
108 80 0.1319280808941881
108 81 0.27733886447636524
108 95 0.13415213890761774
108 56 0.23594785959866765
108 68 0.47746260790905676
108 54 0.2147223071950876
108 83 0.1280792030713379
108 82 0.13266643937752995
108 55 0.22866188583947278
108 69 0.3630926822654723
108 51 0.08735398195216088
108 79 0.20154860722275986
108 86 0.06280192784933403
108 92 0.31857616765361607
108 93 0.28975830049886897
108 87 0.26470855052920883
108 78 0.3062024434923971
108 50 0.11421398793287206
108 52 0.1490943330229198
108 46 0.19165206750375066
108 91 0.2954283268682559
108 85 0.27328273257561636
108 84 0.17141961129870492
108 90 0.2718734300959955
108 47 0.1526080390943536
108 53 0.08668819250817578
120 76 0.04430487476043192
120 62 0.09598523331339386
120 89 0.07574924172272632
120 88 0.19868762072258106
120 63 0.058954116734520445
120 77 0.2070701995888579
120 49 0.04724318361505597
120 61 0.01930378011855277
120 75 0.08066356963500908
120 74 0.05815681962472967
120 60 0.040151739005274356
120 48 0.05341684321345094
120 64 0.08771520596671674
120 70 0.10602979576459626
120 58 0.0891618418132679
120 59 0.062050203754190555
120 71 0.10622969814362504
120 65 0.039360798762390486
120 73 0.05128022633084324
120 67 0.15517827459251185
120 66 0.1506150080165295
120 72 0.04755166452644018
120 57 0.09139572013071814
120 94 0.2236384430520386
120 80 0.11160463180388348
120 81 0.1325490276441481
120 95 0.04815526365907784
120 56 0.12727152287387566
120 68 0.16763421593937824
120 54 0.09621344889241565
120 83 0.06262554073876689
120 82 0.05090283586902418
120 55 0.22544378606387727
120 69 0.11148346986944546
120 51 0.09262023576927814
120 79 0.07129066676245174
120 86 0.06806889341048884
120 92 0.2197108723497219
120 93 0.20221441738477014
120 87 0.18391871556314265
120 78 0.14167724513059754
120 50 0.09411820555985505
120 52 0.04469630274729332
120 46 0.10385486228179158
120 91 0.18938747472368386
120 85 0.1876427582012551
120 84 0.06597412559039831
120 90 0.18259099873593776
120 47 0.10552262028925566
120 53 0.29934422755802104
134 76 0.13920095549434328
134 62 0.11510975084161246
134 89 0.06442903552095292
134 88 0.16186713854605683
134 63 0.09407794744970063
134 77 0.15768239291868963
134 49 0.23830825836175423
134 61 0.07902123612889979
134 75 0.25983255452868653
134 74 0.11356718931307988
134 60 0.10000839816827808
134 48 0.2180991227731522
134 64 0.11421753105091287
134 70 0.14777512717843147
134 58 0.13983160502650227
134 59 0.03711564301196382
134 71 0.40962731706127165
134 65 0.052002127233617176
134 73 0.20424360822254686
134 67 0.24283003951678006
134 66 0.121753509671364
134 72 0.10532197302226141
134 57 0.3383941038013889
134 94 0.24032620131265162
134 80 0.4387735909396357
134 81 0.03775760295057248
134 95 0.10782113747797076
134 56 0.09201232077976171
134 68 0.28941951128964166
134 54 0.12779943847937797
134 83 0.24061242925364004
134 82 0.06322050039917086
134 55 0.1652918200541168
134 69 0.13989489032460015
134 51 0.1400527038731238
134 79 0.08695353355206174
134 86 0.1390919867471236
134 92 0.15208204116823307
134 93 0.15298295507227772
134 87 0.14931660040764003
134 78 0.13036454380470872
134 50 0.1556688010307173
134 52 0.541920475070854
134 46 0.20663895712535008
134 91 0.13105989832596057
134 85 0.12412832612199529
134 84 0.12855105618438376
134 90 0.13184784519688883
134 47 0.24510309507255615
134 53 0.39052504387960746
122 76 0.1162396572555312
122 62 0.05882276986186773
122 89 0.19673934390163123
122 88 0.11653842555827193
122 63 0.23463218056274332
122 77 0.11091876726470487
122 49 0.26303745816842994
122 61 0.07235419597008935
122 75 0.07033713491872759
122 74 0.20384748907261752
122 60 0.08815931712426903
122 48 0.1180536203860172
122 64 0.06864505708343346
122 70 0.17382935141565892
122 58 0.11458372632739208
122 59 0.0995785199120981
122 71 0.4974397262699986
122 65 0.05004139475505122
122 73 0.05099227518246523
122 67 0.42983785732725505
122 66 0.22394256833973006
122 72 0.04324642554616598
122 57 0.4318119702052298
122 94 0.238947749486685
122 80 0.5310441525120733
122 81 0.1780179894640202
122 95 0.06804915670789617
122 56 0.1159194460843932
122 68 0.39913112178727483
122 54 0.07442725401729385
122 83 0.25324757032898143
122 82 0.075008801617878
122 55 0.1605277112172511
122 69 0.1964540929941331
122 51 0.2001856832478119
122 79 0.11747212845828232
122 86 0.33980231634657965
122 92 0.2553803458368103
122 93 0.2223579702401952
122 87 0.17048434901434362
122 78 0.22952230614134492
122 50 0.30586533122715087
122 52 0.12399376233575156
122 46 0.12494745957578471
122 91 0.22359303120442742
122 85 0.6268056847847348
122 84 0.1622956304928499
122 90 0.49906967112260325
122 47 0.07532810408721675
122 53 0.09505922190256776
136 76 0.028036890280379256
136 62 0.09386695510047936
136 89 0.08505096821438368
136 88 0.13288315092086733
136 63 0.13119489272897417
136 77 0.275602440181558
136 49 0.1643345067711218
136 61 0.0638907573266401
136 75 0.05880265938785152
136 74 0.043399787897353326
136 60 0.05600614487180784
136 48 0.1501370666312056
136 64 0.05216041834132136
136 70 0.10972147030205051
136 58 0.09111735893484409
136 59 0.08912241805338919
136 71 0.0424673797745872
136 65 0.055477276501149766
136 73 0.08584310095804928
136 67 0.11577165363112979
136 66 0.07581049300098153
136 72 0.09142413157733519
136 57 0.16952696751290047
136 94 0.16807727770081812
136 80 0.04763704728026977
136 81 0.3287813204317515
136 95 0.08440609200766593
136 56 0.23486570858199124
136 68 0.21492113402108032
136 54 0.08531858917308345
136 83 0.08652066808493426
136 82 0.08880357784398962
136 55 0.10378166737749367
136 69 0.08464770042566419
136 51 0.06965607218291643
136 79 0.44658947868713855
136 86 0.05835943503050521
136 92 0.14916805088876203
136 93 0.13188269166782018
136 87 0.12164540344784791
136 78 0.12865198062667227
136 50 0.07613234129736736
136 52 0.12314719160979429
136 46 0.1704317785562689
136 91 0.1599507421347916
136 85 0.1368498465781039
136 84 0.051026237652256556
136 90 0.14367254825778256
136 47 0.20001349863937407
136 53 0.045021320028244466
137 76 0.15469474652434412
137 62 0.10928223901821423
137 89 0.11735761241270237
137 88 0.2220476766869206
137 63 0.10096182901232806
137 77 0.1273944640255123
137 49 0.0884327895586556
137 61 0.12383425590707677
137 75 0.08957010916720959
137 74 0.093835048713345
137 60 0.0951471614165544
137 48 0.07439360837931264
137 64 0.1042024161134418
137 70 0.18235325628505186
137 58 0.16756193208847683
137 59 0.15916873538573897
137 71 0.07527063240009274
137 65 0.08507951195093051
137 73 0.10245733374276059
137 67 0.1966298789249061
137 66 0.2993385686266233
137 72 0.09889001167816684
137 57 0.21206006363249363
137 94 0.2421908211826509
137 80 0.07471835364487514
137 81 0.15990942243516124
137 95 0.13137094154952542
137 56 0.18530966086487938
137 68 0.3204183885577639
137 54 0.1233415538316805
137 83 0.09807444942011036
137 82 0.1147314219542199
137 55 0.1070726939639422
137 69 0.22095942600311946
137 51 0.10943087167043741
137 79 0.1708370071273722
137 86 0.07494409682709934
137 92 0.2734858112926751
137 93 0.23141688916685055
137 87 0.19266421161118885
137 78 0.251906652488452
137 50 0.134661796616174
137 52 0.18161924502629506
137 46 0.13929948862186298
137 91 0.22990598843287144
137 85 0.23662380664248878
137 84 0.09375801379821397
137 90 0.23147430465082852
137 47 0.10160936014919839
137 53 0.10611364671074688
123 76 0.11866884680002424
123 62 0.13374132273728978
123 89 0.05877632873035793
123 88 0.2308335609268761
123 63 0.06229045947385234
123 77 0.14695716615383275
123 49 0.22706113797337968
123 61 0.12575561080661107
123 75 0.09446171271917819
123 74 0.0965311602387497
123 60 0.1257691663358212
123 48 0.1365754878153299
123 64 0.09474973584372276
123 70 0.15743500602925495
123 58 0.14162529666492632
123 59 0.057837786333854765
123 71 0.4718175993063843
123 65 0.11907704932103086
123 73 0.08087244153956012
123 67 0.31904435044746005
123 66 0.16930060649487474
123 72 0.11835972887263163
123 57 0.48746324534632046
123 94 0.5731275449679643
123 80 0.5074840043127652
123 81 0.10281254383142324
123 95 0.14701173745796026
123 56 0.1968891543285594
123 68 0.37787804333191655
123 54 0.1030484394585354
123 83 0.2176532962980182
123 82 0.1363821240299006
123 55 0.09303065167398832
123 69 0.20475141893076704
123 51 0.1637717032200018
123 79 0.11681356206839402
123 86 0.22260839901332116
123 92 0.3261768246640316
123 93 0.30392073156513777
123 87 0.19581079623952258
123 78 0.25389766633811417
123 50 0.24361546764502
123 52 0.1178657503325359
123 46 0.12449951022786115
123 91 0.23294114061362997
123 85 0.205538092255863
123 84 0.1263148055141535
123 90 0.24973885281705582
123 47 0.14880743204651026
123 53 0.1403055399717532
127 76 0.16058486347213893
127 62 0.10622870687874526
127 89 0.10262300156845619
127 88 0.25653666246936696
127 63 0.13882163783612742
127 77 0.13596066278793845
127 49 0.22981911887030865
127 61 0.07428590876549085
127 75 0.06310167360782416
127 74 0.11455480969526352
127 60 0.08761506324663701
127 48 0.14077199148847627
127 64 0.08951804468919793
127 70 0.18320212176767528
127 58 0.10626738407403127
127 59 0.12973235370851852
127 71 0.3888400808247963
127 65 0.060068327461291884
127 73 0.04625395925791766
127 67 0.2882629949744253
127 66 0.1981398020043321
127 72 0.11598358769785952
127 57 0.34238390962642395
127 94 0.31244348932402427
127 80 0.4107312921214454
127 81 0.2410247094192875
127 95 0.1888614151543371
127 56 0.25023181420780605
127 68 0.4443292051749454
127 54 0.13246805656082847
127 83 0.07848340196649088
127 82 0.07116961236399574
127 55 0.1313412112166108
127 69 0.20531672961226297
127 51 0.25907976632103336
127 79 0.18549202251368563
127 86 0.2370080337116175
127 92 0.3017951856524907
127 93 0.27268209076868216
127 87 0.3800227797659164
127 78 0.2085530077824922
127 50 0.3223896867224396
127 52 0.17453661393692982
127 46 0.19489755695408575
127 91 0.31408418468931854
127 85 0.2963655710547678
127 84 0.12033652370397625
127 90 0.2826662841124751
127 47 0.16944430985472722
127 53 0.11634485866976338
133 76 0.06218128240434291
133 62 0.24226307981824674
133 89 0.06810533125520278
133 88 0.1869522233204895
133 63 0.15461127682759018
133 77 0.2646690920260563
133 49 0.2753910512898765
133 61 0.07112180410682299
133 75 0.09051158550120143
133 74 0.15028134750707456
133 60 0.03748372933854005
133 48 0.2196042283107142
133 64 0.11648978980863234
133 70 0.1550029998387813
133 58 0.23278612192427334
133 59 0.0654646772858732
133 71 0.25270998456964255
133 65 0.06488625518332465
133 73 0.0775994101228133
133 67 0.22369625646542257
133 66 0.1246977836928042
133 72 0.069481911373319
133 57 0.37795914365784206
133 94 0.22086525176799135
133 80 0.27123380989696166
133 81 0.24800638933688576
133 95 0.12036328229357107
133 56 0.16417426587612094
133 68 0.2948572060219893
133 54 0.15388003771291248
133 83 0.12243440219588249
133 82 0.20567581328935974
133 55 0.10866569183847019
133 69 0.14417060672194654
133 51 0.06882807736772063
133 79 0.2721947514985722
133 86 0.10456447985127647
133 92 0.20427661078563866
133 93 0.19635404083260372
133 87 0.14532084757209396
133 78 0.162770116684655
133 50 0.12377458431109872
133 52 0.14191130306260694
133 46 0.13399415450361948
133 91 0.201911351459779
133 85 0.19136058721148397
133 84 0.12028877651131137
133 90 0.18698246024080248
133 47 0.2903002327396572
133 53 0.3206004446354157
132 76 0.10590266553780665
132 62 0.15253693431472054
132 89 0.16618205261892924
132 88 0.43487951567766114
132 63 0.15803863200519022
132 77 0.25546217983334485
132 49 0.11183602523826103
132 61 0.09862463435803107
132 75 0.0868501184498403
132 74 0.15946936000100126
132 60 0.08796554412068958
132 48 0.11444365692417591
132 64 0.14314010887979756
132 70 0.2740572786779606
132 58 0.14733929989197403
132 59 0.06631758089784112
132 71 0.12710037112893957
132 65 0.07789728984795805
132 73 0.05528177268662206
132 67 0.32081203904806344
132 66 0.2513980267906246
132 72 0.1330245022627017
132 57 0.31067663567649556
132 94 0.5148080241619699
132 80 0.13263422821938303
132 81 0.26967330199352785
132 95 0.11282599822191064
132 56 0.3321764554562021
132 68 0.4948071659825077
132 54 0.18055326234080998
132 83 0.22810273852452334
132 82 0.08939121574042191
132 55 0.169588262778943
132 69 0.2770782461486517
132 51 0.08505954664378837
132 79 0.20385247801936351
132 86 0.1348171175174299
132 92 0.5264505444297927
132 93 0.4807960842127728
132 87 0.3963831617717084
132 78 0.27810479767423635
132 50 0.10463717927014991
132 52 0.37200626513486307
132 46 0.4060456288483303
132 91 0.44381953234737925
132 85 0.4625436976817591
132 84 0.10508795133495194
132 90 0.4593917540391975
132 47 0.1829294688686553
132 53 0.19699279423342797
126 76 0.11496024723664736
126 62 0.11200528473873839
126 89 0.12193261938092838
126 88 0.17870455353838033
126 63 0.120217614377296
126 77 0.18324820698446573
126 49 0.22529202430262008
126 61 0.12720152703468407
126 75 0.09534260181345951
126 74 0.11946013766305566
126 60 0.14171500012584712
126 48 0.1216129258361868
126 64 0.10126364240318173
126 70 0.15080091614442404
126 58 0.11273805124108763
126 59 0.09317967115174848
126 71 0.4389112633703556
126 65 0.09822509202656225
126 73 0.09157620219174838
126 67 0.37984857932257143
126 66 0.20747048187701167
126 72 0.10321234485593576
126 57 0.3971467491050392
126 94 0.4765437507686682
126 80 0.4734988558504941
126 81 0.1310666141417498
126 95 0.04250661401061445
126 56 0.10152033826085946
126 68 0.385118806849564
126 54 0.09270103356335212
126 83 0.2751183057983876
126 82 0.1114059105586217
126 55 0.10706926020019422
126 69 0.21806705597127968
126 51 0.1778233348018197
126 79 0.11598959519650495
126 86 0.20557455270584532
126 92 0.4439225829850782
126 93 0.4249593714498167
126 87 0.2223527743961639
126 78 0.2661403530268908
126 50 0.25846975510036935
126 52 0.10381363191791589
126 46 0.11253305300032213
126 91 0.4580082451753384
126 85 0.5885306179380481
126 84 0.060793449883421335
126 90 0.5847607677087987
126 47 0.07725726164923188
126 53 0.13976173460092406
118 76 0.1392771656925711
118 62 0.17625549539785645
118 89 0.08209859456174157
118 88 0.10454245799408753
118 63 0.0874543299303687
118 77 0.11023029299765877
118 49 0.24597636553953575
118 61 0.03439965601625575
118 75 0.06496635052089822
118 74 0.09148493462266342
118 60 0.04759359592771928
118 48 0.1526415070548735
118 64 0.06067644511191961
118 70 0.10551310451536668
118 58 0.3471782406775063
118 59 0.18207008721145937
118 71 0.2298945095671826
118 65 0.050670076739437145
118 73 0.06843298204690519
118 67 0.1560515077184946
118 66 0.06763055887585483
118 72 0.028552588579249832
118 57 0.271779473420273
118 94 0.10704815195791509
118 80 0.24834388989238812
118 81 0.3080012052226333
118 95 0.1093219274109885
118 56 0.2606568559722924
118 68 0.20298927641591458
118 54 0.07201557436039974
118 83 0.15565748220297126
118 82 0.08417269693681224
118 55 0.10508661719687488
118 69 0.1355430463870458
118 51 0.163367972051645
118 79 0.22720472343065817
118 86 0.11384040814102861
118 92 0.102735147204222
118 93 0.09517514308892923
118 87 0.20929295430224187
118 78 0.09887298146288719
118 50 0.23313747592641948
118 52 0.1439646702968291
118 46 0.1846051699650931
118 91 0.1457844110886627
118 85 0.13411810097648644
118 84 0.19175596941226244
118 90 0.12391865301720355
118 47 0.2893883125292567
118 53 0.2529097187245813
130 76 0.04824538888599107
130 62 0.08495178749128252
130 89 0.1005371188894481
130 88 0.30826156182282183
130 63 0.132907420263765
130 77 0.13687534453000483
130 49 0.07416011104500188
130 61 0.05214303595897689
130 75 0.06996765756402273
130 74 0.059577109911873954
130 60 0.04266479577712068
130 48 0.07874618835490677
130 64 0.12287155376392703
130 70 0.18067508908896326
130 58 0.11060035050015693
130 59 0.06262185618551748
130 71 0.07510514261526477
130 65 0.040252775678707
130 73 0.06579928175590564
130 67 0.20480921139099714
130 66 0.1917328422495677
130 72 0.06555344312349161
130 57 0.10658930817822788
130 94 0.3142760657285888
130 80 0.0776464635793962
130 81 0.20196872059392112
130 95 0.10190259564007359
130 56 0.17237966965258655
130 68 0.2663983644219536
130 54 0.15388543612947844
130 83 0.17692816469732098
130 82 0.06890606200148171
130 55 0.09227659180456746
130 69 0.17987371612549183
130 51 0.030159266108436472
130 79 0.13620604842744133
130 86 0.02160916546347494
130 92 0.3201383165062194
130 93 0.2915151083097566
130 87 0.2340851778307415
130 78 0.18032624957102067
130 50 0.047436209493891546
130 52 0.17334064919571684
130 46 0.26086435858411405
130 91 0.2491675678198463
130 85 0.2818675794540697
130 84 0.0919556289042336
130 90 0.2728171757610413
130 47 0.13794673875080868
130 53 0.1183719395303037
124 76 0.07339107616849196
124 62 0.11497825049186021
124 89 0.052213911078508396
124 88 0.2930474578134733
124 63 0.03960378382761598
124 77 0.06600050980493875
124 49 0.15967460279698617
124 61 0.0674784400613644
124 75 0.06592092483666061
124 74 0.0972838438275335
124 60 0.07424313036422008
124 48 0.09781224517380523
124 64 0.08600274460361824
124 70 0.1375002835327304
124 58 0.1316304618586754
124 59 0.05248580534549237
124 71 0.3214498372003759
124 65 0.06323842189361681
124 73 0.06387291355722416
124 67 0.25092973119313455
124 66 0.132599771162222
124 72 0.10947104927415238
124 57 0.2666632991143785
124 94 0.23819655791619082
124 80 0.3450140369139275
124 81 0.1233030749441699
124 95 0.23958312890766192
124 56 0.1512464800425038
124 68 0.297596499646423
124 54 0.09369711892166106
124 83 0.21609049960622262
124 82 0.08335785556472732
124 55 0.06238171974172786
124 69 0.1960268326294685
124 51 0.13811780226182357
124 79 0.07415696158590178
124 86 0.13816702678342713
124 92 0.2781878548584138
124 93 0.23557667924898845
124 87 0.2377915534604466
124 78 0.21028821371092726
124 50 0.17514644665673912
124 52 0.14230473565144758
124 46 0.11214145504656373
124 91 0.6274490626250133
124 85 0.20787347704493842
124 84 0.06278651216873102
124 90 0.21676089542389876
124 47 0.15690461686496068
124 53 0.11714122223549533
125 76 0.08916015133369216
125 62 0.12418957172194516
125 89 0.13333894130329105
125 88 0.22972416228580606
125 63 0.10204803228130256
125 77 0.0686490409401279
125 49 0.1687219769811873
125 61 0.06053156638986773
125 75 0.0920308373977451
125 74 0.0860183088249175
125 60 0.07659470165348042
125 48 0.09592926665952924
125 64 0.06596491895744991
125 70 0.15020460553423676
125 58 0.07977204724879662
125 59 0.05056120230636896
125 71 0.3008584445926811
125 65 0.10111075340385309
125 73 0.09948697089626975
125 67 0.3397981605519673
125 66 0.1784861386290947
125 72 0.03054106781931759
125 57 0.3013743693082927
125 94 0.23964525530634911
125 80 0.3282027126793359
125 81 0.1397702946941037
125 95 0.09536171853150353
125 56 0.460504395067495
125 68 0.45608746257505695
125 54 0.07496243473288385
125 83 0.2648516018321602
125 82 0.07808657581914583
125 55 0.11725455432145276
125 69 0.1931659872315056
125 51 0.12246856868282323
125 79 0.09202188111524344
125 86 0.17353391616066877
125 92 0.23298016175253658
125 93 0.20597207264665024
125 87 0.22407161350296317
125 78 0.22255732248997134
125 50 0.18660042671049473
125 52 0.0206726222122309
125 46 0.1057415129577979
125 91 0.30012374957283633
125 85 0.26974282725425913
125 84 0.087298623146318
125 90 0.24583784951249016
125 47 0.08111327692509014
125 53 0.08766011387664875
131 76 0.07967459942831151
131 62 0.17312955652115314
131 89 0.1720718807541932
131 88 0.48768636410779614
131 63 0.15721853590236684
131 77 0.04867134085677147
131 49 0.049662328655881285
131 61 0.04807967758592416
131 75 0.04626665264724715
131 74 0.16985284590865993
131 60 0.09146057057321194
131 48 0.11359828684248152
131 64 0.14109931568520934
131 70 0.29394427444171817
131 58 0.5875939982758055
131 59 0.15353363386392885
131 71 0.06895209297288768
131 65 0.07680180446801697
131 73 0.04318900359160899
131 67 0.3163413430946967
131 66 0.24610138403955795
131 72 0.04931076974755527
131 57 0.45081823548373495
131 94 0.44749791594519606
131 80 0.07453915134145472
131 81 0.29376028616927774
131 95 0.08731310170097871
131 56 0.18915585185397996
131 68 0.439074069176135
131 54 0.18297959722371124
131 83 0.07390353271303454
131 82 0.06860681183903182
131 55 0.1615263298141835
131 69 0.30161218015766544
131 51 0.05449645645602018
131 79 0.1338133803055308
131 86 0.10655179739285828
131 92 0.4667280146903338
131 93 0.42359538466761604
131 87 0.45792253283506235
131 78 0.2588133820060343
131 50 0.021363353912583594
131 52 0.06758058420865373
131 46 0.22171508275751645
131 91 0.4456515963491105
131 85 0.41868560599757537
131 84 0.08034307384126621
131 90 0.4113628911743489
131 47 0.18975869780865395
131 53 0.034445754808929724
119 76 0.13855742988008357
119 62 0.20188888602075428
119 89 0.14205259312654273
119 88 0.27059210650620563
119 63 0.07401369982232324
119 77 0.4680827709310128
119 49 0.15146561439591352
119 61 0.21484155648923803
119 75 0.17317841432007214
119 74 0.18937621603084936
119 60 0.12026751954375156
119 48 0.1710416199266552
119 64 0.08403643722815332
119 70 0.2931119289005707
119 58 0.5117090319710809
119 59 0.0984166587799379
119 71 0.1254125804838046
119 65 0.05552913110036106
119 73 0.13006846795814742
119 67 0.20298187711307494
119 66 0.18154960498925424
119 72 0.12361577932432641
119 57 0.2103826671832834
119 94 0.24792861667509303
119 80 0.12557058807770483
119 81 0.07357885180751746
119 95 0.1409853558618966
119 56 0.26176081043889077
119 68 0.3179925769651204
119 54 0.0785798500436033
119 83 0.220244589865291
119 82 0.10207391674008547
119 55 0.1994753494708408
119 69 0.19831191129690046
119 51 0.12455067377612114
119 79 0.458460540306306
119 86 0.1779503291407013
119 92 0.2572173912271716
119 93 0.2404670578695686
119 87 0.25888943896351857
119 78 0.19951800721862556
119 50 0.06436171107205342
119 52 0.24335313405237946
119 46 0.2427024400129868
119 91 0.270609218398956
119 85 0.2944092116943197
119 84 0.1885001623136032
119 90 0.2702937489314088
119 47 0.11436987821746647
119 53 0.15348546802082397
