114 76 0.19043495290171933
114 62 0.26581125148600687
114 89 0.17956898161344503
114 88 0.3740469708747758
114 63 0.22920259984998076
114 77 0.06202112237331131
114 49 0.14557133314424225
114 61 0.07506441995951599
114 75 0.10609767108228932
114 74 0.2665527176226203
114 60 0.10287746318114396
114 48 0.1390148206630829
114 64 0.1579732674920596
114 70 0.34675868574786123
114 58 0.5739954293971847
114 59 0.16871156739203114
114 71 0.15292743958908225
114 65 0.08914165738041896
114 73 0.10209000637869184
114 67 0.33881116168304165
114 66 0.3029411269865363
114 72 0.15719942080383692
114 57 0.3806050506313904
114 94 0.43520244805642283
114 80 0.15404729971275985
114 81 0.3402812992679124
114 95 0.16013858095489192
114 56 0.22629927219761375
114 68 0.5246014005995332
114 54 0.16132012156287248
114 83 0.12877484330036015
114 82 0.0624488738458607
114 55 0.2660400438409275
114 69 0.3921143568624019
114 51 0.09812129115969806
114 79 0.15115924885877857
114 86 0.11169177834419244
114 92 0.4402436573155726
114 93 0.3942443739816285
114 87 0.38490458101306835
114 78 0.33203999840259857
114 50 0.15503541801098192
114 52 0.07974830642316091
114 46 0.2143700534778414
114 91 0.3994654555297179
114 85 0.3977206572154252
114 84 0.07503501361683357
114 90 0.4041498777803242
114 47 0.23357012156726586
114 53 0.12473878434361177
100 76 0.12197531795625471
100 62 0.16366969938842563
100 89 0.11787327550918567
100 88 0.2236898543152993
100 63 0.30981861342294886
100 77 0.08653982579872432
100 49 0.24898132553085667
100 61 0.09674784246733306
100 75 0.0920943536011081
100 74 0.12338289307737776
100 60 0.09594753711204285
100 48 0.1676513337741307
100 64 0.18286445157269612
100 70 0.2195317157560847
100 58 0.20448994948837004
100 59 0.12551169532972561
100 71 0.444304378869642
100 65 0.0921324919548352
100 73 0.0694488046696223
100 67 0.3436993576203646
100 66 0.20764350746149735
100 72 0.08843978752395856
100 57 0.412025994558346
100 94 0.2509245225962539
100 80 0.4696578539611754
100 81 0.20131239688509506
100 95 0.13323098081119095
100 56 0.23107156984609187
100 68 0.44117279763622563
100 54 0.16186037424595837
100 83 0.1298594788305062
100 82 0.13529081967233997
100 55 0.28988715851496527
100 69 0.2584992214758548
100 51 0.16095406988971922
100 79 0.1016743833915795
100 86 0.23238359248547574
100 92 0.24722801835533942
100 93 0.23195415186796847
100 87 0.24606748293402045
100 78 0.23504980590332122
100 50 0.2723252253733562
100 52 0.07571757531615506
100 46 0.2313756022813804
100 91 0.24405686569466042
100 85 0.24072725538356948
100 84 0.10270856790051694
100 90 0.2289865419608903
100 47 0.14992272829309797
100 53 0.08915611016291522
128 76 0.15166633792443435
128 62 0.15002913889524072
128 89 0.2179140773842664
128 88 0.4594529485961425
128 63 0.16602472724226724
128 77 0.12266993121036707
128 49 0.1452013914561628
128 61 0.12440507940085863
128 75 0.10130997486309515
128 74 0.11096703103097769
128 60 0.11701987877393488
128 48 0.1370189542962458
128 64 0.15388082489810906
128 70 0.34946686624880546
128 58 0.14704815175296804
128 59 0.11843471956953305
128 71 0.1436096966983988
128 65 0.08594403203965148
128 73 0.12440979474613906
128 67 0.4265249395089913
128 66 0.3442368109501925
128 72 0.13976114113273377
128 57 0.3065776878943478
128 94 0.5959518069614063
128 80 0.14712886668869288
128 81 0.36629007096921173
128 95 0.21039799275900678
128 56 0.3421695308333484
128 68 0.7007529182572663
128 54 0.20295633826880136
128 83 0.12331741212716194
128 82 0.12254618260710556
128 55 0.22429477857273022
128 69 0.4045460021265915
128 51 0.13176645071180548
128 79 0.21860145841036827
128 86 0.11523125795462796
128 92 0.5940034906137317
128 93 0.5220817361471541
128 87 0.5040294154197249
128 78 0.4028282164212725
128 50 0.1813454739274426
128 52 0.1444064652682078
128 46 0.2647290742082329
128 91 0.47833244306922473
128 85 0.5028956964204114
128 84 0.11169356783799203
128 90 0.5147453205953216
128 47 0.21731885518205984
128 53 0.09565572174549955
129 76 0.1362331093859354
129 62 0.3619853358147103
129 89 0.29001942429190364
129 88 0.6450436136342083
129 63 0.27373407332713795
129 77 0.16503370065221284
129 49 0.21115395933761033
129 61 0.17717184363562144
129 75 0.13790444246717892
129 74 0.24011931724971913
129 60 0.14341237617904362
129 48 0.2631281117096047
129 64 0.2934537236789696
129 70 0.4874324410824531
129 58 0.7904923777213824
129 59 0.1691935430020965
129 71 0.22448219763673954
129 65 0.18649070133618653
129 73 0.15446896524691844
129 67 0.5889181092345068
129 66 0.48816724779951537
129 72 0.1598854931470956
129 57 0.7827484581452433
129 94 0.7958782777290228
129 80 0.23574546891913606
129 81 0.5139335526817647
129 95 0.25027881823712644
129 56 0.4137491463918262
129 68 0.8664030828385365
129 54 0.3580895618175364
129 83 0.19682870899627947
129 82 0.47173290066253726
129 55 0.2714361251729735
129 69 0.5936119030009525
129 51 0.17312875907052355
129 79 0.24356497492538587
129 86 0.16308883900864
129 92 0.7780257745000236
129 93 0.7037384493220763
129 87 0.6088595223705747
129 78 0.5683544293201297
129 50 0.16376726744471645
129 52 0.1390775204018363
129 46 0.3979530301208193
129 91 0.6879451260617848
129 85 0.6465507671298372
129 84 0.1907823123563714
129 90 0.6613315859622209
129 47 0.3482384849420915
129 53 0.2053323573589
101 76 0.07953327298325821
101 62 0.1787116228795715
101 89 0.1656257635870733
101 88 0.25841313489951817
101 63 0.12994057512065235
101 77 0.14108556595173766
101 49 0.1710841783195991
101 61 0.11600451612548632
101 75 0.08485488512176337
101 74 0.06907857419470853
101 60 0.09435209538189182
101 48 0.12739764495614067
101 64 0.11758176100997281
101 70 0.17012515297805184
101 58 0.13986298870086
101 59 0.13660005302256217
101 71 0.2193915476575535
101 65 0.09800923871541656
101 73 0.10133235280379224
101 67 0.2661305296518369
101 66 0.2024569741780931
101 72 0.07941503356485055
101 57 0.32629092936872467
101 94 0.2831563695913199
101 80 0.23949737737703736
101 81 0.2418476685417575
101 95 0.04633454282068586
101 56 0.23649067712283348
101 68 0.3527455395119119
101 54 0.10056756866799546
101 83 0.10164207571874354
101 82 0.15145941652630424
101 55 0.15090181760736582
101 69 0.19892110291804577
101 51 0.1289832810337566
101 79 0.1938410286449491
101 86 0.16226034321690938
101 92 0.2878781749753552
101 93 0.25789589179773453
101 87 0.24496983698894503
101 78 0.22114744007907033
101 50 0.18053439594827325
101 52 0.07210577496722195
101 46 0.18966579885573986
101 91 0.3134991312295203
101 85 0.23778868322476862
101 84 0.11562532132050252
101 90 0.24439635834571113
101 47 0.0931370230553197
101 53 0.07534828905732222
115 76 0.0695567765351911
115 62 0.0698644886056376
115 89 0.11911363003162356
115 88 0.15178343107718287
115 63 0.0659307245302111
115 77 0.07560360698948015
115 49 0.06877044737228227
115 61 0.07901986405993172
115 75 0.07758730206442302
115 74 0.1720806157920283
115 60 0.0703497888248158
115 48 0.08641434074135665
115 64 0.16330391511558645
115 70 0.10844314674822622
115 58 0.13114274872615983
115 59 0.10388198525170289
115 71 0.10950294951643733
115 65 0.048492101362618834
115 73 0.029892393532087197
115 67 0.1604617969767239
115 66 0.2864706038548641
115 72 0.1678584075904655
115 57 0.15833067131706408
115 94 0.26008943861741946
115 80 0.11041330899908003
115 81 0.13195122441518842
115 95 0.10745340265281964
115 56 0.27556276727339196
115 68 0.2508079849563242
115 54 0.13126205425097498
115 83 0.16928178243355793
115 82 0.12145736842918584
115 55 0.1658235690419848
115 69 0.15763009884720933
115 51 0.1048060923010175
115 79 0.10245163034560212
115 86 0.0991906341179479
115 92 0.2551344027318883
115 93 0.23810994277075445
115 87 0.2148889237786661
115 78 0.15695113513562603
115 50 0.08363874009180436
115 52 0.6752803754543488
115 46 0.49967011838440095
115 91 0.22358330836777887
115 85 0.22422932924917827
115 84 0.05468257806068405
115 90 0.23308428786376523
115 47 0.3268136968700712
115 53 0.24735061903927572
103 76 0.13137752696119923
103 62 0.2692655289787585
103 89 0.15978594312080785
103 88 0.2807245932093473
103 63 0.18773165112770213
103 77 0.14544086750947724
103 49 0.15589205580461335
103 61 0.14530081674357886
103 75 0.13019029219928846
103 74 0.14529936666838378
103 60 0.11883800762099381
103 48 0.15206410698793396
103 64 0.16655816879118823
103 70 0.35359003056482974
103 58 0.8328135382323085
103 59 0.16581255547792093
103 71 0.1606931041537197
103 65 0.14630899271653558
103 73 0.139426838704314
103 67 0.29391899531890664
103 66 0.41203166631692745
103 72 0.1400434749080668
103 57 0.45787598022829445
103 94 0.32847289726830264
103 80 0.16276586663060683
103 81 0.33308774935079566
103 95 0.17534650795411855
103 56 0.23039878116691806
103 68 0.5108240326424232
103 54 0.16993397522199072
103 83 0.14622043536205953
103 82 0.21161353085162943
103 55 0.14949550895835295
103 69 0.3897575871759196
103 51 0.11057088890270131
103 79 0.13454435794375527
103 86 0.11561323159485903
103 92 0.32203034052629165
103 93 0.30329381016523915
103 87 0.24204161143097633
103 78 0.3293967360869509
103 50 0.15605293235436002
103 52 0.11949914964999592
103 46 0.22803883592175583
103 91 0.3063740183389276
103 85 0.2647227320939297
103 84 0.15307896033343488
103 90 0.27139164022639267
103 47 0.19190099911270753
103 53 0.14148698974418913
117 76 0.21417275922814683
117 62 0.2717908119666934
117 89 0.09125407143046099
117 88 0.15651056109377953
117 63 0.13916967456251278
117 77 0.32703012676448706
117 49 0.2348186840343083
117 61 0.11809420850900185
117 75 0.5282672017541985
117 74 0.369504467602369
117 60 0.08015020906082182
117 48 0.403393879462253
117 64 0.1912580063210947
117 70 0.2791665084005872
117 58 0.6534767626275804
117 59 0.09678649298261432
117 71 0.13000434977167505
117 65 0.07191655810236858
117 73 0.41419836848186353
117 67 0.21296037839079204
117 66 0.15858650712356115
117 72 0.16408190509710652
117 57 0.3220727903807636
117 94 0.3093370595892765
117 80 0.13125547058619835
117 81 0.2804700451315474
117 95 0.1799281455999111
117 56 0.2880350757248898
117 68 0.3635637439728995
117 54 0.15444651467634118
117 83 0.582853787930776
117 82 0.14558107003675522
117 55 0.16777795600987744
117 69 0.3404009592493352
117 51 0.1559721668715825
117 79 0.3705819694081652
117 86 0.05519479075835321
117 92 0.3052529350630734
117 93 0.2791229979836971
117 87 0.3520581297607296
117 78 0.35379284215873863
117 50 0.07152273526628017
117 52 0.08657381561286323
117 46 0.3684729482930252
117 91 0.30115410669422504
117 85 0.27646175504039694
117 84 0.12237806720869837
117 90 0.2926238479523202
117 47 0.13590578606065043
117 53 0.09055662243267826
116 76 0.18843123988595284
116 62 0.3427726890521765
116 89 0.23384129276984372
116 88 0.5278090835349483
116 63 0.23031989481315962
116 77 0.1300350835364789
116 49 0.19234021811507915
116 61 0.22192599117567494
116 75 0.15312997358945915
116 74 0.16097735261765544
116 60 0.16375823676657997
116 48 0.1785316018541387
116 64 0.21487089089246092
116 70 0.6059030323392446
116 58 0.9110463401543818
116 59 0.2540809107257047
116 71 0.16567858361660392
116 65 0.15785854098295962
116 73 0.15084959123708191
116 67 0.4813620856617745
116 66 0.48816045323034746
116 72 0.1751996142190172
116 57 0.6744713101431938
116 94 0.6454721985492601
116 80 0.1706890321681186
116 81 0.5138708368334584
116 95 0.20748686381854098
116 56 0.4696585878140484
116 68 0.7543687979171274
116 54 0.20906571725817508
116 83 0.35144535783225916
116 82 0.5163536692610798
116 55 0.3170984513889251
116 69 0.5378397453184529
116 51 0.12273424073300601
116 79 0.21528123161918822
116 86 0.1765401245575332
116 92 0.6243961255750122
116 93 0.5872611925200437
116 87 0.43153005207017325
116 78 0.4874145238610321
116 50 0.20707364375708956
116 52 0.10804128064524285
116 46 0.45955666773126
116 91 0.564443267695141
116 85 0.4965714867473232
116 84 0.22432540848110083
116 90 0.5119668626673004
116 47 0.2492021688734844
116 53 0.1314437479364163
102 76 0.09464166551035716
102 62 0.15888707366019555
102 89 0.11786856538315862
102 88 0.18302573778525438
102 63 0.13570861929844857
102 77 0.08854673699109505
102 49 0.1023269072684202
102 61 0.06898558624038159
102 75 0.07432493633365772
102 74 0.07541850242286255
102 60 0.09012365705227093
102 48 0.09575059550041973
102 64 0.09328325454432557
102 70 0.23548450243930172
102 58 0.47469041152664254
102 59 0.11152414819248213
102 71 0.12249411456793069
102 65 0.05787261672981736
102 73 0.07242228870841083
102 67 0.18287834836343914
102 66 0.15529405146495084
102 72 0.10130396631329622
102 57 0.2558930078957282
102 94 0.19010610793641963
102 80 0.12776920879450826
102 81 0.18346887535619677
102 95 0.07911490163633467
102 56 0.1436164831099384
102 68 0.29897286182560034
102 54 0.1029637253879451
102 83 0.10982753921008687
102 82 0.06224461712425994
102 55 0.129928532377862
102 69 0.21709848278586447
102 51 0.07110730554385011
102 79 0.10274760559867985
102 86 0.10076151069338299
102 92 0.1848424560865594
102 93 0.17852114263938723
102 87 0.1900417894599281
102 78 0.1670535500973695
102 50 0.09792653961486228
102 52 0.06538491452878942
102 46 0.12926799104353842
102 91 0.1831331302260346
102 85 0.1734730085734241
102 84 0.06796977309309377
102 90 0.1755260636050334
102 47 0.16159645714950888
102 53 0.08822422949000405
106 76 0.13034832020864084
106 62 0.15618171638757988
106 89 0.11097027113078523
106 88 0.23770753937833233
106 63 0.10564022026290334
106 77 0.06152811576645606
106 49 0.12582510704610514
106 61 0.10705640643769462
106 75 0.0755511178547838
106 74 0.09422962202554966
106 60 0.10150395663070333
106 48 0.1297055424429118
106 64 0.11847329591746125
106 70 0.24939131489980187
106 58 0.49601666377222486
106 59 0.12370829040284934
106 71 0.13683888867521088
106 65 0.08168916886223598
106 73 0.08197963556812993
106 67 0.20976621697156728
106 66 0.19165335126790278
106 72 0.1875308389280595
106 57 0.3041261718814215
106 94 0.22810727460605398
106 80 0.13654417244914388
106 81 0.23566545852905457
106 95 0.14828163663833177
106 56 0.20778034238132018
106 68 0.3553364428701813
106 54 0.13291042231517425
106 83 0.10013159809661251
106 82 0.12959411410375926
106 55 0.21121536646462277
106 69 0.27404445453214
106 51 0.10113993291161125
106 79 0.13315739321731324
106 86 0.11566368875435351
106 92 0.24038549860173813
106 93 0.22389230568323043
106 87 0.24822183924504615
106 78 0.21579093275693328
106 50 0.10443832667749559
106 52 0.09925039638984282
106 46 0.1492360845990717
106 91 0.16794715799164975
106 85 0.22033474433650352
106 84 0.08763170208410043
106 90 0.223692202881727
106 47 0.20242172673713424
106 53 0.11363284410792993
112 76 0.15510656982882914
112 62 0.26094027019506594
112 89 0.18475600750341337
112 88 0.3222711541939934
112 63 0.20183584095020998
112 77 0.11103176988770452
112 49 0.15049388234662067
112 61 0.13464466005594766
112 75 0.12569260208864258
112 74 0.14337728372117048
112 60 0.1332414958029587
112 48 0.15564227978554945
112 64 0.17968462112615177
112 70 0.322576997299766
112 58 0.6647655368261165
112 59 0.16892132642656982
112 71 0.15714339559381793
112 65 0.13852857900536086
112 73 0.11856143811911579
112 67 0.2869335093424061
112 66 0.26631390646335873
112 72 0.1277650785412123
112 57 0.433577995610525
112 94 0.3138635103677001
112 80 0.16255447292703426
112 81 0.3045293689912072
112 95 0.16870697209668162
112 56 0.310835871561126
112 68 0.47908087597976867
112 54 0.17769805446336345
112 83 0.16872823200713183
112 82 0.15696647054276147
112 55 0.36055115365402074
112 69 0.37114227446741316
112 51 0.12164788957793696
112 79 0.16576729143099286
112 86 0.1455392406354733
112 92 0.32791888840349126
112 93 0.30198477389391687
112 87 0.30870224835128096
112 78 0.3170817473881882
112 50 0.15335990180226416
112 52 0.12561761514728356
112 46 0.22249624942700236
112 91 0.3118445164631072
112 85 0.2787370067307853
112 84 0.10426795255631538
112 90 0.2845065751915878
112 47 0.21680931221936217
112 53 0.13057287275762455
113 76 0.15606652835045184
113 62 0.3048220321044768
113 89 0.24698131855911792
113 88 0.5821092803222763
113 63 0.23028496393347014
113 77 0.1947464037252463
113 49 0.19853505401799038
113 61 0.16397246724401898
113 75 0.13730022290539823
113 74 0.113697139209325
113 60 0.1319723021609312
113 48 0.18472638578599568
113 64 0.2128263341894639
113 70 0.4938762349548268
113 58 0.5651300692348988
113 59 0.1702222100951088
113 71 0.2055138675291189
113 65 0.14194438858009906
113 73 0.1493067962835708
113 67 0.5031621507404427
113 66 0.44039080702366773
113 72 0.1660319725548587
113 57 0.49918586669679077
113 94 0.6957594128091606
113 80 0.20836662911971146
113 81 0.4571969122687731
113 95 0.2528102268882096
113 56 0.4866436218390817
113 68 0.7808885318218006
113 54 0.24813841322411606
113 83 0.30221620355256457
113 82 0.26681750340038923
113 55 0.3240326708031379
113 69 0.5566700794644885
113 51 0.1263142952517421
113 79 0.26132048419107595
113 86 0.12946473892575516
113 92 0.6870416905552119
113 93 0.6198834394965009
113 87 0.49620226033877074
113 78 0.5240455008194806
113 50 0.20772742322425342
113 52 0.13195159217586955
113 46 0.44755521669289106
113 91 0.5618928996424462
113 85 0.5703428085904608
113 84 0.19829001854593203
113 90 0.5801795218745532
113 47 0.26057388370926493
113 53 0.14501632792625524
107 76 0.09113758791287535
107 62 0.1457372353948072
107 89 0.08726606371640999
107 88 0.2186589811930045
107 63 0.09368979817961362
107 77 0.03700695065691001
107 49 0.09634672087993446
107 61 0.06704564488353695
107 75 0.04742922883968914
107 74 0.04178667945781411
107 60 0.08381478400010733
107 48 0.07697758768535964
107 64 0.08943403286631849
107 70 0.13476585101230515
107 58 0.07734452341862597
107 59 0.0909965203952818
107 71 0.0863027652577355
107 65 0.06267958255848433
107 73 0.06946050393691619
107 67 0.2022281898126984
107 66 0.24737429565821978
107 72 0.030543070488528473
107 57 0.19923971336449922
107 94 0.15888206584061831
107 80 0.0913942309415447
107 81 0.12580993520847356
107 95 0.0984348630621795
107 56 0.5593268738170568
107 68 0.5051162391294257
107 54 0.07518484053920199
107 83 0.10648275778596353
107 82 0.0720168957817339
107 55 0.12492597896802407
107 69 0.15100645101952118
107 51 0.037413966518635905
107 79 0.09071058665671958
107 86 0.07829565047048476
107 92 0.17306543844490352
107 93 0.17395383153518199
107 87 0.17658368510552133
107 78 0.13337988477205295
107 50 0.0907183732114446
107 52 0.039030918189712965
107 46 0.11732502666855166
107 91 0.13066134243928973
107 85 0.13969149185388696
107 84 0.06059068554121749
107 90 0.1417520292941551
107 47 0.05927227223465234
107 53 0.03958821327195952
139 76 0.19849796508180562
139 62 0.13373595196123822
139 89 0.15266034617091073
139 88 0.3457070691754007
139 63 0.148328249982018
139 77 0.09378759461131353
139 49 0.1319067469805866
139 61 0.16753650622611804
139 75 0.08548600188988642
139 74 0.15093695196662482
139 60 0.11093816896641123
139 48 0.11674411439438698
139 64 0.1323507826316906
139 70 0.28166505537466974
139 58 0.15604151621705148
139 59 0.17668356426781093
139 71 0.13606920339928752
139 65 0.1006370209495982
139 73 0.08632075100598877
139 67 0.27385851430176666
139 66 0.3965550117778822
139 72 0.102940361259508
139 57 0.34269949833657254
139 94 0.42021859102758274
139 80 0.138440691703213
139 81 0.24031525792222688
139 95 0.11347978047592236
139 56 0.21155545362173092
139 68 0.424815019141933
139 54 0.16533643980004548
139 83 0.11912474662167394
139 82 0.1650099022344244
139 55 0.16005103335513965
139 69 0.26896160078729114
139 51 0.10661228677225373
139 79 0.16373533899687165
139 86 0.12882233990831166
139 92 0.42592054428977644
139 93 0.3840283936449711
139 87 0.32127277573022534
139 78 0.2730440854054719
139 50 0.14221563009279076
139 52 0.13615555457777712
139 46 0.22084246287486786
139 91 0.36428263285882945
139 85 0.366438472816094
139 84 0.0956171680266612
139 90 0.36820618361958707
139 47 0.16073331952523912
139 53 0.09938439885268843
111 76 0.263555771813398
111 62 0.39269389509177915
111 89 0.3359726136016221
111 88 0.5732063856716565
111 63 0.30346845553435803
111 77 0.17697077131776273
111 49 0.23524385963989403
111 61 0.21943636316307022
111 75 0.2086111653314704
111 74 0.24503564190060373
111 60 0.2201654801212798
111 48 0.23898200125196953
111 64 0.28508391150324564
111 70 0.6049892223835076
111 58 0.7516491756754775
111 59 0.27957380721880354
111 71 0.2364085672095995
111 65 0.21502341180327508
111 73 0.21039411887256604
111 67 0.5935093919086112
111 66 0.5249304372285473
111 72 0.20093503086634518
111 57 0.6425967099083618
111 94 0.6643550781033023
111 80 0.24179803151368118
111 81 0.48783625008627035
111 95 0.30006417014519027
111 56 0.48499745268898165
111 68 0.9128897878240088
111 54 0.2889610414571996
111 83 0.25064956137966965
111 82 0.27205402759134606
111 55 0.48084186859343114
111 69 0.7335751571467155
111 51 0.20253373815119896
111 79 0.285060247310293
111 86 0.18046209182923773
111 92 0.6893305954339388
111 93 0.6214040690117337
111 87 0.56484668690771
111 78 0.715730836278083
111 50 0.2908718196325899
111 52 0.2096192664067691
111 46 0.3530075213454832
111 91 0.6411642412782643
111 85 0.5642375891542954
111 84 0.20263187247222936
111 90 0.5807254430218027
111 47 0.3269515336708533
111 53 0.20307521218660918
105 76 0.1481556424493897
105 62 0.1753373985342747
105 89 0.14467528549816133
105 88 0.2776196279953478
105 63 0.1417917384987133
105 77 0.10588753269649348
105 49 0.2428124085572759
105 61 0.14015842091627106
105 75 0.10977157162590259
105 74 0.1492504267466012
105 60 0.13800677174260678
105 48 0.1933323899452861
105 64 0.1557688380414618
105 70 0.23753186996678582
105 58 0.1955637723449587
105 59 0.16195424328019928
105 71 0.38269561719379974
105 65 0.12355356724991615
105 73 0.1154208611864018
105 67 0.36070814596072975
105 66 0.30864147107442036
105 72 0.1292630576919102
105 57 0.4773709399977982
105 94 0.2962866281078329
105 80 0.4001082543757115
105 81 0.23377216460101685
105 95 0.17129402415374245
105 56 0.4167037504739862
105 68 0.5668578190349236
105 54 0.16646968133958154
105 83 0.23391799404033464
105 82 0.1706927898956188
105 55 0.17324872596004906
105 69 0.30695416742015885
105 51 0.17829879046901054
105 79 0.17000803488683255
105 86 0.24617908259713753
105 92 0.2945759474705075
105 93 0.2704776010095794
105 87 0.2952369993328926
105 78 0.3060660923072103
105 50 0.2311496042339061
105 52 0.11355555510920598
105 46 0.19380608480069
105 91 0.2592815703932059
105 85 0.2799093777629807
105 84 0.12867008464304158
105 90 0.2728835148081682
105 47 0.19749282046843564
105 53 0.12074420895573287
104 76 0.11064792311465896
104 62 0.2164829792094242
104 89 0.09914307262050373
104 88 0.22674467748914062
104 63 0.16186640400061378
104 77 0.07026191092049353
104 49 0.13271761465908283
104 61 0.09318995262613666
104 75 0.0954097660243221
104 74 0.10372839869513048
104 60 0.09162854941945042
104 48 0.1272867451103657
104 64 0.1226776156720131
104 70 0.3246266908211652
104 58 0.854253658748813
104 59 0.11402549920831362
104 71 0.14664879624620933
104 65 0.07456163224019
104 73 0.09764693971025287
104 67 0.21803003165925866
104 66 0.1939471918508982
104 72 0.13935876429539362
104 57 0.37340711716982683
104 94 0.24407306230255893
104 80 0.1464363487823242
104 81 0.2753078166810508
104 95 0.1407247051174744
104 56 0.1565357327445699
104 68 0.3956434961037834
104 54 0.13692642027548196
104 83 0.10012023622792951
104 82 0.09369783527198652
104 55 0.21910546551492913
104 69 0.3391438032202822
104 51 0.07409215403024616
104 79 0.10880010235136497
104 86 0.08774732512862796
104 92 0.24097281962130526
104 93 0.2280555679062193
104 87 0.22034246653003925
104 78 0.2387400952473252
104 50 0.12092290408512249
104 52 0.07322889284162512
104 46 0.14066863513893957
104 91 0.1965146265520089
104 85 0.21198128084222134
104 84 0.105761638790306
104 90 0.21595971484047982
104 47 0.20365204121365738
104 53 0.11436128448417657
110 76 0.02487667531706933
110 62 0.27692956419788906
110 89 0.25561782699138014
110 88 0.4934217264070886
110 63 0.11554608569206354
110 77 0.3037030003322971
110 49 0.11527693878347889
110 61 0.10102563684661489
110 75 0.10372615003883434
110 74 0.12516609701157141
110 60 0.14542615112890273
110 48 0.16021457020716645
110 64 0.13777508542168965
110 70 0.2956931156431194
110 58 0.47331914301869793
110 59 0.10466203642637395
110 71 0.25767123379964396
110 65 0.11741348364574272
110 73 0.0952250474511527
110 67 0.29196480274754094
110 66 0.24727201891750883
110 72 0.2243216403932407
110 57 0.363812909994214
110 94 0.37629970828010856
110 80 0.2642700849349199
110 81 0.4393006175028009
110 95 0.15607770944519492
110 56 0.27629887194641883
110 68 0.5348191458687048
110 54 0.18768330059758923
110 83 0.08605861074318763
110 82 0.31337034228072447
110 55 0.19448665144715638
110 69 0.4663266960015998
110 51 0.11748147495706099
110 79 0.23288738559468758
110 86 0.06354973850446263
110 92 0.40105856331183143
110 93 0.480028966670744
110 87 0.32653908656282016
110 78 0.38537267624018606
110 50 0.09651496515416427
110 52 0.07304225137463904
110 46 0.2707496961085303
110 91 0.3789875509359236
110 85 0.3699819772288835
110 84 0.08028740467371681
110 90 0.3705052625452475
110 47 0.1639743725485166
110 53 0.10873559256286053
138 76 0.18754154770040504
138 62 0.26985993983533335
138 89 0.2128131864865461
138 88 0.4528202379925452
138 63 0.1908689866055881
138 77 0.20883914734959746
138 49 0.19458520654251477
138 61 0.17971670038179688
138 75 0.13178802433535725
138 74 0.1743074410017013
138 60 0.158934653111023
138 48 0.21351844534216868
138 64 0.19221825893270533
138 70 0.4153169995868118
138 58 0.3425736637703046
138 59 0.18888300829757287
138 71 0.18933346563871337
138 65 0.1500293366930594
138 73 0.14155006552890942
138 67 0.4228800369584723
138 66 0.4967191499133148
138 72 0.24891622829475385
138 57 0.4953848648352106
138 94 0.5310766278308603
138 80 0.19541840430114657
138 81 0.3975952168476865
138 95 0.19749939326866225
138 56 0.34325381723233206
138 68 0.6965563745101897
138 54 0.2124584930634749
138 83 0.18123473685911395
138 82 0.29425845577339715
138 55 0.17689424922360944
138 69 0.41237399698484756
138 51 0.12472775460592714
138 79 0.16922728586752445
138 86 0.17970566014602773
138 92 0.5281146274030907
138 93 0.48845500379456164
138 87 0.4168880784160617
138 78 0.4361375885262949
138 50 0.135393574674272
138 52 0.1165073956660535
138 46 0.29354884931909114
138 91 0.48156395515247324
138 85 0.424131893938269
138 84 0.1839792730656759
138 90 0.43855402528379317
138 47 0.2976653683416301
138 53 0.2276488917610537
140 76 0.22077550295632192
140 62 0.15915085461441159
140 89 0.13634121235673033
140 88 0.2349623917350802
140 63 0.16682964387968946
140 77 0.09964191354658425
140 49 0.17840317709877193
140 61 0.11183262316460374
140 75 0.09711260124770743
140 74 0.0769157213052582
140 60 0.06719043945239261
140 48 0.13593025286977758
140 64 0.12008912855460693
140 70 0.3201682271231467
140 58 0.18107427684569194
140 59 0.17855659108523766
140 71 0.12432032946084187
140 65 0.07373470883111519
140 73 0.1200479766645706
140 67 0.27812548439457996
140 66 0.3527981357445846
140 72 0.06448931996161825
140 57 0.3313297585654885
140 94 0.3372969982689111
140 80 0.12592684001358195
140 81 0.27567335798861275
140 95 0.15055985683107453
140 56 0.18121392417565568
140 68 0.4187499674575471
140 54 0.140478346154044
140 83 0.11414866619274477
140 82 0.19682704742778437
140 55 0.16898863459796187
140 69 0.354182558586284
140 51 0.09081330590560133
140 79 0.1223663489810064
140 86 0.05830332633790353
140 92 0.34460252064581376
140 93 0.300653227083921
140 87 0.2863947060434433
140 78 0.38306884393928087
140 50 0.18197053757438975
140 52 0.0443051713573569
140 46 0.1319547309709121
140 91 0.3138238848408884
140 85 0.2761817120175787
140 84 0.12815171237058234
140 90 0.2857849428215763
140 47 0.1640259466631317
140 53 0.11755083225952825
135 76 0.19309920763997784
135 62 0.3695656239989922
135 89 0.17751596068000164
135 88 0.3880364896179521
135 63 0.2352200502452386
135 77 0.2935861279175113
135 49 0.3819111396745417
135 61 0.13107906509177403
135 75 0.3635187806978968
135 74 0.25850075840000325
135 60 0.10850574800130955
135 48 0.4096598736556654
135 64 0.18604855830234845
135 70 0.3288909709432267
135 58 0.27103081467289314
135 59 0.11651592254568188
135 71 0.30648866876703557
135 65 0.10242934938754972
135 73 0.2985365704747918
135 67 0.4393018917220295
135 66 0.28892736102284267
135 72 0.13014814702850036
135 57 0.5044251048798193
135 94 0.4849618171877469
135 80 0.3256967787254109
135 81 0.3894188678811681
135 95 0.20967884315896324
135 56 0.4291526642293829
135 68 0.6356352979798516
135 54 0.2257418433314336
135 83 0.5855215185607893
135 82 0.14548025818174495
135 55 0.22882409826567973
135 69 0.3767395616241553
135 51 0.18640189306004318
135 79 0.24532141839670302
135 86 0.18438397223709518
135 92 0.4788554068073374
135 93 0.4221406187602175
135 87 0.44289174234698997
135 78 0.4272013721212623
135 50 0.22404393332270958
135 52 0.03978328031995709
135 46 0.4575977158463148
135 91 0.47219209140194063
135 85 0.42474504766446064
135 84 0.22893734371097613
135 90 0.42911950590698406
135 47 0.3314194605199121
135 53 0.3286208929212267
121 76 0.1328866215283494
121 62 0.2321256208289906
121 89 0.20170278867977418
121 88 0.4327998770688844
121 63 0.23047805198290672
121 77 0.14508979588440035
121 49 0.18507022988122604
121 61 0.1043692160136124
121 75 0.07568053339700986
121 74 0.1370369471453407
121 60 0.1149997660830728
121 48 0.17974339496438585
121 64 0.17858855693658765
121 70 0.24524118244983495
121 58 0.17504751307993097
121 59 0.10836129999118846
121 71 0.3732930828552221
121 65 0.13112396066940196
121 73 0.07413932511363427
121 67 0.4620961021965457
121 66 0.2813171579450189
121 72 0.11194851549107457
121 57 0.5210548584386425
121 94 0.6409858509703524
121 80 0.40421068731041154
121 81 0.28804972083934904
121 95 0.1454564037214622
121 56 0.30575889915574384
121 68 0.5443187097308106
121 54 0.19404283999443447
121 83 0.3492831495069033
121 82 0.17380386028164568
121 55 0.2598882128281996
121 69 0.4614267046727718
121 51 0.155839927652145
121 79 0.16415426779051895
121 86 0.18888020793792604
121 92 0.5221297434946182
121 93 0.4347095458703331
121 87 0.37049646300253347
121 78 0.546613015970465
121 50 0.19133694224286002
121 52 0.06483292270812283
121 46 0.26798593597382175
121 91 0.45954859960678884
121 85 0.3919150634059956
121 84 0.08314983542591214
121 90 0.41263251073964824
121 47 0.2737255697186274
121 53 0.09591134034590315
109 76 0.14713765472354257
109 62 0.23353955934048776
109 89 0.10571745981086553
109 88 0.2851028447957939
109 63 0.19764968407112965
109 77 0.180354026367817
109 49 0.17400399104582442
109 61 0.12489727925881983
109 75 0.09396210785733469
109 74 0.19658970297246545
109 60 0.07830512997832254
109 48 0.13012107713877147
109 64 0.16495734728408296
109 70 0.38411963271688165
109 58 0.5465339180313846
109 59 0.09862549003732127
109 71 0.11405917694584036
109 65 0.12005645525468081
109 73 0.061298917531856595
109 67 0.31559317918450597
109 66 0.24574184533116147
109 72 0.19248913896493153
109 57 0.4277138094435299
109 94 0.42113830626927395
109 80 0.11467416782697609
109 81 0.42797159141154995
109 95 0.17039017308202542
109 56 0.16537612815185898
109 68 0.5349705091181756
109 54 0.1306787148587634
109 83 0.11185936005293787
109 82 0.13246203992396008
109 55 0.1958577658810065
109 69 0.43635629699294853
109 51 0.04901029727821557
109 79 0.13888168623073865
109 86 0.1022328386223767
109 92 0.41175502926889035
109 93 0.3760937123680315
109 87 0.3291847554826402
109 78 0.4660975695030161
109 50 0.18103862473094062
109 52 0.09562319225477911
109 46 0.2736532751455838
109 91 0.3933542157585488
109 85 0.3736980044777176
109 84 0.6015223736119413
109 90 0.38210268198013997
109 47 0.11616497474748885
109 53 0.08340928429745653
108 76 0.2727335903245473
108 62 0.4220007491018054
108 89 0.31578143193331615
108 88 0.6374414973646007
108 63 0.36219870636972185
108 77 0.23720964988748683
108 49 0.24273408489552373
108 61 0.23973448404709377
108 75 0.22293666996359032
108 74 0.270999241873499
108 60 0.22188172626068992
108 48 0.25893526525108673
108 64 0.3040120156489052
108 70 0.5650461476997817
108 58 0.8841831201195534
108 59 0.24953571795589355
108 71 0.26898484907979503
108 65 0.21759396828473074
108 73 0.2255975665397582
108 67 0.5672113068046359
108 66 0.5442594549695394
108 72 0.2500772644660185
108 57 0.7196344290102825
108 94 0.7209686751001934
108 80 0.27860790341054775
108 81 0.5812570359770637
108 95 0.30095759012489565
108 56 0.5151829650108761
108 68 0.9631144895264807
108 54 0.35510712706880077
108 83 0.24798513344784331
108 82 0.3233145315728143
108 55 0.4378787400093243
108 69 0.6671528769576784
108 51 0.21597853266000464
108 79 0.36603544346011335
108 86 0.19305123801066792
108 92 0.7247075365723628
108 93 0.6505875816268549
108 87 0.6011886222254205
108 78 0.6129471245011897
108 50 0.2914794488697151
108 52 0.1927473622320551
108 46 0.408940950645708
108 91 0.6649262240120086
108 85 0.5899252319690264
108 84 0.22243200948624098
108 90 0.6007872062139589
108 47 0.34475031020966435
108 53 0.21276750654396406
120 76 0.0631183716376808
120 62 0.15810592439363685
120 89 0.12059792756920915
120 88 0.27618722778543925
120 63 0.07199109354883576
120 77 0.28019530978443075
120 49 0.06977610380407939
120 61 0.039288394007961025
120 75 0.11144796581131913
120 74 0.0733306285005905
120 60 0.06489709342579078
120 48 0.09190950610657905
120 64 0.11265933443994261
120 70 0.18166802447125668
120 58 0.12396874121109877
120 59 0.11152842058910725
120 71 0.1252968160970984
120 65 0.03525248744528778
120 73 0.06882573985192991
120 67 0.2538089471412152
120 66 0.24226818794589644
120 72 0.07980533821192648
120 57 0.18791332171573638
120 94 0.333010052353348
120 80 0.128284252780532
120 81 0.18837497402133407
120 95 0.06842856791881632
120 56 0.17495943864265884
120 68 0.3025368159802738
120 54 0.12055585945917727
120 83 0.09496994264083194
120 82 0.10662663388925644
120 55 0.30690918442183934
120 69 0.2028895257472308
120 51 0.12478078125633277
120 79 0.09794200366141229
120 86 0.08132594006233165
120 92 0.3143808467200752
120 93 0.29101963344513976
120 87 0.25662540906082604
120 78 0.23971005892791578
120 50 0.1287967364782892
120 52 0.02541507848640423
120 46 0.13574989370928675
120 91 0.2795853283004567
120 85 0.2574625331742892
120 84 0.10579060680473576
120 90 0.25865897867749704
120 47 0.15254106012805366
120 53 0.41617017286794294
134 76 0.2072317406467804
134 62 0.19185686808338837
134 89 0.1151182347859458
134 88 0.2683368047490028
134 63 0.14532483643822428
134 77 0.1066497257613662
134 49 0.3367107235537705
134 61 0.08674622264650245
134 75 0.38308175188615934
134 74 0.17570827322685292
134 60 0.12615016459847986
134 48 0.34106919766242955
134 64 0.1759559646537659
134 70 0.25338199295575453
134 58 0.23681669424632137
134 59 0.09617210597893897
134 71 0.4415186058995779
134 65 0.05514154925664924
134 73 0.3114034960596632
134 67 0.37834104372326743
134 66 0.2221719721580529
134 72 0.13780634828448027
134 57 0.4736625670431086
134 94 0.35572285662680825
134 80 0.47091506059159804
134 81 0.10206205874257979
134 95 0.1893246439475228
134 56 0.14821794898433954
134 68 0.4831859064880368
134 54 0.1951779587445891
134 83 0.3533594733861414
134 82 0.09600687591519708
134 55 0.28084832109953944
134 69 0.2581388065650943
134 51 0.17478386959155667
134 79 0.07061538143630744
134 86 0.1859821874491736
134 92 0.2588777197829746
134 93 0.26047174320327365
134 87 0.2452155910945521
134 78 0.23770018781308327
134 50 0.18721233851693267
134 52 0.5380194164221868
134 46 0.24344261639543663
134 91 0.19725477860845825
134 85 0.22276782016401964
134 84 0.1425112194471927
134 90 0.21154471133482042
134 47 0.37524065180748783
134 53 0.4880134002514445
122 76 0.1348430919667719
122 62 0.1069247923965061
122 89 0.18504948068544672
122 88 0.26036919915348433
122 63 0.23414848436014057
122 77 0.1484083486328333
122 49 0.3082159577430345
122 61 0.09892607817926441
122 75 0.08075714702562845
122 74 0.18400093073301044
122 60 0.09215422084122304
122 48 0.18207026762349812
122 64 0.14315082158804493
122 70 0.29032734205031296
122 58 0.22731616872370064
122 59 0.12489508838436073
122 71 0.5826582174319503
122 65 0.07439236223196394
122 73 0.06709851245519308
122 67 0.5513581859390642
122 66 0.31560080593039874
122 72 0.09112779714182165
122 57 0.6065268729111795
122 94 0.43486267405934426
122 80 0.6185449451322774
122 81 0.2561057513300105
122 95 0.09187589664750806
122 56 0.1934130078520636
122 68 0.6165260578062249
122 54 0.15307044139884202
122 83 0.3494918074216616
122 82 0.15204696562211362
122 55 0.15116537994078827
122 69 0.37064632673712566
122 51 0.21474391436769716
122 79 0.13719454415352716
122 86 0.32504474607873557
122 92 0.4544851220885904
122 93 0.41475670357493366
122 87 0.3356382565346488
122 78 0.4039943493426028
122 50 0.33229574889529184
122 52 0.10496832189762345
122 46 0.22447962399233712
122 91 0.4047954199380112
122 85 0.6267742586996972
122 84 0.15986774784199642
122 90 0.5951498428881359
122 47 0.16297619852710854
122 53 0.12022516719781345
136 76 0.02961315069738435
136 62 0.16264302311947032
136 89 0.15516046826657418
136 88 0.25064449752867257
136 63 0.19193922157572643
136 77 0.28932474587064977
136 49 0.2603295148964785
136 61 0.10373981601303792
136 75 0.05134921072924037
136 74 0.06067951761931323
136 60 0.09824311431277902
136 48 0.24415380512101711
136 64 0.09170874864721068
136 70 0.20991484357930826
136 58 0.10840080351173312
136 59 0.15882575794696807
136 71 0.08426287713521671
136 65 0.09983015218714522
136 73 0.10460234763824988
136 67 0.23572124537558584
136 66 0.1807781858252372
136 72 0.1290894072819394
136 57 0.2652589468003766
136 94 0.30703917281283866
136 80 0.09143254906353221
136 81 0.524807313757389
136 95 0.10250769000305107
136 56 0.3674986749359438
136 68 0.4136421394095922
136 54 0.13873678228299657
136 83 0.07246340574981752
136 82 0.14580718331516787
136 55 0.1677322419627085
136 69 0.19338190982078526
136 51 0.1106130753490753
136 79 0.6224901711050892
136 86 0.10885125847386726
136 92 0.29260978558545087
136 93 0.2602509012435048
136 87 0.24111727881399583
136 78 0.2579532675658935
136 50 0.14764132190403428
136 52 0.0679584972244735
136 46 0.2538306862551062
136 91 0.30228653883281065
136 85 0.23232639373176264
136 84 0.042205390664594916
136 90 0.25617318062899697
136 47 0.3022568982649567
136 53 0.040907758254836335
137 76 0.27343573095769985
137 62 0.2665360476139715
137 89 0.2539795856041971
137 88 0.5029237546483611
137 63 0.22763325398091913
137 77 0.20012282988009442
137 49 0.208505901276716
137 61 0.22921289595209968
137 75 0.18546278932326865
137 74 0.21108391721582792
137 60 0.19113313973820603
137 48 0.202150733512023
137 64 0.2275189788751301
137 70 0.41165280622849076
137 58 0.2707273090602005
137 59 0.28293312988508407
137 71 0.20458655799882228
137 65 0.18112303385208528
137 73 0.2075400442093703
137 67 0.4464936942835294
137 66 0.5691456058272666
137 72 0.2048867194662958
137 57 0.4620676888134867
137 94 0.5607774279026505
137 80 0.2082379100086891
137 81 0.3861026221436521
137 95 0.2585136686178282
137 56 0.38833178876828334
137 68 0.6930927506449127
137 54 0.24890016462542705
137 83 0.21725724499627136
137 82 0.26899676453258525
137 55 0.2601495325053502
137 69 0.4736663043814157
137 51 0.218178331757813
137 79 0.3355156201593249
137 86 0.17617759524170123
137 92 0.5893614991740714
137 93 0.5166579942229967
137 87 0.4518309236475744
137 78 0.5097819875437988
137 50 0.27314075956267453
137 52 0.2214676131790288
137 46 0.30516127284233746
137 91 0.5138511770296578
137 85 0.5088729892718076
137 84 0.19668391593695472
137 90 0.5084688759916153
137 47 0.2574770528250167
137 53 0.19871440814567023
123 76 0.1389444560747747
123 62 0.20083016705532591
123 89 0.11975055026829584
123 88 0.40640862739800776
123 63 0.11337928550297136
123 77 0.08642594644244553
123 49 0.25431207366433184
123 61 0.1099529378727638
123 75 0.08423773309738125
123 74 0.11465935595723534
123 60 0.1197298388546644
123 48 0.1780773804577322
123 64 0.16194794732011408
123 70 0.2557810379501161
123 58 0.18138845092733288
123 59 0.10820141596524868
123 71 0.4010597408687211
123 65 0.11518629771943623
123 73 0.08206214159915223
123 67 0.4104829568861238
123 66 0.2618492553219381
123 72 0.10730331252760406
123 57 0.5774701821271082
123 94 0.7589496630232289
123 80 0.4323611360672145
123 81 0.2257740163881222
123 95 0.19346625569447862
123 56 0.2914056322974714
123 68 0.5408617632464385
123 54 0.17474761612230716
123 83 0.28690585862048307
123 82 0.16922297686646912
123 55 0.15530636821892538
123 69 0.33831393380571306
123 51 0.16256127742229315
123 79 0.17330215123079779
123 86 0.264231943482542
123 92 0.4877316385498318
123 93 0.41250419588119047
123 87 0.3382070984971284
123 78 0.41113878373547325
123 50 0.2555810281351063
123 52 0.11121363076192728
123 46 0.20682672510362793
123 91 0.2637709495831356
123 85 0.2783298084605692
123 84 0.07633152956116523
123 90 0.3091689657160129
123 47 0.21795703085318135
123 53 0.09632904928781544
127 76 0.3295307656846137
127 62 0.2944957768444254
127 89 0.29370306868270707
127 88 0.6005559019343827
127 63 0.29864196148115885
127 77 0.20613056187647144
127 49 0.4145161813443242
127 61 0.2062187081510305
127 75 0.15370940638913622
127 74 0.20552682073165482
127 60 0.21150394659465743
127 48 0.3132143523672628
127 64 0.24084759291912222
127 70 0.494702242888456
127 58 0.262419541969796
127 59 0.29467780362395296
127 71 0.5234289546307175
127 65 0.1655746646980671
127 73 0.15871707987679606
127 67 0.6470679993772868
127 66 0.5196031602520879
127 72 0.24867593880006075
127 57 0.7053442804427934
127 94 0.7021240972611978
127 80 0.5441973095618826
127 81 0.5445264879297765
127 95 0.29359062800183783
127 56 0.5585870656517593
127 68 1.0
127 54 0.3065786380035185
127 83 0.22725879338069968
127 82 0.21006323622648973
127 55 0.31791054874001545
127 69 0.5659130153775853
127 51 0.36102225505738894
127 79 0.4048487598656653
127 86 0.36857699499337504
127 92 0.7023135654869771
127 93 0.6357908168219577
127 87 0.7231164939443373
127 78 0.5601492864159952
127 50 0.5086367580487976
127 52 0.17932761370870606
127 46 0.431736639444844
127 91 0.6009140143727374
127 85 0.6409889837491665
127 84 0.19557975763294988
127 90 0.6366836468638424
127 47 0.36813661456803637
127 53 0.20117012083313332
133 76 0.08766550553613248
133 62 0.37038272606156664
133 89 0.11968003039830366
133 88 0.2968810435179374
133 63 0.20096408901901608
133 77 0.31494364348020554
133 49 0.4397268751751633
133 61 0.12946051730952995
133 75 0.12215274921374705
133 74 0.21208088933438954
133 60 0.07836722689180706
133 48 0.33329685015741567
133 64 0.174324940992454
133 70 0.2717067805097906
133 58 0.31734860783875857
133 59 0.11953074961223575
133 71 0.3510600793653341
133 65 0.09306557856548339
133 73 0.11507137175280643
133 67 0.3750279946279902
133 66 0.21681541481518884
133 72 0.11771029678037137
133 57 0.5480031442295047
133 94 0.3603299793128765
133 80 0.3738947083573404
133 81 0.34713266360186573
133 95 0.17683610695690022
133 56 0.24488159120374892
133 68 0.4945394284044541
133 54 0.2261816089863079
133 83 0.16499623053253043
133 82 0.3062947684515433
133 55 0.14000308149265084
133 69 0.24833082829604566
133 51 0.11429356790410494
133 79 0.3834046348438721
133 86 0.16361778402173427
133 92 0.3409523859873525
133 93 0.3289530179287746
133 87 0.25497982763221505
133 78 0.28742521203883326
133 50 0.20346564991587196
133 52 0.054420868194670846
133 46 0.20146139330414364
133 91 0.34506172931359336
133 85 0.3240164253567052
133 84 0.17563385328736875
133 90 0.3183136287022457
133 47 0.41182373238882325
133 53 0.46228284669236575
132 76 0.21266495484210202
132 62 0.2878523583973925
132 89 0.3165161886290956
132 88 0.7138254583310801
132 63 0.2763146826905231
132 77 0.20461172228645516
132 49 0.200717435217051
132 61 0.19361396077197626
132 75 0.1535002068937326
132 74 0.2433199298237053
132 60 0.1862833954797199
132 48 0.21243601363692788
132 64 0.23793412245790388
132 70 0.5210509308744082
132 58 0.3135604508835774
132 59 0.1795786025194122
132 71 0.22904492236814478
132 65 0.17137698319237504
132 73 0.12005780023925672
132 67 0.5737728691920114
132 66 0.4923461942691538
132 72 0.21587060510719497
132 57 0.5463158115379563
132 94 0.8712729773312085
132 80 0.23502725952464604
132 81 0.4647121173551826
132 95 0.22202379855319643
132 56 0.5690839475987715
132 68 0.8988757001798091
132 54 0.2904491165631977
132 83 0.3440894332153794
132 82 0.16662683204707096
132 55 0.3233619263996307
132 69 0.5508042786971122
132 51 0.13825666030574837
132 79 0.2573780384665175
132 86 0.250519357646131
132 92 0.8726592257597212
132 93 0.7949455975670654
132 87 0.6567203455513473
132 78 0.550614078773327
132 50 0.21599954408979632
132 52 0.14854122792030994
132 46 0.5566820780340216
132 91 0.7509284856201566
132 85 0.735467387154688
132 84 0.1865888959618292
132 90 0.7514085270966295
132 47 0.31135607509210167
132 53 0.14083936210626458
126 76 0.12631972307200579
126 62 0.16340481857332229
126 89 0.20059077719155582
126 88 0.35146942617807697
126 63 0.1944402310369088
126 77 0.16877401258656582
126 49 0.23826981458208157
126 61 0.1010835559417059
126 75 0.10112620414109436
126 74 0.14714501652248108
126 60 0.10596808856203124
126 48 0.16575301369351436
126 64 0.14152259039108728
126 70 0.27538249303640955
126 58 0.2282001727604177
126 59 0.11925868037100268
126 71 0.4063163735122193
126 65 0.09900109980328423
126 73 0.10651371643840293
126 67 0.5185896228198168
126 66 0.3116328438482733
126 72 0.10856964878204048
126 57 0.5257464382145252
126 94 0.5995895675316352
126 80 0.44032811493685187
126 81 0.26784502209771854
126 95 0.08050443377298225
126 56 0.2080365479358609
126 68 0.585374229315596
126 54 0.14892428248368997
126 83 0.38439604175405834
126 82 0.16755903678061246
126 55 0.15053713363875093
126 69 0.3744939174913479
126 51 0.17279774899561315
126 79 0.1655550594729972
126 86 0.21558006269923966
126 92 0.6071784403358744
126 93 0.5484486385924898
126 87 0.37814134395298926
126 78 0.4362321301607824
126 50 0.25155525155920005
126 52 0.09240073231546883
126 46 0.22121998757013078
126 91 0.5986881561685513
126 85 0.7041489138485264
126 84 0.08984648057285655
126 90 0.7013027099862745
126 47 0.17028746359193248
126 53 0.12061985570717293
118 76 0.1784350559816078
118 62 0.29358224258442034
118 89 0.14284037420086326
118 88 0.2106335397681579
118 63 0.14341213984093354
118 77 0.0254657763539706
118 49 0.3711229789978546
118 61 0.037297395288920926
118 75 0.054602496282543544
118 74 0.11901188927736506
118 60 0.07279551250161342
118 48 0.248661505963815
118 64 0.10294417148337393
118 70 0.1775884865516527
118 58 0.413463591532147
118 59 0.2800627339669188
118 71 0.269152497215023
118 65 0.09219554229084842
118 73 0.06971562832456371
118 67 0.28818597432540866
118 66 0.1449003775432627
118 72 0.02540419126463006
118 57 0.4565404242753597
118 94 0.22549961916038275
118 80 0.29013200782178566
118 81 0.5032960229941266
118 95 0.11008711809854282
118 56 0.38918044156183285
118 68 0.3707623650360533
118 54 0.12145741416075159
118 83 0.17273299482875998
118 82 0.15047532315737505
118 55 0.17970226941236578
118 69 0.23539679846137324
118 51 0.18494259108851946
118 79 0.2652813447863666
118 86 0.13303959338445792
118 92 0.22044137540896908
118 93 0.2091004054635764
118 87 0.32758076295422206
118 78 0.19306013519818288
118 50 0.31543610470188377
118 52 0.043680302604166665
118 46 0.274219469579131
118 91 0.20788490057995293
118 85 0.21569457118301952
118 84 0.17335993420834228
118 90 0.21550963764185033
118 47 0.46225418072669355
118 53 0.337588960180346
130 76 0.07779230382085975
130 62 0.16381409536665786
130 89 0.14565663656592984
130 88 0.40074570071169935
130 63 0.15793030815840403
130 77 0.1107663858528638
130 49 0.13718060772388424
130 61 0.10044615108197524
130 75 0.08994219577782922
130 74 0.04928435350000232
130 60 0.07584878785925961
130 48 0.11797367471608103
130 64 0.13961889919410314
130 70 0.28284844784195046
130 58 0.13595633535149793
130 59 0.10831258912350808
130 71 0.14444253881137342
130 65 0.07623598609697457
130 73 0.09242651801497112
130 67 0.30511119035563367
130 66 0.28710145311434265
130 72 0.1069022959499426
130 57 0.2236319453905459
130 94 0.4295109979470143
130 80 0.14593677086576154
130 81 0.26285753637100784
130 95 0.1459402936992425
130 56 0.27742329315748065
130 68 0.43356125148422664
130 54 0.17869048992702863
130 83 0.24231771157004445
130 82 0.14349564130198683
130 55 0.15308451695970388
130 69 0.2958234774324571
130 51 0.059173537880314125
130 79 0.17132293742525984
130 86 0.06355351715816623
130 92 0.4246457822160078
130 93 0.384822139093703
130 87 0.2869391722359311
130 78 0.2840761466554901
130 50 0.11552999031784494
130 52 0.07295096247884689
130 46 0.34728572442453143
130 91 0.32928145380949725
130 85 0.35673843410697814
130 84 0.1290752492687493
130 90 0.35459588447607204
130 47 0.17444220443420183
130 53 0.11311082124712923
124 76 0.13202505567822875
124 62 0.21470731728351988
124 89 0.11880156698314173
124 88 0.4903998874614117
124 63 0.0913120789518744
124 77 0.040476222639154624
124 49 0.21574233006037144
124 61 0.10768478185319283
124 75 0.08706086375857083
124 74 0.10238093698623957
124 60 0.10541887457637064
124 48 0.15368954024860743
124 64 0.15433373301058692
124 70 0.27280605344674425
124 58 0.22509902274344137
124 59 0.10330310075357504
124 71 0.3593261603435428
124 65 0.08529160535392771
124 73 0.10682692158232285
124 67 0.4213935208745429
124 66 0.2732871428848683
124 72 0.1573431808744506
124 57 0.44904295304071706
124 94 0.42688734118841903
124 80 0.3849171549742866
124 81 0.2305008851521921
124 95 0.2845623118924934
124 56 0.24177749222998773
124 68 0.5362797156960561
124 54 0.16420130635597124
124 83 0.3524556727432107
124 82 0.12884323497126332
124 55 0.1361323517567295
124 69 0.37770609290100166
124 51 0.1128400233663287
124 79 0.13161599433494026
124 86 0.14287455209392333
124 92 0.48206671857907124
124 93 0.4148873935565688
124 87 0.3386679254278531
124 78 0.3981963557487689
124 50 0.19467720689005738
124 52 0.1430899084382212
124 46 0.20442250943383564
124 91 0.9223635251823143
124 85 0.3504233938595976
124 84 0.05809578694982179
124 90 0.37804208106548376
124 47 0.26377953758294825
124 53 0.13237567225167057
125 76 0.11803016135281794
125 62 0.21863846895044398
125 89 0.20606484054292018
125 88 0.4075645234071827
125 63 0.19905505344450566
125 77 0.1060688735146244
125 49 0.23873973115157007
125 61 0.09789999384804068
125 75 0.10491977342850742
125 74 0.12141740984585905
125 60 0.10862231546118997
125 48 0.17030455753526225
125 64 0.13834986897652374
125 70 0.30502702711261853
125 58 0.18889128343104938
125 59 0.11387048183856988
125 71 0.381144988801418
125 65 0.09836634225566157
125 73 0.12258738525661775
125 67 0.5325998079883447
125 66 0.31643264801549564
125 72 0.0713202305307164
125 57 0.5187086534118905
125 94 0.4435056869434013
125 80 0.4136316337650744
125 81 0.2801569960749987
125 95 0.11931569017148075
125 56 0.4109237833612105
125 68 0.7155293161924665
125 54 0.15168812031834855
125 83 0.39117835015058866
125 82 0.1545183438438228
125 55 0.19171227518362793
125 69 0.38964086806168263
125 51 0.1495806990336293
125 79 0.1552310171706221
125 86 0.21355084539892547
125 92 0.44007855810516544
125 93 0.3838770031838372
125 87 0.38816307683095663
125 78 0.43210924211609264
125 50 0.24104694115391082
125 52 0.0
125 46 0.20429951784331862
125 91 0.49935333060012743
125 85 0.44970217674730817
125 84 0.1249372883454844
125 90 0.4490583248518213
125 47 0.17046024706693524
125 53 0.09328017628271293
131 76 0.16956935067103202
131 62 0.2954479814762543
131 89 0.29212199633652736
131 88 0.7339647801321147
131 63 0.2430174308056653
131 77 0.09107971349801797
131 49 0.14116914241779302
131 61 0.11507789441196617
131 75 0.10809582573676155
131 74 0.24610595884482273
131 60 0.1767886386727347
131 48 0.21302534207447799
131 64 0.20185326163319156
131 70 0.48903276726548883
131 58 0.8203341073531716
131 59 0.2810360710481219
131 71 0.17627222595300762
131 65 0.14835822683124328
131 73 0.10409289583973372
131 67 0.5370916036655851
131 66 0.42087786272119876
131 72 0.1232685857620843
131 57 0.7479620598858994
131 94 0.6987124080710831
131 80 0.18465250668286567
131 81 0.4649624023901826
131 95 0.15083348774969535
131 56 0.3453529810474959
131 68 0.7652084723619614
131 54 0.2605786574939434
131 83 0.154103195715812
131 82 0.15175705660704192
131 55 0.26082818950085246
131 69 0.521466394966885
131 51 0.1328613685073019
131 79 0.20036544365678188
131 86 0.21653234024219506
131 92 0.7074195925602567
131 93 0.64187985161131
131 87 0.6881092234492521
131 78 0.4709737004801978
131 50 0.10075388798533674
131 52 0.09301655821597585
131 46 0.32979685333184794
131 91 0.6873500268508499
131 85 0.6096642946746322
131 84 0.12051518526399255
131 90 0.6153927755250499
131 47 0.3077285686767325
131 53 0.11116066457308829
119 76 0.0483849371812447
119 62 0.17282491129598163
119 89 0.1136125898928369
119 88 0.31098801710402135
119 63 0.10989328443666996
119 77 0.2920483646949642
119 49 0.07814434251516
119 61 0.21571647396684038
119 75 0.07246249476850541
119 74 0.15510046598633942
119 60 0.09012952841147606
119 48 0.12356482001201011
119 64 0.09968087620157404
119 70 0.29122727995086345
119 58 0.4951497215166989
119 59 0.044668849313444114
119 71 0.152306920880795
119 65 0.07450631289722201
119 73 0.021062415045316613
119 67 0.19026411210024546
119 66 0.15752468212555643
119 72 0.04086453658698819
119 57 0.22335780620694806
119 94 0.21765738514398403
119 80 0.15323682496776103
119 81 0.031934598939179354
119 95 0.011219495357158854
119 56 0.175775153334
119 68 0.30159588762973705
119 54 0.09391902677439887
119 83 0.05992225322267866
119 82 0.07261382044415518
119 55 0.21082328492589344
119 69 0.1842035054687452
119 51 0.08050568511154652
119 79 0.39055084140844143
119 86 0.18264506249932344
119 92 0.23243545168668495
119 93 0.22225167769535467
119 87 0.21441578844565679
119 78 0.16321850014185524
119 50 0.01688038357381738
119 52 0.03759213737241485
119 46 0.12212985953618288
119 91 0.2334911790542667
119 85 0.2216964423131554
119 84 0.09087452976552371
119 90 0.204147931897024
119 47 0.1590344388341957
119 53 0.05538816808275182
