114 76 0.12824483714780868
114 62 0.14592253342673284
114 89 0.0736246952552734
114 88 0.2235576754202477
114 63 0.08649727595141618
114 77 0.029682809369361032
114 49 0.04788369603752713
114 61 0.00484691004587845
114 75 0.04062922893013743
114 74 0.20051490625912055
114 60 0.031149304193239538
114 48 0.062402105319073496
114 64 0.10146911499570598
114 70 0.2659031860568625
114 58 0.5032932111502095
114 59 0.08566238337001725
114 71 0.05025515166195863
114 65 0.01777316249459461
114 73 0.03316516337682418
114 67 0.2172353248362106
114 66 0.17432335283350744
114 72 0.08637453818776288
114 57 0.2748597578202005
114 94 0.2810899453068452
114 80 0.055128712437430075
114 81 0.21352992050804454
114 95 0.06612875089816622
114 56 0.14938105564544285
114 68 0.4355133121278164
114 54 0.12440361811922486
114 83 0.03660767616549482
114 82 0.03902460036136232
114 55 0.15601731713740064
114 69 0.30860094493559886
114 51 0.03087176422466434
114 79 0.06321015375468578
114 86 0.03459394512307125
114 92 0.2947963702502542
114 93 0.2502643830786833
114 87 0.18854540243945195
114 78 0.24534575307949474
114 50 0.062927511505089
114 52 0.027281540682157934
114 46 0.16529791417745335
114 91 0.2462301676191938
114 85 0.24853106150745602
114 84 0.033949369863948545
114 90 0.24866675978549502
114 47 0.1212328610219617
114 53 0.05436932533073054
100 76 0.04870234519915928
100 62 0.08357663993928977
100 89 0.038453569477815225
100 88 0.1387547097180588
100 63 0.2259594420587613
100 77 0.0440012379947374
100 49 0.1779046098191281
100 61 0.026525567095124575
100 75 0.03502680395129669
100 74 0.05382551988408587
100 60 0.028882662650440996
100 48 0.08128200104836636
100 64 0.09373431591332773
100 70 0.1574620366964261
100 58 0.29701401406624506
100 59 0.04019506509549252
100 71 0.3929023712413886
100 65 0.03101979046312131
100 73 0.004391023121766813
100 67 0.1804198737814689
100 66 0.11963877713776398
100 72 0.015818951540471055
100 57 0.22596366325902334
100 94 0.2209049582241503
100 80 0.418592119825847
100 81 0.11893061332654511
100 95 0.050559078770193264
100 56 0.10369040326254908
100 68 0.32040853732086266
100 54 0.06506885187334138
100 83 0.052657895886902784
100 82 0.027660484789756107
100 55 0.20264086352903785
100 69 0.18976803472234316
100 51 0.10991397289548419
100 79 0.04060789924563811
100 86 0.1798921067186381
100 92 0.19502420883836813
100 93 0.17994007760027886
100 87 0.12371172071043811
100 78 0.15834534834904299
100 50 0.20633812274538743
100 52 0.020255544404326878
100 46 0.10705404413824463
100 91 0.19173066054475557
100 85 0.19110417419627826
100 84 0.040552404794582525
100 90 0.18649304982712137
100 47 0.07831088649838776
100 53 0.042842317881539554
128 76 0.07673304443419063
128 62 0.06051925265851783
128 89 0.12447129743456438
128 88 0.25390134820081833
128 63 0.06741391739847205
128 77 0.05329220309316049
128 49 0.039750674409869347
128 61 0.05235852426293102
128 75 0.03845718126346688
128 74 0.026695844166480936
128 60 0.046611177473383204
128 48 0.050000332598382394
128 64 0.06830353797014665
128 70 0.16974872193656454
128 58 0.16801792876597518
128 59 0.020585169510746557
128 71 0.058472107040827795
128 65 0.01545228079002707
128 73 0.06054772421148786
128 67 0.2420357594739984
128 66 0.16810144553008283
128 72 0.06934320617415038
128 57 0.15785633294480594
128 94 0.3792804437324
128 80 0.06456305227678868
128 81 0.18952238953107542
128 95 0.13071951638350032
128 56 0.20248572596667253
128 68 0.44738636886413946
128 54 0.08273291662977968
128 83 0.030259947188448308
128 82 0.030555877471202877
128 55 0.1073853259589525
128 69 0.21299196559826145
128 51 0.06912339646762436
128 79 0.12946633777503286
128 86 0.030507896429842293
128 92 0.38887180854207903
128 93 0.330000983472336
128 87 0.3038996854781286
128 78 0.2157991611419144
128 50 0.08896645709901088
128 52 0.09948740139557039
128 46 0.11757158864246821
128 91 0.27635677557848415
128 85 0.3328389714870826
128 84 0.03786335652783282
128 90 0.3383264422258898
128 47 0.09886433530453419
128 53 0.02292185550392173
129 76 0.03283197483361282
129 62 0.1539950042933273
129 89 0.11016138746161075
129 88 0.3188443434147408
129 63 0.14520880874994346
129 77 0.04906339364781935
129 49 0.06916326842842974
129 61 0.047977620624733104
129 75 0.016511889088216186
129 74 0.09701606929971404
129 60 0.008396615324838638
129 48 0.11155123601385455
129 64 0.15502762296678063
129 70 0.343259956019348
129 58 0.5739335046762943
129 59 0.015081097505978122
129 71 0.10365102462454218
129 65 0.058573528424181516
129 73 0.024883479632137454
129 67 0.31484683350104437
129 66 0.248466433645821
129 72 0.017480989575111544
129 57 0.39227757399647456
129 94 0.4052811463817457
129 80 0.11402014982616206
129 81 0.27496865855772207
129 95 0.09945675966098089
129 56 0.2144939780633771
129 68 0.5930710177390907
129 54 0.18799735661660638
129 83 0.05208216889522543
129 82 0.2772344043097924
129 55 0.20258008203770678
129 69 0.3953120468145886
129 51 0.05187957977924291
129 79 0.09988018630833306
129 86 0.03477190573726756
129 92 0.42323975926135077
129 93 0.3587147582103819
129 87 0.2663326794689084
129 78 0.327034709905343
129 50 0.05683733887636619
129 52 0.03829399381791457
129 46 0.23809963223682612
129 91 0.35438923377066167
129 85 0.3602434821279761
129 84 0.056846903462439334
129 90 0.35861299891477993
129 47 0.21153504972258086
129 53 0.07194872918559368
101 76 0.010369870527128455
101 62 0.08709439526746483
101 89 0.08824481928817021
101 88 0.08261306703833135
101 63 0.03354634631705922
101 77 0.09551410695569335
101 49 0.09538312146164668
101 61 0.04743162425486974
101 75 0.031763895909871664
101 74 0.010768116655033827
101 60 0.02932101023545644
101 48 0.04679282252963791
101 64 0.032665762567775286
101 70 0.09608158321476641
101 58 0.17566879217772247
101 59 0.04453604380924549
101 71 0.14710604005081496
101 65 0.042564775765619026
101 73 0.04732760370762425
101 67 0.1062538313343564
101 66 0.0735812782825998
101 72 0.011682733051161714
101 57 0.1537068052556995
101 94 0.12460353812818692
101 80 0.16813493697806514
101 81 0.09589428571525993
101 95 0.017346480551592977
101 56 0.11066181891788532
101 68 0.19622498378898617
101 54 0.03101120620638427
101 83 0.027871554546360908
101 82 0.0632468952314317
101 55 0.05641406426698396
101 69 0.11500915066507619
101 51 0.07700878543258687
101 79 0.12379136012414826
101 86 0.10385193451993452
101 92 0.11548299282870529
101 93 0.10375666122416193
101 87 0.07228155081853577
101 78 0.09763535911327095
101 50 0.10551824674498418
101 52 0.012605978019524733
101 46 0.07934327419834646
101 91 0.1419172502106836
101 85 0.10853800759166223
101 84 0.05866065576892994
101 90 0.10667597847145785
101 47 0.04204288887936013
101 53 0.021467132029363928
115 76 0.016762311170755842
115 62 0.05647451918066839
115 89 0.06328609135872584
115 88 0.08616392464315852
115 63 0.028619841382806724
115 77 0.08726650433694445
115 49 0.06170625622263722
115 61 0.034691339872124985
115 75 0.0477584222285619
115 74 0.15349737426374513
115 60 0.02920145030247108
115 48 0.04046468748191591
115 64 0.1105881105873666
115 70 0.09100901715078388
115 58 0.04983088054331231
115 59 0.04870313141092604
115 71 0.0510523469200982
115 65 0.011527419044414497
115 73 0.005180810017735932
115 67 0.10356624029764205
115 66 0.18628208513826938
115 72 0.14456488734932982
115 57 0.0749983050921035
115 94 0.14250368837125563
115 80 0.0565752181733945
115 81 0.04962952049781518
115 95 0.05656521171245173
115 56 0.2027792523082705
115 68 0.16506514992295265
115 54 0.06507789641838874
115 83 0.13338911515200275
115 82 0.055497110123910086
115 55 0.11198894094061353
115 69 0.07623347634208358
115 51 0.07506048833627837
115 79 0.05801706715684641
115 86 0.05563833823151081
115 92 0.14584925012642863
115 93 0.12742579757025718
115 87 0.07571483398361983
115 78 0.08351538841087808
115 50 0.026835369750990587
115 52 0.7589254076114992
115 46 0.4763498951956547
115 91 0.13272737468527107
115 85 0.12998836611197323
115 84 0.026571111878118378
115 90 0.12976213976720014
115 47 0.27348519793028636
115 53 0.23489718084944827
103 76 0.037838952806280676
103 62 0.17363706335599066
103 89 0.06567170850718312
103 88 0.2308679178722957
103 63 0.07779828174367809
103 77 0.062349282892764396
103 49 0.06329267721654136
103 61 0.04139628042190359
103 75 0.04532536483541469
103 74 0.037443598710309
103 60 0.017974378661338858
103 48 0.06718423964523412
103 64 0.094386028473161
103 70 0.3474227369587227
103 58 0.8093115689790509
103 59 0.030504081665374563
103 71 0.1170830232242806
103 65 0.05705020457091612
103 73 0.05214880848228883
103 67 0.27080177727339544
103 66 0.20892400729967614
103 72 0.041176318088480865
103 57 0.42346486759292723
103 94 0.3101045100595176
103 80 0.1290096418661558
103 81 0.24379753609304516
103 95 0.05438376655085583
103 56 0.19869451534575852
103 68 0.5877721326433399
103 54 0.11496720882645142
103 83 0.04401660437491928
103 82 0.08375224135550953
103 55 0.20600260014195698
103 69 0.3931465860862873
103 51 0.03400896346761108
103 79 0.06742528253585928
103 86 0.039406663874948164
103 92 0.3158708036606023
103 93 0.27330812115454234
103 87 0.2005932324037575
103 78 0.29161754115561905
103 50 0.06689908818238799
103 52 0.029982234342236652
103 46 0.16645379691554735
103 91 0.28286659896897604
103 85 0.27635122684908875
103 84 0.06269164498828202
103 90 0.27535947215432666
103 47 0.12683384235026474
103 53 0.045640407957266274
117 76 0.18557939127861764
117 62 0.20210007604028102
117 89 0.04965611591279128
117 88 0.15615779432911195
117 63 0.05056592255057305
117 77 0.3301265000212573
117 49 0.19076825760553046
117 61 0.07712130489209473
117 75 0.5764216868457855
117 74 0.36713039196690156
117 60 0.03311334128622574
117 48 0.38756081417594895
117 64 0.12301782175560849
117 70 0.224067566225447
117 58 0.541713703319196
117 59 0.03352334825475477
117 71 0.05286658905674548
117 65 0.024840918776549092
117 73 0.4367341912971138
117 67 0.16320206470667262
117 66 0.12834320473000557
117 72 0.12576252425219814
117 57 0.22889606137331597
117 94 0.2097651260387878
117 80 0.05126951906874334
117 81 0.1537290115409746
117 95 0.13176552336137878
117 56 0.19556478954374118
117 68 0.3404330286121655
117 54 0.07330298477123676
117 83 0.6174345524035727
117 82 0.06549902458184109
117 55 0.13937029689605043
117 69 0.2370099600228993
117 51 0.12852922298648772
117 79 0.353005612600406
117 86 0.01378123448750862
117 92 0.22165642255258997
117 93 0.1886939773750343
117 87 0.20798317226624569
117 78 0.22631183937000526
117 50 0.02597675169112061
117 52 0.08517972204040115
117 46 0.2931691840462695
117 91 0.1915503202299016
117 85 0.18803301262191036
117 84 0.07846777960289025
117 90 0.18989600332261
117 47 0.09485075070221037
117 53 0.05003287860525935
116 76 0.04224441139803034
116 62 0.15882353091519166
116 89 0.08123815618307165
116 88 0.25847176902526997
116 63 0.08805361456745173
116 77 0.06863441234706949
116 49 0.05455071217329492
116 61 0.09998423383482424
116 75 0.04091885671946076
116 74 0.044340666000499226
116 60 0.03862236262724965
116 48 0.0757864678016369
116 64 0.10201581510579256
116 70 0.3439948289201486
116 58 0.6744954309731841
116 59 0.09590167794988963
116 71 0.06220985174159266
116 65 0.038654176089449335
116 73 0.03203200875520659
116 67 0.26456071705072054
116 66 0.22239245350938996
116 72 0.043660862818489105
116 57 0.37228591162334645
116 94 0.3387714079874908
116 80 0.06825417446197399
116 81 0.2447614215932578
116 95 0.05184008778921189
116 56 0.2452917244679637
116 68 0.5400379262286356
116 54 0.12287255043160897
116 83 0.23697757452208568
116 82 0.38969020000280363
116 55 0.18932367144085097
116 69 0.37148168582621016
116 51 0.017904165798999533
116 79 0.09527251656037526
116 86 0.046171737734896925
116 92 0.3553405937640071
116 93 0.30147191957101793
116 87 0.2246703629204992
116 78 0.2981756357598512
116 50 0.04987716568647441
116 52 0.04697922785137797
116 46 0.2558947089446771
116 91 0.3011371280828963
116 85 0.30161871562549425
116 84 0.10785100176315145
116 90 0.3019051812138012
116 47 0.1373734939926247
116 53 0.037346544731170744
102 76 0.04730179665854652
102 62 0.08926910757880066
102 89 0.056553609610737535
102 88 0.08387906272598802
102 63 0.05451773522602226
102 77 0.04784110796084027
102 49 0.037565626769444346
102 61 0.02215728912011647
102 75 0.034585776729232964
102 74 0.017698668784812077
102 60 0.049129818608753956
102 48 0.02967651894251716
102 64 0.04091968591574571
102 70 0.16282032760772713
102 58 0.48698683895332473
102 59 0.056449333743356686
102 71 0.07605922138625987
102 65 0.011616718130421796
102 73 0.030039581347069702
102 67 0.11853013436306042
102 66 0.06775561657032816
102 72 0.05714336248364364
102 57 0.2352676186455202
102 94 0.11321700193607556
102 80 0.08410407633448566
102 81 0.1170949797239744
102 95 0.01661503583655949
102 56 0.08606459870345051
102 68 0.2816082677886402
102 54 0.05120798185092385
102 83 0.05806223772544879
102 82 0.017527859063675447
102 55 0.08751280224177081
102 69 0.18916973798942427
102 51 0.026650561975248982
102 79 0.04072648532478744
102 86 0.051544259641427934
102 92 0.10803632604342013
102 93 0.09046771825606978
102 87 0.07133750939451974
102 78 0.12018841242197749
102 50 0.034845406051262406
102 52 0.029228410803508686
102 46 0.06525104240509588
102 91 0.09518832634687255
102 85 0.09889319352997726
102 84 0.019584150051727936
102 90 0.09020848068804456
102 47 0.06970350287094326
102 53 0.04289754880952683
106 76 0.06071986006297784
106 62 0.0826111255121813
106 89 0.03387472757899254
106 88 0.1131894245646664
106 63 0.03661448374989987
106 77 0.0148724768371932
106 49 0.04612411341682551
106 61 0.045700994507407736
106 75 0.02234366858397238
106 74 0.026222651476025677
106 60 0.04387961369825129
106 48 0.04869711184696312
106 64 0.04899667581852466
106 70 0.1736606835651483
106 58 0.4196002884069928
106 59 0.04077565442352346
106 71 0.050183336450459304
106 65 0.02497962923852516
106 73 0.026492424827806685
106 67 0.12396916331055698
106 66 0.09171368155434076
106 72 0.14203153100075847
106 57 0.20091185632216907
106 94 0.1398686889285921
106 80 0.04684455546203053
106 81 0.12220012188813036
106 95 0.07561478025060492
106 56 0.08704682900071802
106 68 0.2779775449525628
106 54 0.0609271231317289
106 83 0.02822125101301219
106 82 0.03353284644219737
106 55 0.11626571208154517
106 69 0.20171106931287366
106 51 0.04858826382875816
106 79 0.05549986874998984
106 86 0.05356561946451245
106 92 0.14788469264735798
106 93 0.12488976051048348
106 87 0.09825835619257875
106 78 0.14663608328496622
106 50 0.020287429594076506
106 52 0.0534589164542123
106 46 0.08446043985163719
106 91 0.12505453880671674
106 85 0.12250247932328259
106 84 0.026092221852555997
106 90 0.12373207793187208
106 47 0.08979293564098559
106 53 0.05649378985659844
112 76 0.0364545892746513
112 62 0.1610386635916775
112 89 0.06569839714142427
112 88 0.20900101920566988
112 63 0.06971224254091192
112 77 0.03240966266035114
112 49 0.04596323236322224
112 61 0.03179312580549121
112 75 0.03699969744788453
112 74 0.0293868825704474
112 60 0.03580810322466929
112 48 0.062044641208944595
112 64 0.0947431102561792
112 70 0.32498143176673705
112 58 0.8094713220632456
112 59 0.03542233667885024
112 71 0.0826399807711262
112 65 0.04673373249303868
112 73 0.025464372759240156
112 67 0.23490327596806038
112 66 0.16716955775483144
112 72 0.018837279856168856
112 57 0.3889630139287933
112 94 0.25586539231335587
112 80 0.0907034850767363
112 81 0.2325458148838403
112 95 0.04066008573829204
112 56 0.16258798667782773
112 68 0.5220911254138332
112 54 0.11713104393289257
112 83 0.05907423595530713
112 82 0.043098348917647786
112 55 0.2167449858908233
112 69 0.3805519608198686
112 51 0.030221283681041697
112 79 0.06531445550516238
112 86 0.04661524429239884
112 92 0.27031264213650114
112 93 0.22946817960000587
112 87 0.18098225116444144
112 78 0.27318020843219765
112 50 0.04631649386678301
112 52 0.042057276818316724
112 46 0.1610476785797905
112 91 0.23086956651668866
112 85 0.22481597616429816
112 84 0.05187765118023076
112 90 0.22703449637253212
112 47 0.10527158100066933
112 53 0.03295527077624387
113 76 0.04256189957262767
113 62 0.16492804219978535
113 89 0.09951924636771914
113 88 0.32594689534839283
113 63 0.1278217335256782
113 77 0.09629310273834467
113 49 0.0710126408710323
113 61 0.0511558980669235
113 75 0.035787179427168206
113 74 0.05340744393415612
113 60 0.015988997361774268
113 48 0.10253270243912835
113 64 0.1422891483525941
113 70 0.3669170827606073
113 58 0.604601465706912
113 59 0.0237166437297138
113 71 0.09438938615907859
113 65 0.03340372640778351
113 73 0.0437188995929524
113 67 0.3254560901244449
113 66 0.26572476133630796
113 72 0.049696762929344426
113 57 0.37760689207125947
113 94 0.4267060925832016
113 80 0.10362367850377062
113 81 0.2861854604426125
113 95 0.12190511929962623
113 56 0.2861485148974937
113 68 0.6182132142470281
113 54 0.17138806816007246
113 83 0.18883933042398346
113 82 0.09630357451901729
113 55 0.2158574654199141
113 69 0.41373065775030066
113 51 0.026929497070671216
113 79 0.11726659561057388
113 86 0.032287773525571745
113 92 0.44442897042942175
113 93 0.37850888276430844
113 87 0.2784578615019967
113 78 0.3473405367603786
113 50 0.06493025422228924
113 52 0.049847473546433645
113 46 0.25689407272952286
113 91 0.37694196868524543
113 85 0.38099901968855054
113 84 0.09091760099068674
113 90 0.37958132042161363
113 47 0.18944270406871966
113 53 0.04828298357388697
107 76 0.039025001559001946
107 62 0.09518435381880885
107 89 0.03408757096240328
107 88 0.10776917512861967
107 63 0.039452851497690136
107 77 0.022339327934261202
107 49 0.045968117263651104
107 61 0.023641929237922382
107 75 0.014623976465853047
107 74 0.005194479466242588
107 60 0.048765444559089405
107 48 0.0274356201915035
107 64 0.04203180282216021
107 70 0.03438636689581202
107 58 0.004401922876051886
107 59 0.033141415196428395
107 71 0.0666053028648333
107 65 0.02766716878384129
107 73 0.03822958252579681
107 67 0.09703675375303322
107 66 0.15187973633464763
107 72 0.0011613087639565645
107 57 0.08443004454708826
107 94 0.06802142890974947
107 80 0.07381286203101609
107 81 0.02359138698207429
107 95 0.04827034733767997
107 56 0.5446281650943349
107 68 0.38042769669011334
107 54 0.02025596039831802
107 83 0.06929741043775754
107 82 0.014480848044648206
107 55 0.06799676958050549
107 69 0.040598313658424645
107 51 0.015840812720225597
107 79 0.04005562308951302
107 86 0.03508653925432818
107 92 0.06584810147042701
107 93 0.09190468887319789
107 87 0.05784544451398409
107 78 0.046803474113171525
107 50 0.035869277447597894
107 52 0.009664651706262184
107 46 0.04911693549658069
107 91 0.06569961348313313
107 85 0.06161857148685056
107 84 0.02652590707620535
107 90 0.06029070192332573
107 47 0.019737273131160485
107 53 0.02634649582243785
139 76 0.12304994708392589
139 62 0.044802617429110764
139 89 0.060889762355901975
139 88 0.15958225020486197
139 63 0.03567024619422392
139 77 0.03455380203613946
139 49 0.03793748418209518
139 61 0.10353964343483567
139 75 0.025770090435991544
139 74 0.08940754579119078
139 60 0.04348131729129688
139 48 0.02802006290628868
139 64 0.03303576150823556
139 70 0.11650308521124493
139 58 0.11875065893981748
139 59 0.08725486821785687
139 71 0.057710934736703745
139 65 0.039892441312820465
139 73 0.02177967249221527
139 67 0.11895396956720464
139 66 0.24469010307576616
139 72 0.031153803887247575
139 57 0.1483046309741041
139 94 0.2182816874336016
139 80 0.06390880277439193
139 81 0.07378815240068795
139 95 0.022319133072974784
139 56 0.08028899161187834
139 68 0.2135252394563092
139 54 0.0635101928389074
139 83 0.039020629226708736
139 82 0.06249246265187051
139 55 0.05655089695113689
139 69 0.11664642690617741
139 51 0.04349140394919701
139 79 0.07704904516962918
139 86 0.05472752527804569
139 92 0.2273601735788744
139 93 0.20406803224008502
139 87 0.1292460201236152
139 78 0.10941432539863177
139 50 0.05136819484040361
139 52 0.08455314090009979
139 46 0.09546613323122477
139 91 0.17581110875490494
139 85 0.20362273294273686
139 84 0.026666094020783168
139 90 0.1988063250137012
139 47 0.05572496846655015
139 53 0.030968649754740188
111 76 0.04987808455871819
111 62 0.1987816464656158
111 89 0.11063070812871498
111 88 0.34849907273001757
111 63 0.11415371060238058
111 77 0.054876674462360484
111 49 0.05459207639704364
111 61 0.01931718562814777
111 75 0.04889180787330974
111 74 0.0476100835582701
111 60 0.03671048829878168
111 48 0.09162369272130994
111 64 0.13829446195684328
111 70 0.454250904740906
111 58 0.8873389564623572
111 59 0.03295120966193431
111 71 0.08258804721972163
111 65 0.04171089235792441
111 73 0.04337639578823679
111 67 0.3609624043106998
111 66 0.29514396076487615
111 72 0.021638916854984078
111 57 0.48198217283450717
111 94 0.4469795089510268
111 80 0.09046460007458076
111 81 0.33487829223122295
111 95 0.07336887804933745
111 56 0.25584838400572313
111 68 0.7466980581191759
111 54 0.16905048083182156
111 83 0.06218297549882241
111 82 0.07140363643113315
111 55 0.2563639799855472
111 69 0.5334535300193276
111 51 0.03587695238918297
111 79 0.10941563968276387
111 86 0.02646116098253533
111 92 0.4697156373060647
111 93 0.3980011609299627
111 87 0.3041177976439764
111 78 0.429198421397329
111 50 0.07397710062885099
111 52 0.04262558620767558
111 46 0.24701148833096276
111 91 0.39440040500499907
111 85 0.394678264826923
111 84 0.06252887472409421
111 90 0.396045251765249
111 47 0.17534121000540975
111 53 0.026801874103326004
105 76 0.03170417512200817
105 62 0.0660455180615144
105 89 0.02880943334201709
105 88 0.11223278729078888
105 63 0.03353452844895502
105 77 0.04206071101181373
105 49 0.13302398440211471
105 61 0.03826071071622736
105 75 0.0286122611753636
105 74 0.05798643348713443
105 60 0.04504013721829178
105 48 0.08183241627420566
105 64 0.03683430035945752
105 70 0.1170759366645646
105 58 0.19083181368940327
105 59 0.03181594108392062
105 71 0.28589436584759803
105 65 0.03933915037054868
105 73 0.029933153266082105
105 67 0.1965765623350227
105 66 0.11458751903734565
105 72 0.03660834867670329
105 57 0.255283493093456
105 94 0.20857162831662907
105 80 0.30160586693233005
105 81 0.083361120823611
105 95 0.056632921901224174
105 56 0.26977068369490464
105 68 0.37517732701327894
105 54 0.0412519536983874
105 83 0.14697353213470238
105 82 0.04045571528792523
105 55 0.06252145965630998
105 69 0.14812987906686093
105 51 0.09786146589259631
105 79 0.05432262647798095
105 86 0.16038707371714644
105 92 0.16789684893258106
105 93 0.15650388595065812
105 87 0.10494384427305228
105 78 0.13351232317274353
105 50 0.11803889187532957
105 52 0.028306172794379622
105 46 0.06394119479114459
105 91 0.1739264301420559
105 85 0.18183557682943455
105 84 0.03967567009458821
105 90 0.1640564751354115
105 47 0.062058395652334855
105 53 0.04581611743511968
104 76 0.04993394922305458
104 62 0.1571450764104676
104 89 0.05447477976214668
104 88 0.18175481699147095
104 63 0.06568196824491807
104 77 0.02185316967703732
104 49 0.05465500577681997
104 61 0.03688868861630229
104 75 0.04393706138380074
104 74 0.029819090115749874
104 60 0.03528540219561643
104 48 0.05353940667841526
104 64 0.08897593559729457
104 70 0.3111827935334584
104 58 0.8298550291808593
104 59 0.04307245345794253
104 71 0.05507141375129914
104 65 0.013331399103774594
104 73 0.043959329579383574
104 67 0.19417292131198394
104 66 0.14156488420207358
104 72 0.08283286120073498
104 57 0.36504094632287437
104 94 0.21848933345831956
104 80 0.05122552044529646
104 81 0.22238159083438114
104 95 0.07121071658595587
104 56 0.14611545191713382
104 68 0.46670719993283644
104 54 0.11014252769481794
104 83 0.031829243512498384
104 82 0.03915604317662104
104 55 0.18367751107946795
104 69 0.35204198252075597
104 51 0.01627108599089508
104 79 0.05309025971262885
104 86 0.020199015773205486
104 92 0.23086432927859735
104 93 0.19497514887116363
104 87 0.15403528002911562
104 78 0.23706791583137693
104 50 0.04159150354474499
104 52 0.028263907703892394
104 46 0.14364597598078324
104 91 0.19685654622323567
104 85 0.1915768472247686
104 84 0.04654728875215372
104 90 0.19347409122236986
104 47 0.09864936400078402
104 53 0.05748379299573438
110 76 0.02099119471223186
110 62 0.18675764418026133
110 89 0.18653016438283676
110 88 0.33296144989740056
110 63 0.05774990727136619
110 77 0.2925549189059629
110 49 0.03368743117252354
110 61 0.04045469789572077
110 75 0.05073384104937195
110 74 0.05218898481074365
110 60 0.09449568449611528
110 48 0.07556686009863334
110 64 0.06464270177944792
110 70 0.1900298400268035
110 58 0.354404416486141
110 59 0.022002417554422754
110 71 0.18024148771311174
110 65 0.06468465488220429
110 73 0.03864180831561177
110 67 0.15816322176753358
110 66 0.12760960419693923
110 72 0.17857493608483585
110 57 0.19989075319603822
110 94 0.2045860714620204
110 80 0.18461546542056856
110 81 0.3074783823882395
110 95 0.07862284409664111
110 56 0.15276173333187654
110 68 0.31487018723088395
110 54 0.08150933723841153
110 83 0.03710124482580231
110 82 0.24384432180914994
110 55 0.11684950318776852
110 69 0.30456260386810563
110 51 0.06648600867374502
110 79 0.1694090913296641
110 86 0.013054626416563714
110 92 0.21350777861582326
110 93 0.3170540630874503
110 87 0.13386775513456406
110 78 0.2218472629043287
110 50 0.025096832203444455
110 52 0.026022163735810913
110 46 0.1471356255169372
110 91 0.1963124849902948
110 85 0.20692334950149704
110 84 0.028956236374924588
110 90 0.2022241153658345
110 47 0.09017836794245276
110 53 0.04600970834478907
138 76 0.029828672887599716
138 62 0.1044442062860749
138 89 0.05383377522320146
138 88 0.16599232688234522
138 63 0.05707454124691778
138 77 0.10931772660278183
138 49 0.04336813914395132
138 61 0.048627007020523846
138 75 0.02512903926835819
138 74 0.05570019685040232
138 60 0.03732177984237725
138 48 0.06301723155075924
138 64 0.05380590531099865
138 70 0.15590686793144806
138 58 0.13426240216223384
138 59 0.016006050657265028
138 71 0.08207952057660708
138 65 0.04425470587503377
138 73 0.029592125433698005
138 67 0.1864486608247513
138 66 0.2267624194891288
138 72 0.1448025066710418
138 57 0.20748348249890797
138 94 0.25182771304718365
138 80 0.090680461724125
138 81 0.14417229070108628
138 95 0.041599588077995686
138 56 0.11539385839723275
138 68 0.32058905683855954
138 54 0.06441679122821381
138 83 0.04495553813140958
138 82 0.1411935642491256
138 55 0.07562261464304595
138 69 0.17713876678184864
138 51 0.0221468679536842
138 79 0.04791909098864935
138 86 0.05352868441107172
138 92 0.23891597569496636
138 93 0.2051150013107567
138 87 0.14841825197251518
138 78 0.17559518539933333
138 50 0.04517327446954253
138 52 0.015504267636773178
138 46 0.10394324826059817
138 91 0.20577662058625512
138 85 0.20912002683711253
138 84 0.07202706764598833
138 90 0.20735406736462086
138 47 0.09585124356890526
138 53 0.11879288852665647
140 76 0.1469884218350963
140 62 0.058351872581633296
140 89 0.04718475778268796
140 88 0.1069157802445344
140 63 0.07428067517780162
140 77 0.04625341685701165
140 49 0.10485182722716582
140 61 0.03923146492119957
140 75 0.04202335588476715
140 74 0.014490167828910161
140 60 0.0025681506319125136
140 48 0.055541595261769335
140 64 0.03285220497549478
140 70 0.1701624193450821
140 58 0.22595727939726135
140 59 0.08874833162656354
140 71 0.054610123376249986
140 65 0.008775404114328325
140 73 0.06605339792683432
140 67 0.1287152605219793
140 66 0.2017436949835935
140 72 0.006185783816746879
140 57 0.15469474676801215
140 94 0.16167758059876458
140 80 0.06038298631331973
140 81 0.12293650779583748
140 95 0.06702604097856102
140 56 0.0868338881772711
140 68 0.25388971119316234
140 54 0.04974212682826512
140 83 0.041054118789859054
140 82 0.11450831217217905
140 55 0.0663209968196835
140 69 0.1863226099625476
140 51 0.027446698501716923
140 79 0.034350233867437616
140 86 0.01726089591385381
140 92 0.15644997402641234
140 93 0.13419629274742995
140 87 0.10632921560415243
140 78 0.22287544706412907
140 50 0.10532891593256946
140 52 0.010921272082527689
140 46 0.061527845077339015
140 91 0.13620948475934377
140 85 0.14455534553924565
140 84 0.06978738655792244
140 90 0.13539435636709757
140 47 0.0486905789263515
140 53 0.055527044029291324
135 76 0.12205717767171262
135 62 0.25024787006959104
135 89 0.05654715484927918
135 88 0.18431240875279925
135 63 0.08085275883313138
135 77 0.2306799921759899
135 49 0.29280246313539954
135 61 0.04697253877505271
135 75 0.3405803547849174
135 74 0.1977594956042362
135 60 0.022810496111719245
135 48 0.3174884620537163
135 64 0.07842518983078242
135 70 0.17660641395886
135 58 0.1897111783286306
135 59 0.010796286545885589
135 71 0.18842787617000012
135 65 0.02213457853017088
135 73 0.2540809996662437
135 67 0.21327277118735005
135 66 0.1563737794796231
135 72 0.041723954296754615
135 57 0.2369016291670359
135 94 0.2854731157712683
135 80 0.20424464742973314
135 81 0.19240645670740178
135 95 0.11933053119019649
135 56 0.27969586358869214
135 68 0.3375978951992733
135 54 0.09002946926050406
135 83 0.5607717289547979
135 82 0.03583175917765376
135 55 0.11050695419404516
135 69 0.18770901775825774
135 51 0.12130376791912317
135 79 0.1440961416644683
135 86 0.09022975492264579
135 92 0.2687284468772043
135 93 0.23392262707296968
135 87 0.18808192634381238
135 78 0.21767573890038017
135 50 0.11734335386614395
135 52 0.07253707167836557
135 46 0.2962303839756221
135 91 0.23924335151355292
135 85 0.2414310760420269
135 84 0.16185882274733215
135 90 0.239384167509532
135 47 0.1436105640401016
135 53 0.2724147784100285
121 76 0.08090419951724487
121 62 0.151305710123393
121 89 0.13901242124404223
121 88 0.2880741718913871
121 63 0.1364660911461883
121 77 0.10101479460982178
121 49 0.11458877212722222
121 61 0.051137694239956476
121 75 0.029094166935734217
121 74 0.08473407386310886
121 60 0.06620363092841824
121 48 0.1050417589752647
121 64 0.09574366579934294
121 70 0.11994946628308317
121 58 0.10588436674841402
121 59 0.03849029933139671
121 71 0.324322106823246
121 65 0.09081326711899064
121 73 0.022871993096760426
121 67 0.34143460706958656
121 66 0.14722885751106846
121 72 0.059392522017026744
121 57 0.3764116421334056
121 94 0.5017354375652692
121 80 0.35651262806475437
121 81 0.15408070797494416
121 95 0.08271949796128844
121 56 0.20581504426700858
121 68 0.34234943775017185
121 54 0.10335355817148165
121 83 0.32886387578228543
121 82 0.08477385730151346
121 55 0.18770281695868227
121 69 0.3428728747156955
121 51 0.11812077079081099
121 79 0.09706614645193071
121 86 0.1409424930661544
121 92 0.3722616755918595
121 93 0.2879986768334812
121 87 0.2106334746016892
121 78 0.4488075353353789
121 50 0.12617838187750433
121 52 0.02244303148437561
121 46 0.15978164952844431
121 91 0.3163183568229039
121 85 0.2570114501910457
121 84 0.028353766286997775
121 90 0.2746134995467998
121 47 0.16484559827821438
121 53 0.07094453982243164
109 76 0.07263710264313133
109 62 0.13009268199351495
109 89 0.05738702600375662
109 88 0.18411274012731163
109 63 0.08838367079462633
109 77 0.1442380417895833
109 49 0.09771124643759382
109 61 0.06161707605787922
109 75 0.03465112093117363
109 74 0.13003790894400477
109 60 0.008463043408572651
109 48 0.05348048352392791
109 64 0.07925118435005672
109 70 0.24152406748727928
109 58 0.4907706470548829
109 59 0.007605854440289911
109 71 0.05948533480498569
109 65 0.06192071617051538
109 73 0.003448462898931512
109 67 0.19270296414016694
109 66 0.15048907720081114
109 72 0.13671799099410786
109 57 0.2600790780881833
109 94 0.23651354567465555
109 80 0.0652660846363721
109 81 0.2844178547941244
109 95 0.08807404622018242
109 56 0.1393205248162446
109 68 0.3963399311146636
109 54 0.09588129892704181
109 83 0.04412131879693322
109 82 0.03248871009959385
109 55 0.14767739236531768
109 69 0.28320294038197724
109 51 0.016784643058063972
109 79 0.06177208788542606
109 86 0.033984265135977645
109 92 0.24839954733834235
109 93 0.2123943404299951
109 87 0.16025169161127856
109 78 0.30759327534318476
109 50 0.10370301219496177
109 52 0.04297885819770125
109 46 0.15485884433824848
109 91 0.21288698249189209
109 85 0.20995004824975683
109 84 0.6316449433325882
109 90 0.2154934761188343
109 47 0.09652328857488643
109 53 0.024918329565474254
108 76 0.05546556176468733
108 62 0.23601837931462955
108 89 0.12594514404559845
108 88 0.4084803236197807
108 63 0.1551631366096187
108 77 0.07640543043456256
108 49 0.07988092996914176
108 61 0.045050668049193415
108 75 0.06108190361702134
108 74 0.07112927761014572
108 60 0.03592572146980273
108 48 0.12495985762245729
108 64 0.17952478122332388
108 70 0.5152013307457888
108 58 1.0
108 59 0.03263972206960586
108 71 0.11329816208503363
108 65 0.038337926416166956
108 73 0.0539566183390581
108 67 0.41961198373324876
108 66 0.3382062113214049
108 72 0.06192789445284397
108 57 0.5600116187469196
108 94 0.5250466251794261
108 80 0.12435735753444191
108 81 0.3890972995960258
108 95 0.07989368977478777
108 56 0.30044572492588134
108 68 0.8482733632318772
108 54 0.21835046369930305
108 83 0.08088736212728463
108 82 0.08636128547757285
108 55 0.29911359137337123
108 69 0.5899507774460356
108 51 0.044058521074108375
108 79 0.1366663943529108
108 86 0.03900920761632669
108 92 0.5489890041115247
108 93 0.4654042549805744
108 87 0.3515830090145947
108 78 0.47152425407473747
108 50 0.06830253613435135
108 52 0.036764186119898803
108 46 0.3064624516924119
108 91 0.4647672162099217
108 85 0.46525157615693025
108 84 0.06857568688170038
108 90 0.46597317025485663
108 47 0.23377201247816948
108 53 0.04055844566310163
120 76 0.02467705522061478
120 62 0.10066947551331945
120 89 0.07265153005283881
120 88 0.15845164133605957
120 63 0.03525623145321986
120 77 0.28864514019796356
120 49 0.035685731827672734
120 61 0.004970364723367968
120 75 0.09351954002626929
120 74 0.03038885570211705
120 60 0.03019037458236161
120 48 0.03416027638135313
120 64 0.0517912515649627
120 70 0.0777471786084365
120 58 0.06762752632921071
120 59 0.07177663065626319
120 71 0.0810219258145676
120 65 0.0015261291884983846
120 73 0.039924910150282586
120 67 0.14613558140904026
120 66 0.15163353821631267
120 72 0.04766137806357166
120 57 0.10246559901922558
120 94 0.20030377098891555
120 80 0.08949058165016965
120 81 0.08410271473149804
120 95 0.020542175544851604
120 56 0.09265267770004462
120 68 0.1752372795191817
120 54 0.05264713110991067
120 83 0.05236874585723496
120 82 0.04458600956687307
120 55 0.2784157938623098
120 69 0.09549987498571612
120 51 0.10368323735613094
120 79 0.046993282130066365
120 86 0.040161156554908206
120 92 0.18656513187200424
120 93 0.17311906146783795
120 87 0.13076793658478994
120 78 0.13482426416373308
120 50 0.08254504746546382
120 52 0.0018194277261797814
120 46 0.05583590073703137
120 91 0.1575416789600986
120 85 0.14784347687808455
120 84 0.07979192550568937
120 90 0.14420361405117174
120 47 0.06686823669803543
120 53 0.4484635075732338
134 76 0.16382483578572454
134 62 0.07597742594649717
134 89 0.03426254879383116
134 88 0.1273882750595134
134 63 0.05073605874972777
134 77 0.06072650551214052
134 49 0.27089916362251243
134 61 0.017600217576691474
134 75 0.3846242189672522
134 74 0.12379802344047816
134 60 0.06667555916093466
134 48 0.27466009742332564
134 64 0.06887581109296428
134 70 0.12851637218510303
134 58 0.17083135984016906
134 59 0.016817800055313872
134 71 0.37406230298451254
134 65 0.0
134 73 0.29312690908819916
134 67 0.2036086423829143
134 66 0.11485003116292476
134 72 0.0729743411508259
134 57 0.2679450473666797
134 94 0.2343971078531833
134 80 0.4027737482288772
134 81 0.09048575442201795
134 95 0.12433559334817315
134 56 0.10177390004384863
134 68 0.2802748251028211
134 54 0.07900486409996121
134 83 0.31266302929047746
134 82 0.024857269977888827
134 55 0.19383360435387342
134 69 0.14472183237800304
134 51 0.12785961221958772
134 79 0.04688617948547893
134 86 0.11826910125783524
134 92 0.18943699022109778
134 93 0.17316190136549203
134 87 0.11442005002802356
134 78 0.13368123681437996
134 50 0.0998477223964224
134 52 0.5778181607513183
134 46 0.11368563964294959
134 91 0.18289527324647897
134 85 0.18333038459654033
134 84 0.08081542242905924
134 90 0.17964153816078388
134 47 0.25474542677025697
134 53 0.48621483053590037
122 76 0.06876111714034527
122 62 0.07429759540132724
122 89 0.09837297741637842
122 88 0.16993529852294448
122 63 0.11366718301082361
122 77 0.08599634219494241
122 49 0.23692269802522115
122 61 0.028604936346170173
122 75 0.019930299097954338
122 74 0.12261800592673998
122 60 0.02190591523986689
122 48 0.08480560725519187
122 64 0.05673507958197657
122 70 0.13956570946961946
122 58 0.14115416354766425
122 59 0.04192530448167678
122 71 0.5430731685986914
122 65 0.008077141671273755
122 73 0.002552583803469455
122 67 0.4102891851779711
122 66 0.15817309622466283
122 72 0.019161196606066605
122 57 0.43367939367693187
122 94 0.2846437219445618
122 80 0.5796215365189871
122 81 0.12034977079330211
122 95 0.04566561789517548
122 56 0.11217876211196695
122 68 0.3805466567377719
122 54 0.0678656310974129
122 83 0.3091332102670042
122 82 0.03473988884981505
122 55 0.09972130547433
122 69 0.2046350174618944
122 51 0.1696796086474259
122 79 0.04527636085303671
122 86 0.28019063344411016
122 92 0.25279278700682406
122 93 0.22858040456190415
122 87 0.15548287974847863
122 78 0.2481149689021533
122 50 0.26987653562653285
122 52 0.05774656055447605
122 46 0.10381792093898963
122 91 0.24476740681712927
122 85 0.5007659991953805
122 84 0.10241601812225518
122 90 0.4556784322451602
122 47 0.10144532121464052
122 53 0.0682056805301547
136 76 0.009808731272109725
136 62 0.07336250011377839
136 89 0.0876100747039703
136 88 0.08211018589501426
136 63 0.09622531422731702
136 77 0.28334374257248585
136 49 0.21175926875616108
136 61 0.05290094209206814
136 75 0.005668614869741004
136 74 0.016837881560539905
136 60 0.05048477735020165
136 48 0.18748667987071402
136 64 0.03251320505772577
136 70 0.07971074530849048
136 58 0.08612276518789365
136 59 0.0970346287545208
136 71 0.028220385466884865
136 65 0.055166329928682735
136 73 0.06310444960249045
136 67 0.0836371442019429
136 66 0.06803773838949598
136 72 0.08581222965483791
136 57 0.08453580416752332
136 94 0.11664782545606307
136 80 0.031406215138136157
136 81 0.4395494181921846
136 95 0.03557045214556939
136 56 0.27989704879826827
136 68 0.19729604884986648
136 54 0.044243721618640555
136 83 0.030750606822470494
136 82 0.05538853951690655
136 55 0.08257968985218336
136 69 0.08198698976826987
136 51 0.06822910900439043
136 79 0.6491909529408847
136 86 0.04872442387888175
136 92 0.11905838701055098
136 93 0.10074177759907592
136 87 0.06997667011081954
136 78 0.10967602808204087
136 50 0.08040758209244639
136 52 0.029520531414801515
136 46 0.1513736259377626
136 91 0.14206283797838293
136 85 0.10209766008684804
136 84 0.01274959748520424
136 90 0.10252602345435599
136 47 0.20443558548927954
136 53 0.021519793094844364
137 76 0.04439420115440891
137 62 0.06779437632926263
137 89 0.054984228212412826
137 88 0.1860927419723914
137 63 0.05893590330219496
137 77 0.0758732228108549
137 49 0.03763924662264455
137 61 0.039897052219741505
137 75 0.05018961456795227
137 74 0.04812812237772654
137 60 0.019712680736764784
137 48 0.04581843989937813
137 64 0.05858325098108899
137 70 0.18999494765166391
137 58 0.18940913858262415
137 59 0.03575554596451487
137 71 0.05910081996251179
137 65 0.027851462914696423
137 73 0.06669733243608426
137 67 0.2002272752575908
137 66 0.20089861622343128
137 72 0.04829117012220361
137 57 0.18757367923745283
137 94 0.2595486555722704
137 80 0.06538602384820541
137 81 0.13805745965002753
137 95 0.05093590759116118
137 56 0.13622355608596082
137 68 0.3593101851215678
137 54 0.0705417744581676
137 83 0.0479829708731428
137 82 0.07583616408974535
137 55 0.08902281113022738
137 69 0.21439199433385547
137 51 0.07431383412076609
137 79 0.1393004537847668
137 86 0.018558156366397294
137 92 0.2683624210784891
137 93 0.22770081222196664
137 87 0.16604748728381719
137 78 0.20690942207692176
137 50 0.08135856556541861
137 52 0.06288426561894513
137 46 0.11667475103130881
137 91 0.22848769027389393
137 85 0.23061114449086753
137 84 0.0450049318808409
137 90 0.22980764217324043
137 47 0.09836966922817113
137 53 0.048596651795942795
123 76 0.070924443423778
123 62 0.08264488512226435
123 89 0.04049412446028065
123 88 0.2094967592594798
123 63 0.058713717749406674
123 77 0.05347431159144771
123 49 0.16290205280453823
123 61 0.03641971671026961
123 75 0.019064810954536188
123 74 0.04070578935872386
123 60 0.050381659253442644
123 48 0.07138703057123255
123 64 0.05014135837672858
123 70 0.12383838967033839
123 58 0.11402644519351307
123 59 0.020582063693079272
123 71 0.31321886004194427
123 65 0.05352630175507464
123 73 0.011218914472738192
123 67 0.23305425140923863
123 66 0.13949846844687214
123 72 0.03139162295447499
123 57 0.38070675082770405
123 94 0.5807401912623843
123 80 0.3434203421862562
123 81 0.10559148802408969
123 95 0.11759478025128836
123 56 0.15615263540707963
123 68 0.3523130256433562
123 54 0.05948950983200451
123 83 0.22659672436892175
123 82 0.04369400584765867
123 55 0.08802813292940515
123 69 0.15749941546249094
123 51 0.10207725274578945
123 79 0.0859315655711665
123 86 0.20101832713573137
123 92 0.28060365375430646
123 93 0.2160353940902825
123 87 0.1430253453768296
123 78 0.24744784852381058
123 50 0.1703669587253499
123 52 0.060933579635975996
123 46 0.09259743990223537
123 91 0.23457633262280714
123 85 0.2286325867744933
123 84 0.036228100812181405
123 90 0.22062648826231468
123 47 0.09117150891655763
123 53 0.06719107703058448
127 76 0.1481779106480458
127 62 0.12481412321775329
127 89 0.08826233276560838
127 88 0.3044140654596167
127 63 0.1120367053887397
127 77 0.08114936401489575
127 49 0.2265252291474845
127 61 0.02506821914860617
127 75 0.009875743699008288
127 74 0.04476479070916882
127 60 0.0447965475913983
127 48 0.10553957686394914
127 64 0.11112230518267745
127 70 0.2853143566579316
127 58 0.3089948238745335
127 59 0.07724171038615996
127 71 0.34357573701019933
127 65 0.007270659656967174
127 73 0.0058843427989922065
127 67 0.3557497779314625
127 66 0.27165210720259086
127 72 0.08985652036088408
127 57 0.35591159747918216
127 94 0.44343463025343643
127 80 0.3610269501509226
127 81 0.2263168492859795
127 95 0.09265189619713003
127 56 0.27171053971970727
127 68 0.5932121325157849
127 54 0.13279296468259602
127 83 0.06525599019185019
127 82 0.06340195313572805
127 55 0.16541995941031637
127 69 0.3335112031561965
127 51 0.23294867179601747
127 79 0.21763285870184784
127 86 0.21181344649939754
127 92 0.4292136347142227
127 93 0.37598471313391496
127 87 0.3385919780358086
127 78 0.3166213497611603
127 50 0.3409682379709775
127 52 0.03313175621336656
127 46 0.20646391690247876
127 91 0.43875886454313173
127 85 0.39080207839267667
127 84 0.056952865506574975
127 90 0.38481821777448716
127 47 0.17727887561320943
127 53 0.07288498232649125
133 76 0.03055293831876045
133 62 0.28115678357152946
133 89 0.033062203007343735
133 88 0.12508159930550772
133 63 0.06549576469661011
133 77 0.285291736409799
133 49 0.3907105804137784
133 61 0.07467811641750632
133 75 0.07610313116853674
133 74 0.16381532076467242
133 60 0.013256222289880992
133 48 0.2522972491649546
133 64 0.05977663263616329
133 70 0.10962463941630747
133 58 0.1278034182815495
133 59 0.05006335158605384
133 71 0.2664060327111449
133 65 0.030365360982300083
133 73 0.05879909609685017
133 67 0.1927565601360977
133 66 0.10058632692681531
133 72 0.05487282239616947
133 57 0.3253871995046971
133 94 0.20960532796165052
133 80 0.28647655023560603
133 81 0.1819985853904926
133 95 0.115966107757998
133 56 0.09906707603254096
133 68 0.23688369930677217
133 54 0.09614825158244855
133 83 0.08678813966613264
133 82 0.19994169212700527
133 55 0.07480388287535825
133 69 0.11979829910784497
133 51 0.05716869533017358
133 79 0.34173143468219536
133 86 0.08669473832316532
133 92 0.17805252327339444
133 93 0.1579969251224721
133 87 0.10547899085407883
133 78 0.11265293518524788
133 50 0.12028436009105165
133 52 0.04023425170895138
133 46 0.11107418761576128
133 91 0.1639972099002798
133 85 0.16546330594786868
133 84 0.1262053159364542
133 90 0.16346079708997494
133 47 0.2694425492405583
133 53 0.45981570484102285
132 76 0.07451632227733358
132 62 0.11840325815960606
132 89 0.14809722310301246
132 88 0.37666218774883187
132 63 0.1185103192075671
132 77 0.09165564024870748
132 49 0.08315080691560667
132 61 0.061326220068561706
132 75 0.037176912356144454
132 74 0.11772162860153484
132 60 0.05922499809281275
132 48 0.0959749984386862
132 64 0.11819992402900559
132 70 0.26452395533143885
132 58 0.2663247434685463
132 59 0.018169347588266924
132 71 0.10109349775686945
132 65 0.05235187238431483
132 73 0.009038306553816614
132 67 0.2810007364806732
132 66 0.23465073456502483
132 72 0.08650278437517475
132 57 0.25304507130457143
132 94 0.5026502150594995
132 80 0.11134326887209753
132 81 0.20374148798734643
132 95 0.05986852361595468
132 56 0.34366517337681873
132 68 0.4770875202736454
132 54 0.13666720986549125
132 83 0.20822465899054018
132 82 0.05022693626122811
132 55 0.15076227875699982
132 69 0.2866097922597756
132 51 0.027343694182224793
132 79 0.1045514185555265
132 86 0.11427110726520733
132 92 0.526566966555679
132 93 0.47783337949677657
132 87 0.30455818326601153
132 78 0.27066300700565543
132 50 0.05668200842980998
132 52 0.08379374196272577
132 46 0.3178964532611039
132 91 0.4246807480231961
132 85 0.4474436614674089
132 84 0.05396296510819016
132 90 0.4525804625035662
132 47 0.1775687213835473
132 53 0.07515490448537457
126 76 0.05853545215494547
126 62 0.06226610942873646
126 89 0.1230862382391536
126 88 0.16690166091031555
126 63 0.07381468117488571
126 77 0.10963856263225631
126 49 0.15449573665022626
126 61 0.029424976822756493
126 75 0.04580103926088086
126 74 0.08174649120864524
126 60 0.036932604759624926
126 48 0.06993615136426712
126 64 0.05026366278642889
126 70 0.12040611785771341
126 58 0.12442476001294621
126 59 0.03698346658186172
126 71 0.32750109100049907
126 65 0.037987675989869046
126 73 0.048020434367984276
126 67 0.37679497373997545
126 66 0.1590721333601438
126 72 0.04030743016961319
126 57 0.34331179158176695
126 94 0.4094870352308497
126 80 0.3614127190885244
126 81 0.10964684208678363
126 95 0.03680029729664873
126 56 0.09515482039453832
126 68 0.352666914674334
126 54 0.060494982061430426
126 83 0.35392924747791255
126 82 0.05873746396662865
126 55 0.08540396464819516
126 69 0.21559246764561293
126 51 0.11968168348457199
126 79 0.08307218055757384
126 86 0.15154779528635914
126 92 0.43811689549904376
126 93 0.38823940123326417
126 87 0.19173820630556787
126 78 0.2929513072832754
126 50 0.17263851703922783
126 52 0.04432764042233177
126 46 0.09029774355222141
126 91 0.4464259089918128
126 85 0.5914969852961274
126 84 0.03146322503527835
126 90 0.5800157464462152
126 47 0.08257059564099467
126 53 0.05315269021473411
118 76 0.15653115795321948
118 62 0.2234252948816852
118 89 0.076382095978438
118 88 0.14123848320906207
118 63 0.05135294118758305
118 77 0.05382764962591879
118 49 0.3429139698893108
118 61 0.00443162929546391
118 75 0.010005563685818147
118 74 0.06552856525676401
118 60 0.025739131211819546
118 48 0.18925701101479322
118 64 0.05771902640546264
118 70 0.1723605534708697
118 58 0.3361731932758038
118 59 0.26515128666160576
118 71 0.19792540481195364
118 65 0.05099481634456765
118 73 0.023458131674235105
118 67 0.16688974905399676
118 66 0.11625940249021995
118 72 0.006766116688639967
118 57 0.29037105607788094
118 94 0.20016257425685086
118 80 0.2174410178862149
118 81 0.41848757202270487
118 95 0.050930135899674024
118 56 0.3176830138887575
118 68 0.3126200037622195
118 54 0.06889309674134964
118 83 0.1222943262864588
118 82 0.05706293360154212
118 55 0.11032882557794361
118 69 0.1948168640764795
118 51 0.15772146168467802
118 79 0.22729786273898125
118 86 0.07798276422267651
118 92 0.19571518835859325
118 93 0.17128638038532928
118 87 0.16675239742009262
118 78 0.15702094931539634
118 50 0.2815493689467818
118 52 0.03665959343109548
118 46 0.16701042420758197
118 91 0.20251720307027193
118 85 0.17575264726854023
118 84 0.14164469143772848
118 90 0.1748191138308025
118 47 0.3887934472892663
118 53 0.3318797141784385
130 76 0.01568793933908902
130 62 0.06982174554697002
130 89 0.06765091484020731
130 88 0.24079651038232192
130 63 0.05782006315524632
130 77 0.06190606321041023
130 49 0.061716372232122514
130 61 0.04534698701970276
130 75 0.045812568051036257
130 74 0.02614495260796426
130 60 0.01857068595205949
130 48 0.04669361435894774
130 64 0.06136895128603618
130 70 0.14049330562640736
130 58 0.1531655354800885
130 59 0.03373002370772023
130 71 0.06284740512576714
130 65 0.02502016584124124
130 73 0.0444191220143073
130 67 0.15053046693460662
130 66 0.1470459866716814
130 72 0.054493695861293184
130 57 0.12454290756507028
130 94 0.24489159514092074
130 80 0.06080118405548736
130 81 0.11573503206378774
130 95 0.0792423477510838
130 56 0.16728239857191565
130 68 0.24086898578899912
130 54 0.0803327466933064
130 83 0.19985240787152
130 82 0.05285865489264021
130 55 0.07993693313185495
130 69 0.15059416595982572
130 51 0.007646965802658376
130 79 0.10034544618318687
130 86 0.010970416794400195
130 92 0.24629073494046277
130 93 0.22156039693674656
130 87 0.12235441892079266
130 78 0.13936469571755414
130 50 0.04082443850665095
130 52 0.03899621783668493
130 46 0.24937372918040096
130 91 0.17136182218500282
130 85 0.20645695130036162
130 84 0.08170759781819806
130 90 0.19820959807343835
130 47 0.08742615166925727
130 53 0.0618560145315928
124 76 0.07353472328770394
124 62 0.11460415400389462
124 89 0.03829257804015966
124 88 0.3264679828080102
124 63 0.054282416042323305
124 77 0.04356619664040927
124 49 0.13256468327009954
124 61 0.04554550876938722
124 75 0.03144250601377059
124 74 0.03099958971591152
124 60 0.04382950244659557
124 48 0.055296247659958726
124 64 0.05026366278642889
124 70 0.12023509150550436
124 58 0.12442476001294621
124 59 0.024595353934197747
124 71 0.28288392649949945
124 65 0.02926488873283059
124 73 0.05095175107917824
124 67 0.26221971004160083
124 66 0.12547073559696953
124 72 0.10295333165998113
124 57 0.2585921523862504
124 94 0.21973248616510643
124 80 0.3071245072402701
124 81 0.1036240493282726
124 95 0.23354895052644198
124 56 0.11321128668057988
124 68 0.29520060847584073
124 54 0.060494982061430426
124 83 0.31768282695245975
124 82 0.0279958670483805
124 55 0.08218556221513701
124 69 0.22362012593271918
124 51 0.054503926600295814
124 79 0.044859718302877535
124 86 0.0686094076155906
124 92 0.29492140794471366
124 93 0.23460341445875466
124 87 0.13622022007584725
124 78 0.2503211416780409
124 50 0.11204505839884484
124 52 0.10909505014783892
124 46 0.09419742746950202
124 91 0.8371882925782159
124 85 0.19294599312791294
124 84 0.02936374459470524
124 90 0.20722578584049456
124 47 0.12819917628935953
124 53 0.06550151659278373
125 76 0.048082784710746417
125 62 0.11009857196929727
125 89 0.12191329796405806
125 88 0.2159579778740541
125 63 0.07202294997880893
125 77 0.044439902198862055
125 49 0.15453667767950408
125 61 0.02720349612976701
125 75 0.04753560245587428
125 74 0.04820235305825154
125 60 0.04144440911866566
125 48 0.0697284917908636
125 64 0.05405638436700368
125 70 0.14342637965844454
125 58 0.13333384675002452
125 59 0.0288407684498075
125 71 0.30476426083041785
125 65 0.03513726035994526
125 73 0.0637643456832773
125 67 0.3851196395603329
125 66 0.15674609510672494
125 72 0.0072851207840710225
125 57 0.3284180529818221
125 94 0.23155402104046985
125 80 0.3374660507871486
125 81 0.1134304945332585
125 95 0.04312873077946898
125 56 0.29784753920766016
125 68 0.4919034249404805
125 54 0.06499356112525945
125 83 0.3576993915345273
125 82 0.036784589075538054
125 55 0.08655126105542243
125 69 0.22316415732808506
125 51 0.09225774031560627
125 79 0.06636312156849852
125 86 0.14831980103372427
125 92 0.23201538642398822
125 93 0.2299491273114071
125 87 0.18786239067628907
125 78 0.2781434005485475
125 50 0.1618413657913989
125 52 0.011348663489000613
125 46 0.09648221073793754
125 91 0.3211595881072904
125 85 0.2912524753230001
125 84 0.060630330411449586
125 90 0.2809136858549492
125 47 0.0912044535191748
125 53 0.05005279596369579
131 76 0.06292516858058564
131 62 0.12260326748804641
131 89 0.15930487151757028
131 88 0.4758383206230438
131 63 0.09787657455737057
131 77 0.03420151017591527
131 49 0.03828600267454475
131 61 0.006386876330998548
131 75 0.010861528927655809
131 74 0.13734635297265962
131 60 0.08049258295618812
131 48 0.06976885864428234
131 64 0.10998843106765062
131 70 0.2546919902647368
131 58 0.6076341842611253
131 59 0.17160978240123598
131 71 0.06318415595882007
131 65 0.0484208727077422
131 73 0.001109986528856896
131 67 0.28660078709731307
131 66 0.18415259021971947
131 72 0.011605952577562376
131 57 0.47939402043288976
131 94 0.39163937106597807
131 80 0.06958903584604051
131 81 0.2069209224660746
131 95 0.04197510463821333
131 56 0.15184499631445555
131 68 0.43298788927495035
131 54 0.13436390793342418
131 83 0.034504909600071285
131 82 0.04488215483643221
131 55 0.14819496210917912
131 69 0.2911833326951621
131 51 0.035815153790985876
131 79 0.0672115225185697
131 86 0.11207486949116173
131 92 0.4154353364285515
131 93 0.3713784453135635
131 87 0.4200564651281782
131 78 0.2408014386112003
131 50 0.03506901120460525
131 52 0.011401691349867293
131 46 0.17282746821465628
131 91 0.4285481417647445
131 85 0.3659237027664262
131 84 0.028461640232768273
131 90 0.3632537873629457
131 47 0.1373707369952764
131 53 0.019684802522163494
119 76 0.02074216765285694
119 62 0.11095649807011546
119 89 0.060988177284284725
119 88 0.20242367286610985
119 63 0.034448632968982956
119 77 0.30904699379600514
119 49 0.04169628468488511
119 61 0.2079427793583559
119 75 0.04384506721207289
119 74 0.12183994664242191
119 60 0.05892430334333202
119 48 0.07460793346610389
119 64 0.0409052841054353
119 70 0.19933102198390368
119 58 0.40202188843138426
119 59 0.006107986136850388
119 71 0.10273144508549943
119 65 0.04078220484760904
119 73 0.015552768724401048
119 67 0.12284797395752252
119 66 0.09135949422397747
119 72 0.00577814188578088
119 57 0.18982096499051232
119 94 0.15722745356544185
119 80 0.10141296039791206
119 81 0.11872276111530662
119 95 0.02606888010639713
119 56 0.11926544363679976
119 68 0.2693879624913159
119 54 0.04986874182596571
119 83 0.06719362764935652
119 82 0.024146372357844698
119 55 0.14747335127300598
119 69 0.1909558438151378
119 51 0.049432468790700144
119 79 0.39524004938952195
119 86 0.16351147580515113
119 92 0.16620588538940362
119 93 0.14136653099982172
119 87 0.1056972577835043
119 78 0.14433385686932548
119 50 0.020449242745980215
119 52 0.0465328330536022
119 46 0.11783544080467613
119 91 0.14446106472693787
119 85 0.14179045304006116
119 84 0.05882690633280024
119 90 0.14320648153728538
119 47 0.07785645839541641
119 53 0.02472434073091774
