114 76 0.17089531894322257
114 62 0.24223630625616344
114 89 0.15645584338696744
114 88 0.31718561613389856
114 63 0.1873333230453995
114 77 0.08030507306455992
114 49 0.12858509169968757
114 61 0.07246584056371894
114 75 0.10331566605957233
114 74 0.23564631675378178
114 60 0.0942527059871897
114 48 0.12384610312953798
114 64 0.144627299544146
114 70 0.31922583175334435
114 58 0.6007470385354512
114 59 0.13679534783461486
114 71 0.14132301265256678
114 65 0.07977313654325849
114 73 0.09518661206177997
114 67 0.29518789887804475
114 66 0.25979212397538454
114 72 0.13857221593505958
114 57 0.3501622569009071
114 94 0.36537572650458017
114 80 0.14358502536027132
114 81 0.3072660025330819
114 95 0.14745143196026342
114 56 0.20153049342433796
114 68 0.47073573863746865
114 54 0.14798242338473555
114 83 0.12182787887570459
114 82 0.04731848530998117
114 55 0.2515926368045479
114 69 0.35016398571559004
114 51 0.10082393496853019
114 79 0.1419912699524773
114 86 0.10369695911963352
114 92 0.3723349301463437
114 93 0.33859460455758944
114 87 0.3337869494999012
114 78 0.28795469180871136
114 50 0.13993874865483813
114 52 0.0900457667407768
114 46 0.1990978144462286
114 91 0.35114996996366393
114 85 0.34819231674569545
114 84 0.08666270796083647
114 90 0.35266016296409763
114 47 0.19390913749319
114 53 0.1214206042184839
100 76 0.10646331334647235
100 62 0.1500101048969127
100 89 0.09909029211444546
100 88 0.1791376479750002
100 63 0.24780523797469017
100 77 0.10545538132355982
100 49 0.2202712541559568
100 61 0.08659657446925197
100 75 0.08968774350874051
100 74 0.11725784725660293
100 60 0.08786009866585646
100 48 0.14469616239463712
100 64 0.15599081545008125
100 70 0.19128337299293457
100 58 0.25702893588781744
100 59 0.0893539553249636
100 71 0.40950125802258386
100 65 0.08185035073915653
100 73 0.06502108252647318
100 67 0.297996211594475
100 66 0.16893130486600594
100 72 0.07971259682754217
100 57 0.37374645814533625
100 94 0.21051259158387536
100 80 0.4342980536072164
100 81 0.17148874602148123
100 95 0.11774356305127336
100 56 0.1975436989831904
100 68 0.388144034015207
100 54 0.1383859087333069
100 83 0.12084542985838014
100 82 0.10325236567228845
100 55 0.2649982379837864
100 69 0.217998182891786
100 51 0.15761834693689963
100 79 0.09300208843382467
100 86 0.2121871132981751
100 92 0.1999063355566938
100 93 0.19836714544320683
100 87 0.20581694897688
100 78 0.18841833176470565
100 50 0.24584191328150742
100 52 0.08735048661921815
100 46 0.2024925488261502
100 91 0.21793668328291121
100 85 0.21611318216343
100 84 0.11054900250896545
100 90 0.20492952195529682
100 47 0.12252430016779176
100 53 0.10209284596078716
128 76 0.10448140220550163
128 62 0.0947066643685166
128 89 0.14980571614666152
128 88 0.3257260748051217
128 63 0.09227277304822806
128 77 0.10089729527994301
128 49 0.09382223435552946
128 61 0.07807594759797382
128 75 0.06791670426072641
128 74 0.07551244452675948
128 60 0.07394011257249536
128 48 0.08198493986147701
128 64 0.09143499397798027
128 70 0.25050015410301774
128 58 0.11134667368113134
128 59 0.06080424375569571
128 71 0.10536411124280241
128 65 0.04440769919751075
128 73 0.08117351489783109
128 67 0.3129314434900067
128 66 0.23944068967951299
128 72 0.09173882803352824
128 57 0.20746812795600544
128 94 0.4374168456822636
128 80 0.10969770235429326
128 81 0.25700666710268205
128 95 0.15121194938599744
128 56 0.24778232886853438
128 68 0.5282994451571303
128 54 0.12889839853811086
128 83 0.08230050383399487
128 82 0.057648099615523224
128 55 0.16642819191120714
128 69 0.28940628127013457
128 51 0.09573681494855761
128 79 0.15906125582449668
128 86 0.0743383072201104
128 92 0.436973219681144
128 93 0.3874171246027816
128 87 0.36930209259438634
128 78 0.28574836152061045
128 50 0.12731439967619151
128 52 0.11076206553273443
128 46 0.18365309832235044
128 91 0.35797924549963656
128 85 0.38390790577662826
128 84 0.08035385515541954
128 90 0.3906210861437521
128 47 0.13176950702755186
128 53 0.06834218622924401
129 76 0.10272874770037019
129 62 0.27234627030053543
129 89 0.2087481854742612
129 88 0.4602935210407261
129 63 0.16691955137188724
129 77 0.13789947680090126
129 49 0.14357488855768707
129 61 0.12933176705488378
129 75 0.1056104068435489
129 74 0.18634519511136713
129 60 0.10206104943253559
129 48 0.1803073944148978
129 64 0.20627572649180478
129 70 0.3698540135071728
129 58 0.7007767468651898
129 59 0.10561926535076324
129 71 0.1650297654283321
129 65 0.133686845096915
129 73 0.11128168739337792
129 67 0.4324627248773883
129 66 0.3502387468366035
129 72 0.11314035309340044
129 57 0.5898315934922346
129 94 0.5723845868730012
129 80 0.17464605112474846
129 81 0.38005101907359695
129 95 0.18893390194428766
129 56 0.3057591851268652
129 68 0.6564381862879914
129 54 0.25477487560408874
129 83 0.14440029631108506
129 82 0.3287618946283047
129 55 0.21497137549583628
129 69 0.44727638475826464
129 51 0.13689543859091163
129 79 0.18225168577010484
129 86 0.11407105617600692
129 92 0.5679442345147636
129 93 0.5196962345605902
129 87 0.4389264127384256
129 78 0.4147906828583997
129 50 0.11313240412375347
129 52 0.11935263082658533
129 46 0.28680422461318045
129 91 0.5145798604286402
129 85 0.49046622463424305
129 84 0.15482743888864006
129 90 0.4974694322880989
129 47 0.2220749503633948
129 53 0.159942168244167
101 76 0.03946495828185992
101 62 0.13204853965261054
101 89 0.11147000834044657
101 88 0.1701561251403097
101 63 0.08261050191288766
101 77 0.11846148601136601
101 49 0.12485038653701346
101 61 0.07213984596914388
101 75 0.05815937304696692
101 74 0.04543885750356205
101 60 0.058872627525504706
101 48 0.08625130045024122
101 64 0.08034886415331549
101 70 0.10947327836833066
101 58 0.1480175021795898
101 59 0.0691657450954643
101 71 0.18605140918741359
101 65 0.0636667145560757
101 73 0.06679845304620502
101 67 0.19089968989886136
101 66 0.12119855751598232
101 72 0.047750746194143434
101 57 0.25266331379409385
101 94 0.19309297696590177
101 80 0.20527048400819922
101 81 0.1658857762847331
101 95 0.0177111266414961
101 56 0.16606123113763727
101 68 0.2550941321897394
101 54 0.06627331874698192
101 83 0.06903288990543252
101 82 0.09441517719995338
101 55 0.1184525574303874
101 69 0.12552817825448667
101 51 0.10064769398737557
101 79 0.13740844803284955
101 86 0.1232478826074061
101 92 0.18903444498653355
101 93 0.17680674140092265
101 87 0.16484069861732958
101 78 0.13443638481265718
101 50 0.1354750928591184
101 52 0.052164532505865724
101 46 0.13775359481003402
101 91 0.22773788353841898
101 85 0.16624410143108714
101 84 0.08795052705499504
101 90 0.1710588837098636
101 47 0.05272596328275317
101 53 0.06013417243547639
115 76 0.05622004662274882
115 62 0.05882210713417424
115 89 0.0941878582403252
115 88 0.10913129176283069
115 63 0.0311692903610315
115 77 0.11636317465845984
115 49 0.06359831415702522
115 61 0.06094295882373996
115 75 0.06684892162909686
115 74 0.13871581998325624
115 60 0.05437855578799952
115 48 0.06991687274317054
115 64 0.12824616386750523
115 70 0.07967107656613909
115 58 0.11935178038289651
115 59 0.06520416545217464
115 71 0.09925394350366416
115 65 0.03322048343097159
115 73 0.025229744996707576
115 67 0.13085724316135527
115 66 0.22994262336722968
115 72 0.13983793596856237
115 57 0.11887892043588917
115 94 0.20878644885018757
115 80 0.10238213804728921
115 81 0.08827668391178857
115 95 0.08710042132180787
115 56 0.24693800894272747
115 68 0.20459222536322172
115 54 0.099986465353843
115 83 0.1538439185636174
115 82 0.08192910471785458
115 55 0.1497111411951741
115 69 0.10779464758171467
115 51 0.09582165926757123
115 79 0.10877152008894153
115 86 0.08431105837029852
115 92 0.20179412691846368
115 93 0.19515565767663737
115 87 0.16603628704346918
115 78 0.1086447159117683
115 50 0.06911801145254834
115 52 0.6258441793584619
115 46 0.4383364005348229
115 91 0.1900819149267376
115 85 0.19545657812987335
115 84 0.05401252301361453
115 90 0.20086109474894132
115 47 0.2708274700789552
115 53 0.24115361934705093
103 76 0.15295908956316534
103 62 0.3073171658318167
103 89 0.17949958639200303
103 88 0.28180913510229233
103 63 0.19948434427891204
103 77 0.1979309172664765
103 49 0.180778791589557
103 61 0.16158479358441513
103 75 0.1595107839708185
103 74 0.17317161049558863
103 60 0.14310665462876382
103 48 0.17722189444694986
103 64 0.19994787974654799
103 70 0.38181327688787237
103 58 0.9870976299357102
103 59 0.15284964192564948
103 71 0.20636249681859647
103 65 0.16934683169062856
103 73 0.16217398507685915
103 67 0.31523943514123864
103 66 0.3837102219266699
103 72 0.16278011539023407
103 57 0.5189889963591597
103 94 0.3336740063544421
103 80 0.21288650438088036
103 81 0.35101678928570923
103 95 0.18719034885930635
103 56 0.25703884132016547
103 68 0.5410525931017395
103 54 0.20519301049940164
103 83 0.17451128066866103
103 82 0.21516050437842152
103 55 0.21993706124861734
103 69 0.4022576779571435
103 51 0.15423629946222156
103 79 0.16163621516267426
103 86 0.153775506727788
103 92 0.318988286579365
103 93 0.3134987345738911
103 87 0.262313842467371
103 78 0.32487502192592344
103 50 0.18523957195136317
103 52 0.16411644026360783
103 46 0.25801227247848
103 91 0.32825922724689816
103 85 0.2825558688987154
103 84 0.18285536277141565
103 90 0.2931256811692232
103 47 0.2119636324846002
103 53 0.18679160394057
117 76 0.2169302268006087
117 62 0.2778624320351061
117 89 0.10809974392706782
117 88 0.16570099732659926
117 63 0.11973916761665751
117 77 0.36290274280551327
117 49 0.23534949603803876
117 61 0.1318021448840161
117 75 0.47312748775117763
117 74 0.33658797977943694
117 60 0.0959086666081467
117 48 0.3663941593409593
117 64 0.18809169429442152
117 70 0.29691364630120404
117 58 0.7196574078953102
117 59 0.09942693895974034
117 71 0.14397132837615184
117 65 0.08032427568379044
117 73 0.37605510922186286
117 67 0.22435104096755973
117 66 0.17601048282332724
117 72 0.17429345340048774
117 57 0.33713608753447477
117 94 0.3016699336460592
117 80 0.14672501013876058
117 81 0.2763290104480708
117 95 0.19066352859918378
117 56 0.3000067119014699
117 68 0.3829532220985398
117 54 0.1570577737182877
117 83 0.5341192707902819
117 82 0.13799760219539603
117 55 0.19805847274428956
117 69 0.33497308620401556
117 51 0.1707592413280073
117 79 0.3713437706250594
117 86 0.08168921560874984
117 92 0.2983922202444844
117 93 0.2781159950657085
117 87 0.33730101683482205
117 78 0.3341687146974165
117 50 0.09448711629625672
117 52 0.17900162446762408
117 46 0.38047482604722493
117 91 0.30701028482858367
117 85 0.2904298311035035
117 84 0.158102593933923
117 90 0.3015761521658278
117 47 0.14405827868514964
117 53 0.14092537121980558
116 76 0.1812756778269937
116 62 0.3271661329864998
116 89 0.21200640730209278
116 88 0.4444637185477782
116 63 0.18804852139253278
116 77 0.17715189357056313
116 49 0.18112381803092134
116 61 0.20062502864236237
116 75 0.1603063400572125
116 74 0.16313814596353454
116 60 0.152946560919343
116 48 0.16953291462716735
116 64 0.1999445280272702
116 70 0.5498275825935297
116 58 0.9669860096360995
116 59 0.20487950646517805
116 71 0.1624228800372231
116 65 0.14583193368354838
116 73 0.15210985711467157
116 67 0.422724176482632
116 66 0.41433335128944027
116 72 0.16939778348733636
116 57 0.6184048892193322
116 94 0.5449621429567589
116 80 0.16871783995381776
116 81 0.45679880618919905
116 95 0.19685980316569782
116 56 0.4246812418694439
116 68 0.6793904954799259
116 54 0.19530081037727678
116 83 0.3272461829812564
116 82 0.42473150610676097
116 55 0.31705345263887863
116 69 0.4805079657950444
116 51 0.13578602675609291
116 79 0.22027690753676096
116 86 0.17016590573527035
116 92 0.5272575372314802
116 93 0.5048793174460054
116 87 0.3810750221426744
116 78 0.41859565909576657
116 50 0.19168899533434144
116 52 0.15384084649537003
116 46 0.42416261008698775
116 91 0.4978965398392693
116 85 0.44299531140461224
116 84 0.22723914060908648
116 90 0.4553961539177657
116 47 0.21446370019383132
116 53 0.15220807015830556
102 76 0.1202873425462899
102 62 0.20025640010195592
102 89 0.13655026308082896
102 88 0.18842507020309426
102 63 0.14819075466857173
102 77 0.12926116714168662
102 49 0.13288545568699725
102 61 0.09799677236710412
102 75 0.10723826132425698
102 74 0.11082243940278447
102 60 0.1151282944132273
102 48 0.12300227210975227
102 64 0.12566512941561298
102 70 0.2676695808725569
102 58 0.6227791853154379
102 59 0.1216610299413534
102 71 0.16894672727507165
102 65 0.08972430977494335
102 73 0.10222878243773535
102 67 0.2078991852083272
102 66 0.1659897075461746
102 72 0.12611801827132674
102 57 0.3218872946532466
102 94 0.19748363546337638
102 80 0.1765012122572899
102 81 0.21370981027665473
102 95 0.11009297070326989
102 56 0.1735252187372757
102 68 0.3423617845340783
102 54 0.13406160790848826
102 83 0.13655016529570158
102 82 0.08614887948057068
102 55 0.1738778578026089
102 69 0.24846782427346364
102 51 0.11238274181908618
102 79 0.12847861599640087
102 86 0.134734304286893
102 92 0.1893885597081821
102 93 0.18906374303016246
102 87 0.19989649626830575
102 78 0.18448172176154423
102 50 0.13194036334876777
102 52 0.10731366933049545
102 46 0.15825049054820858
102 91 0.19906685246613948
102 85 0.19115428061399733
102 84 0.10755424844744199
102 90 0.19033364493601573
102 47 0.17185149043882345
102 53 0.12486674886395631
106 76 0.09728484979657578
106 62 0.13279767342147447
106 89 0.07951776733741431
106 88 0.16829668096047387
106 63 0.07009997352915304
106 77 0.06027199231868707
106 49 0.09561349579355415
106 61 0.07860675513332396
106 75 0.061950821844725945
106 74 0.07622713643581674
106 60 0.07557380145684683
106 48 0.09827630315566965
106 64 0.09252084159156715
106 70 0.20396873774812632
106 58 0.5116107101074701
106 59 0.07573822158526858
106 71 0.1164071336749018
106 65 0.060030284170907944
106 73 0.06283905896084077
106 67 0.1576933435139078
106 66 0.12991255957576886
106 72 0.14685770777619642
106 57 0.2635823626925432
106 94 0.1592045857577407
106 80 0.11791150237740686
106 81 0.186347193222015
106 95 0.11348753174855085
106 56 0.15611805413273708
106 68 0.28545823474247645
106 54 0.1042556384310556
106 83 0.0784251485631132
106 82 0.08805922802049629
106 55 0.1822831558060884
106 69 0.2159652556942694
106 51 0.08664683418498695
106 79 0.10080213294119009
106 86 0.09336037050090845
106 92 0.16582702224647006
106 93 0.16070725912582443
106 87 0.18349897821750755
106 78 0.15379946642160713
106 50 0.0814075718503369
106 52 0.08195085879878625
106 46 0.11606134300801015
106 91 0.12204831651348982
106 85 0.16281742658491155
106 84 0.07747525458870758
106 90 0.16563534006812916
106 47 0.14763397568764197
106 53 0.09522530854849018
112 76 0.15544865435364422
112 62 0.274332653724437
112 89 0.17691918243589128
112 88 0.2889806652384287
112 63 0.18514186323066267
112 77 0.1498269706914802
112 49 0.15881801086975522
112 61 0.13836174337088142
112 75 0.14280628356816769
112 74 0.15515028687634513
112 60 0.1361677947792888
112 48 0.16288945859243775
112 64 0.18738936659983693
112 70 0.3313164520716225
112 58 0.7971572577883141
112 59 0.14570417470481484
112 71 0.1795792269455277
112 65 0.1392719560088274
112 73 0.1311666356292065
112 67 0.2739160052371017
112 66 0.23500655074940846
112 72 0.13854753658461544
112 57 0.4488442849057085
112 94 0.2816523530824611
112 80 0.18661261230482654
112 81 0.30143392480767656
112 95 0.17425269075135835
112 56 0.29365401160089966
112 68 0.46936716847659343
112 54 0.187188192154721
112 83 0.18005954908815172
112 82 0.14655522974270294
112 55 0.3550067615392577
112 69 0.36130506027335874
112 51 0.1432123222814935
112 79 0.17358106313695715
112 86 0.1564849333559241
112 92 0.2886291188772017
112 93 0.27487050169082095
112 87 0.2876495467326071
112 78 0.2895963390653117
112 50 0.16149277989638772
112 52 0.1512617845246657
112 46 0.23460083068118948
112 91 0.2920921662196362
112 85 0.2620609460912389
112 84 0.14066041860745193
112 90 0.26547114130454946
112 47 0.20261905885862874
112 53 0.1496995802102009
113 76 0.14552963787313142
113 62 0.27457624333348685
113 89 0.21137259022259408
113 88 0.4772955315906473
113 63 0.17941144200679832
113 77 0.21142661578252603
113 49 0.17633654306253324
113 61 0.14571523545829784
113 75 0.13526985615259357
113 74 0.11589990945075544
113 60 0.11992259617302672
113 48 0.1616268235645218
113 64 0.18498082708819497
113 70 0.4330725668109313
113 58 0.5971298013349221
113 59 0.13235537414797216
113 71 0.1932434469168551
113 65 0.12354249767402409
113 73 0.13820877213454824
113 67 0.42765273003266324
113 66 0.36594584069118336
113 72 0.15010932925624007
113 57 0.44055458345229737
113 94 0.5731248195680881
113 80 0.19790825226549458
113 81 0.3914367676747178
113 95 0.2255119610116654
113 56 0.42035813823868196
113 68 0.6742754231885492
113 54 0.21282302446077928
113 83 0.272233231693769
113 82 0.20833118958131347
113 55 0.3040951201318797
113 69 0.4751735112194081
113 51 0.12984462586830287
113 79 0.24204396792328223
113 86 0.12227192171016787
113 92 0.5672223723858385
113 93 0.5208173721223007
113 87 0.4188884475062367
113 78 0.4353589363443828
113 50 0.185653218927208
113 52 0.15575100509915554
113 46 0.39427014468642063
113 91 0.4838893831418051
113 85 0.4937877289752297
113 84 0.19457388929752145
113 90 0.49955513029244925
113 47 0.2115024963474074
113 53 0.15219551528308914
107 76 0.08072884721216378
107 62 0.13456371548641266
107 89 0.08021517894125943
107 88 0.1856452419734117
107 63 0.06991217689214949
107 77 0.05268194613989999
107 49 0.09194137626143799
107 61 0.05820312403062877
107 75 0.048867048268879054
107 74 0.034309621700401305
107 60 0.07746049659077028
107 48 0.06987015660529447
107 64 0.07861332747024333
107 70 0.10040779196946908
107 58 0.08191531125717164
107 59 0.05799943655604889
107 71 0.09835318622679033
107 65 0.06577106832175675
107 73 0.06670371923110718
107 67 0.18713242799591395
107 66 0.19985861424026866
107 72 0.026683855047696242
107 57 0.18897824141837538
107 94 0.1267284911536683
107 80 0.10678182251142648
107 81 0.08954724874681377
107 95 0.08276542324577775
107 56 0.5488328337603835
107 68 0.4682617911472221
107 54 0.06626761589010643
107 83 0.10378070980347304
107 82 0.04789414457158106
107 55 0.1285424691970594
107 69 0.11303363592628844
107 51 0.04752682903685099
107 79 0.0850725142921412
107 86 0.08400889300000887
107 92 0.134548450385838
107 93 0.15588015722295884
107 87 0.14331974110707965
107 78 0.09353264251339158
107 50 0.08925725419609826
107 52 0.053192367364847004
107 46 0.10386132712480005
107 91 0.11940327428825388
107 85 0.11408937448108114
107 84 0.0570449215488994
107 90 0.11779521364071013
107 47 0.047431823938734324
107 53 0.05455313105471943
139 76 0.13910245008898509
139 62 0.08725215433749008
139 89 0.09884302472957511
139 88 0.23319607843421053
139 63 0.08603609907587893
139 77 0.08426002619383417
139 49 0.08777011843086883
139 61 0.11184335849464877
139 75 0.05581285179692741
139 74 0.1078879136909967
139 60 0.0691592130586211
139 48 0.07130688683552225
139 64 0.08200197671420872
139 70 0.1952631468936096
139 58 0.133043798735117
139 59 0.10485640111071019
139 71 0.10362485764676528
139 65 0.06097473562204955
139 73 0.052597611894493856
139 67 0.19091725049235644
139 66 0.28040671712276166
139 72 0.0658003162173964
139 57 0.2491071219645281
139 94 0.29958301286608136
139 80 0.10773573591125363
139 81 0.1542775715962113
139 95 0.07047042977194642
139 56 0.14242990941274425
139 68 0.30296245054053467
139 54 0.10700183857046387
139 83 0.08105675834509862
139 82 0.10249990653235636
139 55 0.11556627889649669
139 69 0.1738285504924174
139 51 0.07768683640799903
139 79 0.11690903216657826
139 86 0.09010985701859117
139 92 0.2991156746021209
139 93 0.27452588070521233
139 87 0.2206731035057316
139 78 0.17398671878508826
139 50 0.0968751044082146
139 52 0.11552410491454179
139 46 0.15726868597074234
139 91 0.26521844203250333
139 85 0.2677972642735634
139 84 0.06316066134397824
139 90 0.2689410298715612
139 47 0.1011026746317161
139 53 0.08003966380388652
111 76 0.1921694405541819
111 62 0.3355792310498362
111 89 0.256557711071057
111 88 0.42969759384827666
111 63 0.2265144446395675
111 77 0.17434707642226502
111 49 0.18144857698066655
111 61 0.1609281439809483
111 75 0.1755855061889647
111 74 0.19949783784574082
111 60 0.16498471107268986
111 48 0.18970886301349293
111 64 0.23554536431092543
111 70 0.5017045758409252
111 58 0.8217149994249829
111 59 0.17394497464519065
111 71 0.1992746907478775
111 65 0.16279808699150988
111 73 0.16867319603046452
111 67 0.4605613665745726
111 66 0.37363702420018474
111 72 0.159330262567064
111 57 0.5479799478388415
111 94 0.501283341658518
111 80 0.20603145142334403
111 81 0.3902127236780387
111 95 0.23312819605121884
111 56 0.3750351816730225
111 68 0.733753526598649
111 54 0.24063243493158612
111 83 0.20862526352250058
111 82 0.19388683707596605
111 55 0.415564870750612
111 69 0.5875788676839869
111 51 0.17106123654473415
111 79 0.22679962975703571
111 86 0.14259824023354561
111 92 0.512705146091318
111 93 0.4736504451445711
111 87 0.43738736549563206
111 78 0.5421653948986984
111 50 0.2261218706829078
111 52 0.1802466086867805
111 46 0.29982651198325166
111 91 0.49875459955655344
111 85 0.4359680183633887
111 84 0.18803640904392208
111 90 0.4494676628105334
111 47 0.245762149654538
111 53 0.17200566867396366
105 76 0.12045498456981399
105 62 0.15727365104063876
105 89 0.11944893107468493
105 88 0.20778713989557182
105 63 0.11478013690265537
105 77 0.1211439736414557
105 49 0.22103578845746275
105 61 0.11735621911297064
105 75 0.10655020400707688
105 74 0.13921628541759412
105 60 0.12293893365792226
105 48 0.16672282054633514
105 64 0.13062050459682162
105 70 0.18241251906829736
105 58 0.21040097791962886
105 59 0.11050283019308291
105 71 0.38250067295353013
105 65 0.11108130238846368
105 73 0.10518007203721598
105 67 0.3099242760260342
105 66 0.22765375501241694
105 72 0.1125173382096598
105 57 0.42106769038848973
105 94 0.23072857779167885
105 80 0.40325218219976383
105 81 0.17211904114615198
105 95 0.1450003413283678
105 56 0.36820941356544096
105 68 0.4845153105276303
105 54 0.1376758254891652
105 83 0.2072212933249987
105 82 0.1299842342972884
105 55 0.16148945722530816
105 69 0.2328691094698194
105 51 0.17512247476859932
105 79 0.14343643788537586
105 86 0.23189273819308812
105 92 0.21448278998035372
105 93 0.21557835884821072
105 87 0.22646248274723452
105 78 0.2210742268633126
105 50 0.21678615561767497
105 52 0.10776893047819296
105 46 0.15804824228839687
105 91 0.20990115561948824
105 85 0.2339984991576739
105 84 0.12829305387393147
105 90 0.2224483986727091
105 47 0.1552911093450861
105 53 0.12819968072374466
104 76 0.13898606328668264
104 62 0.2546058250053115
104 89 0.12395130333764003
104 88 0.23241519937189226
104 63 0.16455841462359594
104 77 0.11506415518045318
104 49 0.15060991705392246
104 61 0.12003111407943666
104 75 0.1249054912266624
104 74 0.1326698208562557
104 60 0.11653071455733122
104 48 0.1471434219453243
104 64 0.15357326331184845
104 70 0.35984862981840315
104 58 0.9999999999999999
104 59 0.1217788145554405
104 71 0.1685894278060432
104 65 0.1036944206870419
104 73 0.1226306342215208
104 67 0.2380284591301174
104 66 0.20835268771591825
104 72 0.15614976535608324
104 57 0.4327547173463411
104 94 0.2467697243213341
104 80 0.1704109398551503
104 81 0.3073351033969752
104 95 0.15936154132827868
104 56 0.1835296342230631
104 68 0.4351141266408393
104 54 0.1668881931640168
104 83 0.1280610873167378
104 82 0.110146074545859
104 55 0.26242511320725753
104 69 0.36585650623374144
104 51 0.11430867106574742
104 79 0.13493341418606755
104 86 0.1197865277267474
104 92 0.24536983490952963
104 93 0.237871963280092
104 87 0.2362976524402895
104 78 0.2560894834579096
104 50 0.1467111148075549
104 52 0.11511130001228827
104 46 0.17380512223207123
104 91 0.22372092773994506
104 85 0.22642288479094497
104 84 0.1416377107069777
104 90 0.23275884335770355
104 47 0.2043603489803868
104 53 0.1450270119144836
110 76 0.027977428046608382
110 62 0.23880652877414804
110 89 0.20968850196827415
110 88 0.39808276637057366
110 63 0.08581510412566984
110 77 0.27730780895143226
110 49 0.09973655640301601
110 61 0.08553249417822179
110 75 0.09458638047255911
110 74 0.11161549710090532
110 60 0.12199683726795255
110 48 0.13345651333586783
110 64 0.11526243542651618
110 70 0.2533254589851154
110 58 0.4688694071513019
110 59 0.075192008652337
110 71 0.22397834855568852
110 65 0.09667829063399988
110 73 0.08337128414382573
110 67 0.24579925191260704
110 66 0.20181325985083323
110 72 0.1856388579247045
110 57 0.317415283780136
110 94 0.30635220778634653
110 80 0.23131299324566368
110 81 0.3651532097548952
110 95 0.1340359756693036
110 56 0.24033473009659795
110 68 0.45823782727880513
110 54 0.15518156698840666
110 83 0.08252877314284984
110 82 0.24340105990637573
110 55 0.18198492572919445
110 69 0.387336390179968
110 51 0.1094337447312878
110 79 0.2028997130969159
110 86 0.05959478499112747
110 92 0.32658834892533517
110 93 0.3965682217438159
110 87 0.26840041989450153
110 78 0.313428962262597
110 50 0.0862335087467539
110 52 0.0842521151339908
110 46 0.23431624275507726
110 91 0.3206912488258229
110 85 0.3169809175062984
110 84 0.08170054552474462
110 90 0.31554470413111585
110 47 0.12779274627654674
110 53 0.10675875680559313
138 76 0.10141452952930602
138 62 0.17312314489198705
138 89 0.12421112480327673
138 88 0.28694686448391077
138 63 0.10419433163248017
138 77 0.1549051442916518
138 49 0.11375198084344616
138 61 0.09603119849319289
138 75 0.07666708857408597
138 74 0.1122935298273337
138 60 0.08728087432193656
138 48 0.12902677505355342
138 64 0.11357580286089444
138 70 0.26909031572156494
138 58 0.25136096099564176
138 59 0.08050588071108405
138 71 0.13276298244156481
138 65 0.0828958829206501
138 73 0.07850096842561116
138 67 0.28075230356482556
138 66 0.3196735705727056
138 72 0.16251276166546208
138 57 0.33714080264724866
138 94 0.35372777646137343
138 80 0.14068223052622103
138 81 0.25123149874109907
138 95 0.11394535395291965
138 56 0.21521976525304262
138 68 0.47799694865077713
138 54 0.1289924705861767
138 83 0.10843990814169426
138 82 0.1832256264576137
138 55 0.10931792948302321
138 69 0.2518351545983129
138 51 0.075473905217945
138 79 0.0927434533924361
138 86 0.11068117370071794
138 92 0.34201557117051
138 93 0.3267836224136218
138 87 0.26831403780545826
138 78 0.2658350871721056
138 50 0.06927641499590187
138 52 0.062074007049007174
138 46 0.1861882291071193
138 91 0.32869303497340574
138 85 0.2798208644437395
138 84 0.11480259628663742
138 90 0.2926368253836299
138 47 0.18807021075833155
138 53 0.16134686856589298
140 76 0.17071579577246618
140 62 0.13067597271919137
140 89 0.10106189613378312
140 88 0.16932715337226145
140 63 0.12094616692747961
140 77 0.09750825076573234
140 49 0.14206500987221793
140 61 0.08050541146690782
140 75 0.07818762367652851
140 74 0.06045799051205397
140 60 0.04685774542052401
140 48 0.1036659281746829
140 64 0.08930362622039031
140 70 0.25723081460889363
140 58 0.21604975178852492
140 59 0.11795573351363085
140 71 0.11560801059943568
140 65 0.05181768959134006
140 73 0.09271538676660009
140 67 0.22282966370291868
140 66 0.2652315430295626
140 72 0.04667438992269027
140 57 0.28544522017188473
140 94 0.2618023785882946
140 80 0.11984910112945012
140 81 0.21100765979082853
140 95 0.11240499812783569
140 56 0.13841254745563594
140 68 0.34247739528926935
140 54 0.10553703622663956
140 83 0.09130376928142198
140 82 0.14559818967317145
140 55 0.14352687062102581
140 69 0.2758554943567904
140 51 0.07784642693631333
140 79 0.093482955144306
140 86 0.04973649325556903
140 92 0.2597416196577956
140 93 0.23257403026871018
140 87 0.21903376287341297
140 78 0.2905239459043035
140 50 0.14719764510412603
140 52 0.03786151620048048
140 46 0.10109703174729624
140 91 0.24911481306937633
140 85 0.22049349391485626
140 84 0.10875095665189993
140 90 0.22808547786682912
140 47 0.1183339325109256
140 53 0.10253142900443042
135 76 0.15049725396973873
135 62 0.27766817208517114
135 89 0.12204841121153497
135 88 0.2609347681760674
135 63 0.1384680274905407
135 77 0.26773871640872615
135 49 0.29468444492480883
135 61 0.09297548354327914
135 75 0.29163041061438716
135 74 0.20484913092987161
135 60 0.07523536361885605
135 48 0.3074252666515723
135 64 0.11817841406994749
135 70 0.23492142260797708
135 58 0.2219848398873234
135 59 0.067474510415827
135 71 0.24172499476948658
135 65 0.06479083112433207
135 73 0.23252290682346866
135 67 0.3225377132704355
135 66 0.20174607711970272
135 72 0.09442407683070106
135 57 0.36142143704268337
135 94 0.3421570041327816
135 80 0.2587705487352079
135 81 0.27379825062376084
135 95 0.16058788506531163
135 56 0.3329032828783579
135 68 0.4727187728994894
135 54 0.14565646008488684
135 83 0.47216717250903906
135 82 0.07435608570700106
135 55 0.1790176731655036
135 69 0.26361570565100856
135 51 0.151524619199266
135 79 0.2027694558977416
135 86 0.13749819103408778
135 92 0.3418861708877774
135 93 0.30591599727664803
135 87 0.31546673855069246
135 78 0.3035440953011383
135 50 0.1679728310495133
135 52 0.07316056444147293
135 46 0.3555101807242874
135 91 0.35557299518888674
135 85 0.327078669239813
135 84 0.18402026635033514
135 90 0.3258254296188392
135 47 0.22701270561167514
135 53 0.27958414648117924
121 76 0.11279094596680958
121 62 0.19305724593779666
121 89 0.1583120268579459
121 88 0.3439150023455019
121 63 0.18508586990926362
121 77 0.1502079931036071
121 49 0.15515901828700823
121 61 0.08544797531388083
121 75 0.06555262000853662
121 74 0.11951115601820193
121 60 0.09790851518714581
121 48 0.14333191087891403
121 64 0.14146958948626726
121 70 0.18664215871285625
121 58 0.1502319332173465
121 59 0.06872015846454382
121 71 0.3484889777779042
121 65 0.1110326612040018
121 73 0.057470977128076584
121 67 0.38557069785727277
121 66 0.2241320953487462
121 72 0.09197974933853371
121 57 0.43185879415218664
121 94 0.533891314745179
121 80 0.37833922144746873
121 81 0.22473531206668218
121 95 0.11800132412586713
121 56 0.24552754008817096
121 68 0.44931273990292003
121 54 0.15246992236483156
121 83 0.28385103192603134
121 82 0.12813061457640829
121 55 0.23871298434766702
121 69 0.37325327346440806
121 51 0.14190842352255545
121 79 0.12920467005890363
121 86 0.15825540638494176
121 92 0.43120894040189695
121 93 0.3707337574867179
121 87 0.294183737149152
121 78 0.4425972780337279
121 50 0.1686644443230142
121 52 0.061306209500667286
121 46 0.21177286134868425
121 91 0.3976977415125279
121 85 0.34330711864088936
121 84 0.08049604691379933
121 90 0.3608065104932707
121 47 0.2199160170811567
121 53 0.10836736619948789
109 76 0.13483920692579943
109 62 0.2221672050359039
109 89 0.09706481011833573
109 88 0.2523829073695926
109 63 0.16209080658661001
109 77 0.18637379150044384
109 49 0.16358452198592927
109 61 0.11689023333423001
109 75 0.09593679154904153
109 74 0.17526374420147706
109 60 0.07586531806902111
109 48 0.12393680228301274
109 64 0.1551671414803034
109 70 0.3554559941524178
109 58 0.5900932864174331
109 59 0.07449331998186642
109 71 0.1318549483477895
109 65 0.10576361115728805
109 73 0.06373310329595841
109 67 0.2861929137227165
109 66 0.214657512359331
109 72 0.17272815509989448
109 57 0.4035645908219526
109 94 0.36320584436020786
109 80 0.13474554048866882
109 81 0.37773056446405984
109 95 0.15763183735241743
109 56 0.1591454978314422
109 68 0.49244704654054694
109 54 0.1285786140379097
109 83 0.11540957209198713
109 82 0.10691201385536898
109 55 0.19829306504452096
109 69 0.39096106533808594
109 51 0.06731973416686471
109 79 0.13332970732273214
109 86 0.10598257079851743
109 92 0.35214111576036133
109 93 0.32940499241178073
109 87 0.29385782449932907
109 78 0.39851553906847914
109 50 0.17178293369608888
109 52 0.11588735690296907
109 46 0.26181272176099474
109 91 0.3521801310192394
109 85 0.3325915198771834
109 84 0.5344717604928414
109 90 0.33847922367261724
109 47 0.1084656588516652
109 53 0.099510979370761
108 76 0.2215953191099188
108 62 0.37248710845909383
108 89 0.2549265166349423
108 88 0.4914821108140506
108 63 0.27796907413446176
108 77 0.23756580933597124
108 49 0.19724267579474206
108 61 0.19376258895291265
108 75 0.20061218946622547
108 74 0.23726506755148807
108 60 0.18249703838392756
108 48 0.21312081757526274
108 64 0.2589384662346929
108 70 0.48619882082395094
108 58 0.9590362716039008
108 59 0.1703728393835348
108 71 0.23284234694294453
108 65 0.18034116097146483
108 73 0.19401722043692937
108 67 0.45222504574519884
108 66 0.41152377368248505
108 72 0.2122107142967193
108 57 0.6236855568320296
108 94 0.5554642643837042
108 80 0.24293981441599588
108 81 0.48227614297369803
108 95 0.2508659610360351
108 56 0.41459502244233365
108 68 0.7935119110767924
108 54 0.3008495981054714
108 83 0.216665158694421
108 82 0.24414571652960768
108 55 0.39925024286381716
108 69 0.5518064017867472
108 51 0.1983616302210207
108 79 0.30821757853137877
108 86 0.16533876260093436
108 92 0.5561030471227708
108 93 0.5113696962651064
108 87 0.47857188000378414
108 78 0.47759397479015797
108 50 0.2402011107176218
108 52 0.19015495329567156
108 46 0.3509803253746676
108 91 0.5363808392127268
108 85 0.4711616434196827
108 84 0.20889475680844252
108 90 0.48113401915867493
108 47 0.2666059580814022
108 53 0.1975399509785907
120 76 0.04387106196076723
120 62 0.12121500859570654
120 89 0.0883317118596741
120 88 0.20928587236420362
120 63 0.04528646777909759
120 77 0.23846901755264976
120 49 0.05448290823774532
120 61 0.02371780052546124
120 75 0.08737414224413456
120 74 0.059678570694914446
120 60 0.048081965731246123
120 48 0.06529227641325847
120 64 0.07968515067592266
120 70 0.13226022423723016
120 58 0.10024166940438206
120 59 0.07110213048264383
120 71 0.12339897675336678
120 65 0.022363314988934124
120 73 0.048545672356764796
120 67 0.20668137569699835
120 66 0.1850351791547732
120 72 0.05560290998859979
120 57 0.15130786768398888
120 94 0.2652871125747722
120 80 0.12899629126726575
120 81 0.13773415359025082
120 95 0.049176858469385326
120 56 0.1366009399266974
120 68 0.24566639342784782
120 54 0.08499789780601559
120 83 0.07293130411718546
120 82 0.06864019149966291
120 55 0.2545778441090581
120 69 0.15143022761867814
120 51 0.10544385128135389
120 79 0.07202921677354152
120 86 0.06658351120194561
120 92 0.24584356645005254
120 93 0.23503079745083139
120 87 0.19867645335779363
120 78 0.18054864536217835
120 50 0.10792639237110893
120 52 0.018835429194670877
120 46 0.09889197417020668
120 91 0.2308473518317441
120 85 0.21531028929372964
120 84 0.08391680736992858
120 90 0.21514079679705575
120 47 0.1089851743482985
120 53 0.3457052171532336
134 76 0.16808582520289606
134 62 0.14667140061883321
134 89 0.07861462434929248
134 88 0.1792063100196461
134 63 0.08208143317544883
134 77 0.11773830211189937
134 49 0.2773390463578764
134 61 0.06972540963115317
134 75 0.3146348155005479
134 74 0.14653113872406395
134 60 0.10222928994225138
134 48 0.2656603995627405
134 64 0.12369061073117671
134 70 0.18826303199924663
134 58 0.21772243073152764
134 59 0.05878159466222116
134 71 0.391822069956717
134 65 0.04009962225804892
134 73 0.25014633998881
134 67 0.2988954679840692
134 66 0.16310946157419196
134 72 0.10964516561052003
134 57 0.38072257143434063
134 94 0.2659041735032144
134 80 0.41941969261103973
134 81 0.05643928870132395
134 95 0.14729630255364617
134 56 0.10976309560107296
134 68 0.379072499715704
134 54 0.13538233226223928
134 83 0.29047636119007064
134 82 0.051606957732283215
134 55 0.2308270465739541
134 69 0.1844265858654745
134 51 0.1567007563711679
134 79 0.06109621806783899
134 86 0.15944130384600255
134 92 0.18152951440172743
134 93 0.19405529946538974
134 87 0.17064716601538776
134 78 0.1644301186357593
134 50 0.1617171715838602
134 52 0.47265423379779026
134 46 0.18786700833714196
134 91 0.1525810693773983
134 85 0.18008023650453986
134 84 0.12761903093325744
134 90 0.16808148798600436
134 47 0.2808424668390501
134 53 0.41962868487900934
122 76 0.11558350773977938
122 62 0.08650226097420413
122 89 0.15562626190083573
122 88 0.19239928866020184
122 63 0.18777487846267016
122 77 0.1469388477110606
122 49 0.26974749605261344
122 61 0.08373636052468617
122 75 0.07505742175609284
122 74 0.17123076456182737
122 60 0.08357540827243694
122 48 0.1469896900190552
122 64 0.10653776072274779
122 70 0.22998861725063266
122 58 0.19580331740447893
122 59 0.08988528405962788
122 71 0.5358812398645388
122 65 0.06115283242133601
122 73 0.05647361049829669
122 67 0.4701665707495587
122 66 0.2547531837589591
122 72 0.07022445314321835
122 57 0.5137926030485368
122 94 0.3511631805895068
122 80 0.5708135471158926
122 81 0.20137903303293384
122 95 0.07418700553582011
122 56 0.15665817060513057
122 68 0.516905197261797
122 54 0.11235096678157606
122 83 0.29319776472268755
122 82 0.1055447286757915
122 55 0.14406387400907608
122 69 0.29000088784427736
122 51 0.20196637889274735
122 79 0.11657025631676159
122 86 0.29647610144479325
122 92 0.36014301298881024
122 93 0.3381618894467108
122 87 0.26296224011524033
122 78 0.3152436480320803
122 50 0.3011020363922933
122 52 0.09786199963301476
122 46 0.17666404146224293
122 91 0.3331215705672436
122 85 0.5521696765206847
122 84 0.1519746946743632
122 90 0.5118647328679552
122 47 0.11282413448755597
122 53 0.12161963381808277
136 76 0.0
136 62 0.10226196169687768
136 89 0.09487544439238584
136 88 0.14985037768771467
136 63 0.10792566696336868
136 77 0.240053947357472
136 49 0.1852118813025877
136 61 0.057600992046685756
136 75 0.02522333987488115
136 74 0.027186734084616776
136 60 0.054305958097481344
136 48 0.16757807379607614
136 64 0.03881267302438354
136 70 0.12952530451153102
136 58 0.07495948474945416
136 59 0.08832269527623982
136 71 0.04790333967841151
136 65 0.05148284395779598
136 73 0.0638712036791973
136 67 0.14894525190983735
136 66 0.09831605888248338
136 72 0.08215489073476434
136 57 0.16533340327311716
136 94 0.1947147544860865
136 80 0.05479156344741795
136 81 0.3756965444943169
136 95 0.06105158967162089
136 56 0.26749298348044337
136 68 0.28374149209722493
136 54 0.07435205466883474
136 83 0.041633866993294105
136 82 0.07558273291988044
136 55 0.1129733604934271
136 69 0.10763385217528801
136 51 0.07352354426401186
136 79 0.4866810291122109
136 86 0.06490878084288271
136 92 0.18258489749656706
136 93 0.16542420476001127
136 87 0.1489414037966113
136 78 0.15823144844190942
136 50 0.09349555963530351
136 52 0.0555852215319928
136 46 0.17771178895894194
136 91 0.2057086947528896
136 85 0.15159401579183765
136 84 0.02132800550800784
136 90 0.16914343796557335
136 47 0.19993848017195232
136 53 0.023994627449241107
137 76 0.12147314514712274
137 62 0.144715153791329
137 89 0.12622692710007472
137 88 0.27934105771569756
137 63 0.11669465207061895
137 77 0.13541329069008712
137 49 0.09752493904285259
137 61 0.09837438056122692
137 75 0.09471280921399966
137 74 0.11080667642197709
137 60 0.08064627954012779
137 48 0.09738963012859811
137 64 0.12244585565659248
137 70 0.22073831959805656
137 58 0.18433209324390804
137 59 0.10477403966210683
137 71 0.11777643015494296
137 65 0.0792821164384859
137 73 0.10636826981950603
137 67 0.2534398489704551
137 66 0.31419288153891684
137 72 0.100962666513244
137 57 0.27222316407270236
137 94 0.3355817790660164
137 80 0.12398929409211183
137 81 0.19430321830826108
137 95 0.12411864398278158
137 56 0.206449607567362
137 68 0.4055528073934278
137 54 0.14015454487771467
137 83 0.11536244074306536
137 82 0.13970301398104257
137 55 0.14856337078488174
137 69 0.24752445765720224
137 51 0.12023443105126284
137 79 0.1974007510545025
137 86 0.07909690315827086
137 92 0.33746405195822826
137 93 0.3016625529899079
137 87 0.2518295086031079
137 78 0.2652537019546937
137 50 0.14529022049009677
137 52 0.12215610067030519
137 46 0.1797396724203054
137 91 0.30228916115357174
137 85 0.30512514082702713
137 84 0.10088915611130705
137 90 0.3057483362354829
137 47 0.1330490552064047
137 53 0.11328694393523528
123 76 0.11829013368059885
123 62 0.16091321994195035
123 89 0.08702658587374422
123 88 0.30974902193828596
123 63 0.06945019176516462
123 77 0.10196964289309153
123 49 0.2224875129222662
123 61 0.09591466214399531
123 75 0.07912067668794037
123 74 0.10746793057245714
123 60 0.10638561608860388
123 48 0.1423963701236212
123 64 0.11986326749809263
123 70 0.19707089056176216
123 58 0.16678692537627215
123 59 0.0712394996385734
123 71 0.39619535490618074
123 65 0.09819910238129984
123 73 0.06917945665835323
123 67 0.34780193870570414
123 66 0.20516239424484975
123 72 0.09091030655917284
123 57 0.4921705175325005
123 94 0.6196298505789785
123 80 0.42789684337033795
123 81 0.16614545389878227
123 95 0.15890586767444187
123 56 0.22856483045055587
123 68 0.4517530982496064
123 54 0.1271500995602746
123 83 0.23927115478152214
123 82 0.12321598544721621
123 55 0.13688688613717243
123 69 0.26279976919799103
123 51 0.1591654775259166
123 79 0.13952440758295456
123 86 0.23690893301967197
123 92 0.3854101532720148
123 93 0.3397745793741258
123 87 0.2660048042386968
123 78 0.31938379732058003
123 50 0.23597435507021153
123 52 0.10415779669365105
123 46 0.15265439826366584
123 91 0.23299896679173132
123 85 0.23817058721937176
123 84 0.08368683602381846
123 90 0.26442499845416884
123 47 0.1632755615477024
123 53 0.10796147094922603
127 76 0.2277729280717511
127 62 0.20455541908543343
127 89 0.19872252941895566
127 88 0.4185929301519098
127 63 0.19154507573682694
127 77 0.18357079149880604
127 49 0.31512074532442547
127 61 0.13174572771991258
127 75 0.1112324982733899
127 74 0.15554767264186706
127 60 0.14417925305139168
127 48 0.2227378956997249
127 64 0.15925142091233757
127 70 0.3466800798649441
127 58 0.21431647787896554
127 59 0.17065961554041845
127 71 0.448180402674495
127 65 0.10173165262488798
127 73 0.10442695109128529
127 67 0.4831489515362153
127 66 0.3481667228327281
127 72 0.17595777938243032
127 57 0.5281647743068888
127 94 0.507676351204366
127 80 0.4702915794943706
127 81 0.37803439748095113
127 95 0.21343515672187915
127 56 0.3971196003523495
127 68 0.7463465444084493
127 54 0.2108225736595949
127 83 0.16465752585946275
127 82 0.11884761911541782
127 55 0.24266223330190917
127 69 0.3891832538104172
127 51 0.2929678873897383
127 79 0.2987481015348002
127 86 0.28869900576191226
127 92 0.49397791005471847
127 93 0.4631333353639775
127 87 0.5365609003028954
127 78 0.3766075849198153
127 50 0.39995475310747597
127 52 0.13788309163416743
127 46 0.3159619364110606
127 91 0.4512647605831461
127 85 0.47807139445815794
127 84 0.15388126492956422
127 90 0.47441621973756276
127 47 0.2508123523967376
127 53 0.16559462469478742
133 76 0.05803976924150964
133 62 0.2659288721885288
133 89 0.0654441654085367
133 88 0.17336885684492553
133 63 0.10351392245017098
133 77 0.26386897452624497
133 49 0.3339012487814572
133 61 0.08734888096143628
133 75 0.08691217161499827
133 74 0.15632175520508584
133 60 0.04612210059960639
133 48 0.23527654541030635
133 64 0.09804954593899808
133 70 0.17402603828537538
133 58 0.22987692303250373
133 59 0.06570051850769318
133 71 0.2764806521111083
133 65 0.05181758905258976
133 73 0.07507251083471225
133 67 0.2599681633426868
133 66 0.13097979049168607
133 72 0.07565466550813094
133 57 0.38653367485470436
133 94 0.2274191684948961
133 80 0.29656457794331575
133 81 0.2250458810896897
133 95 0.12338252576568862
133 56 0.1663793783301335
133 68 0.3430616364993041
133 54 0.1347570770159702
133 83 0.11767348874303994
133 82 0.1981182590513786
133 55 0.09013158906413615
133 69 0.14809354533371577
133 51 0.08463118638190138
133 79 0.29535989538654217
133 86 0.11533615735886937
133 92 0.21499042309502622
133 93 0.21595539471295216
133 87 0.14707492624058727
133 78 0.17989411795519678
133 50 0.1469533557653532
133 52 0.05567247402156944
133 46 0.12244740733556007
133 91 0.23602106622551353
133 85 0.2300829737548002
133 84 0.13346146959866284
133 90 0.22045526380441988
133 47 0.2757950772639507
133 53 0.37241192195150236
132 76 0.1478408823478821
132 62 0.1953629058146915
132 89 0.22132340006809414
132 88 0.5073575828403193
132 63 0.16041647264440095
132 77 0.18636346444075236
132 49 0.12891946003503124
132 61 0.12547416573211212
132 75 0.10874051565267151
132 74 0.181282671751876
132 60 0.12216018842011547
132 48 0.1336959555802344
132 64 0.15168615842725983
132 70 0.37134193213757094
132 58 0.23607370021648455
132 59 0.09740263230960049
132 71 0.15596598979586113
132 65 0.1065326956249642
132 73 0.07431658195424223
132 67 0.40719997499711014
132 66 0.34314213279058825
132 72 0.1509267855596489
132 57 0.36165946345165395
132 94 0.6309557814147395
132 80 0.16166222516852052
132 81 0.3173099655127848
132 95 0.15859064890341
132 56 0.4231074443742229
132 68 0.6507939651191662
132 54 0.19033100215447585
132 83 0.2618421107113468
132 82 0.07506995312645748
132 55 0.24463931563601177
132 69 0.38002851342379274
132 51 0.0997110011948965
132 79 0.1997555977399896
132 86 0.17371359832275168
132 92 0.6380275471507173
132 93 0.587225692230991
132 87 0.4723582754416499
132 78 0.37837428656709526
132 50 0.14158704143870085
132 52 0.15488527631385055
132 46 0.42854280116833154
132 91 0.5623045037834858
132 85 0.5561190615319257
132 84 0.1352970026152498
132 90 0.565211477552171
132 47 0.20129809421445322
132 53 0.11668574497491677
126 76 0.0966231822215221
126 62 0.12150996183650525
126 89 0.148152135711123
126 88 0.2545551045044954
126 63 0.13429487436808357
126 77 0.15228614809828603
126 49 0.1943365229537153
126 61 0.07728911596485544
126 75 0.08054369055490063
126 74 0.12045258065937751
126 60 0.08482143519365402
126 48 0.12209365479861885
126 64 0.09907368198694107
126 70 0.2030802398457654
126 58 0.1911255648629555
126 59 0.07503478173417383
126 71 0.36404393482938646
126 65 0.07312838779137276
126 73 0.07910623837330039
126 67 0.41628982307474494
126 66 0.23324576715955142
126 72 0.08024860555980826
126 57 0.4232563771117103
126 94 0.4733040603152452
126 80 0.39571215363197265
126 81 0.19281028821455284
126 95 0.0561814980904482
126 56 0.15288099875574973
126 68 0.4652656236820396
126 54 0.10234358300749312
126 83 0.30786826058554934
126 82 0.11117224661473238
126 55 0.12322514438441919
126 69 0.2806823241578867
126 51 0.15053922163942396
126 79 0.12581946556052576
126 86 0.1811731838363731
126 92 0.4729693940426767
126 93 0.43644270034329513
126 87 0.28542619246839174
126 78 0.32821104002834006
126 50 0.21364555779542868
126 52 0.0783091523208489
126 46 0.16057490365331886
126 91 0.48416081606350836
126 85 0.5782751765038299
126 84 0.07429687485719269
126 90 0.5733111559405029
126 47 0.1118704523948633
126 53 0.10871305586803463
118 76 0.17312115204790907
118 62 0.2669601697361916
118 89 0.13143047216896891
118 88 0.18709733672958143
118 63 0.11086585359713788
118 77 0.07157334824326475
118 49 0.32732783888225386
118 61 0.05307213258661539
118 75 0.07017401800285872
118 74 0.12233799714123013
118 60 0.08000257879733647
118 48 0.2180834456004634
118 64 0.09530803885413855
118 70 0.17895875772999428
118 58 0.44354245529312
118 59 0.23679037152034854
118 71 0.26210886194153066
118 65 0.08708640022108328
118 73 0.07619571678453832
118 67 0.26406191403569135
118 66 0.14079179438406134
118 72 0.041545160770912776
118 57 0.4137432588152059
118 94 0.20137804470325435
118 80 0.2818136905967479
118 81 0.4320006438296776
118 95 0.11994489924103933
118 56 0.34716173583530807
118 68 0.354494629206548
118 54 0.10863072631494718
118 83 0.16852592337478012
118 82 0.12239244299112824
118 55 0.186067383493674
118 69 0.2234604024195233
118 51 0.18594900361292535
118 79 0.24502637554165635
118 86 0.13616948533862921
118 92 0.19869552154794531
118 93 0.19634045951012602
118 87 0.29077738651207885
118 78 0.1806049684377592
118 50 0.2877780279625804
118 52 0.08611507524322094
118 46 0.25117809510830985
118 91 0.2080865059554449
118 85 0.20931468618438556
118 84 0.17943822763629078
118 90 0.20794928737158597
118 47 0.38094754241273593
118 53 0.3150514694182617
130 76 0.0516797697163405
130 62 0.12104089332115774
130 89 0.10290199849580411
130 88 0.2977808733608559
130 63 0.10088421481805303
130 77 0.10690620710326519
130 49 0.10067484444159164
130 61 0.06757684164661357
130 75 0.06731729982127022
130 74 0.03402985774670947
130 60 0.04922516740744046
130 48 0.08112039821959521
130 64 0.09623452253229699
130 70 0.21141402828267183
130 58 0.12436662328793592
130 59 0.06244770669557412
130 71 0.11442896218990291
130 65 0.047045101064487754
130 73 0.0654190436764143
130 67 0.2310512226015567
130 66 0.21032040740991137
130 72 0.07560341945604981
130 57 0.16197586042393652
130 94 0.32514564062126994
130 80 0.11726963214948916
130 81 0.19025859512410329
130 95 0.10853453254500955
130 56 0.21727550037780305
130 68 0.3339993179853207
130 54 0.12638923648491251
130 83 0.19318526707015687
130 82 0.08955202470926685
130 55 0.12178164214965408
130 69 0.21525388482979366
130 51 0.04468077231532708
130 79 0.13819605027741638
130 86 0.04224768849754745
130 92 0.32033538376628334
130 93 0.29493636136024837
130 87 0.21158456004659418
130 78 0.20301847826608405
130 50 0.08280684099318691
130 52 0.07567219024234545
130 46 0.27681201515066356
130 91 0.25500020138209073
130 85 0.28228108274308916
130 84 0.10168729471078913
130 90 0.27830200481454404
130 47 0.1199167268305855
130 53 0.09652786841298165
124 76 0.10263672026165861
124 62 0.1638351240947502
124 89 0.08439830725018863
124 88 0.37698888354824434
124 63 0.04853614421189245
124 77 0.048904972162721605
124 49 0.17717010237401087
124 61 0.08203213004127366
124 75 0.07248335932343669
124 74 0.0900608412564322
124 60 0.08294544531944242
124 48 0.11518905531688495
124 64 0.11009354766036034
124 70 0.20679423220034884
124 58 0.19087742240682345
124 59 0.0640494519486042
124 71 0.32526674459689964
124 65 0.05963497290516981
124 73 0.08164130780803047
124 67 0.33937980494659464
124 66 0.20537536319771307
124 72 0.12125606744618887
124 57 0.3604176602860414
124 94 0.32820469381727496
124 80 0.3498073752960177
124 81 0.16882788707286117
124 95 0.23331769975660063
124 56 0.18337866588960008
124 68 0.4312428117628181
124 54 0.11623255502490934
124 83 0.2844040632086387
124 82 0.0813457970620991
124 55 0.11272836436726057
124 69 0.2864321444931093
124 51 0.10684746660484978
124 79 0.10214209087803289
124 86 0.1258335918305585
124 92 0.3682118377610156
124 93 0.32571064052321286
124 87 0.2644670457154828
124 78 0.3003648038854483
124 50 0.16953746895910554
124 52 0.12360857895503204
124 46 0.1528700498855109
124 91 0.7508628195390816
124 85 0.28046853118338205
124 84 0.05529973838679578
124 90 0.30167156739117135
124 47 0.19301856929532835
124 53 0.11980917577741486
125 76 0.10054185705013308
125 62 0.17712713362165208
125 89 0.16487388547983273
125 88 0.31685172219797153
125 63 0.1414945465735874
125 77 0.10062568330454046
125 49 0.20041113281186376
125 61 0.08080677507209053
125 75 0.09246969480792701
125 74 0.10580328391572112
125 60 0.09387752301132717
125 48 0.1331642164513132
125 64 0.1027790640860611
125 70 0.23282063629020544
125 58 0.16591308531143928
125 59 0.07673527349483672
125 71 0.3448561629785062
125 65 0.084151335743643
125 73 0.10208722089934615
125 67 0.44023108925285714
125 66 0.2463556767758747
125 72 0.05386966062791615
125 57 0.4289582823519782
125 94 0.34144106195759094
125 80 0.3754557041430795
125 81 0.2105692231440375
125 95 0.09898917390376655
125 56 0.37142959704228495
125 68 0.6047398775090163
125 54 0.11136842344864537
125 83 0.32343968391798206
125 82 0.10190914906255895
125 55 0.17079523000613414
125 69 0.3004235865607088
125 51 0.13987053591609397
125 79 0.12675573823754405
125 86 0.19028537535886136
125 92 0.33711332568259367
125 93 0.3090185253409479
125 87 0.3024547806978498
125 78 0.3300841916609077
125 50 0.21189293206417667
125 52 0.007341786094836572
125 46 0.15239709694776687
125 91 0.40788402868502494
125 85 0.3657629387148492
125 84 0.11137313702811988
125 90 0.3628148376368111
125 47 0.11567871116818713
125 53 0.08955574846742154
131 76 0.12719329531369844
131 62 0.23093944567555943
131 89 0.2201214183507945
131 88 0.5610320178450439
131 63 0.1686697417549666
131 77 0.07739010215078262
131 49 0.09717717699117648
131 61 0.08088401242314025
131 75 0.08335080134287816
131 74 0.1971438846538161
131 60 0.13298915345689621
131 48 0.15449661744959697
131 64 0.15177677790636535
131 70 0.38555745786707785
131 58 0.7344624589919606
131 59 0.19990328512335775
131 71 0.1379956724208219
131 65 0.10956724175799837
131 73 0.07432625323896974
131 67 0.4120105177566473
131 66 0.31149218409267576
131 72 0.08744490055375138
131 57 0.5925055720357579
131 94 0.5267746706480432
131 80 0.14611011815363592
131 81 0.362293396127506
131 95 0.11266141692974649
131 56 0.25901316594401386
131 68 0.5998989642619122
131 54 0.1984543499150145
131 83 0.11450419161579012
131 82 0.08945488065829381
131 55 0.21580181497332845
131 69 0.4035070434999072
131 51 0.10825116514364082
131 79 0.15112591952716858
131 86 0.16614384026726914
131 92 0.5366616986772991
131 93 0.4931063018424795
131 87 0.5310240612256406
131 78 0.350884139323914
131 50 0.07054526664323418
131 52 0.0759031914473447
131 46 0.2519233053753473
131 91 0.5377991893609597
131 85 0.47522976542036444
131 84 0.09710741475232283
131 90 0.4785780692539987
131 47 0.21913261438331577
131 53 0.08752032500307154
119 76 0.06739347070407384
119 62 0.18193521598354379
119 89 0.11486824906690381
119 88 0.27934336868243503
119 63 0.09162596928861393
119 77 0.31413788136441395
119 49 0.09517687332143494
119 61 0.1973674784672389
119 75 0.09256079189474786
119 74 0.15248933214236432
119 60 0.09312323608617215
119 48 0.12832665186954512
119 64 0.10102066751120181
119 70 0.2860811094387671
119 58 0.5501893863617289
119 59 0.04594148854825389
119 71 0.1507188147848585
119 65 0.07123581707274568
119 73 0.0469033993890684
119 67 0.1924319272700506
119 66 0.15629913297599674
119 72 0.06102430603738204
119 57 0.2411642925068277
119 94 0.215112281063296
119 80 0.15340529567267394
119 81 0.0573797706929029
119 95 0.04262239466675152
119 56 0.19088331211060328
119 68 0.31233728607442013
119 54 0.09545543801811827
119 83 0.09531736103597262
119 82 0.0738587732587839
119 55 0.21306852297050546
119 69 0.18932807473466678
119 51 0.09585905739578517
119 79 0.36842076662066237
119 86 0.17409294886139937
119 92 0.22382924858826037
119 93 0.21776127076013993
119 87 0.21518484912543004
119 78 0.16385764312165363
119 50 0.03814968240865796
119 52 0.09983915858184116
119 46 0.15488879654606397
119 91 0.23740398500072704
119 85 0.2266627305871744
119 84 0.11327365373064216
119 90 0.21233737026115984
119 47 0.1468790102889179
119 53 0.09053346416580618
