114 76 0.053899474809114944
114 62 0.11816300882584377
114 89 0.04239279408729362
114 88 0.2211627605622135
114 63 0.08823899765763674
114 77 0.06308435538817142
114 49 0.0
114 61 0.0
114 75 0.0
114 74 0.11742172810830709
114 60 0.0
114 48 0.004813213033656283
114 64 0.07310622941427367
114 70 0.1537624502213814
114 58 0.3494839144154633
114 59 0.0
114 71 0.014727770622902717
114 65 0.0
114 73 0.0
114 67 0.11976199512097424
114 66 0.09915021236010921
114 72 0.0
114 57 0.14313867325918156
114 94 0.22819181530622243
114 80 0.017504572345841483
114 81 0.1487630642198707
114 95 0.021076917052886647
114 56 0.060433149012071224
114 68 0.195630761617066
114 54 0.0951889663605765
114 83 0.006263392096422682
114 82 0.0008704822502843823
114 55 0.08839106651957564
114 69 0.15482664637980315
114 51 0.0
114 79 0.03504653568842907
114 86 0.0
114 92 0.23759255933571666
114 93 0.20929652554667677
114 87 0.22127895806615577
114 78 0.1078946718785468
114 50 0.0
114 52 0.02313913512017083
114 46 0.12559409057604426
114 91 0.19695707112795724
114 85 0.20641592414825521
114 84 0.05975933439029849
114 90 0.19788977049041975
114 47 0.09985981681790436
114 53 0.0
100 76 0.0
100 62 0.039960698994621645
100 89 0.0
100 88 0.025710278196740745
100 63 0.15440496971824438
100 77 0.0
100 49 0.14611967823416389
100 61 0.0
100 75 0.0
100 74 0.0
100 60 0.0
100 48 0.04555866972105909
100 64 0.08484423557203329
100 70 0.02900875067349387
100 58 0.17766359342514698
100 59 0.0
100 71 0.36963532994638665
100 65 0.0
100 73 0.0
100 67 0.14113299592879475
100 66 0.0
100 72 0.0
100 57 0.20473513534168306
100 94 0.026153773641688284
100 80 0.40706445226630344
100 81 0.020941725005402187
100 95 0.021383362648456014
100 56 0.0640655417266063
100 68 0.17277656864538787
100 54 0.010377732351125088
100 83 0.02795810134384024
100 82 0.0
100 55 0.12234366332319276
100 69 0.033651979960226154
100 51 0.07262096762393248
100 79 0.0
100 86 0.13615740068007337
100 92 0.00099698064866173
100 93 0.0
100 87 0.020459593376813162
100 78 0.026909486659891742
100 50 0.14403464834356072
100 52 0.06479851527695127
100 46 0.08978144285571808
100 91 0.033489553461209506
100 85 0.06391738328744234
100 84 0.07211131161365193
100 90 0.012628512861719426
100 47 0.0
100 53 0.0
128 76 0.01693254397377706
128 62 0.009939070821802981
128 89 0.08524610233205439
128 88 0.24017074178014663
128 63 0.009809683791973875
128 77 0.04724151393380362
128 49 0.0
128 61 0.0
128 75 0.0
128 74 0.016433589658413232
128 60 0.0
128 48 0.0
128 64 0.0
128 70 0.14726956066428723
128 58 0.09180206759066767
128 59 0.0
128 71 0.0
128 65 0.0
128 73 0.0
128 67 0.20202865956149113
128 66 0.15981200614433533
128 72 0.035518929663421565
128 57 0.09095812702348641
128 94 0.35738137899373695
128 80 0.0
128 81 0.12657368241399497
128 95 0.05919153007997238
128 56 0.1385167275976838
128 68 0.4581930160481081
128 54 0.048700520219699846
128 83 0.0
128 82 0.0
128 55 0.04532142455077284
128 69 0.19438359944747172
128 51 0.0
128 79 0.07666146421644894
128 86 0.0
128 92 0.3737560485956554
128 93 0.3014922144788378
128 87 0.22284537584403097
128 78 0.19893870681517706
128 50 0.0
128 52 0.0
128 46 0.07502347168578848
128 91 0.2950320947181187
128 85 0.3102291044186899
128 84 0.0
128 90 0.31252261015055194
128 47 0.019803326733794188
128 53 0.0
129 76 0.0
129 62 0.1107787073485329
129 89 0.09311972459923225
129 88 0.26235373488684366
129 63 0.19766278063116788
129 77 0.06480530918779866
129 49 0.05225469298097678
129 61 0.0
129 75 0.0
129 74 0.04371845863508544
129 60 0.0
129 48 0.09420196086427904
129 64 0.10774986684482311
129 70 0.22373936804016997
129 58 0.3772580543491823
129 59 0.0
129 71 0.079238948888727
129 65 0.011574961946073839
129 73 0.0
129 67 0.23697999200149694
129 66 0.17457279092765582
129 72 0.0
129 57 0.36805023059470415
129 94 0.3903903483957515
129 80 0.08854073417111498
129 81 0.2457948955082347
129 95 0.046297413360492354
129 56 0.15517291338860334
129 68 0.3746717234781857
129 54 0.13511926588273507
129 83 0.015971918735493917
129 82 0.13474152939056483
129 55 0.128031500532137
129 69 0.262602501569939
129 51 0.0
129 79 0.06522118884472904
129 86 0.033485301532919384
129 92 0.4082774386206462
129 93 0.3293390690371219
129 87 0.24342813875497976
129 78 0.21284430750373157
129 50 0.03633086051475653
129 52 0.02452667616557995
129 46 0.1734277397477324
129 91 0.32228227046757557
129 85 0.3388829280851725
129 84 0.052956450804269604
129 90 0.3413882698694318
129 47 0.2354839329512929
129 53 0.0
101 76 0.0
101 62 0.005826426707651239
101 89 0.0
101 88 0.03137279592695975
101 63 0.0
101 77 0.0
101 49 0.07405295127140951
101 61 0.0
101 75 0.0
101 74 0.0
101 60 0.0
101 48 0.017644926625296348
101 64 0.0
101 70 0.0
101 58 0.054904648762423784
101 59 0.0
101 71 0.14316020013214656
101 65 0.0
101 73 0.0
101 67 0.054660976117586565
101 66 0.0
101 72 0.0
101 57 0.07929415987873431
101 94 0.05965136365712422
101 80 0.1576565434412862
101 81 0.0
101 95 0.00828180162511856
101 56 0.03854174987585887
101 68 0.0669165692278574
101 54 0.0
101 83 0.010828205692024945
101 82 0.0
101 55 0.04738384539375254
101 69 0.010183441303298318
101 51 0.0281261865859529
101 79 0.0
101 86 0.052733922197478786
101 92 0.06238449814202528
101 93 0.05661311873143786
101 87 0.0
101 78 0.010422075985653811
101 50 0.09020774103527317
101 52 0.026014347422864022
101 46 0.0
101 91 0.04924449847416918
101 85 0.046602960286089026
101 84 0.02866160601712168
101 90 0.046947493261930165
101 47 0.0
101 53 0.0
115 76 0.06598090107815516
115 62 0.1151071062311686
115 89 0.10443492534671779
115 88 0.16635182047089941
115 63 0.0
115 77 0.4346780079557997
115 49 0.16568799851618027
115 61 0.06543538824576996
115 75 0.044015644097854106
115 74 0.07487715695314251
115 60 0.041912496419386325
115 48 0.11441812537133975
115 64 0.11649225881147417
115 70 0.15061016841156086
115 58 0.06358313310544703
115 59 0.025735624939898658
115 71 0.08161913360441878
115 65 0.02614564704124303
115 73 0.0551254602970416
115 67 0.20580512785119112
115 66 0.2601818910513619
115 72 0.11707035737409752
115 57 0.08884001174978065
115 94 0.2887693966052227
115 80 0.08978420167826805
115 81 0.04678484937688643
115 95 0.07471149621234123
115 56 0.268955697727592
115 68 0.24252346764648083
115 54 0.11183197462625849
115 83 0.19097057978135212
115 82 0.06097322196980338
115 55 0.14834400022190464
115 69 0.06575814787726837
115 51 0.09736462108756896
115 79 0.29475897580451477
115 86 0.07898810838995379
115 92 0.26683518268814377
115 93 0.24316743121414752
115 87 0.1882003994260814
115 78 0.11425431703064824
115 50 0.07504239310741666
115 52 0.7696529029563629
115 46 0.4852052663232709
115 91 0.2783463074154884
115 85 0.2727676979978209
115 84 0.09109933910715734
115 90 0.2794044812839278
115 47 0.3197301759927321
115 53 0.3980592227816082
103 76 0.05667039214152737
103 62 0.15963253674540778
103 89 0.04813136928454971
103 88 0.1355895335407226
103 63 0.15103797440305466
103 77 0.050346609642733256
103 49 0.016379786226333626
103 61 0.04316515100460185
103 75 0.02272772412839196
103 74 0.025675045421638794
103 60 0.03494725563536446
103 48 0.037059634624626435
103 64 0.16714168657547956
103 70 0.21195496242060793
103 58 1.0
103 59 0.01377549728408431
103 71 0.005420758696842359
103 65 0.054426834924380135
103 73 0.03353077401124114
103 67 0.08705345259636016
103 66 0.19974250865639537
103 72 0.028293032374329265
103 57 0.4177662673160151
103 94 0.09934595807043131
103 80 0.010185380204798172
103 81 0.2142868160787043
103 95 0.011592826270231171
103 56 0.06965895829656663
103 68 0.24207755274644754
103 54 0.19296370739650787
103 83 0.010860804648337385
103 82 0.07609233153212568
103 55 0.1469339553149943
103 69 0.17926738883330018
103 51 0.033834477113874405
103 79 0.03513629513939077
103 86 0.06542022200947141
103 92 0.11737185266368177
103 93 0.10586533218697064
103 87 0.13998468308613626
103 78 0.14110506519862298
103 50 0.020696368716230817
103 52 0.11020689348199113
103 46 0.16291494326234152
103 91 0.1206008949998706
103 85 0.10487898582532833
103 84 0.037294086924980235
103 90 0.10156471671604182
103 47 0.1374143356852103
103 53 0.045979441448318614
117 76 0.12811618949928813
117 62 0.1898239012547099
117 89 0.07588736414762845
117 88 0.16624078475166898
117 63 0.0
117 77 0.40626152366189816
117 49 0.12770415774820043
117 61 0.06591702627448681
117 75 0.5974483336495999
117 74 0.27543218212419807
117 60 0.04054385784410948
117 48 0.3534787803861741
117 64 0.08932672803488975
117 70 0.20755478519615414
117 58 0.4485999609005308
117 59 0.07215050309975424
117 71 0.03909346087241301
117 65 0.0
117 73 0.3314299883354703
117 67 0.16594604751777864
117 66 0.15535350417676788
117 72 0.10412086449716552
117 57 0.17352220828986661
117 94 0.24319091222696423
117 80 0.03946437800260279
117 81 0.14887589425156883
117 95 0.18057259889145102
117 56 0.256558563149664
117 68 0.3187040581737204
117 54 0.03212393501485239
117 83 0.5712985298081841
117 82 0.06064792012664464
117 55 0.0952386698963333
117 69 0.18287621514328695
117 51 0.08448611912741752
117 79 0.31841490090315827
117 86 0.04349536994324385
117 92 0.2433872613260527
117 93 0.21179856216747484
117 87 0.2532860866841352
117 78 0.1982718608958
117 50 0.04485554028499032
117 52 0.48426648108290166
117 46 0.2887560114224006
117 91 0.2520492354337363
117 85 0.29106372661562996
117 84 0.1572421726677979
117 90 0.27264218973487775
117 47 0.17501939187942178
117 53 0.2288575917921396
116 76 0.08743445342153153
116 62 0.08737173635099975
116 89 0.05355917919667856
116 88 0.15089660928655965
116 63 0.061413244024355954
116 77 0.3127266109281751
116 49 0.07968009517710113
116 61 0.06123921163517031
116 75 0.09574534508130195
116 74 0.05954237208632941
116 60 0.009276656589550542
116 48 0.06937670925927747
116 64 0.07261007561259207
116 70 0.24006294239163456
116 58 0.5815533347994092
116 59 0.03822635572951123
116 71 0.041587862755307535
116 65 0.0017050047421730552
116 73 0.08300555923126207
116 67 0.14567269304029268
116 66 0.14798750716127523
116 72 0.0620289340129451
116 57 0.23474764963421224
116 94 0.224538750692936
116 80 0.04483724304799913
116 81 0.10682138795020482
116 95 0.12546386614612007
116 56 0.1885123309583702
116 68 0.2741808311380998
116 54 0.09056399923624336
116 83 0.18710779749679418
116 82 0.19091073091521077
116 55 0.11167353020796687
116 69 0.2316963425521305
116 51 0.02255134508394943
116 79 0.23369070109535503
116 86 0.01172563922130139
116 92 0.23482677371690236
116 93 0.18942420943512944
116 87 0.18579703189886645
116 78 0.18544531415206295
116 50 0.012854224648458076
116 52 0.2244164014275548
116 46 0.20233528362471137
116 91 0.18536538794733134
116 85 0.2171425866360133
116 84 0.10610571795156318
116 90 0.2018575319400319
116 47 0.051940795267858685
116 53 0.08893210073123876
102 76 0.028316129230353843
102 62 0.09255566319005032
102 89 0.032951079593386265
102 88 0.05287216894698586
102 63 0.06373535409611701
102 77 0.050903939070386
102 49 0.08854107221146017
102 61 0.033139427740175344
102 75 0.0493942823094597
102 74 0.07272130915613087
102 60 0.03331889627976493
102 48 0.06155117282078339
102 64 0.07505931930893789
102 70 0.09947005882990045
102 58 0.6142630770650299
102 59 0.05311210995929519
102 71 0.18530280767686064
102 65 0.03756129334895194
102 73 0.044800179562332364
102 67 0.09816733659485519
102 66 0.032338917359927354
102 72 0.05253702894443578
102 57 0.22850332828976824
102 94 0.06811680978630251
102 80 0.19570883945176792
102 81 0.10821129077565475
102 95 0.0803041134486647
102 56 0.0490075148249918
102 68 0.15660205464185656
102 54 0.09321709947609479
102 83 0.04852378056664831
102 82 0.05924197881657899
102 55 0.06084944997113352
102 69 0.10510256072914342
102 51 0.06482355264807639
102 79 0.03810475212244245
102 86 0.07734928369569596
102 92 0.04314288246711956
102 93 0.03902482503530625
102 87 0.05669918621348132
102 78 0.06581048879670605
102 50 0.08157824914748232
102 52 0.03169607758480549
102 46 0.07208711676774633
102 91 0.04454414614902831
102 85 0.05756769685520648
102 84 0.0499368019480116
102 90 0.035344002492710344
102 47 0.06475901508811263
102 53 0.05276846453816222
106 76 0.02765705708372091
106 62 0.05570527204901942
106 89 0.0
106 88 0.02593818914886597
106 63 0.0
106 77 0.0
106 49 0.0
106 61 0.0
106 75 0.0
106 74 0.0
106 60 0.0
106 48 0.0
106 64 0.0036068646499925056
106 70 0.06722351487099656
106 58 0.3683253944557299
106 59 0.0
106 71 0.0
106 65 0.0
106 73 0.0
106 67 0.017420079795486057
106 66 0.0
106 72 0.05801544450587262
106 57 0.11371728255354305
106 94 0.029327969966820355
106 80 0.0
106 81 0.044479834260249096
106 95 0.0
106 56 0.03402932830464226
106 68 0.08530341449313322
106 54 0.01581748224876297
106 83 0.0
106 82 0.03544110109086343
106 55 0.08485369313353044
106 69 0.07788943675553354
106 51 0.0
106 79 0.0
106 86 0.0
106 92 0.02638641865755345
106 93 0.012788641488874
106 87 0.023508619033266356
106 78 0.019928666650315292
106 50 0.0
106 52 0.0
106 46 0.0016081385765141926
106 91 0.00847579322712394
106 85 0.0
106 84 0.02330090904995049
106 90 0.0024168592080343193
106 47 0.0
106 53 0.0
112 76 0.0033596986635727882
112 62 0.05770191486768167
112 89 0.019415289745488215
112 88 0.16762254476571758
112 63 0.08164568526286199
112 77 0.15356034051768025
112 49 0.027158136064937194
112 61 0.001683964289162898
112 75 0.012345249371247174
112 74 0.02688445379652897
112 60 0.0
112 48 0.001320850658947853
112 64 0.09395022643822301
112 70 0.15522998775991736
112 58 0.5702181328318178
112 59 0.0
112 71 0.10487189380383628
112 65 0.0
112 73 0.0040539804776965616
112 67 0.10006982572452139
112 66 0.06480121523427115
112 72 0.016015974260133674
112 57 0.19095439127376185
112 94 0.11849370104889956
112 80 0.1092346983072002
112 81 0.12997292611013372
112 95 0.031686567362576266
112 56 0.07271957853224946
112 68 0.23788885899628184
112 54 0.11368034301143343
112 83 0.07180548431300637
112 82 0.022597520276652988
112 55 0.17579020431282627
112 69 0.21371121250633807
112 51 0.01051024667866178
112 79 0.10212242873611897
112 86 0.01879609975944753
112 92 0.15368437592256634
112 93 0.15147768365644942
112 87 0.1756023379070591
112 78 0.1575031759084705
112 50 0.04276434232838732
112 52 0.09608655707781655
112 46 0.09072065200362496
112 91 0.14345837028310834
112 85 0.12048502876202988
112 84 0.17562376188824175
112 90 0.11649834149878878
112 47 0.07123612119669577
112 53 0.007911074291007389
113 76 0.028559261876509458
113 62 0.0719467291530504
113 89 0.0823233975741715
113 88 0.27979665055257574
113 63 0.1254765836188862
113 77 0.20460345174956165
113 49 0.02683634908106492
113 61 0.0
113 75 0.03909086796932666
113 74 0.050169696639446995
113 60 0.0
113 48 0.02862202288537463
113 64 0.10790794309007232
113 70 0.18795526722542433
113 58 0.30452162738952054
113 59 0.0
113 71 0.02351279926523634
113 65 0.0
113 73 0.029373001937818485
113 67 0.2095044651670298
113 66 0.15433277251432775
113 72 0.03430114560195428
113 57 0.18328449431707977
113 94 0.3451283817517627
113 80 0.02644416547181748
113 81 0.19574301152379045
113 95 0.06176005642837385
113 56 0.24485691694445486
113 68 0.4077406401725546
113 54 0.13354526608760817
113 83 0.1413046386567641
113 82 0.021062639843639985
113 55 0.10149357042663114
113 69 0.2521159737141663
113 51 0.0
113 79 0.1443151241061811
113 86 0.0
113 92 0.3609416377119423
113 93 0.29115540486976565
113 87 0.27993155198926445
113 78 0.20859448578433143
113 50 0.0
113 52 0.14980704857777308
113 46 0.16928995498903848
113 91 0.28491677350845274
113 85 0.29959274621915166
113 84 0.07105094473913941
113 90 0.30180761797325545
113 47 0.13896796808957856
113 53 0.03389374796957118
107 76 0.11860408026528832
107 62 0.12449764878064556
107 89 0.08317954155107754
107 88 0.14588735228624017
107 63 0.0
107 77 0.022789587253722016
107 49 0.07215282841984098
107 61 0.06298869825576167
107 75 0.03219999150985401
107 74 0.019112615470247764
107 60 0.07518692928179081
107 48 0.042242579142788554
107 64 0.04998774846772873
107 70 0.009003201903928254
107 58 0.03291905182063345
107 59 0.028435582019026483
107 71 0.17851285382898724
107 65 0.0879035050701229
107 73 0.051834301280985894
107 67 0.17018760097726737
107 66 0.14176532819574245
107 72 0.006767984640366778
107 57 0.1717397702053699
107 94 0.08853481725131757
107 80 0.19874889691154782
107 81 0.013058149974404826
107 95 0.05746966281717759
107 56 0.8758957912127574
107 68 0.5310764795716285
107 54 0.04665920195477868
107 83 0.07932924058747445
107 82 0.0
107 55 0.14978027846797054
107 69 0.04018240725051814
107 51 0.045577997508159
107 79 0.0965637281242361
107 86 0.08887471984258165
107 92 0.053568318996955425
107 93 0.13078770084818275
107 87 0.1492476979890937
107 78 0.03595305632352014
107 50 0.10085870751190942
107 52 0.11896563701311844
107 46 0.037296680732914304
107 91 0.15897923870085018
107 85 0.014154581118940884
107 84 0.013873326204035669
107 90 0.03465835849432046
107 47 0.023607168643347554
107 53 0.05959472499519301
139 76 0.05097730400180091
139 62 0.0037565314680303996
139 89 0.03221927599457631
139 88 0.09077397327909184
139 63 0.0
139 77 0.05261675147165164
139 49 0.0
139 61 0.036839307303764154
139 75 0.0
139 74 0.013589032405145723
139 60 0.0
139 48 0.0
139 64 0.0
139 70 0.10861427538080554
139 58 0.08997475496669237
139 59 0.06336505100044304
139 71 0.0
139 65 0.0
139 73 0.0
139 67 0.07635794438871786
139 66 0.18022857895470132
139 72 0.0
139 57 0.07032560418340941
139 94 0.19196900577533557
139 80 0.0
139 81 0.04783928292065585
139 95 0.01601883108349516
139 56 0.05572952000632382
139 68 0.1386949859488041
139 54 0.036813307802060956
139 83 0.015487032567324303
139 82 0.05225984179006326
139 55 0.021993803932866256
139 69 0.06565673890387237
139 51 0.0
139 79 0.028974660496698453
139 86 0.0
139 92 0.20076473277216664
139 93 0.1679475285485303
139 87 0.09527451594990562
139 78 0.06719531261055665
139 50 0.0
139 52 0.16608557280233766
139 46 0.06973226829872126
139 91 0.15847780892871985
139 85 0.16170215076970357
139 84 0.0
139 90 0.1628976053687803
139 47 0.013679520049144314
139 53 0.040212566996065464
111 76 0.07436913427451085
111 62 0.12704070276654275
111 89 0.06961087218414405
111 88 0.22239617268599046
111 63 0.12195811392448055
111 77 0.170764619170529
111 49 0.04618880459006656
111 61 0.031223452007852454
111 75 0.024611374287177766
111 74 0.07138091672271911
111 60 0.017117413102178583
111 48 0.031083161741362726
111 64 0.09176370264515618
111 70 0.284357655083959
111 58 0.577490545457058
111 59 0.06923957179493324
111 71 0.1554645239655042
111 65 0.004639174030090079
111 73 0.019452039007850114
111 67 0.20532209533562532
111 66 0.15478790056922537
111 72 0.04406450181068859
111 57 0.24005832963199258
111 94 0.21295075753796816
111 80 0.16071745917594005
111 81 0.19856186400972153
111 95 0.06201685643276704
111 56 0.15892730959778958
111 68 0.4027944020996644
111 54 0.11498770226604008
111 83 0.0842685087981307
111 82 0.0518062381625794
111 55 0.18094171496838457
111 69 0.34418148461711856
111 51 0.0418505359180529
111 79 0.11634364038921896
111 86 0.05182692825078254
111 92 0.25122029545899804
111 93 0.23097736966891713
111 87 0.24383230681926574
111 78 0.28714935952835735
111 50 0.08068534380104946
111 52 0.1099577271189035
111 46 0.1309034923876108
111 91 0.2240824442594222
111 85 0.23230768460261497
111 84 0.24065169629424943
111 90 0.22729030286403484
111 47 0.1196268668137779
111 53 0.01666863524925962
105 76 0.012937931446721784
105 62 0.06042411356841686
105 89 0.013812274608232117
105 88 0.03911429534624084
105 63 0.05182570521726291
105 77 0.03317154827299905
105 49 0.10756238041413584
105 61 0.01882729317043018
105 75 0.03254149299221772
105 74 0.05087338395305085
105 60 0.018662611279661512
105 48 0.04594597169848702
105 64 0.029979354794120686
105 70 0.06535846149611457
105 58 0.2516002934938247
105 59 0.0394408211553682
105 71 0.272097888899552
105 65 0.011435892660524152
105 73 0.026492027477813984
105 67 0.1180195035815475
105 66 0.07478944156171959
105 72 0.03731164949679567
105 57 0.19728481940480536
105 94 0.06324226632072356
105 80 0.29965040983441427
105 81 0.040154054389121265
105 95 0.07241189871078431
105 56 0.3971446416372559
105 68 0.26194069476504955
105 54 0.029168536144030567
105 83 0.1493213929137414
105 82 0.038826930045749095
105 55 0.012178002060559912
105 69 0.07649652393649843
105 51 0.053458125832237885
105 79 0.019589476505840482
105 86 0.10022889664922463
105 92 0.025425427084688132
105 93 0.02326475292423312
105 87 0.045465075944070635
105 78 0.06829609375667058
105 50 0.10602753732538715
105 52 0.034727314411423314
105 46 0.03824225321549678
105 91 0.03201963954178778
105 85 0.1210801152712678
105 84 0.04421025042089639
105 90 0.04858998701169744
105 47 0.046271479016735194
105 53 0.037216088477224525
104 76 0.054661698595014054
104 62 0.1565885481108747
104 89 0.046208536502245726
104 88 0.14691547970809027
104 63 0.16299174955924947
104 77 0.04840150238789925
104 49 0.014776218918767854
104 61 0.04129225406435948
104 75 0.021060327644051177
104 74 0.0325340358264017
104 60 0.033156990488995106
104 48 0.04438129794190002
104 64 0.17974992113114868
104 70 0.20838486634626568
104 58 0.9885060289939231
104 59 0.012198116373082726
104 71 0.049409823620710565
104 65 0.052440700579363064
104 73 0.031754751735136054
104 67 0.07519146633742996
104 66 0.07704255278316648
104 72 0.026569676135920622
104 57 0.41212671713466187
104 94 0.10919895512003563
104 80 0.05279682410696716
104 81 0.2288110419792543
104 95 0.017879511321395106
104 56 0.06751966336453959
104 68 0.23820457088895888
104 54 0.20662135615300212
104 83 0.014320918904541416
104 82 0.07388834836214674
104 55 0.15872094197925357
104 69 0.16472219608544558
104 51 0.03205540107144013
104 79 0.033344129181118995
104 86 0.06332354801229693
104 92 0.12694721672583112
104 93 0.11598327843732908
104 87 0.15148924936924457
104 78 0.12673602528625752
104 50 0.01904939772213525
104 52 0.054794866742933435
104 46 0.17535140177899367
104 91 0.13131769867429305
104 85 0.09209827372041388
104 84 0.10433701813989504
104 90 0.0981234459160214
104 47 0.14881444232581886
104 53 0.04407824652454207
110 76 0.012840266733476838
110 62 0.09572829098223855
110 89 0.1480962713569761
110 88 0.20462039825875272
110 63 0.06263677471341432
110 77 0.19819002302648658
110 49 0.03289709418155247
110 61 0.0
110 75 0.0
110 74 0.03518982872581011
110 60 0.06735284317855585
110 48 0.04095353025574434
110 64 0.01317967682905008
110 70 0.13254046791824697
110 58 0.25948139077717747
110 59 0.0
110 71 0.1507582742287547
110 65 0.0
110 73 0.0
110 67 0.10909340559037564
110 66 0.06059422580810046
110 72 0.10802352506087545
110 57 0.16623412056651524
110 94 0.18963050999704098
110 80 0.15218866246201485
110 81 0.16307370664665638
110 95 0.05770146309269234
110 56 0.11177033947942376
110 68 0.26949628934094405
110 54 0.0369305209334432
110 83 0.03302110653706299
110 82 0.11145697548824268
110 55 0.1252903964304733
110 69 0.3208469916955663
110 51 0.0
110 79 0.12933382926079756
110 86 0.0
110 92 0.19831909068467451
110 93 0.2680484157688954
110 87 0.16739978789624538
110 78 0.21720302150112733
110 50 0.0
110 52 0.05292009297353793
110 46 0.08822948785741559
110 91 0.17888883853562035
110 85 0.18105563971539662
110 84 0.002208655328146597
110 90 0.1823941735330128
110 47 0.061299193358734336
110 53 0.010154434542147095
138 76 0.09552905024725576
138 62 0.061980376297242096
138 89 0.07037448162774612
138 88 0.2542752813462894
138 63 0.04182071733996611
138 77 0.04117394099033136
138 49 0.0061295067859790525
138 61 0.0
138 75 0.020152432885325713
138 74 0.0273117056285348
138 60 0.0
138 48 0.031514293861715274
138 64 0.04115957713622068
138 70 0.25469090621943147
138 58 0.03852801206370594
138 59 0.02012892381211806
138 71 0.010881994821855437
138 65 0.0
138 73 0.01369089496758541
138 67 0.24714664126802807
138 66 0.22597185159573496
138 72 0.09325826191213502
138 57 0.13596634958458242
138 94 0.2632857729692275
138 80 0.02018319706126205
138 81 0.13842083983162204
138 95 0.07858725299916469
138 56 0.12056959221322917
138 68 0.40437055353545487
138 54 0.05516635422575503
138 83 0.02667939587064945
138 82 0.05122801543308345
138 55 0.014141718784173488
138 69 0.18398044960702187
138 51 0.027684575410666393
138 79 0.03340763600742555
138 86 0.0
138 92 0.26460866301408487
138 93 0.23689049045076127
138 87 0.3239671466675239
138 78 0.233189421427621
138 50 0.0219692302726604
138 52 0.03444758957634341
138 46 0.0716804332474846
138 91 0.3098574232001692
138 85 0.13707106454601742
138 84 0.0
138 90 0.18511719962444784
138 47 0.08824239669055858
138 53 0.0747682151771869
140 76 0.06215234939959526
140 62 0.020320806519645414
140 89 0.02438891848784007
140 88 0.06871287348275086
140 63 0.027075570056019016
140 77 0.0
140 49 0.04243928267500582
140 61 0.027886128264683577
140 75 0.0
140 74 0.0153435926265598
140 60 0.0
140 48 0.0
140 64 0.0
140 70 0.11355213538323199
140 58 0.17756875851118023
140 59 0.01740690368966745
140 71 0.0
140 65 0.0
140 73 0.0
140 67 0.07465538253423659
140 66 0.15809297184372018
140 72 0.0
140 57 0.11412409147906044
140 94 0.10224684862891
140 80 0.0
140 81 0.06469696924178857
140 95 0.012125721435565645
140 56 0.04233430561844279
140 68 0.1642544773085483
140 54 0.0
140 83 0.0
140 82 0.05559339552091208
140 55 0.018794981993100826
140 69 0.12506262358266873
140 51 0.0
140 79 0.012231214415022701
140 86 0.0
140 92 0.10693164325601082
140 93 0.08625695301587832
140 87 0.07976103530578323
140 78 0.14727546049907014
140 50 0.041833702550668726
140 52 0.0
140 46 0.015368984676723721
140 91 0.08440871209980523
140 85 0.08875657811017612
140 84 0.011610674934511928
140 90 0.08941275033172709
140 47 0.014371463115193703
140 53 0.0
135 76 0.05990964044989911
135 62 0.1753777788262746
135 89 0.030458591302518934
135 88 0.16998616790448703
135 63 0.08492657510855782
135 77 0.18676488848329947
135 49 0.29539812037921864
135 61 0.0
135 75 0.3256572750100636
135 74 0.15547880462230587
135 60 0.0
135 48 0.323748372578486
135 64 0.058175410962469185
135 70 0.11253132005691668
135 58 0.14956432289264882
135 59 0.0
135 71 0.17815229126729115
135 65 0.0
135 73 0.20777701662489326
135 67 0.16994694174057826
135 66 0.08668205703673995
135 72 0.02538195958583487
135 57 0.21305731060144523
135 94 0.24927921028861313
135 80 0.19423635102743905
135 81 0.17377893743538197
135 95 0.08513076119941482
135 56 0.255851053390611
135 68 0.29198281663907677
135 54 0.07527474534408583
135 83 0.4638984947336559
135 82 0.0707607342316585
135 55 0.03326139506118158
135 69 0.12134241321646733
135 51 0.11368421033770906
135 79 0.1583544591057638
135 86 0.05777414449569373
135 92 0.19095812503306994
135 93 0.16683131338355567
135 87 0.182545457815953
135 78 0.17430794976621328
135 50 0.07328728031051697
135 52 0.3606022832490696
135 46 0.24255687562588704
135 91 0.16857636660926717
135 85 0.17061825738927044
135 84 0.10133609130987241
135 90 0.17187962824619196
135 47 0.1325417394707924
135 53 0.24143620598751783
121 76 0.09132923396106003
121 62 0.13681371634444955
121 89 0.06145966685029282
121 88 0.25523134665295344
121 63 0.20736748947877046
121 77 0.18519164831283225
121 49 0.11756048470091893
121 61 0.03434209057820838
121 75 0.011450513336020929
121 74 0.05707523988971851
121 60 0.05341884263615346
121 48 0.08110289969562648
121 64 0.08984272982588293
121 70 0.1266033913371029
121 58 0.0
121 59 0.0
121 71 0.3192461936483367
121 65 0.08262793095048532
121 73 0.0
121 67 0.28130089913778455
121 66 0.1729760343050282
121 72 0.04445950826824148
121 57 0.30891603836165715
121 94 0.3793201110013517
121 80 0.34956713989571503
121 81 0.12679246447336062
121 95 0.0737339314244781
121 56 0.14295450686536348
121 68 0.32529486049203704
121 54 0.09702673106120151
121 83 0.30390846454641296
121 82 0.0674477086752247
121 55 0.29490491614820613
121 69 0.32759672030209236
121 51 0.08204437233076656
121 79 0.05702176894789464
121 86 0.10954534127781926
121 92 0.45763028477459333
121 93 0.3690834826590723
121 87 0.1632027916273364
121 78 0.450760070978258
121 50 0.11588297536393291
121 52 0.002695018901340565
121 46 0.08927831342427521
121 91 0.3702657187980609
121 85 0.3434587577208525
121 84 0.05003293272393831
121 90 0.3701071589269427
121 47 0.1947680890936801
121 53 0.21633330592761657
109 76 0.037756964390384055
109 62 0.07089246362081383
109 89 0.03167018134909004
109 88 0.18524647756139778
109 63 0.04722651624316848
109 77 0.1590922374085084
109 49 0.06337786904591239
109 61 0.047053519462775195
109 75 0.0010625712329935116
109 74 0.06152525724050116
109 60 0.0
109 48 0.04381836385241865
109 64 0.07581491982792292
109 70 0.19166224550303712
109 58 0.40531081242864775
109 59 0.0
109 71 0.1825768678154771
109 65 0.0
109 73 0.0
109 67 0.12878081855316667
109 66 0.08750677772686988
109 72 0.04465849052967151
109 57 0.2219968896799626
109 94 0.18580713824969441
109 80 0.18830681973218888
109 81 0.17597129612253168
109 95 0.05605442443932191
109 56 0.07252115489832064
109 68 0.3002043680611888
109 54 0.0936830596329824
109 83 0.01724872671636902
109 82 0.01364073042021803
109 55 0.1051871647884478
109 69 0.21194738332783516
109 51 0.058645644128492824
109 79 0.13017674321465808
109 86 0.0695279882044727
109 92 0.19432053787639963
109 93 0.16234225544682135
109 87 0.14414241705184028
109 78 0.2276662097116802
109 50 0.10100702361442905
109 52 0.12202309194394444
109 46 0.13158671279168205
109 91 0.17528204271366407
109 85 0.17740515637494458
109 84 0.46773449491068864
109 90 0.17871670238146858
109 47 0.05150364076135178
109 53 0.01408853636510543
108 76 0.07332389005235354
108 62 0.11702461144763088
108 89 0.06172413919857542
108 88 0.22177560199604807
108 63 0.14120004370720435
108 77 0.15733796579152992
108 49 0.01985002040329583
108 61 0.015378418783947759
108 75 0.018393113154502524
108 74 0.06342855479396223
108 60 0.009128591105649217
108 48 0.0424928876960617
108 64 0.15676513723144936
108 70 0.26850863408379666
108 58 0.6974160948507719
108 59 0.048914603045688475
108 71 0.08415612156241152
108 65 0.009995429879027351
108 73 0.011410150241683459
108 67 0.1924035205177672
108 66 0.1437430106926842
108 72 0.03836077736159033
108 57 0.2693025974271034
108 94 0.22909262053078677
108 80 0.08815445114257263
108 81 0.21208749827252357
108 95 0.05441169106736639
108 56 0.18086987644576227
108 68 0.38255403479611855
108 54 0.18172349247034486
108 83 0.07454204986356591
108 82 0.06341518896030654
108 55 0.13723329118163885
108 69 0.3261143416295307
108 51 0.0
108 79 0.1052450478037089
108 86 0.010224345357748438
108 92 0.2365999270971395
108 93 0.21710755972391685
108 87 0.22948586709374702
108 78 0.271196828922427
108 50 0.027237123696658733
108 52 0.09940570821375747
108 46 0.1526797652210985
108 91 0.21046828136630416
108 85 0.21838854981786995
108 84 0.14899727747380198
108 90 0.21355720038181042
108 47 0.1468528013417848
108 53 0.009834013594695948
120 76 0.0
120 62 0.13476811439637076
120 89 0.04104798339687644
120 88 0.11564780501758998
120 63 0.0
120 77 0.25963618627012375
120 49 0.0
120 61 0.0
120 75 0.03961772082605522
120 74 0.003613675894741583
120 60 0.0
120 48 0.0
120 64 0.0
120 70 0.06600547244765023
120 58 0.015979824665447034
120 59 0.0
120 71 0.0030433645142662336
120 65 0.0
120 73 0.0
120 67 0.09728150421553035
120 66 0.0769532024969487
120 72 0.0
120 57 0.02442492631842412
120 94 0.1720874563173026
120 80 0.012238715425059624
120 81 0.03821465480238754
120 95 0.020408301926566022
120 56 0.07182202760000639
120 68 0.11909308932619297
120 54 0.0
120 83 0.02013060904537605
120 82 0.0
120 55 0.22782432701234798
120 69 0.08364796058337551
120 51 0.03921683440933281
120 79 0.020585852811874528
120 86 0.0
120 92 0.17997224104717446
120 93 0.14517552211371104
120 87 0.14726008685860856
120 78 0.14373486546324818
120 50 0.06481809062991122
120 52 0.0
120 46 0.025866904600609468
120 91 0.14206482401226694
120 85 0.14938253807550164
120 84 0.08635125089602005
120 90 0.15048691449420762
120 47 0.05809564143828628
120 53 0.3775279542302134
134 76 0.049095730799887174
134 62 0.10329589769101072
134 89 0.0
134 88 0.10817032741618342
134 63 0.039905028804854595
134 77 0.12403850766048945
134 49 0.27174113345504713
134 61 0.00863778730497472
134 75 0.3344179439256012
134 74 0.09208980161755935
134 60 0.0
134 48 0.2533399941216462
134 64 0.018435654821197203
134 70 0.06205945131085414
134 58 0.061206759796437527
134 59 0.0
134 71 0.3440073913315521
134 65 0.0
134 73 0.21336652986654472
134 67 0.141389255080485
134 66 0.043359668192830006
134 72 0.0029248001591822004
134 57 0.22414008397106486
134 94 0.19821223850253192
134 80 0.37683326296387204
134 81 0.032812683137843926
134 95 0.018634899560583937
134 56 0.04741626585763367
134 68 0.18453213217542624
134 54 0.03573778784770144
134 83 0.2738110595548837
134 82 0.028536112898307035
134 55 0.1607993664762989
134 69 0.06272807065646052
134 51 0.11057736598592183
134 79 0.05934649425834652
134 86 0.11865671119254705
134 92 0.1250015497250118
134 93 0.11090146795508204
134 87 0.11824989220095052
134 78 0.06267595922741728
134 50 0.1255214743000245
134 52 0.4803049442823339
134 46 0.14739994766779138
134 91 0.14408246464627633
134 85 0.07749059071110374
134 84 0.05471337550910045
134 90 0.1148676013607946
134 47 0.1209586600893581
134 53 0.35551456880172716
122 76 0.028734916134948316
122 62 0.04381784826555083
122 89 0.1419131667397187
122 88 0.14064848675012165
122 63 0.19391920662685336
122 77 0.003279952936762115
122 49 0.20324068795257377
122 61 0.0
122 75 0.0
122 74 0.13164974930814563
122 60 0.023462441874773428
122 48 0.0633684353005044
122 64 0.0
122 70 0.08027450080506769
122 58 0.022581782423095546
122 59 0.024702663149085702
122 71 0.5141329330707172
122 65 0.0
122 73 0.0
122 67 0.3413113435165281
122 66 0.13352719298934393
122 72 0.0
122 57 0.343519016809504
122 94 0.209289232216944
122 80 0.5661938235797297
122 81 0.12040612647957555
122 95 0.054562690803088384
122 56 0.08050705788742211
122 68 0.38515684346169404
122 54 0.0
122 83 0.28214495165483544
122 82 0.0
122 55 0.1376548965043125
122 69 0.19798269355004677
122 51 0.1010099091240589
122 79 0.052886109493392036
122 86 0.22206196901320063
122 92 0.21887854556740752
122 93 0.17655949021554357
122 87 0.12317487606188185
122 78 0.23316132078267318
122 50 0.20034057953125095
122 52 0.0218993239047569
122 46 0.03400926653895182
122 91 0.1727763230327506
122 85 0.6765474013915791
122 84 0.07783500696756507
122 90 0.3365036404188579
122 47 0.011597199213699574
122 53 0.012125283363553105
136 76 0.017868369474773445
136 62 0.07527393945476302
136 89 0.0
136 88 0.03961408601005414
136 63 0.016493927489150496
136 77 0.2757989869804083
136 49 0.13700550040272036
136 61 0.048593589330254344
136 75 0.0
136 74 0.10174370708369657
136 60 0.0
136 48 0.14232081965947574
136 64 0.0
136 70 0.06757475701577996
136 58 0.08827746150992696
136 59 0.0
136 71 0.0
136 65 0.0
136 73 0.0
136 67 0.02947793189705864
136 66 0.0
136 72 0.03748198496087718
136 57 0.09629323870487051
136 94 0.07532112394546536
136 80 0.0
136 81 0.27560102914367335
136 95 0.0579341014263251
136 56 0.16314896139276455
136 68 0.16746382509909943
136 54 0.05139209384289333
136 83 0.027507778021317507
136 82 0.0
136 55 0.013581313516332502
136 69 0.02181059582736026
136 51 0.0
136 79 0.3866356060316135
136 86 0.0
136 92 0.07877222294263447
136 93 0.0714847653344588
136 87 0.053100511506156765
136 78 0.08964518284413185
136 50 0.0
136 52 0.051070250418475016
136 46 0.12472564671083794
136 91 0.09327073378888803
136 85 0.08826757175520747
136 84 0.024957977285873248
136 90 0.08892012878120761
136 47 0.16842229812901033
136 53 0.014130795876181976
137 76 0.11923504596737644
137 62 0.040239058958818776
137 89 0.04835754543824901
137 88 0.15614510403781606
137 63 0.031241617414457898
137 77 0.025263681583460942
137 49 0.033216077313720185
137 61 0.06935741544864972
137 75 0.0
137 74 0.009052673671520933
137 60 0.03800139730683919
137 48 0.0066187637596197835
137 64 0.019837295451746388
137 70 0.1455019418841283
137 58 0.19093806683428793
137 59 0.14285462983286767
137 71 0.0
137 65 0.012721115542609504
137 73 0.006751945410689297
137 67 0.14063488769306343
137 66 0.2260064993652278
137 72 0.017760578086223708
137 57 0.16277723041427994
137 94 0.15364624278690592
137 80 0.0
137 81 0.13278285181015734
137 95 0.0722159059368344
137 56 0.1413781399923736
137 68 0.2774952188784964
137 54 0.03647923682714241
137 83 0.016620020964553797
137 82 0.01716424221630583
137 55 0.03454745771052849
137 69 0.19218918248947742
137 51 0.011832868540356922
137 79 0.06823847722521983
137 86 0.016167973258747435
137 92 0.20926796906339765
137 93 0.16161679353808997
137 87 0.1370412618788717
137 78 0.21876199983519268
137 50 0.04945327846495819
137 52 0.1228741267743976
137 46 0.059393076535320596
137 91 0.1666574304934204
137 85 0.16100437770490145
137 84 0.01184664766995662
137 90 0.1542006952923446
137 47 0.03999927239488509
137 53 0.014593103051902367
123 76 0.03129794849854882
123 62 0.04673492468537118
123 89 0.03542687398700631
123 88 0.09981099864564368
123 63 0.02383230540373104
123 77 0.1470290509522467
123 49 0.14422946523423202
123 61 0.07610366454988403
123 75 0.037504015334455694
123 74 0.021415186850084804
123 60 0.0630265677262151
123 48 0.06226912472531081
123 64 0.012976432528061924
123 70 0.09278312983365457
123 58 0.15204621482086317
123 59 0.0
123 71 0.4233099694211937
123 65 0.04833901717717974
123 73 0.021032739344077907
123 67 0.24221110964381923
123 66 0.10626229101627825
123 72 0.06785052980224815
123 57 0.3874240731946186
123 94 0.5980351473246937
123 80 0.4575239673039317
123 81 0.03298154131109263
123 95 0.03872033595018404
123 56 0.10486965145508796
123 68 0.29742497287805325
123 54 0.01676647361844004
123 83 0.20022376378302292
123 82 0.08791511650681175
123 55 0.01348627040008589
123 69 0.14049813698239105
123 51 0.08116923764382157
123 79 0.017766826848230333
123 86 0.13439606030543882
123 92 0.19848430087267535
123 93 0.22383652560071313
123 87 0.12054099319482425
123 78 0.21463305851012915
123 50 0.15712367038547126
123 52 0.011037533594144139
123 46 0.05225654108595049
123 91 0.27177068504564883
123 85 0.17557027453197876
123 84 0.11509166191301876
123 90 0.22956610849476053
123 47 0.09649775400389268
123 53 0.12744097236784882
127 76 0.07057127503047599
127 62 0.05481233561321594
127 89 0.06051119910190539
127 88 0.17048309748756718
127 63 0.08025695107237737
127 77 0.07709567979897415
127 49 0.12317623466229347
127 61 0.0
127 75 0.0
127 74 0.061023330881735546
127 60 0.0
127 48 0.038405131056133225
127 64 0.025437795633971402
127 70 0.11177354278788329
127 58 0.152722378839296
127 59 0.039792843753647604
127 71 0.31159586916134474
127 65 0.0
127 73 0.0
127 67 0.2623808265527712
127 66 0.11344115282838593
127 72 0.05042560224930527
127 57 0.2657134677261862
127 94 0.2536840417098092
127 80 0.3431479394218155
127 81 0.12336001364622086
127 95 0.13069554222338625
127 56 0.196394980959552
127 68 0.4979542735251707
127 54 0.0691392754568797
127 83 0.02356817160740124
127 82 0.05346321039786736
127 55 0.04130668389364114
127 69 0.17481751659999425
127 51 0.21809350787462792
127 79 0.12877913261630552
127 86 0.1147782156370458
127 92 0.2653074575071671
127 93 0.21401160779104988
127 87 0.2358380702894241
127 78 0.17891412022361308
127 50 0.3288470783419661
127 52 0.1427549785711899
127 46 0.12692483216630365
127 91 0.2639726236295423
127 85 0.22021341259172558
127 84 0.0587644558704976
127 90 0.22184143754753502
127 47 0.10504719726105423
127 53 0.06389444827209766
133 76 0.0
133 62 0.23106584818495698
133 89 0.0
133 88 0.1364843580874789
133 63 0.10842498547691623
133 77 0.24329311846523707
133 49 0.4083187221024253
133 61 0.0523242627073844
133 75 0.0
133 74 0.12060672385859925
133 60 0.0
133 48 0.23915817211971124
133 64 0.04041038281858844
133 70 0.07276267069820988
133 58 0.16977561987659398
133 59 0.0
133 71 0.2493947564803033
133 65 0.0
133 73 0.043124948616127985
133 67 0.15544989329333897
133 66 0.060438677195650804
133 72 0.0
133 57 0.242091700048895
133 94 0.17475382265122952
133 80 0.27464836751256333
133 81 0.14795160873868662
133 95 0.05770983548802208
133 56 0.12904846072329915
133 68 0.20802042248929292
133 54 0.06226024181649712
133 83 0.07621805778504367
133 82 0.14015905833734119
133 55 0.057028606340754066
133 69 0.07926671211620122
133 51 0.04899772037094381
133 79 0.35324496569625186
133 86 0.0918660610459591
133 92 0.137415265281752
133 93 0.11475410767059349
133 87 0.11084799742073698
133 78 0.09064807078241953
133 50 0.09718087839054429
133 52 0.10573717180288857
133 46 0.09053656883637862
133 91 0.10488407462741578
133 85 0.09504413394272354
133 84 0.11159414248060914
133 90 0.09574678969897807
133 47 0.1995021288268038
133 53 0.3839051781996923
132 76 0.03573576012784884
132 62 0.08428901764347506
132 89 0.10014191071382311
132 88 0.28776776361266454
132 63 0.1305389290957203
132 77 0.2620459689064338
132 49 0.073426692643285
132 61 0.0031282647124849378
132 75 0.0003413500370743755
132 74 0.053812588146398145
132 60 0.0
132 48 0.07621372911091093
132 64 0.11263913855467869
132 70 0.173003278642119
132 58 0.14504730809353594
132 59 0.0
132 71 0.07666420052387535
132 65 0.0
132 73 0.0
132 67 0.23733092110925405
132 66 0.18773737698838067
132 72 0.04172546762489837
132 57 0.27182021586645927
132 94 0.5082478460831341
132 80 0.08658943553786291
132 81 0.20212980372840306
132 95 0.06953459170712449
132 56 0.2636309156198758
132 68 0.4367934071190361
132 54 0.1387596975664181
132 83 0.17188936468596797
132 82 0.10604580172976887
132 55 0.061264856549108834
132 69 0.22834997175912683
132 51 0.02551745605384427
132 79 0.16393293253457658
132 86 0.016522255009817313
132 92 0.5315349870610189
132 93 0.4380892426495087
132 87 0.2879052077966043
132 78 0.2337010334831196
132 50 0.030516808214467832
132 52 0.49693470099338966
132 46 0.2974763364679951
132 91 0.41957817468857767
132 85 0.43351528119227006
132 84 0.03949971415304447
132 90 0.4367202344610078
132 47 0.18144306131867566
132 53 0.23636840277087012
126 76 0.03571658037758374
126 62 0.04277431358573437
126 89 0.06401826680079031
126 88 0.1803638430896759
126 63 0.030620209356552318
126 77 0.10724988365040877
126 49 0.13877319220039572
126 61 0.084310095698006
126 75 0.01334740137567779
126 74 0.038698394497362135
126 60 0.1032428508185101
126 48 0.04063099001443241
126 64 0.035938188485866385
126 70 0.10294186451525957
126 58 0.03322662538442749
126 59 0.017810232320460993
126 71 0.35025943916403646
126 65 0.025685854136151244
126 73 0.00469322828140202
126 67 0.3118206191035997
126 66 0.12001589946559404
126 72 0.03223027387641025
126 57 0.26252036835712333
126 94 0.40574614628579825
126 80 0.3789872634329123
126 81 0.059599419128236936
126 95 0.05089921690987743
126 56 0.10324008947366738
126 68 0.33982594461851207
126 54 0.022881034227024553
126 83 0.3368809906265881
126 82 0.02931843837804414
126 55 0.04046737541235951
126 69 0.23043827013032664
126 51 0.08838589818167801
126 79 0.03210561173956898
126 86 0.12143045486830636
126 92 0.4243368157448191
126 93 0.3567782343158359
126 87 0.19433472922164696
126 78 0.275000892851226
126 50 0.17977650140234847
126 52 0.0
126 46 0.0403419184816379
126 91 0.33495907313234996
126 85 0.3648946075642714
126 84 0.0
126 90 0.7752289716914286
126 47 0.014871936894533574
126 53 0.08917450077805401
118 76 0.07278223982413504
118 62 0.20052673057556542
118 89 0.0
118 88 0.03336290879877333
118 63 0.039383536797004036
118 77 0.10651147921213722
118 49 0.32471132202686903
118 61 0.0
118 75 0.0
118 74 0.10230977798973702
118 60 0.0
118 48 0.15266400272823355
118 64 0.0
118 70 0.04790094193036491
118 58 0.2624547878098944
118 59 0.12128918950475807
118 71 0.1826777191312976
118 65 0.0
118 73 0.03158834356435571
118 67 0.10302767282130117
118 66 0.0
118 72 0.0
118 57 0.24708385623745244
118 94 0.04420744971182024
118 80 0.20117559025059892
118 81 0.2303138262874273
118 95 0.025413292201054753
118 56 0.24125021021379983
118 68 0.14617201811327302
118 54 0.0
118 83 0.15213540389923957
118 82 0.023323343335848554
118 55 0.08882090091016087
118 69 0.06849552406673942
118 51 0.1278605672248213
118 79 0.1517504861886857
118 86 0.06729043839691845
118 92 0.03250716727124885
118 93 0.018533465259572668
118 87 0.08895450024800866
118 78 0.027499371485898212
118 50 0.25364189359383493
118 52 0.1080865912601704
118 46 0.1355175130608891
118 91 0.10744116239882331
118 85 0.05416966912346635
118 84 0.10693054672347901
118 90 0.04579957343000001
118 47 0.2916572188043405
118 53 0.27005924831749295
130 76 0.0
130 62 0.027483952037863142
130 89 0.053635942819172056
130 88 0.18853919983006165
130 63 0.0675202180009359
130 77 0.055141787411839116
130 49 0.0
130 61 0.0
130 75 0.0
130 74 0.008463978795902188
130 60 0.0
130 48 0.0
130 64 0.053742755152681926
130 70 0.09907388117645814
130 58 0.09078680510564006
130 59 0.0
130 71 0.0
130 65 0.0
130 73 0.0
130 67 0.12711428834441327
130 66 0.10055201808507339
130 72 0.0
130 57 0.03409397469773201
130 94 0.22486057055933176
130 80 0.0
130 81 0.12262369048371492
130 95 0.026666803691335464
130 56 0.14789458759540153
130 68 0.18409891414263388
130 54 0.07384774076883899
130 83 0.18412766582548917
130 82 0.0
130 55 0.036613436326684554
130 69 0.10929982083192172
130 51 0.0
130 79 0.048234579630760756
130 86 0.0
130 92 0.23516333887864163
130 93 0.1896957014318757
130 87 0.1886449905728972
130 78 0.11186110902997712
130 50 0.0
130 52 0.13890168340513426
130 46 0.21360390838524843
130 91 0.18563106264356768
130 85 0.19519285985216261
130 84 0.042312042871654326
130 90 0.19663590931629443
130 47 0.07810026533081449
130 53 0.024095617939941263
124 76 0.027577811307955336
124 62 0.037628190245916904
124 89 0.056316310431627645
124 88 0.15866449820778616
124 63 0.0
124 77 0.04060292491036957
124 49 0.11463714439633836
124 61 0.0
124 75 0.0
124 74 0.03404263980623949
124 60 0.0
124 48 0.03574272721124172
124 64 0.0
124 70 0.09055705954195464
124 58 0.0419233819093341
124 59 0.0
124 71 0.28999474406962344
124 65 0.0
124 73 0.0
124 67 0.2743058764628077
124 66 0.10557693903315694
124 72 0.0
124 57 0.2268977342682131
124 94 0.2360976060054593
124 80 0.31935949323872814
124 81 0.05242908871017804
124 95 0.08531967466734446
124 56 0.09081940543439208
124 68 0.29894191683460214
124 54 0.0
124 83 0.29635126651705884
124 82 0.02088706795571898
124 55 0.02143844220335879
124 69 0.202714534530737
124 51 0.07831903561541317
124 79 0.028243026368538753
124 86 0.10682131107199658
124 92 0.24691523814686697
124 93 0.1991754306510341
124 87 0.17144999448754555
124 78 0.24191588471109976
124 50 0.11300134916650831
124 52 0.005042321571729527
124 46 0.03548843350740757
124 91 0.9814462424982476
124 85 0.2049473004796759
124 84 0.0
124 90 0.20646246395623152
124 47 0.040242888324964844
124 53 0.02958953532371337
125 76 0.030053904220706855
125 62 0.04100666340127937
125 89 0.06137270941757013
125 88 0.17291030020891268
125 63 0.0
125 77 0.0
125 49 0.12492991990372443
125 61 0.0
125 75 0.0027428660155131984
125 74 0.037099181828893074
125 60 0.0
125 48 0.038951912760518195
125 64 0.0
125 70 0.09868778793180188
125 58 0.004308932902602258
125 59 0.0
125 71 0.31603212326943003
125 65 0.029604465282955537
125 73 0.0006461820648781952
125 67 0.36555514517346577
125 66 0.11505623771900207
125 72 0.0
125 57 0.24726990468692966
125 94 0.2572957932879667
125 80 0.3480334068063426
125 81 0.05713647079817692
125 95 0.04879580477728923
125 56 0.40365291395311914
125 68 0.4481189959361811
125 54 0.0
125 83 0.322959370492885
125 82 0.0
125 55 0.023363307603567363
125 69 0.22091539959062906
125 51 0.062089732048613434
125 79 0.030778846076813374
125 86 0.11641233656428723
125 92 0.26908469403292634
125 93 0.21705853481481432
125 87 0.15142860965076937
125 78 0.2636364701820122
125 50 0.12314725366480407
125 52 0.0
125 46 0.03867478712013957
125 91 0.21240758841338275
125 85 0.22334863597865606
125 84 0.0
125 90 0.22499983945867938
125 47 0.014257353519814178
125 53 0.02553418458119972
131 76 0.0
131 62 0.07441736825554925
131 89 0.08843585391633146
131 88 0.378164630593633
131 63 0.1302421973559838
131 77 0.0
131 49 0.0
131 61 0.0
131 75 0.0
131 74 0.05359905836272859
131 60 0.0
131 48 0.0316690407938762
131 64 0.11236181732726142
131 70 0.21248540148169565
131 58 0.34140870333219414
131 59 0.09914135788292266
131 71 0.0
131 65 0.0
131 73 0.0
131 67 0.22506002937545821
131 66 0.16579187602506873
131 72 0.0
131 57 0.2580661761370969
131 94 0.3707539296283212
131 80 0.0
131 81 0.20175543892637943
131 95 0.04396867905563236
131 56 0.09581930195207844
131 68 0.35582594285690305
131 54 0.13845405123478696
131 83 0.0
131 82 0.04152426709333535
131 55 0.09785640909145094
131 69 0.24939374087338947
131 51 0.0
131 79 0.06739173804957557
131 86 0.0
131 92 0.3877413091005547
131 93 0.31277349588024483
131 87 0.28743782824485326
131 78 0.20213835646887146
131 50 0.0
131 52 0.0
131 46 0.17437974355030303
131 91 0.30607165037866874
131 85 0.3218373040927792
131 84 0.008515787643395042
131 90 0.3242166285699168
131 47 0.14397297413714377
131 53 0.0
119 76 0.1355290655392798
119 62 0.13999090016016752
119 89 0.08187271315533663
119 88 0.17469568863646096
119 63 0.0
119 77 0.42127671472136835
119 49 0.1327325047360006
119 61 0.07162986433179398
119 75 0.15262353304374204
119 74 0.10779918452992904
119 60 0.045563192197567895
119 48 0.11997547062952058
119 64 0.001082686115143311
119 70 0.21713889028448036
119 58 0.4113719128673925
119 59 0.07803371559327107
119 71 0.013447047210922325
119 65 0.0
119 73 0.1368498947568303
119 67 0.17439289559495924
119 66 0.16351083507912947
119 72 0.11087789628145506
119 57 0.18217612926654791
119 94 0.2537490299284375
119 80 0.014962954148910954
119 81 0.1271869076085305
119 95 0.18941922232896982
119 56 0.26748204773277395
119 68 0.3313261138712323
119 54 0.0
119 83 0.26574303869089944
119 82 0.06621674208917325
119 55 0.10145206794400119
119 69 0.19178580140735535
119 51 0.06199911483761934
119 79 0.323419194347431
119 86 0.048595375521438
119 92 0.25395074567410136
119 93 0.2214986588812062
119 87 0.2641201273905046
119 78 0.2076022435370259
119 50 0.0499927222675604
119 52 0.31193631307718994
119 46 0.28459679816755346
119 91 0.26284947031386
119 85 0.3029303121256586
119 84 0.1654511249747731
119 90 0.28400527470288917
119 47 0.017425129910577805
119 53 0.1441877827726411
