114 76 0.18806545114522633
114 62 0.22175294899756104
114 89 0.14885296221059438
114 88 0.2694520427485975
114 63 0.18084085789299897
114 77 0.08091167545386105
114 49 0.11087034560253131
114 61 0.061975119510586485
114 75 0.10589100225685026
114 74 0.27261829179980646
114 60 0.09338060912503211
114 48 0.10194704524711876
114 64 0.12183506644805983
114 70 0.24602140408578338
114 58 0.527366987005413
114 59 0.1507130786079685
114 71 0.11812150564479239
114 65 0.08185405059809597
114 73 0.09731105598017135
114 67 0.2381267100872425
114 66 0.22291556113547994
114 72 0.15571992738881837
114 57 0.256956771146491
114 94 0.31649345019862174
114 80 0.11626787372324536
114 81 0.25190483029678024
114 95 0.13942184297508234
114 56 0.1485339285988772
114 68 0.34364946803104124
114 54 0.11586704400965614
114 83 0.1129300245324434
114 82 0.0005346514257634771
114 55 0.22770519116131743
114 69 0.28475048346737425
114 51 0.09395689543258867
114 79 0.13090000140954558
114 86 0.09886548538756207
114 92 0.3293670534009286
114 93 0.2923929946231298
114 87 0.27510102874527864
114 78 0.22055223983435707
114 50 0.12969747741751855
114 52 0.10852887890391853
114 46 0.14796825955661297
114 91 0.29590046633185296
114 85 0.32036458662523515
114 84 0.08296392999878255
114 90 0.3189035797775539
114 47 0.1676860055401117
114 53 0.11809207325111303
100 76 0.10958372830661245
100 62 0.11732726069911736
100 89 0.08492073680535428
100 88 0.10312208832909564
100 63 0.2882741941162138
100 77 0.09567284637855875
100 49 0.2353776699751044
100 61 0.08983989443461121
100 75 0.09335088316293032
100 74 0.11327110664563685
100 60 0.0860728386183639
100 48 0.14125007624742633
100 64 0.16500568118318656
100 70 0.12984580048855088
100 58 0.1278005024849918
100 59 0.09387877681334743
100 71 0.45928349589614414
100 65 0.0934469406395274
100 73 0.06403940702281052
100 67 0.24764348791793642
100 66 0.10664380564108557
100 72 0.07529585562054887
100 57 0.2992435039838591
100 94 0.10296099433764208
100 80 0.48651935490838205
100 81 0.1119903057191415
100 95 0.11811116079114992
100 56 0.17200385561851658
100 68 0.2755830909543864
100 54 0.1344522137179816
100 83 0.11565915068910519
100 82 0.08933196607008956
100 55 0.2657027966906029
100 69 0.1503242666927711
100 51 0.17335656164086177
100 79 0.07851729606416658
100 86 0.23941559905880494
100 92 0.09966773673878157
100 93 0.10027041399426875
100 87 0.1223751145853332
100 78 0.12164580519817678
100 50 0.2673780125571594
100 52 0.11220266494223144
100 46 0.17799163348136415
100 91 0.12129360085974379
100 85 0.14778950377250508
100 84 0.12995091199403147
100 90 0.11452736675571788
100 47 0.08248938054075272
100 53 0.08542236662011145
128 76 0.13843876578569075
128 62 0.08216212430038895
128 89 0.18341076615321536
128 88 0.3426683288768494
128 63 0.09624700877443741
128 77 0.1342594505646144
128 49 0.10324434295270786
128 61 0.10566091168678143
128 75 0.09891816763049935
128 74 0.09322233737877723
128 60 0.09960550949430315
128 48 0.0870953043708527
128 64 0.1042233876309935
128 70 0.24433286529520468
128 58 0.02804775042923696
128 59 0.07874072161876844
128 71 0.0922692950036037
128 65 0.06962145363544486
128 73 0.1185845599318843
128 67 0.3138415337488619
128 66 0.24026012446023248
128 72 0.1248540106855191
128 57 0.1476266377791512
128 94 0.4626043745864634
128 80 0.09277937795536319
128 81 0.26914997662222245
128 95 0.1891943692191804
128 56 0.26333459189191577
128 68 0.5239766238579441
128 54 0.15031367831149922
128 83 0.10012285119846707
128 82 0.05998879598541146
128 55 0.1714054898854246
128 69 0.2820915534669639
128 51 0.12363701882781349
128 79 0.19862918242642819
128 86 0.08810329442638327
128 92 0.47331697365032815
128 93 0.4126654779790298
128 87 0.3900299709562992
128 78 0.2855287410443389
128 50 0.14522225215690662
128 52 0.1693331108547655
128 46 0.18807040113513482
128 91 0.35973112460076895
128 85 0.41485291124887774
128 84 0.10075645630680274
128 90 0.41856960599878285
128 47 0.12976961402960702
128 53 0.07666267288135899
129 76 0.06401057996309403
129 62 0.2346666132217367
129 89 0.19057204502853697
129 88 0.39911478084699287
129 63 0.11829637387569125
129 77 0.12334031888944721
129 49 0.10541518136250297
129 61 0.11556875272987445
129 75 0.08329191336886779
129 74 0.17995929100275057
129 60 0.07960844753334925
129 48 0.15405659627174795
129 64 0.168332886092096
129 70 0.287278378170973
129 58 0.6151455244602425
129 59 0.07898694886373335
129 71 0.1092319378043361
129 65 0.13512277502152664
129 73 0.09497358511950504
129 67 0.3669247201051353
129 66 0.2923332263894088
129 72 0.08813391631371957
129 57 0.5446589439485902
129 94 0.5222608455199652
129 80 0.11641381378432432
129 81 0.31506508453406745
129 95 0.17275865461406253
129 56 0.2501192360290469
129 68 0.5332699548342368
129 54 0.223614851804052
129 83 0.10653490623536256
129 82 0.37233973892483785
129 55 0.140071461743017
129 69 0.3734052951856903
129 51 0.122516984995084
129 79 0.1481774747672095
129 86 0.0877813896991387
129 92 0.5175594177499097
129 93 0.4655874162348811
129 87 0.3541025209120398
129 78 0.35208687939669125
129 50 0.06254636324491872
129 52 0.11932033363511248
129 46 0.21917858005466687
129 91 0.44962746785232643
129 85 0.4309297023010601
129 84 0.14434938244822715
129 90 0.43752802601517554
129 47 0.17316930757019933
129 53 0.14388017522314878
101 76 0.05035337351700789
101 62 0.1406247865629438
101 89 0.1387775199355941
101 88 0.14372259719993596
101 63 0.09655562555520773
101 77 0.1576004016897856
101 49 0.1466678135253137
101 61 0.1019053320875332
101 75 0.08322025328279316
101 74 0.05185522818514607
101 60 0.0821108681902805
101 48 0.09926564318103397
101 64 0.09713039330835878
101 70 0.0690798434551178
101 58 0.06862501054782583
101 59 0.10536626652722893
101 71 0.20429459580410803
101 65 0.09604046930401534
101 73 0.097754504761925
101 67 0.16531527679320934
101 66 0.10044179872550993
101 72 0.0637016861720211
101 57 0.21467518088531268
101 94 0.15426667912494124
101 80 0.2257217987842002
101 81 0.16112271234557599
101 95 0.00805427014396154
101 56 0.17135732186422303
101 68 0.17318857049772693
101 54 0.07326170321418085
101 83 0.08170074812643628
101 82 0.11700748464157548
101 55 0.11729164292386127
101 69 0.08030126519111334
101 51 0.12944165449248513
101 79 0.1775707394797979
101 86 0.15602969552096202
101 92 0.15436074971379662
101 93 0.14259266727810083
101 87 0.12910413978184165
101 78 0.1079112486329769
101 50 0.15857000825533268
101 52 0.09445857181002253
101 46 0.14474602054537458
101 91 0.20257914527954357
101 85 0.13463156006190377
101 84 0.12795074629085174
101 90 0.13837483512447624
101 47 0.03128096596426694
101 53 0.07142276198191397
115 76 0.10981339247410536
115 62 0.09698543295201717
115 89 0.1639580567332864
115 88 0.12254630968789128
115 63 0.057524337873518405
115 77 0.22049026500259994
115 49 0.12034331361646546
115 61 0.12664651143459624
115 75 0.13339714133876732
115 74 0.22125506774711687
115 60 0.11527424814990644
115 48 0.12818435126835093
115 64 0.2119112134712046
115 70 0.09511539260475145
115 58 0.11456103413276773
115 59 0.12949365684767639
115 71 0.13966404673027327
115 65 0.09440103827064573
115 73 0.07840734679970708
115 67 0.1528398576049616
115 66 0.3212974005453716
115 72 0.24423423818413142
115 57 0.10380522446907578
115 94 0.2496270074717137
115 80 0.13961606887091604
115 81 0.10378674254491431
115 95 0.14979274942845566
115 56 0.3392208057364624
115 68 0.18820022097192654
115 54 0.1675961655475895
115 83 0.25304907170972946
115 82 0.14517549341318448
115 55 0.22159779511413277
115 69 0.11566404910290552
115 51 0.17325101904211246
115 79 0.19647939985124188
115 86 0.150037619823208
115 92 0.2446604657075246
115 93 0.23701310481754304
115 87 0.19679936721070904
115 78 0.1261691594620417
115 50 0.11714661330336283
115 52 0.997232985258786
115 46 0.655013673772413
115 91 0.22747983020617404
115 85 0.24315851219024387
115 84 0.11058403756239621
115 90 0.24966333286389084
115 47 0.4194963970701832
115 53 0.40351808311391735
103 76 0.09306166735334029
103 62 0.24113086835461042
103 89 0.1167325466608312
103 88 0.1373533727287878
103 63 0.163026977765623
103 77 0.1488743615917557
103 49 0.11175028949504211
103 61 0.12714984579870658
103 75 0.1255058911947161
103 74 0.11881654230096902
103 60 0.10281558957013147
103 48 0.1136124240741679
103 64 0.15977740442468263
103 70 0.2573368717126017
103 58 0.9534750603278122
103 59 0.10912248516517706
103 71 0.10567962278011396
103 65 0.14492781500925458
103 73 0.13480224286529582
103 67 0.1564628677255291
103 66 0.2940125136039487
103 72 0.1230380575095143
103 57 0.37991533877583084
103 94 0.15427485095122595
103 80 0.10578398016516329
103 81 0.24331601992051105
103 95 0.1311603411460674
103 56 0.12430989512272003
103 68 0.30261891574917854
103 54 0.16055902477063982
103 83 0.1144164464919087
103 82 0.17589752226291006
103 55 0.09778849347140309
103 69 0.25896216856995324
103 51 0.09812012209823678
103 79 0.08583753270466621
103 86 0.09925266350660308
103 92 0.1462137034161356
103 93 0.14977120790428283
103 87 0.09131477800272499
103 78 0.1907987913887563
103 50 0.10936015790366514
103 52 0.13393890819884915
103 46 0.18092925504692497
103 91 0.15234331057895967
103 85 0.12544580509273684
103 84 0.14577260941132042
103 90 0.12603189096252945
103 47 0.13683873005735725
103 53 0.13190711769184152
117 76 0.2859685001687372
117 62 0.3027512441024966
117 89 0.10873090393113624
117 88 0.09916765108225223
117 63 0.11544316428448499
117 77 0.4958399003027844
117 49 0.29016714582738024
117 61 0.16694821354406356
117 75 0.6604093339942436
117 74 0.45078741276619166
117 60 0.11861903647516113
117 48 0.47324309207873677
117 64 0.20237684527920877
117 70 0.27002988365947667
117 58 0.6936530365547247
117 59 0.12730311507086148
117 71 0.13418695786470988
117 65 0.09311789130294403
117 73 0.5241146810395482
117 67 0.18146748904091292
117 66 0.13759701184368425
117 72 0.2230321318720208
117 57 0.27078650787981573
117 94 0.27051149237410765
117 80 0.13346763538837492
117 81 0.2536792839597379
117 95 0.2487825770282705
117 56 0.32913581067868347
117 68 0.29839728529211845
117 54 0.14962846681550246
117 83 0.7281436034082918
117 82 0.1545605350530455
117 55 0.17035390441615664
117 69 0.31051116390949846
117 51 0.213163824389469
117 79 0.49250173112468504
117 86 0.08436734828345976
117 92 0.2699378287205778
117 93 0.24917378823776082
117 87 0.3400353614730789
117 78 0.34295037129346756
117 50 0.08629565196429431
117 52 0.2510587971262231
117 46 0.430004548405087
117 91 0.2858242314151398
117 85 0.283116154485087
117 84 0.19219343061087124
117 90 0.2919626817622145
117 47 0.14055008525980295
117 53 0.17457600401104473
116 76 0.13322738582414612
116 62 0.24945999709535674
116 89 0.147273485545185
116 88 0.30632649422016656
116 63 0.11600917988048134
116 77 0.16849182647575578
116 49 0.1260072101290526
116 61 0.17925556877443935
116 75 0.14049861976062625
116 74 0.11050367963840964
116 60 0.11562855039280409
116 48 0.10088696412988496
116 64 0.1286089332139308
116 70 0.4503756073964434
116 58 0.8679186531304712
116 59 0.1767475008500345
116 71 0.07808100102180812
116 65 0.11367132683298159
116 73 0.12874017176400182
116 67 0.28574459212758174
116 66 0.318557105210639
116 72 0.1342453054726952
116 57 0.484890016016987
116 94 0.4172026995731032
116 80 0.08047415431586041
116 81 0.33641637682015807
116 95 0.15562846582952258
116 56 0.35836008399287445
116 68 0.46245374123264793
116 54 0.11082569765413676
116 83 0.35011908769922107
116 82 0.4524193720096371
116 55 0.21425614266268955
116 69 0.3468017848743259
116 51 0.08381424920232228
116 79 0.18419871062768386
116 86 0.12341954974808922
116 92 0.3906195051090924
116 93 0.37895377677153674
116 87 0.2091699242448118
116 78 0.2896912577273174
116 50 0.12722429758986187
116 52 0.12697449328098148
116 46 0.3720277759317107
116 91 0.36136856141112095
116 85 0.3216230109485625
116 84 0.2065933754543052
116 90 0.3272048298729904
116 47 0.10195786980051992
116 53 0.09875633866286057
102 76 0.12884409749149367
102 62 0.17423615898061406
102 89 0.138820824397883
102 88 0.131040195724069
102 63 0.14497314367017639
102 77 0.135283417702426
102 49 0.13543265678055355
102 61 0.10630172081545534
102 75 0.12233621687606297
102 74 0.11246916141362663
102 60 0.13188806666257363
102 48 0.11893439963053389
102 64 0.1146027271599165
102 70 0.2134667165472551
102 58 0.553816449626898
102 59 0.14401379529286512
102 71 0.16899518132359712
102 65 0.09748187945451547
102 73 0.11682577780459191
102 67 0.151989457958912
102 66 0.12331898082234849
102 72 0.14452000149082558
102 57 0.22526778101015374
102 94 0.12259749344314994
102 80 0.17447517702147997
102 81 0.16123207996646272
102 95 0.11343338516607403
102 56 0.1289072715537941
102 68 0.21529937120656015
102 54 0.12245089321028685
102 83 0.1443366834935002
102 82 0.07079270059782086
102 55 0.1349531455987033
102 69 0.17582446101550386
102 51 0.11887242149655146
102 79 0.1251874299001594
102 86 0.1457309502762249
102 92 0.11523041489260484
102 93 0.12141095724194646
102 87 0.13621810092131342
102 78 0.12204241272651381
102 50 0.13014110650067917
102 52 0.11261825226826054
102 46 0.12384444143826101
102 91 0.12742678089854328
102 85 0.13260909858078174
102 84 0.1082741555429912
102 90 0.12623819386025653
102 47 0.1596206394712748
102 53 0.13109193928314378
106 76 0.11867070902300023
106 62 0.12287727680719597
106 89 0.08277752666913817
106 88 0.13562380588896455
106 63 0.07015311599217708
106 77 0.07910117867016021
106 49 0.10428055392325451
106 61 0.10295499055574411
106 75 0.0788737589839311
106 74 0.08624985248549873
106 60 0.10032073084109065
106 48 0.10774100694079958
106 64 0.10424963936100914
106 70 0.1674167676542626
106 58 0.5035114253436412
106 59 0.09503814309941253
106 71 0.12056089281155288
106 65 0.08476372264493211
106 73 0.08370068227482937
106 67 0.1143211847770066
106 66 0.10027842319899197
106 72 0.19447535205042205
106 57 0.2122900311751644
106 94 0.10502949956387359
106 80 0.11799737449628138
106 81 0.16059841937095198
106 95 0.13178558741007598
106 56 0.1456110484329617
106 68 0.19484249797838246
106 54 0.1147760177022855
106 83 0.09128198095342388
106 82 0.09507825820230686
106 55 0.18538304248150828
106 69 0.17731919306482938
106 51 0.10612001796509742
106 79 0.12070781715329201
106 86 0.11286518302046819
106 92 0.1181146992641798
106 93 0.1167455074502068
106 87 0.14509985455455768
106 78 0.11216577970085272
106 50 0.08374289973521866
106 52 0.11805922877633486
106 46 0.10017482319577993
106 91 0.05041706653581565
106 85 0.12710837957858956
106 84 0.10744522022959227
106 90 0.12700539317286025
106 47 0.15890215475628694
106 53 0.11348579197100767
112 76 0.11202293432277768
112 62 0.193214082658544
112 89 0.13068706675119993
112 88 0.17311562539159223
112 63 0.14084503508336843
112 77 0.14169308182249937
112 49 0.10705288127976897
112 61 0.10716934231771812
112 75 0.1148975314084598
112 74 0.10983711709625175
112 60 0.10540497293078108
112 48 0.10221064251080467
112 64 0.1428018084564597
112 70 0.19221399226423624
112 58 0.6231354769153667
112 59 0.10930053070494065
112 71 0.12033669754340373
112 65 0.1180662380352273
112 73 0.10179895476227105
112 67 0.1435168739283988
112 66 0.12674808423775574
112 72 0.09866370618657291
112 57 0.28892118946247125
112 94 0.13094512990334503
112 80 0.1247854155880595
112 81 0.17395434656956957
112 95 0.12343996501604412
112 56 0.21259473792520328
112 68 0.25248017745937945
112 54 0.13318388406011653
112 83 0.15140570030497405
112 82 0.09166376968846589
112 55 0.31659725978743763
112 69 0.22305520295080894
112 51 0.10799767793107978
112 79 0.1381483787338937
112 86 0.12569528669214586
112 92 0.14853249125270204
112 93 0.14612652648537425
112 87 0.1562943614512885
112 78 0.16589031009202826
112 50 0.11268050160645039
112 52 0.14166610411863478
112 46 0.1373638345416194
112 91 0.1555376078146596
112 85 0.13276509170471748
112 84 0.11894534595711402
112 90 0.13476332171378086
112 47 0.13252987422827847
112 53 0.10990417416921425
113 76 0.11245776134397983
113 62 0.20810088700128362
113 89 0.17474917344748728
113 88 0.41701795834241784
113 63 0.12481381226464652
113 77 0.2215025455760385
113 49 0.12816557294379027
113 61 0.122224426373255
113 75 0.12076942080459528
113 74 0.06300815936667978
113 60 0.08471115718658054
113 48 0.09993181173794437
113 64 0.1326160499865994
113 70 0.333646820798326
113 58 0.4252914080181477
113 59 0.09727879364221638
113 71 0.12151625737975967
113 65 0.0986830235763044
113 73 0.12572899092083917
113 67 0.3361376965247721
113 66 0.28932678257779
113 72 0.12718940962569084
113 57 0.2878070633962474
113 94 0.5067258962257792
113 80 0.12011756793711441
113 81 0.3073195316552151
113 95 0.20826117958240678
113 56 0.3763999772545916
113 68 0.5090559957506866
113 54 0.16094789456928493
113 83 0.28398048509201784
113 82 0.17333813963921124
113 55 0.23209751012884686
113 69 0.37429857895705676
113 51 0.08980990660172536
113 79 0.22553753419041145
113 86 0.0700710504279764
113 92 0.5085853264809144
113 93 0.4578583940832084
113 87 0.31562418115314583
113 78 0.34838631685083543
113 50 0.13332209489974162
113 52 0.15605907150253978
113 46 0.3464078259048172
113 91 0.3894670471186986
113 85 0.4307791442740093
113 84 0.18135890015248418
113 90 0.43057143198445813
113 47 0.13079781592823386
113 53 0.11249207052992037
107 76 0.1447051794809431
107 62 0.1994271851669623
107 89 0.13073216925137565
107 88 0.21695746152955275
107 63 0.11310423438280937
107 77 0.0847723464388461
107 49 0.13908719374050693
107 61 0.11554206615772461
107 75 0.09892214401398237
107 74 0.07895846294936357
107 60 0.14253224076647805
107 48 0.11368888968190648
107 64 0.12954233797176778
107 70 0.10905051535840092
107 58 0.06309208361584087
107 59 0.11546753537745985
107 71 0.14931093506517717
107 65 0.1258928479216027
107 73 0.12642683165885787
107 67 0.2131734831603406
107 66 0.24399929100191586
107 72 0.06670796200421902
107 57 0.19678255387450144
107 94 0.12098334125162621
107 80 0.15778484150410266
107 81 0.10238883953143074
107 95 0.13741316633973621
107 56 0.8222090328163532
107 68 0.5762285786564215
107 54 0.10804998848587853
107 83 0.16306040233265054
107 82 0.09023509584973602
107 55 0.180320299799522
107 69 0.11829361318578109
107 51 0.08445148419981899
107 79 0.13989605999197327
107 86 0.1331728782725558
107 92 0.12520658801920323
107 93 0.15996765560350806
107 87 0.170568616982371
107 78 0.09595916352458413
107 50 0.13701285661031298
107 52 0.10963712341694283
107 46 0.13291992512608478
107 91 0.11401045996414888
107 85 0.10535300967437575
107 84 0.10538138353584914
107 90 0.10894196340771542
107 47 0.06350596660338975
107 53 0.08747274702199846
139 76 0.1996934019047555
139 62 0.08603113487418895
139 89 0.12531448393173977
139 88 0.2433971620943267
139 63 0.09843962746719764
139 77 0.117451829297025
139 49 0.10243991019741204
139 61 0.1646653946122772
139 75 0.08533349163652429
139 74 0.1448060926450325
139 60 0.10349373315069667
139 48 0.08126752616725771
139 64 0.09502710403110225
139 70 0.20266284963826497
139 58 0.08521531575843298
139 59 0.15435676803360895
139 71 0.10055733434613695
139 65 0.10454846824128307
139 73 0.08118637027509766
139 67 0.17841837181024603
139 66 0.3262362814795916
139 72 0.09450414806603197
139 57 0.23550606798045962
139 94 0.3001843873598212
139 80 0.10049113586338371
139 81 0.15543025953809436
139 95 0.08762352384434191
139 56 0.1438596425088637
139 68 0.2639331399563838
139 54 0.12575844952152043
139 83 0.10571335501953631
139 82 0.12758642058232994
139 55 0.12514413011946213
139 69 0.16200373941792695
139 51 0.10312208984527416
139 79 0.15094873948192014
139 86 0.11701922395262598
139 92 0.3100297005639647
139 93 0.28319022584941583
139 87 0.2240086001262611
139 78 0.16930521776942187
139 50 0.11274493037692103
139 52 0.20027656761684012
139 46 0.18531961301319225
139 91 0.26620919309512936
139 85 0.2818207652406891
139 84 0.0869896447832536
139 90 0.2788157750542953
139 47 0.10293404239578442
139 53 0.11217655075897863
111 76 0.12512894783578665
111 62 0.2376179920674624
111 89 0.19600078574525176
111 88 0.25904609134072865
111 63 0.14807104804185098
111 77 0.14404621851776897
111 49 0.10031131584819414
111 61 0.10310964719312679
111 75 0.12937722295984005
111 74 0.1391696225734824
111 60 0.11587624978792516
111 48 0.0976108606043364
111 64 0.15317824527769153
111 70 0.3552211400470546
111 58 0.5677219382297263
111 59 0.11308915538464497
111 71 0.12710689400645314
111 65 0.11733574996253997
111 73 0.12280071253829783
111 67 0.32657885531850084
111 66 0.23049133413194461
111 72 0.0951143935607173
111 57 0.3404883864383842
111 94 0.3302375071573647
111 80 0.13188582240150354
111 81 0.20687161221815603
111 95 0.16237150101464262
111 56 0.25597824025707855
111 68 0.5074466679320732
111 54 0.14657578584857298
111 83 0.14727078657642453
111 82 0.11457872553321491
111 55 0.336055863781912
111 69 0.4529729696119547
111 51 0.12157875885984755
111 79 0.15469392029260234
111 86 0.08021751569020642
111 92 0.34495774242696486
111 93 0.31543316434414015
111 87 0.25828724361610095
111 78 0.43220118300152643
111 50 0.16784735828736025
111 52 0.1458450077397641
111 46 0.15472948762064584
111 91 0.33668505347118244
111 85 0.28084522321196387
111 84 0.1560850173821033
111 90 0.29388185208714185
111 47 0.13400454810999718
111 53 0.10637637630770592
105 76 0.1090686906931493
105 62 0.12788008447806049
105 89 0.10203605067974239
105 88 0.12397920505502626
105 63 0.09183102886027963
105 77 0.10095536915567155
105 49 0.22351549703478643
105 61 0.11779289079012499
105 75 0.11225674198092327
105 74 0.14488161247014386
105 60 0.12416884200485521
105 48 0.1661671395610551
105 64 0.11936938198742819
105 70 0.11979047462681305
105 58 0.13736077944528235
105 59 0.11710106239371033
105 71 0.3934056562943402
105 65 0.11687398784019
105 73 0.11191962816679932
105 67 0.24088809757695667
105 66 0.17112745434791413
105 72 0.12107995906287156
105 57 0.35696580454217397
105 94 0.11675881966435435
105 80 0.4109325319810298
105 81 0.11502417832113127
105 95 0.14925328165459067
105 56 0.4362983963146942
105 68 0.387146047902729
105 54 0.12333946914280439
105 83 0.22595558838840762
105 82 0.12512059974390544
105 55 0.12090104085995651
105 69 0.17469322400277895
105 51 0.18179323826269253
105 79 0.13320134664812627
105 86 0.2449852925252866
105 92 0.10788451095071201
105 93 0.1072109186786041
105 87 0.14533924741685209
105 78 0.16437852551036772
105 50 0.20764720413927062
105 52 0.11254063567055324
105 46 0.1195297485296845
105 91 0.0919340338388914
105 85 0.16193030054180924
105 84 0.12579497603802045
105 90 0.13020069617356467
105 47 0.1250582992054926
105 53 0.10707562105764178
104 76 0.13825135439615832
104 62 0.2223857040311025
104 89 0.09531074692682659
104 88 0.15213373685958798
104 63 0.16564223658938707
104 77 0.10112075502010467
104 49 0.13225271842043662
104 61 0.12239019924443449
104 75 0.12375371572187516
104 74 0.11339748412632718
104 60 0.11873683083438173
104 48 0.12643652207858705
104 64 0.14647353806780097
104 70 0.29432215251803695
104 58 1.0
104 59 0.12060896987869478
104 71 0.14173734993488707
104 65 0.10301087181254945
104 73 0.12658178733257905
104 67 0.1423630723255839
104 66 0.1416417203255927
104 72 0.1620286872367699
104 57 0.3487516124665071
104 94 0.13991259774983245
104 80 0.13898481570446541
104 81 0.2475257627585125
104 95 0.14874320517092746
104 56 0.11073618517987002
104 68 0.27796458532707724
104 54 0.15799838099209465
104 83 0.10473710376534885
104 82 0.08062191731468499
104 55 0.21872550398080198
104 69 0.27376084177685867
104 51 0.10044377709932736
104 79 0.10981948040149513
104 86 0.11236999382360008
104 92 0.14614476705828033
104 93 0.14552580865485026
104 87 0.14047774841415084
104 78 0.170438131493131
104 50 0.12100498535226004
104 52 0.11776778679601307
104 46 0.12549691890727446
104 91 0.11341983833937193
104 85 0.1410475199730325
104 84 0.14808303689080615
104 90 0.1407073413712987
104 47 0.19181176640162848
104 53 0.1426221485043755
110 76 0.012601188736627467
110 62 0.2636500256629244
110 89 0.25723997097466633
110 88 0.43378912455102914
110 63 0.07780512247352599
110 77 0.37988537403290434
110 49 0.0969410114165994
110 61 0.10164801175214128
110 75 0.12053862936275922
110 74 0.13194751608132332
110 60 0.15533203882861077
110 48 0.14360358850885868
110 64 0.11260975054293207
110 70 0.23188588637019245
110 58 0.4283056823373762
110 59 0.09227825715792903
110 71 0.2567679482834928
110 65 0.12924820742287796
110 73 0.10730567823711781
110 67 0.21266928750902642
110 66 0.17583007456940464
110 72 0.24883821288089059
110 57 0.26535982119958174
110 94 0.2675711930020073
110 80 0.26071239220188824
110 81 0.3996829521588776
110 95 0.154581803828388
110 56 0.2337225267444138
110 68 0.41127675754669835
110 54 0.1617665687723761
110 83 0.0883119064745309
110 82 0.31232226940646746
110 55 0.18195295510889914
110 69 0.41868499857837715
110 51 0.1275130025832668
110 79 0.2522189354038096
110 86 0.05270790281082588
110 92 0.30632365962065383
110 93 0.414598528684312
110 87 0.24094356732109193
110 78 0.3259917265324416
110 50 0.07998309748312807
110 52 0.11515309092365829
110 46 0.23086889002648053
110 91 0.2982223471011995
110 85 0.302394697366992
110 84 0.08650254994364459
110 90 0.29692571293823433
110 47 0.11268612911506601
110 53 0.11511172819414749
138 76 0.12994098417107078
138 62 0.185804220494204
138 89 0.1460681134959571
138 88 0.2801108812773364
138 63 0.09600973456388179
138 77 0.18808486907771776
138 49 0.11538810810635879
138 61 0.12047027131967976
138 75 0.10570683326776502
138 74 0.133118814260637
138 60 0.10747879915984904
138 48 0.14456386092027712
138 64 0.11599014232355438
138 70 0.28633852990663744
138 58 0.21386404988352573
138 59 0.09557855551765895
138 71 0.11096845764385327
138 65 0.10320502130664454
138 73 0.1082367834977882
138 67 0.2715030599749769
138 66 0.35064747965276055
138 72 0.21781101832701585
138 57 0.3087690803484283
138 94 0.33239024199103406
138 80 0.115930547796493
138 81 0.2494664071837208
138 95 0.13663965934957534
138 56 0.2069918913479364
138 68 0.4663126119454264
138 54 0.13098115285440845
138 83 0.12353479067917338
138 82 0.22376029310783652
138 55 0.08035872542315915
138 69 0.23607932914617585
138 51 0.09040841963485485
138 79 0.09019524071599115
138 86 0.12710633758090023
138 92 0.32679623940789093
138 93 0.3144380566857091
138 87 0.25547995176395394
138 78 0.26779694104497587
138 50 0.05323823554953683
138 52 0.08814718998102454
138 46 0.17802817414584976
138 91 0.3189307031090808
138 85 0.24397794523417757
138 84 0.14291071078556422
138 90 0.26411245167499364
138 47 0.19054264917634156
138 53 0.19835806212796814
140 76 0.22998973456632693
140 62 0.12683655001631222
140 89 0.11530580408586721
140 88 0.13319707799037556
140 63 0.1378125299235579
140 77 0.1126575756271911
140 49 0.16439183197089952
140 61 0.10854139865625423
140 75 0.1024496877350176
140 74 0.062213854429814586
140 60 0.060525467520790605
140 48 0.11707887013974516
140 64 0.0961070662332649
140 70 0.25448736051287413
140 58 0.12682262022529492
140 59 0.16142167386708467
140 71 0.10169038565920598
140 65 0.07987749407133506
140 73 0.1268256810294241
140 67 0.19638256720201142
140 66 0.2951676963250049
140 72 0.05858549914181757
140 57 0.2495870456964347
140 94 0.2372383595657738
140 80 0.10276564726879142
140 81 0.2100086186199746
140 95 0.1328672361851256
140 56 0.1229800688361784
140 68 0.276227243013079
140 54 0.11222741850545057
140 83 0.10271206011454896
140 82 0.1819141808014678
140 55 0.14000354698972536
140 69 0.2697486489793538
140 51 0.09022868920063136
140 79 0.10358791963909922
140 86 0.04842668758124702
140 92 0.24459126505215614
140 93 0.21055585440552044
140 87 0.19823771410398613
140 78 0.30502924366063
140 50 0.1681691084378616
140 52 0.046483617593057275
140 46 0.07516832954279402
140 91 0.22268043539563537
140 85 0.19960726621302666
140 84 0.13271248446219944
140 90 0.207943336451069
140 47 0.11414024709214335
140 53 0.11478967857179087
135 76 0.19323633917867503
135 62 0.32724458144905366
135 89 0.13317570205408394
135 88 0.2411796240576753
135 63 0.15984665161991013
135 77 0.34117421854998997
135 49 0.36367226867353974
135 61 0.11374589008075456
135 75 0.4025156963121158
135 74 0.26107425463081513
135 60 0.08855191243576584
135 48 0.3890927288166199
135 64 0.12623334197669767
135 70 0.21655967603868903
135 58 0.15824173363599556
135 59 0.07992237800704394
135 71 0.2669917645096924
135 65 0.08504817608554222
135 73 0.3184275538503628
135 67 0.32071846936086745
135 66 0.16906780583285586
135 72 0.11625526664100969
135 57 0.35685819821129905
135 94 0.3165671811660651
135 80 0.2842041996140541
135 81 0.27877720989058896
135 95 0.19812046933389563
135 56 0.36358142648949354
135 68 0.4436768674131656
135 54 0.1597535570521041
135 83 0.626677812483351
135 82 0.07717135517476267
135 55 0.17467186115217384
135 69 0.25204920383875284
135 51 0.1887520271231496
135 79 0.24013427938340778
135 86 0.16046183796734434
135 92 0.32146832339331355
135 93 0.27952903491435066
135 87 0.30262421151311175
135 78 0.31247031852852025
135 50 0.1892876150356036
135 52 0.1338477923203979
135 46 0.4105599492971891
135 91 0.33557975166372206
135 85 0.30237048596255417
135 84 0.23506834146868985
135 90 0.30046584775148033
135 47 0.24378989041052948
135 53 0.37538722538719826
121 76 0.17582697294585528
121 62 0.2557989400339379
121 89 0.22438057538514808
121 88 0.4097062889448892
121 63 0.26026627018754156
121 77 0.2208782776041247
121 49 0.19803299277391417
121 61 0.13405780593744876
121 75 0.10717724852567649
121 74 0.1692067512545571
121 60 0.15333026911128134
121 48 0.19226787416898927
121 64 0.1908608305803154
121 70 0.18632796294987392
121 58 0.08791773864479578
121 59 0.10783010058196729
121 71 0.4419458637002046
121 65 0.1842987450154669
121 73 0.09644005622079227
121 67 0.45525970250430703
121 66 0.2614303220501237
121 72 0.144529520393848
121 57 0.4783417847522454
121 94 0.6512583707851246
121 80 0.47803625912390413
121 81 0.25579617982808744
121 95 0.16730167901516904
121 56 0.30173477511337976
121 68 0.46735959368556207
121 54 0.19995194111511994
121 83 0.3899999290941378
121 82 0.17459587939370766
121 55 0.33175645764358974
121 69 0.459624714589657
121 51 0.2020794370715928
121 79 0.1685226464273134
121 86 0.2069023431470238
121 92 0.525181856461827
121 93 0.44619250682014605
121 87 0.3186644538003764
121 78 0.5706022904026843
121 50 0.21616109300666747
121 52 0.09858147473506113
121 46 0.2510822186280714
121 91 0.4733176155467872
121 85 0.4101261332353031
121 84 0.11510695198996933
121 90 0.43378728875744604
121 47 0.28383073341418424
121 53 0.1682323199288659
109 76 0.1553110692852768
109 62 0.21841066568384623
109 89 0.08024129744742665
109 88 0.20439985230394345
109 63 0.17270637504158032
109 77 0.22127334355264483
109 49 0.18577757170701978
109 61 0.14731671946665764
109 75 0.10971236860997709
109 74 0.20240378113162186
109 60 0.08376417746327586
109 48 0.1260389160956274
109 64 0.16369900924288536
109 70 0.34266225355620267
109 58 0.538907004409946
109 59 0.07085244819291744
109 71 0.13426548912328035
109 65 0.12782727204035044
109 73 0.0641675916096523
109 67 0.24994144611863364
109 66 0.17497803884462487
109 72 0.20985616807257718
109 57 0.37140460011037274
109 94 0.3210942053167574
109 80 0.13400390795288564
109 81 0.3921154265744583
109 95 0.17473028214895353
109 56 0.10094596147957359
109 68 0.4297369584710136
109 54 0.1184845841716455
109 83 0.11168741337141008
109 82 0.10517922603325038
109 55 0.17039673136151506
109 69 0.3717088329711141
109 51 0.07200838740435414
109 79 0.1231388661336484
109 86 0.1270512026699815
109 92 0.3114049784939178
109 93 0.2909845174480785
109 87 0.23961278221497517
109 78 0.40142355891065484
109 50 0.20132754084284266
109 52 0.14934632752105342
109 46 0.2575400670710574
109 91 0.31224648437771774
109 85 0.2996026316084138
109 84 0.7470147250754791
109 90 0.3045176283527828
109 47 0.06266657915074275
109 53 0.09327476666992421
108 76 0.14838732586708223
108 62 0.24503479582745402
108 89 0.1609099566699731
108 88 0.30002863628019427
108 63 0.18153260390044093
108 77 0.18962359476707072
108 49 0.08190953165535807
108 61 0.12331680471554637
108 75 0.13928743173273234
108 74 0.16062144163081912
108 60 0.11303634259451087
108 48 0.09646483123088262
108 64 0.16139794327194223
108 70 0.2891883864603334
108 58 0.7069362140687647
108 59 0.08426733828318717
108 71 0.12006362771003354
108 65 0.1155478866460618
108 73 0.13070794375769224
108 67 0.262500638158508
108 66 0.24079798919913573
108 72 0.1411845467980129
108 57 0.3760772056461277
108 94 0.34832188796667757
108 80 0.12653098963959405
108 81 0.29293920238299487
108 95 0.16195563332651924
108 56 0.2723525289865496
108 68 0.5242374050242811
108 54 0.20427031635026927
108 83 0.127763293900563
108 82 0.14617406264488048
108 55 0.2628982394905426
108 69 0.36401905450284483
108 51 0.11773140533094753
108 79 0.23365164951687833
108 86 0.0668774633957821
108 92 0.35215108123047456
108 93 0.31572126034079917
108 87 0.2621352381940801
108 78 0.3043893388601398
108 50 0.14236981088350498
108 52 0.12726799780828846
108 46 0.18560912835897111
108 91 0.33071917157678044
108 85 0.2856054838758508
108 84 0.14929120683303226
108 90 0.2867230042798835
108 47 0.11649796740276723
108 53 0.1042231776392251
120 76 0.08298217037245308
120 62 0.15948414084800458
120 89 0.131078684989173
120 88 0.24449923616816904
120 63 0.06263720292060307
120 77 0.3418090466508621
120 49 0.07423733120012063
120 61 0.05400341906556899
120 75 0.14852197853216437
120 74 0.09315831255638321
120 60 0.08557377420975337
120 48 0.09390638049389778
120 64 0.12098765206151647
120 70 0.14741394162395755
120 58 0.08668515366320831
120 59 0.12472325013368712
120 71 0.13548800356330323
120 65 0.06319170280609332
120 73 0.0974747281078169
120 67 0.2174148508561461
120 66 0.21948565526887595
120 72 0.10101142697786515
120 57 0.11659097083433267
120 94 0.28519649244865153
120 80 0.13756445630889502
120 81 0.1630893246018034
120 95 0.07934031803843487
120 56 0.16764627048582523
120 68 0.2096032757409243
120 54 0.12515677668362715
120 83 0.11124355712326044
120 82 0.10016083287674174
120 55 0.34196126914792796
120 69 0.15633370241239214
120 51 0.1599068454372611
120 79 0.11065586304654099
120 86 0.10475850645728006
120 92 0.2736177369196699
120 93 0.2565824237417135
120 87 0.2183042848865819
120 78 0.20343128451124848
120 50 0.14631947823209543
120 52 0.05745142499988415
120 46 0.12371254444149793
120 91 0.23995600718991034
120 85 0.23221182275513846
120 84 0.13193436338663858
120 90 0.22746857275654678
120 47 0.13933261304999173
120 53 0.4959273240261973
134 76 0.2258695431446004
134 62 0.15211970412358997
134 89 0.0881857240689601
134 88 0.16009833747660984
134 63 0.09407029903246962
134 77 0.13962087161580736
134 49 0.3461127309521176
134 61 0.09555581259271496
134 75 0.4360634723131257
134 74 0.18606728807086076
134 60 0.13964738996836104
134 48 0.3387844671034137
134 64 0.14667834595104862
134 70 0.1715959275797995
134 58 0.1315337941558805
134 59 0.07587294826985334
134 71 0.49615928162683265
134 65 0.062491356969811646
134 73 0.34643558370302296
134 67 0.30067147137245887
134 66 0.13994869562529466
134 72 0.14648792003441805
134 57 0.38916092250247825
134 94 0.23550535065302353
134 80 0.5295613212750451
134 81 0.0
134 95 0.18322519854669359
134 56 0.0840996064046091
134 68 0.33174365923147964
134 54 0.15987111251965963
134 83 0.3756537254664411
134 82 0.0484431882175175
134 55 0.25796582058675555
134 69 0.15712127126817244
134 51 0.20087650619547115
134 79 0.06569547401164322
134 86 0.1936762002522742
134 92 0.1294806035835085
134 93 0.14775746292156078
134 87 0.12992161831249907
134 78 0.14029581017300774
134 50 0.18815317736216897
134 52 0.6969446760776952
134 46 0.20775630508534568
134 91 0.08368000840576183
134 85 0.12025865601544793
134 84 0.1624955023222387
134 90 0.10750103601691006
134 47 0.33643938800114503
134 53 0.5651143776593651
122 76 0.14927301426549763
122 62 0.05925715768933168
122 89 0.20701745455583587
122 88 0.12976070146039148
122 63 0.23514907223577583
122 77 0.15891116461793242
122 49 0.33460822168799376
122 61 0.10095858617182142
122 75 0.09395048852810203
122 74 0.22728027066894008
122 60 0.1035237669627781
122 48 0.1613544520858575
122 64 0.09858405313725946
122 70 0.21819965643649397
122 58 0.13029317973143847
122 59 0.1228048722916865
122 71 0.6569300689044149
122 65 0.07570296471222156
122 73 0.07023268758077397
122 67 0.5327823845181188
122 66 0.2614387808497246
122 72 0.07945930250998502
122 57 0.5500871344052118
122 94 0.3050300221237558
122 80 0.697991687002228
122 81 0.1899843784829169
122 95 0.07714720556251731
122 56 0.13210910156353778
122 68 0.4978233378725624
122 54 0.10073910725125053
122 83 0.380733673657744
122 82 0.10390085793056904
122 55 0.14611837970627395
122 69 0.2813816413262556
122 51 0.25859052425431195
122 79 0.1333752225034628
122 86 0.40021034530212285
122 92 0.34221598043743684
122 93 0.3091383137802098
122 87 0.2148948421086252
122 78 0.3270563026109362
122 50 0.37738752982153784
122 52 0.1370496070493706
122 46 0.16073567934118163
122 91 0.2962180328446197
122 85 0.6867067540233167
122 84 0.1940269309411627
122 90 0.5964106575715524
122 47 0.08176143177188243
122 53 0.12422181941399912
136 76 0.027619585218695092
136 62 0.13973663853841778
136 89 0.14665944766636776
136 88 0.16029299150766343
136 63 0.17206487900782552
136 77 0.36916606292516513
136 49 0.26978203312148846
136 61 0.1126728466042702
136 75 0.07628989619607288
136 74 0.06418204694754953
136 60 0.1075300614800654
136 48 0.2457586743840351
136 64 0.06796796238412228
136 70 0.14459712106168598
136 58 0.046015700282091565
136 59 0.15516271669317824
136 71 0.06101637167491991
136 65 0.11031265130717026
136 73 0.12947752626135425
136 67 0.1552800877594379
136 66 0.09928820498513422
136 72 0.14813399783596662
136 57 0.17374874256913203
136 94 0.2024485098861648
136 80 0.06655399617662067
136 81 0.5030618346077225
136 95 0.10916443092987865
136 56 0.3490578056643189
136 68 0.2803840368787015
136 54 0.11515729097997317
136 83 0.08710718734400343
136 82 0.12465544414542001
136 55 0.1505848579413211
136 69 0.10502425301561162
136 51 0.12613166228112904
136 79 0.7048545031397551
136 86 0.1069064157419626
136 92 0.18862404796149312
136 93 0.16995290081995454
136 87 0.14981891758690652
136 78 0.18132365951617396
136 50 0.1372557612570823
136 52 0.11515064746915055
136 46 0.22923850189724476
136 91 0.2180405520589391
136 85 0.16360854726116764
136 84 0.05819123672305887
136 90 0.18208043670502397
136 47 0.27917419222191275
136 53 0.049370485874494635
137 76 0.1499546768233867
137 62 0.1347240455378544
137 89 0.1368330873759968
137 88 0.2415768977394936
137 63 0.10880874624649779
137 77 0.15509608902049185
137 49 0.0969555813205868
137 61 0.13260502049842254
137 75 0.12405266303361882
137 74 0.12457039579348421
137 60 0.10526314690580159
137 48 0.09198180192642735
137 64 0.12383637445808522
137 70 0.17927858086903325
137 58 0.11382414278154562
137 59 0.14022499473112313
137 71 0.1002555927385581
137 65 0.10633407784642529
137 73 0.14154898273418495
137 67 0.20818157807950688
137 66 0.3261671431286626
137 72 0.12701036032721524
137 57 0.2140661254145814
137 94 0.2772579234537041
137 80 0.10197181825745319
137 81 0.14906110530645425
137 95 0.14380755750124852
137 56 0.18759192431235686
137 68 0.3250033945370104
137 54 0.14414826265201053
137 83 0.12641917413884055
137 82 0.15293512362768208
137 55 0.1261154406719191
137 69 0.21272014422312213
137 51 0.15009435228494591
137 79 0.22388308809751414
137 86 0.08582123475465014
137 92 0.29291978986499656
137 93 0.2540701241050419
137 87 0.19086058279162338
137 78 0.2476357884292119
137 50 0.16663903850193273
137 52 0.16841735735334992
137 46 0.15371963208350758
137 91 0.24762998317786147
137 85 0.2637428095611585
137 84 0.12234650793899862
137 90 0.25971276809718047
137 47 0.10281880437015464
137 53 0.12646823559696313
123 76 0.1519941080780398
123 62 0.1671435128083426
123 89 0.08471587475902462
123 88 0.29758738676744984
123 63 0.04905383357798557
123 77 0.11565079578962782
123 49 0.2663278694096125
123 61 0.13108316798096506
123 75 0.10451915534283657
123 74 0.1206329494058461
123 60 0.14087081743843044
123 48 0.16056117998508637
123 64 0.12334174705882425
123 70 0.1746955365873916
123 58 0.10246861752583501
123 59 0.08872295333194856
123 71 0.48430545221210497
123 65 0.13999328671496652
123 73 0.09276693224283639
123 67 0.35402570245617426
123 66 0.18563121871997562
123 72 0.12415604466664644
123 57 0.5387880719039766
123 94 0.7183607990195324
123 80 0.5218822783759759
123 81 0.12705286601508065
123 95 0.1956169908965883
123 56 0.24498648455496655
123 68 0.4120414860871582
123 54 0.12683191514630596
123 83 0.30662013452282894
123 82 0.14107108502695048
123 55 0.1135274885512163
123 69 0.2522730379023856
123 51 0.19458130931063522
123 79 0.16165369946441133
123 86 0.2909815002295962
123 92 0.3944129408271073
123 93 0.33609594750997496
123 87 0.22188768265320302
123 78 0.3379123748427121
123 50 0.2791780898272049
123 52 0.13721635594773096
123 46 0.13644046883087663
123 91 0.17468877373696826
123 85 0.19801676250531644
123 84 0.10296349180260703
123 90 0.23592797095238127
123 47 0.15665318417238086
123 53 0.11850377117258748
127 76 0.22348249006277648
127 62 0.12839136399555803
127 89 0.15223942770814006
127 88 0.2959197338789836
127 63 0.14096983121200476
127 77 0.14570816569042946
127 49 0.31146789167663125
127 61 0.09846610182564311
127 75 0.07819777798123051
127 74 0.12002116245888167
127 60 0.11894012216200853
127 48 0.18585111856242784
127 64 0.09393151653613012
127 70 0.22843716009880727
127 58 0.02132721489457684
127 59 0.16020535478208303
127 71 0.4661413402472129
127 65 0.07865705245595515
127 73 0.06783572076695443
127 67 0.38079648583510006
127 66 0.24010268899630455
127 72 0.16354350812738855
127 57 0.41277792322614226
127 94 0.3673088042776239
127 80 0.4883752113212193
127 81 0.29686032063911505
127 95 0.19865607281795633
127 56 0.3503070428529397
127 68 0.5967726272319926
127 54 0.1559834259824715
127 83 0.10891924095859574
127 82 0.048975891539189464
127 55 0.16387863078199688
127 69 0.26708456994098967
127 51 0.32929514886388944
127 79 0.2822486255758859
127 86 0.3043873683481053
127 92 0.3656308816382927
127 93 0.3319952284066089
127 87 0.45862488433347914
127 78 0.2621185913786883
127 50 0.43408424616566976
127 52 0.14197894953181325
127 46 0.24176128020032334
127 91 0.3191341772374081
127 85 0.37573089572093443
127 84 0.12198965846525418
127 90 0.3568762032018487
127 47 0.17553129084122404
127 53 0.12101037689253706
133 76 0.09565574838139536
133 62 0.3544660279256108
133 89 0.09292722742733518
133 88 0.18451913754466256
133 63 0.14921471742817627
133 77 0.3652268740667255
133 49 0.44686003376628625
133 61 0.13146561646660102
133 75 0.1404825849007151
133 74 0.23036794766397792
133 60 0.07346313881466562
133 48 0.3239285376233372
133 64 0.1349101654649004
133 70 0.19055890545214801
133 58 0.23961375132904883
133 59 0.11200194294626702
133 71 0.34625674797638745
133 65 0.09778200127104582
133 73 0.12253206904039043
133 67 0.2828018439997164
133 66 0.13378183297281648
133 72 0.11623594872150836
133 57 0.4461889350048519
133 94 0.21462529654312815
133 80 0.3685795728496656
133 81 0.2867345247495541
133 95 0.18188034263452754
133 56 0.19065312860319994
133 68 0.3381929672979741
133 54 0.18400428675805475
133 83 0.1618302403602532
133 82 0.28062042329142267
133 55 0.10807392822465799
133 69 0.15352795524051646
133 51 0.11853482079304418
133 79 0.4089521965365394
133 86 0.15536292956955072
133 92 0.21445191067966737
133 93 0.21814330375920352
133 87 0.13087878214657978
133 78 0.19965854273584116
133 50 0.18771892577577257
133 52 0.11012768258811763
133 46 0.12670900141117292
133 91 0.2356932389669329
133 85 0.2321651546341542
133 84 0.1891959129162705
133 90 0.21694891773906594
133 47 0.3675342090304736
133 53 0.513168798428921
132 76 0.1481017667643823
132 62 0.16888484975804188
132 89 0.22669602412170592
132 88 0.5088014428320147
132 63 0.1403786078037322
132 77 0.21615418281521234
132 49 0.10542623342084412
132 61 0.1355121704160762
132 75 0.11191464203298235
132 74 0.20221400697755426
132 60 0.12919324603840113
132 48 0.10762096097985556
132 64 0.12784656849995552
132 70 0.33029387167606716
132 58 0.11339169185945304
132 59 0.08318026519179408
132 71 0.1296773574494487
132 65 0.11978348133109162
132 73 0.06296704951887083
132 67 0.3703639006508873
132 66 0.2956288698625074
132 72 0.16885423282893441
132 57 0.30586926199084397
132 94 0.6349846813753193
132 80 0.13190859751913092
132 81 0.28261367231221823
132 95 0.14039551531104197
132 56 0.44030561663741496
132 68 0.5942580592517015
132 54 0.1738706096646912
132 83 0.29770919122889883
132 82 0.04055319120341591
132 55 0.21688511911111305
132 69 0.33490080865800176
132 51 0.0944762573821823
132 79 0.19943855737233965
132 86 0.18915917459930903
132 92 0.6558413306281211
132 93 0.6009124645401058
132 87 0.44056503722636625
132 78 0.3367752187627339
132 50 0.12508416914228304
132 52 0.2437613706212134
132 46 0.45570668008165355
132 91 0.5467533349665537
132 85 0.5712432954146291
132 84 0.13326360849122953
132 90 0.5734600612258116
132 47 0.14909161684971856
132 53 0.13220580341098048
126 76 0.14142322059605603
126 62 0.13421547381711302
126 89 0.1899052108729064
126 88 0.24315098427700255
126 63 0.15455287439079615
126 77 0.20858625884303125
126 49 0.2593337597484793
126 61 0.12661407877748565
126 75 0.1234942168955179
126 74 0.15977002701418977
126 60 0.13808913460800168
126 48 0.15247172600589212
126 64 0.11701687384866626
126 70 0.19999147000868964
126 58 0.13935933895066221
126 59 0.11631656795549171
126 71 0.4786550241977414
126 65 0.11933454492621706
126 73 0.1233241979146176
126 67 0.48615454032901156
126 66 0.25437254573756396
126 72 0.12324875688554361
126 57 0.47059651429613913
126 94 0.5534270973788571
126 80 0.5183048765499972
126 81 0.18466516508435607
126 95 0.059389024989358774
126 56 0.14331727103936548
126 68 0.4716443144605876
126 54 0.11166341772828856
126 83 0.42209120030760133
126 82 0.1399351647011125
126 55 0.12389201649360371
126 69 0.29888266599536534
126 51 0.21314443212351905
126 79 0.15910869778958667
126 86 0.24822458078207243
126 92 0.558554248795451
126 93 0.514867977937943
126 87 0.2841130916984551
126 78 0.37519608139854443
126 50 0.2872746736789613
126 52 0.11806493625592977
126 46 0.15569931920726687
126 91 0.5708420708176329
126 85 0.732463802881542
126 84 0.09188251008536677
126 90 0.7226806632285758
126 47 0.09604760873633446
126 53 0.1451917663956713
118 76 0.21962216918814204
118 62 0.28347958153963043
118 89 0.1375034307003442
118 88 0.1165436846214576
118 63 0.10537860707041452
118 77 0.06663190893097068
118 49 0.39940153199690687
118 61 0.05160596789873187
118 75 0.08203108863088307
118 74 0.1340853251385104
118 60 0.086491007586268
118 48 0.24880346691182847
118 64 0.0763140354372675
118 70 0.11551309933930258
118 58 0.38188140434386997
118 59 0.31579599375543377
118 71 0.2891014054341097
118 65 0.10529687953229883
118 73 0.0937738186772454
118 67 0.21823549353834845
118 66 0.08287570961738264
118 72 0.03242727246451671
118 57 0.3708011685659306
118 94 0.10203097229858842
118 80 0.31109430462745613
118 81 0.48032177593831693
118 95 0.13151771757279945
118 56 0.38752838188944694
118 68 0.24152690689149392
118 54 0.08778772380419043
118 83 0.20232055066455995
118 82 0.12484826066497302
118 55 0.1553703268459075
118 69 0.16479064065207844
118 51 0.2312787114124939
118 79 0.30843966495354225
118 86 0.1527641129531817
118 92 0.1128517035593845
118 93 0.11110839432304974
118 87 0.257863104727659
118 78 0.12010284727457772
118 50 0.3500711059726246
118 52 0.11211862732193191
118 46 0.2468491280424926
118 91 0.1307506058705833
118 85 0.15098041339456736
118 84 0.2322294413124389
118 90 0.13965748152871305
118 47 0.449263552059726
118 53 0.392396785954926
130 76 0.07625182001818302
130 62 0.13430597489211904
130 89 0.13960735988166945
130 88 0.3541107927248004
130 63 0.13997402182249313
130 77 0.14971329392034796
130 49 0.1229314056618089
130 61 0.10179852466705532
130 75 0.10970656077122573
130 74 0.05714104452928703
130 60 0.07924731041615563
130 48 0.10449879365335524
130 64 0.13316487340630906
130 70 0.22666330475806076
130 58 0.0726767510148563
130 59 0.09880530674855624
130 71 0.1211854006419491
130 65 0.08277863257256422
130 73 0.10693291333996764
130 67 0.24441017518847996
130 66 0.23618536688524683
130 72 0.11407765261242206
130 57 0.11290496803470776
130 94 0.3596679656400961
130 80 0.11971417690714321
130 81 0.21839396252001614
130 95 0.14845832728897912
130 56 0.24208836355561256
130 68 0.30948899327602164
130 54 0.1720705934093019
130 83 0.26598993197287535
130 82 0.11518226724567873
130 55 0.1295568582558142
130 69 0.22416880146959212
130 51 0.06327972739047433
130 79 0.17708809738888684
130 86 0.05290742066305126
130 92 0.36323920311456886
130 93 0.3330612523979447
130 87 0.22275063225401617
130 78 0.21665636896917037
130 50 0.09718425113169434
130 52 0.14255715752086284
130 46 0.3393946856623119
130 91 0.2670458437986871
130 85 0.31807202427814213
130 84 0.14487680739958736
130 90 0.308225475799212
130 47 0.1404820964848128
130 53 0.1415171550376347
124 76 0.1324143529031258
124 62 0.17864961886719113
124 89 0.08776084424574367
124 88 0.40982412884449704
124 63 0.02892856943755251
124 77 0.04741515421109602
124 49 0.2129019510453458
124 61 0.10998683929743776
124 75 0.09932543830254674
124 74 0.11311370879058665
124 60 0.1118162807641904
124 48 0.1305123138021656
124 64 0.11758812962552785
124 70 0.18884072842967523
124 58 0.14693562852060255
124 59 0.08844863499040033
124 71 0.39181018785827504
124 65 0.09533048174990831
124 73 0.11218425138382844
124 67 0.34550819342373773
124 66 0.1899568698305301
124 72 0.16941502621619836
124 57 0.3500199869659866
124 94 0.3010961552171742
124 80 0.4195263290575981
124 81 0.14622809292919559
124 95 0.32015612616300065
124 56 0.19337915276898274
124 68 0.3897848940172314
124 54 0.12029690917725461
124 83 0.36901838345342763
124 82 0.09332858503601849
124 55 0.09522731470242525
124 69 0.2916275552168891
124 51 0.1459798536256778
124 79 0.11250519255181825
124 86 0.15805950983868902
124 92 0.376459828192232
124 93 0.3187068408973631
124 87 0.250606128209893
124 78 0.31689937340690494
124 50 0.2053649945928576
124 52 0.18124500626777917
124 46 0.13800442806906682
124 91 0.920902781092374
124 85 0.2674195335269355
124 84 0.06254487238046533
124 90 0.28736014147263184
124 47 0.20857312381646498
124 53 0.14641093872625674
125 76 0.12144815644420653
125 62 0.18099849866483705
125 89 0.1934582808794858
125 88 0.30317676955485384
125 63 0.14243539091865762
125 77 0.10338715398630559
125 49 0.23239272285461735
125 61 0.09384595008152914
125 75 0.1223532139553724
125 74 0.12012669421024726
125 60 0.11112184805950391
125 48 0.13978841957757487
125 64 0.09152224236640961
125 70 0.21430285036785565
125 58 0.07886024001396982
125 59 0.09053003914046286
125 71 0.3978628153508344
125 65 0.11766412274181552
125 73 0.13716925968804516
125 67 0.4721302484838427
125 66 0.23833546014203327
125 72 0.0571171675388136
125 57 0.41481288474423916
125 94 0.3064147808168079
125 80 0.4332457368370666
125 81 0.18676823769907736
125 95 0.11200136235921362
125 56 0.4645915192656594
125 68 0.5997739453600356
125 54 0.09722844262960882
125 83 0.41912150951453064
125 82 0.10688432416793747
125 55 0.15824010968776706
125 69 0.289931970558333
125 51 0.16762017273056543
125 79 0.1356531129448111
125 86 0.2301576990032796
125 92 0.3113174535378248
125 93 0.27109908506610597
125 87 0.28078245616858094
125 78 0.34197966381574846
125 50 0.24557764071954144
125 52 0.0007699256709807478
125 46 0.13018182865238973
125 91 0.40912143341164164
125 85 0.3700168243981593
125 84 0.1260049935448973
125 90 0.35213509806403887
125 47 0.08898278969071707
125 53 0.0970049180433841
131 76 0.1257122445253574
131 62 0.21224441874346855
131 89 0.23725670607509078
131 88 0.6025848354818578
131 63 0.13913473570595714
131 77 0.0534323115295737
131 49 0.06118764697224566
131 61 0.07296958972513268
131 75 0.07589257946072384
131 74 0.22073985054565762
131 60 0.14562781932836963
131 48 0.13813341828855413
131 64 0.124428753330485
131 70 0.3557299455492571
131 58 0.7415790977999879
131 59 0.23763807663786846
131 71 0.08719469714669711
131 65 0.11639094591645625
131 73 0.06637499507306244
131 67 0.39195592488775566
131 66 0.28647227182638246
131 72 0.07617588230602063
131 57 0.5893280677489124
131 94 0.5250400293888738
131 80 0.09260525613939409
131 81 0.32550420698837845
131 95 0.09537223055223036
131 56 0.22424069914166855
131 68 0.5266331239459713
131 54 0.17837844863896354
131 83 0.09588359659698945
131 82 0.05241635470912981
131 55 0.1737846113022981
131 69 0.36213275599837513
131 51 0.09741811223384711
131 79 0.14629609689501913
131 86 0.17471525423378453
131 92 0.5504869408374925
131 93 0.49999578282857315
131 87 0.5498031995738842
131 78 0.30980037342650774
131 50 0.019952047510120918
131 52 0.07656179451357753
131 46 0.21916127729527912
131 91 0.5503007342227968
131 85 0.49393754315533484
131 84 0.08635140310960596
131 90 0.48876530291511633
131 47 0.18610985546475453
131 53 0.06226068446095151
119 76 0.1096713611325536
119 62 0.21842776031143696
119 89 0.15586030253870095
119 88 0.3141435096681968
119 63 0.10260602077405793
119 77 0.4798216017290037
119 49 0.1346010036709288
119 61 0.2923174456999127
119 75 0.1581982657098259
119 74 0.22028345147296585
119 60 0.144375868432324
119 48 0.17875722698120722
119 64 0.11341698414847487
119 70 0.3223553500798089
119 58 0.5644150761166808
119 59 0.0814963390512956
119 71 0.1774255608615695
119 65 0.10183773840162991
119 73 0.09366300660319792
119 67 0.19471385703646224
119 66 0.16489647098692062
119 72 0.10160646315255482
119 57 0.2020088891653189
119 94 0.21509618405998568
119 80 0.17657502203279954
119 81 0.0008928727909730538
119 95 0.07379068733366057
119 56 0.22933756572182834
119 68 0.28125689135712
119 54 0.09645128915903181
119 83 0.1571593970983481
119 82 0.09677898384888534
119 55 0.24288878625814256
119 69 0.1734818272765879
119 51 0.1397023882626968
119 79 0.5357496001326878
119 86 0.24420126236269513
119 92 0.23138490611084694
119 93 0.22593497353674163
119 87 0.22676232807676006
119 78 0.16382447428415683
119 50 0.04213233160895291
119 52 0.1636172964150325
119 46 0.1828485672773107
119 91 0.24845112117704393
119 85 0.2606898328225511
119 84 0.1757508706995646
119 90 0.23212018986355404
119 47 0.15491653753529233
119 53 0.12963527192943802
