114 76 0.17288475709571954
114 62 0.19350909876885541
114 89 0.109160137617451
114 88 0.281712149866598
114 63 0.14513679312487335
114 77 0.026090374742436112
114 49 0.07912844375315084
114 61 0.03080369102341056
114 75 0.07066474995964947
114 74 0.25720132044056593
114 60 0.05960464327354972
114 48 0.08911080963913695
114 64 0.11323230852349406
114 70 0.2326257855778427
114 58 0.4656263589555873
114 59 0.1232043540535675
114 71 0.0918642042226959
114 65 0.04399887019609092
114 73 0.06195652034571754
114 67 0.2381890028763282
114 66 0.20005051622863135
114 72 0.1240352159517255
114 57 0.28105549587953665
114 94 0.3116353333597935
114 80 0.09661393274848662
114 81 0.2326493700540273
114 95 0.10041471541172609
114 56 0.16646543975668612
114 68 0.3896401321854768
114 54 0.13241294215857674
114 83 0.06597285589348545
114 82 0.1056062989344361
114 55 0.18131018164221963
114 69 0.2667011776885539
114 51 0.05928084094944858
114 79 0.08021495126654293
114 86 0.06362346169633272
114 92 0.3058705109278764
114 93 0.27788221451717887
114 87 0.2899890136449341
114 78 0.24652655478937668
114 50 0.0966798704421882
114 52 0.05509217315839189
114 46 0.17695779686215174
114 91 0.27687883876807884
114 85 0.25683504858909983
114 84 0.04070469421557166
114 90 0.25779227852225345
114 47 0.17121815172154464
114 53 0.08669514432305475
100 76 0.08008355123738162
100 62 0.09241924804761364
100 89 0.06152694304090224
100 88 0.21295928678358395
100 63 0.286887134234742
100 77 0.04754011611649703
100 49 0.23082217738077215
100 61 0.05421018846373547
100 75 0.06412847254325982
100 74 0.0860606934784238
100 60 0.05696018163716876
100 48 0.11809381814236886
100 64 0.13262177429368294
100 70 0.17527702353280566
100 58 0.2048161374329987
100 59 0.07015821657845975
100 71 0.4816573100003242
100 65 0.059453541264601575
100 73 0.02838609970903265
100 67 0.23375670360743495
100 66 0.16976458165947647
100 72 0.04171891732308666
100 57 0.28314161867180854
100 94 0.25142749227453565
100 80 0.511629210407648
100 81 0.16916342072731116
100 95 0.08224977849690514
100 56 0.1362153026683416
100 68 0.324031467730184
100 54 0.09116108734612462
100 83 0.0846984415263758
100 82 0.08143935889705237
100 55 0.25968164753893025
100 69 0.20609715853801777
100 51 0.15149837271968788
100 79 0.05545988633436599
100 86 0.23314096453963257
100 92 0.2421746079315199
100 93 0.21805395088579047
100 87 0.2188651352686926
100 78 0.196962046196578
100 50 0.263995192478778
100 52 0.04614588911466801
100 46 0.14816173049439707
100 91 0.22159703512277495
100 85 0.19412919870810771
100 84 0.0656496020320807
100 90 0.2020902994302101
100 47 0.12195111958282273
100 53 0.04052070709853989
128 76 0.1127866087647038
128 62 0.11644501500965805
128 89 0.1684822166778319
128 88 0.31948659799855506
128 63 0.13556171651307816
128 77 0.08543847961398718
128 49 0.0810407811915885
128 61 0.08434916848974257
128 75 0.0681306497861347
128 74 0.05440884854043916
128 60 0.07764381265426816
128 48 0.09089715182264999
128 64 0.10549821267305792
128 70 0.22130680752240922
128 58 0.2195456900345788
128 59 0.0659298049590205
128 71 0.09381852216873293
128 65 0.04129112725817205
128 73 0.09390340310853762
128 67 0.305643167712527
128 66 0.21938495125215007
128 72 0.10416497918246231
128 57 0.2844135366564208
128 94 0.4657647817681821
128 80 0.09966054330681107
128 81 0.24437649206532225
128 95 0.17577193364197313
128 56 0.25950065053331917
128 68 0.5452230917039996
128 54 0.12212962699738256
128 83 0.06147773128266888
128 82 0.10867681107173394
128 55 0.1485482327485683
128 69 0.2717581456527532
128 51 0.10390853001516173
128 79 0.17430986622149594
128 86 0.0588563210569321
128 92 0.47695490415886693
128 93 0.40827106709886646
128 87 0.3778190172700279
128 78 0.27503326471363654
128 50 0.12705917452478635
128 52 0.1393338253883697
128 46 0.1685834454831205
128 91 0.3456850573082909
128 85 0.41158211134110556
128 84 0.0674378420781377
128 90 0.4179842731190198
128 47 0.16854805737017992
128 53 0.0415321441952254
129 76 0.11881982327890268
129 62 0.2719890622019215
129 89 0.20162676405607888
129 88 0.5060135344659105
129 63 0.3199307160701794
129 77 0.11857702832562059
129 49 0.20116928977596943
129 61 0.11619849533236923
129 75 0.09793804956093902
129 74 0.14710721866357976
129 60 0.11511668674982982
129 48 0.22756074657165964
129 64 0.2568048830814268
129 70 0.4081674303940161
129 58 0.5648014302932578
129 59 0.15533846225204226
129 71 0.22385178529506428
129 65 0.11688201496614965
129 73 0.11135998301198294
129 67 0.44605646098274504
129 66 0.3846524521279712
129 72 0.12821291045842886
129 57 0.5622652891402397
129 94 0.5822013382492013
129 80 0.23377846572845695
129 81 0.4293053236288931
129 95 0.1584821569780654
129 56 0.339771416124119
129 68 0.6746289989281038
129 54 0.28802480868129277
129 83 0.1680012933295312
129 82 0.3467089755005183
129 55 0.2673639936034597
129 69 0.4539430326957879
129 51 0.1059861458548319
129 79 0.19303131766188997
129 86 0.14953962763479345
129 92 0.5466423427212852
129 93 0.49675521925928845
129 87 0.504908829057567
129 78 0.4326206704707882
129 50 0.18250331184944152
129 52 0.07416735916700393
129 46 0.3616858504301688
129 91 0.48998657396805956
129 85 0.4465872016764315
129 84 0.12490434638878752
129 90 0.46333512503874846
129 47 0.36885000494137554
129 53 0.12765409856881957
101 76 0.04885656432681626
101 62 0.12487506398018763
101 89 0.12621724894012945
101 88 0.189520847321718
101 63 0.06691541153032916
101 77 0.13469823369118386
101 49 0.13454541459412295
101 61 0.07860101739854117
101 75 0.06032167955210582
101 74 0.023280862819263143
101 60 0.05747159614629409
101 48 0.07785573561325075
101 64 0.06137387582263441
101 70 0.15818015166071386
101 58 0.1475563326997513
101 59 0.07522278080536052
101 71 0.1948898807781368
101 65 0.07292292764465505
101 73 0.07847965795930341
101 67 0.17274318450335488
101 66 0.17032519460453086
101 72 0.036893244225627925
101 57 0.20259090894049997
101 94 0.2194167033123784
101 80 0.21942402529525012
101 81 0.1508355379461893
101 95 0.049611149702377094
101 56 0.15237087508886127
101 68 0.2964349726623323
101 54 0.05901607523740382
101 83 0.055780534771536064
101 82 0.09705249134216459
101 55 0.08839370241326175
101 69 0.18667516264096062
101 51 0.11310831225335305
101 79 0.16768894253254174
101 86 0.1444258702442343
101 92 0.22173030386562192
101 93 0.19343774850287468
101 87 0.19002029334564632
101 78 0.18653339523459656
101 50 0.14636993536003343
101 52 0.03682539543598298
101 46 0.11583193037516415
101 91 0.19744725229077636
101 85 0.17456449871051344
101 84 0.09170178454321037
101 90 0.17980816939776678
101 47 0.09435421459853471
101 53 0.030707554387799166
115 76 0.0428195229126737
115 62 0.03408953703619863
115 89 0.09709822096150114
115 88 0.13384707501617765
115 63 0.03602615383349041
115 77 0.059951775789012104
115 49 0.023548003975584292
115 61 0.06373709090174318
115 75 0.07898228840586982
115 74 0.20234656848647053
115 60 0.057332107104883664
115 48 0.049790539190148544
115 64 0.1522848805243671
115 70 0.10188264252184343
115 58 0.08155474792743934
115 59 0.08008446850057321
115 71 0.07454285828417584
115 65 0.0367120413646191
115 73 0.007632897673800987
115 67 0.12142900794522579
115 66 0.24059607046130094
115 72 0.19192515049133335
115 57 0.1410367815256014
115 94 0.16847325324176576
115 80 0.07184309143505518
115 81 0.09052952591461175
115 95 0.08925705681987833
115 56 0.2598431039539276
115 68 0.21621147904205645
115 54 0.09918869695899796
115 83 0.17888652030887
115 82 0.08801091638641256
115 55 0.15391921134302228
115 69 0.11797916931000879
115 51 0.11083525900246334
115 79 0.07561744679604454
115 86 0.08817568540942564
115 92 0.16056249606537434
115 93 0.1422467049131651
115 87 0.1377636894880624
115 78 0.11976872989210045
115 50 0.04892468433599283
115 52 0.9086916952067275
115 46 0.579014466648721
115 91 0.1412857096934604
115 85 0.14024587763097443
115 84 0.03564557331545677
115 90 0.1461144859095238
115 47 0.3423348244712226
115 53 0.2973146795266097
103 76 0.10613850270084552
103 62 0.17433633372561408
103 89 0.11397996433005234
103 88 0.28616053864914165
103 63 0.12934020630811563
103 77 0.0960052585313626
103 49 0.10439907315966405
103 61 0.07926006092203515
103 75 0.07614367152984415
103 74 0.08386957402808062
103 60 0.0695403510721897
103 48 0.10343384193095251
103 64 0.10891116052171049
103 70 0.26502411310766494
103 58 0.7802786539220569
103 59 0.12068258606930363
103 71 0.11505595393045541
103 65 0.08982289177168354
103 73 0.08410449577640071
103 67 0.2653886301520251
103 66 0.26602091870723277
103 72 0.07215684473965513
103 57 0.3265402439057081
103 94 0.3204327235154001
103 80 0.1193699824020335
103 81 0.254352730460107
103 95 0.10616920811772518
103 56 0.2104577650170756
103 68 0.439085741063451
103 54 0.12102498087377815
103 83 0.0857895812023656
103 82 0.1226762152007822
103 55 0.1548699383709641
103 69 0.3030816375682326
103 51 0.06339276820214917
103 79 0.11250881018912513
103 86 0.0792712453368406
103 92 0.32717604711796733
103 93 0.29284172684409304
103 87 0.29015604185577837
103 78 0.29022781651452245
103 50 0.10896533683619342
103 52 0.05824303783674829
103 46 0.16754951653861777
103 91 0.29875011631428305
103 85 0.26849927637097887
103 84 0.09640468800013907
103 90 0.276041180558598
103 47 0.1630391385356422
103 53 0.07651122830219222
117 76 0.23977624654168994
117 62 0.25905071770708277
117 89 0.03828188888746656
117 88 0.16923507164833196
117 63 0.07205493864045046
117 77 0.40841750564774243
117 49 0.24583003037946538
117 61 0.11323958726459696
117 75 0.69576694334422
117 74 0.4515894721008976
117 60 0.061896060176823586
117 48 0.47542538383494926
117 64 0.16678646523242915
117 70 0.19444617805677472
117 58 0.6552735838168603
117 59 0.06237441005193704
117 71 0.08494192117280602
117 65 0.05224473086263266
117 73 0.5327953326657825
117 67 0.14675801618537568
117 66 0.1212689554639332
117 72 0.1699886744562783
117 57 0.20638487821404136
117 94 0.19694230141257696
117 80 0.08307864008749097
117 81 0.2026168167289113
117 95 0.17699229657636756
117 56 0.25142608271450406
117 68 0.26291690553979125
117 54 0.10282780217376339
117 83 0.7436161279275441
117 82 0.09968002178968674
117 55 0.1080478051983962
117 69 0.25230696260364427
117 51 0.17321654640872586
117 79 0.4351102730516645
117 86 0.018737857449556805
117 92 0.19199521310726841
117 93 0.1707840986200323
117 87 0.2659144506701222
117 78 0.2872982716610841
117 50 0.026862561195140147
117 52 0.08157986600883835
117 46 0.3652998787825867
117 91 0.19951751543517815
117 85 0.18356311551428592
117 84 0.11481050205188112
117 90 0.20042115505849542
117 47 0.09223926593664517
117 53 0.06994194584187526
116 76 0.14646762133396948
116 62 0.2187034692491966
116 89 0.17693820325520349
116 88 0.42060662972462975
116 63 0.21790843204461663
116 77 0.0941276410992333
116 49 0.15832847654961246
116 61 0.1399134734273355
116 75 0.0907772365984494
116 74 0.12701323020928554
116 60 0.10833521556416666
116 48 0.16661759191546974
116 64 0.18437730431146296
116 70 0.4245975072233541
116 58 0.8101883236039725
116 59 0.16795244002818194
116 71 0.1677379498374337
116 65 0.10003901342858251
116 73 0.09795306167017839
116 67 0.37767608698041816
116 66 0.3569160179180896
116 72 0.11847384339585745
116 57 0.45760435080564277
116 94 0.46548557543287716
116 80 0.17285428476210615
116 81 0.357964078697871
116 95 0.15784116344789825
116 56 0.3094418603392002
116 68 0.5934681771884556
116 54 0.20396883166009433
116 83 0.2997418481600147
116 82 0.4779097109867465
116 55 0.22467091104813836
116 69 0.4191076417019646
116 51 0.09439856191396089
116 79 0.16855088801415624
116 86 0.11742104133220196
116 92 0.4687883328188806
116 93 0.42269993349308954
116 87 0.4250235273537566
116 78 0.4039280142382288
116 50 0.15584236564197365
116 52 0.08593400548124301
116 46 0.3218122264294577
116 91 0.42322561222267785
116 85 0.38765304192967515
116 84 0.14909153074074763
116 90 0.3973842710868827
116 47 0.2585920877877598
116 53 0.10964814633656254
102 76 0.07844954920591513
102 62 0.1136043685032405
102 89 0.08924352079651238
102 88 0.13041761264243393
102 63 0.08686829224572103
102 77 0.07907875678993384
102 49 0.06709048458503644
102 61 0.04911377453862302
102 75 0.06361393173593785
102 74 0.04391195933967541
102 60 0.08058227898541702
102 48 0.055490700152327974
102 64 0.04578472813988342
102 70 0.15970663347219682
102 58 0.41258464198486516
102 59 0.08912186347854514
102 71 0.07715143934309349
102 65 0.03681622546371602
102 73 0.05830994385226988
102 67 0.11904720651859668
102 66 0.0944687188901294
102 72 0.08993157791445495
102 57 0.173122589443672
102 94 0.15566257181215004
102 80 0.08053829028231643
102 81 0.11173377707462154
102 95 0.04264769866789986
102 56 0.07662616704801894
102 68 0.2224600594208896
102 54 0.04958257140459063
102 83 0.09100361788182244
102 82 0.03762881802798988
102 55 0.0754553475620689
102 69 0.13982686449767778
102 51 0.054356018388313165
102 79 0.07077821774874996
102 86 0.08339917639228515
102 92 0.1492945618264112
102 93 0.13149799753056152
102 87 0.13509717051753345
102 78 0.12332896555448158
102 50 0.06282226702245526
102 52 0.05736356157588861
102 46 0.07024183070158663
102 91 0.13232691764247023
102 85 0.11663001096376953
102 84 0.04611172616752414
102 90 0.12016678457739843
102 47 0.10458533272067706
102 53 0.0733111696898197
106 76 0.09410423180020269
106 62 0.08524419254461245
106 89 0.052513515580582024
106 88 0.19260918340009126
106 63 0.0787115149264752
106 77 0.029228650615126486
106 49 0.07707556126219431
106 61 0.07658191385370355
106 75 0.049331221070273795
106 74 0.05385678069340914
106 60 0.07445693220834486
106 48 0.08007744555244949
106 64 0.057127061178631644
106 70 0.1648037782771514
106 58 0.43962804312343967
106 59 0.07083558270604412
106 71 0.08181140474836869
106 65 0.052406562580767244
106 73 0.05417152180524053
106 67 0.16977844229370215
106 66 0.15610782337039883
106 72 0.18896951610954882
106 57 0.21295418384139592
106 94 0.21796305953924971
106 80 0.07791609176241003
106 81 0.15896551363222328
106 95 0.11148194427453409
106 56 0.12209250025290594
106 68 0.29736607279204885
106 54 0.06831664469543296
106 83 0.05618852115711087
106 82 0.06644614491436417
106 55 0.15890886541766228
106 69 0.19525730267680952
106 51 0.07995045396471737
106 79 0.08801413484010201
106 86 0.08575747099005716
106 92 0.2180771373370734
106 93 0.1922774665445686
106 87 0.19486655435450712
106 78 0.18487802548779625
106 50 0.04693223339562905
106 52 0.08563298195555606
106 46 0.10456685189511618
106 91 0.19429152368948366
106 85 0.16981723128208534
106 84 0.05370461012342774
106 90 0.17600116878551098
106 47 0.12802341644671233
106 53 0.0891737298560705
112 76 0.0987527113391699
112 62 0.16324463912599618
112 89 0.12245472896883897
112 88 0.31061710416162613
112 63 0.15397463319869753
112 77 0.053776580794690165
112 49 0.10611585641966857
112 61 0.07554620098060792
112 75 0.06643022209910361
112 74 0.09263406421363113
112 60 0.06889766447197841
112 48 0.11093362260533476
112 64 0.12453308538868481
112 70 0.2835051050454289
112 58 0.5122414735242576
112 59 0.1192965429964292
112 71 0.12419006880033163
112 65 0.07778679602490982
112 73 0.060414696546749636
112 67 0.2757707035620778
112 66 0.2561606874137892
112 72 0.08103077569923957
112 57 0.33129186124904514
112 94 0.33491934567145754
112 80 0.12769455080526265
112 81 0.27257043527647695
112 95 0.11288564998148942
112 56 0.2152715558009413
112 68 0.4550723841272666
112 54 0.13998378840164422
112 83 0.09218430324578948
112 82 0.13266389575957746
112 55 0.276136746325528
112 69 0.33240438785235304
112 51 0.05918564611931283
112 79 0.11342671678913296
112 86 0.07764855735988721
112 92 0.3443061717145164
112 93 0.3102514360319787
112 87 0.3149290272830254
112 78 0.30898244231071004
112 50 0.10824107719535961
112 52 0.07233083512746266
112 46 0.19012182018388002
112 91 0.309864762249461
112 85 0.28414667040103203
112 84 0.07476493414082463
112 90 0.2884721162987849
112 47 0.181815347499478
112 53 0.06849017614421311
113 76 0.10771054252642542
113 62 0.2051424609084658
113 89 0.1600441173717752
113 88 0.4101195987506459
113 63 0.22772940237835365
113 77 0.13560707808639455
113 49 0.14725117646253552
113 61 0.09401240534582053
113 75 0.07460395799936369
113 74 0.11631586225708004
113 60 0.09024359521303857
113 48 0.16328627854482114
113 64 0.18799329480451116
113 70 0.34155614731633255
113 58 0.3787154390071922
113 59 0.13477455438933753
113 71 0.1641391142721822
113 65 0.08388614963351405
113 73 0.082158330683773
113 67 0.36118524848418426
113 66 0.3232502063177982
113 72 0.09859789657819476
113 57 0.4220297272934327
113 94 0.4613247571872139
113 80 0.17080418560336577
113 81 0.3432353142430038
113 95 0.16548828953857067
113 56 0.35710895407080445
113 68 0.5597011464011912
113 54 0.2108091564862966
113 83 0.2435795757598623
113 82 0.1853137279840103
113 55 0.20920826501299278
113 69 0.3829360691164426
113 51 0.07931515962858664
113 79 0.1600765834026286
113 86 0.1053763617056181
113 92 0.4588528948974823
113 93 0.408222855055647
113 87 0.4148341599214751
113 78 0.3672474257199282
113 50 0.139195357323512
113 52 0.07269166582110485
113 46 0.3010754364192093
113 91 0.4066771312523849
113 85 0.37468877700571634
113 84 0.12933554909534523
113 90 0.3819797878995095
113 47 0.26712134067509347
113 53 0.09392411882476974
107 76 0.06879311844717065
107 62 0.13431351493283422
107 89 0.06303268145329327
107 88 0.14899606465501436
107 63 0.0692922854868735
107 77 0.0259333019275515
107 49 0.07689356254969305
107 61 0.05084588513539687
107 75 0.040324755219555
107 74 0.019958813377802975
107 60 0.08015716845186555
107 48 0.05527193574710611
107 64 0.0723011149426488
107 70 0.07576504843194327
107 58 0.05974280001117588
107 59 0.06192881364803213
107 71 0.05509316846235417
107 65 0.05554208052202371
107 73 0.0678651132560354
107 67 0.1364746861938385
107 66 0.2004592910478989
107 72 0.008856555983425635
107 57 0.11577640694066141
107 94 0.12054374764396858
107 80 0.058989898461993054
107 81 0.0727471810110844
107 95 0.07957954486932177
107 56 0.6586738490151831
107 68 0.4671032670895756
107 54 0.04689551868828043
107 83 0.1041115498837768
107 82 0.04015776912501638
107 55 0.10259410886596816
107 69 0.09719515398012415
107 51 0.01816798768475933
107 79 0.06999553137731457
107 86 0.06419816495567951
107 92 0.12388711362370874
107 93 0.10727287716688425
107 87 0.1038624584168962
107 78 0.09867129346633811
107 50 0.06505392340982248
107 52 0.025466630423234035
107 46 0.08056724842356874
107 91 0.11241110283149996
107 85 0.08888246572784979
107 84 0.05421058511530531
107 90 0.09397596255302082
107 47 0.03092163317203854
107 53 0.01735755044576398
139 76 0.16682394544122614
139 62 0.08765897172686382
139 89 0.09430245462771458
139 88 0.22192617047121038
139 63 0.09017870761674994
139 77 0.056553397494565186
139 49 0.06752432586226997
139 61 0.14406152423789276
139 75 0.053328783528487717
139 74 0.1275737870485087
139 60 0.07399224489532659
139 48 0.06439918604300941
139 64 0.07088519530426154
139 70 0.18253256158346506
139 58 0.16110493496160028
139 59 0.1250622857146237
139 71 0.06955584277881263
139 65 0.06980514928995413
139 73 0.048673214058772674
139 67 0.20023197404198476
139 66 0.30873995637192053
139 72 0.05960989300887577
139 57 0.23087327404563066
139 94 0.2779295963195446
139 80 0.07392983580434277
139 81 0.17448123232029494
139 95 0.05976741397801788
139 56 0.1423108616030187
139 68 0.33214112945619856
139 54 0.09735967728611303
139 83 0.06878801730312357
139 82 0.09617230452117176
139 55 0.08924035597132607
139 69 0.2061923101110334
139 51 0.07400401286981663
139 79 0.1131552827725511
139 86 0.08711305161052837
139 92 0.28852134974604604
139 93 0.2613467069820509
139 87 0.22311307289933505
139 78 0.20801701570615064
139 50 0.08319376384555668
139 52 0.12191021508110386
139 46 0.13464226336172574
139 91 0.22899642085685507
139 85 0.26082718199924687
139 84 0.054374139426762835
139 90 0.2552079406004648
139 47 0.121166205894712
139 53 0.05406501049631057
111 76 0.25738891087283156
111 62 0.316601187266761
111 89 0.2699019850347613
111 88 0.5737395689723437
111 63 0.30038562805804936
111 77 0.14404301208312248
111 49 0.23922019169253722
111 61 0.2088030865893343
111 75 0.15914437291611946
111 74 0.2131954492517029
111 60 0.18953124668611343
111 48 0.24289539190487514
111 64 0.2585907676952398
111 70 0.519768437037992
111 58 0.5580462259249606
111 59 0.2929888773976984
111 71 0.24317483693348774
111 65 0.17649886932637512
111 73 0.16807512088638343
111 67 0.5134288336963656
111 66 0.5194762769443525
111 72 0.1969071089643964
111 57 0.5762421922081302
111 94 0.610566047622373
111 80 0.24653006515126136
111 81 0.5108076908096467
111 95 0.25861392600398847
111 56 0.4335081027382391
111 68 0.801540516128809
111 54 0.2796645671518956
111 83 0.21524047163564475
111 82 0.2749883314822808
111 55 0.3361415924233902
111 69 0.5986794445188156
111 51 0.16582074297630695
111 79 0.264639435717011
111 86 0.18911250176352334
111 92 0.6397686608791059
111 93 0.5745095068483295
111 87 0.5699043291034238
111 78 0.5808484377656402
111 50 0.24503579065280345
111 52 0.1678663514835971
111 46 0.3644249467397669
111 91 0.5737564474620134
111 85 0.5375293793391617
111 84 0.1877347251667149
111 90 0.542925097023857
111 47 0.34983826853888145
111 53 0.1771665393284671
105 76 0.09456423564458183
105 62 0.12599070702221818
105 89 0.0998356933803228
105 88 0.26709211037682756
105 63 0.12066707227644756
105 77 0.0531285742744836
105 49 0.1784605269428649
105 61 0.07571936138880916
105 75 0.05664470770193902
105 74 0.09091517804856529
105 60 0.0758109001247152
105 48 0.11873598053167067
105 64 0.09923682796478277
105 70 0.2246213450749266
105 58 0.20445214787124785
105 59 0.1137507387769878
105 71 0.3568124416317273
105 65 0.06915963183914998
105 73 0.058185775574271764
105 67 0.2538115878444659
105 66 0.2448496157068349
105 72 0.06597364050369386
105 57 0.32109912872980795
105 94 0.3099242411220451
105 80 0.375142848572573
105 81 0.2170796092334688
105 95 0.09787200550304107
105 56 0.3380011483218264
105 68 0.4044036948774477
105 54 0.10906310333990257
105 83 0.19473528549076646
105 82 0.11590406691812316
105 55 0.1160628668071769
105 69 0.2577598258050715
105 51 0.13743686727670845
105 79 0.09876711903037416
105 86 0.2103846925332971
105 92 0.3062337462748732
105 93 0.27262925143350664
105 87 0.26748981513993647
105 78 0.25971928254320814
105 50 0.16097761155617785
105 52 0.0562875983109863
105 46 0.15496051681835388
105 91 0.2786107484580498
105 85 0.2500440604448335
105 84 0.0695522450880026
105 90 0.25586057017980335
105 47 0.15590628437781365
105 53 0.06769358166060184
104 76 0.0815204478665596
104 62 0.1522236887394566
104 89 0.054858251937109845
104 88 0.19604421261426286
104 63 0.09377452572245658
104 77 0.03779409997927749
104 49 0.08702844403793437
104 61 0.06630070951810096
104 75 0.07452395568676652
104 74 0.058052699558729895
104 60 0.06443017580044955
104 48 0.0702874161385822
104 64 0.06795215566304444
104 70 0.2241097553703989
104 58 0.8413222033797908
104 59 0.07351522870136983
104 71 0.08751426188464648
104 65 0.03881672177821602
104 73 0.0745499357051412
104 67 0.17268734302854527
104 66 0.14046084042664092
104 72 0.1199031868047238
104 57 0.24486573746059148
104 94 0.22316311635178185
104 80 0.08302730745744588
104 81 0.1729757726176157
104 95 0.10634377964398584
104 56 0.1230887670672819
104 68 0.30696812041739874
104 54 0.08238926242892793
104 83 0.053271972317709665
104 82 0.07428628050884663
104 55 0.14702409228568067
104 69 0.2128957385645164
104 51 0.042246416791376695
104 79 0.05338202525196768
104 86 0.04682908212402147
104 92 0.21688391949253416
104 93 0.19601766583111468
104 87 0.20292291849356803
104 78 0.18375660679274458
104 50 0.07178742341901405
104 52 0.056238288171628015
104 46 0.11756218824036346
104 91 0.1963820219119893
104 85 0.17130836819362472
104 84 0.07756927450207442
104 90 0.1792455922935012
104 47 0.11706582702694873
104 53 0.09032875382960442
110 76 0.031219042139983846
110 62 0.24115089910033943
110 89 0.24088550133629943
110 88 0.41172500533261336
110 63 0.104703921151315
110 77 0.36458322351644534
110 49 0.05614871523286842
110 61 0.0704611268387658
110 75 0.08245367140808924
110 74 0.0841513689838664
110 60 0.13351005326073995
110 48 0.11142603644742308
110 64 0.07694287640242446
110 70 0.18575935673583752
110 58 0.38726386901925536
110 59 0.04893308786792097
110 71 0.23354858286785965
110 65 0.09872990709891816
110 73 0.06834605180150338
110 67 0.19316817879707
110 66 0.16370263347016115
110 72 0.23160423844338607
110 57 0.23028533707825788
110 94 0.25180187278847893
110 80 0.23865164659776578
110 81 0.38199423708680247
110 95 0.11499141380927425
110 56 0.20148830563998718
110 68 0.37000854781656034
110 54 0.11835904836152145
110 83 0.0408998763096355
110 82 0.30775319420856007
110 55 0.1125260358581045
110 69 0.37859243565897116
110 51 0.10083152347951162
110 79 0.2209105648463931
110 86 0.024494931636571626
110 92 0.2590584899789087
110 93 0.3931660610268285
110 87 0.23294474130969428
110 78 0.28208950752117035
110 50 0.051834239408802205
110 52 0.05362287421655837
110 46 0.19492439776226456
110 91 0.2522984094087677
110 85 0.26467796903426566
110 84 0.0347212375034317
110 90 0.2591954327983926
110 47 0.1263768063951627
110 53 0.07694208633098279
138 76 0.15188936742807918
138 62 0.18007531642536354
138 89 0.1592611247645272
138 88 0.3895636404978837
138 63 0.18098661581347866
138 77 0.1508027398120973
138 49 0.15076887156987248
138 61 0.11900345335348049
138 75 0.07932205176571934
138 74 0.1031787380305518
138 60 0.1030999709617591
138 48 0.14953420799508776
138 64 0.15804255006963053
138 70 0.3295231498131249
138 58 0.24708000444343375
138 59 0.17172238857680103
138 71 0.15039959211618723
138 65 0.08254470913024942
138 73 0.0877810760031951
138 67 0.355950614299655
138 66 0.35495234172257795
138 72 0.19220237790840247
138 57 0.3755769417403822
138 94 0.43761348760515206
138 80 0.1558119846715623
138 81 0.3125438846537836
138 95 0.15209655112443818
138 56 0.27004585116573043
138 68 0.5498852414902392
138 54 0.17243574273255782
138 83 0.12541203446888408
138 82 0.18799187104065918
138 55 0.1688405369235622
138 69 0.3644623677726638
138 51 0.09072435317651549
138 79 0.1549053777529834
138 86 0.1132692737505811
138 92 0.4407874881508573
138 93 0.39153030652194665
138 87 0.3921498323417567
138 78 0.37456275147298834
138 50 0.1496069504819301
138 52 0.08418994886793442
138 46 0.23332672477082184
138 91 0.3999458439989366
138 85 0.356019186859635
138 84 0.10729620596253439
138 90 0.36693850128599054
138 47 0.22902591433412073
138 53 0.1618572897852877
140 76 0.19475265711337436
140 62 0.09134153115627447
140 89 0.0783130014495403
140 88 0.20039742594070642
140 63 0.10992546098535347
140 77 0.0772264179285753
140 49 0.14559243225010984
140 61 0.06903399660560022
140 75 0.07229126000905584
140 74 0.032758177604003735
140 60 0.025379610139980524
140 48 0.0880628166265858
140 64 0.0615913957900832
140 70 0.22178946298655794
140 58 0.17321037370377612
140 59 0.12680469033180397
140 71 0.06437674411434652
140 65 0.03350130081833233
140 73 0.10032680206587302
140 67 0.1801903891775174
140 66 0.25863493249599184
140 72 0.027866047653326523
140 57 0.20954366206555333
140 94 0.22576098972676878
140 80 0.06352392520350393
140 81 0.16669159727776828
140 95 0.10146157224792998
140 56 0.13440458100638067
140 68 0.31221173651765466
140 54 0.08129665113715062
140 83 0.07116046351316317
140 82 0.15685852946804282
140 55 0.10061675248863797
140 69 0.24064335025437902
140 51 0.055284860669642
140 79 0.06086085790856674
140 86 0.032003909831742464
140 92 0.2338016802846219
140 93 0.20428273603768282
140 87 0.20102340431660148
140 78 0.2832890768021472
140 50 0.14614904552784658
140 52 0.01401311963393903
140 46 0.0990690511439262
140 91 0.20957043960884633
140 85 0.18516033929741502
140 84 0.10468319874313718
140 90 0.19058074098023758
140 47 0.0969635283493129
140 53 0.08804583989015702
135 76 0.16566569409234783
135 62 0.3152241318895738
135 89 0.10668226496796347
135 88 0.31958161168201926
135 63 0.17835774290396977
135 77 0.29239453955310013
135 49 0.3648720301961451
135 61 0.07806540825334939
135 75 0.4206138840131809
135 74 0.2539866181456802
135 60 0.04987586276355614
135 48 0.39367286873306706
135 64 0.14228725018730792
135 70 0.24853719620567277
135 58 0.25137174979861227
135 59 0.07466421223593316
135 71 0.2430995373553625
135 65 0.049087278384417024
135 73 0.31969619506066793
135 67 0.2903111324797283
135 66 0.24274930584289242
135 72 0.07194195201376029
135 57 0.3539107548741411
135 94 0.38802332031694564
135 80 0.26155276166013175
135 81 0.24774129627477867
135 95 0.1624845505898601
135 56 0.3495807284926249
135 68 0.4442756050629836
135 54 0.1620822641165219
135 83 0.6775083380587139
135 82 0.15001754499073996
135 55 0.1383392302674113
135 69 0.27206181786099665
135 51 0.16478670059047268
135 79 0.19137827090873039
135 86 0.1285330479039016
135 92 0.35457432595426447
135 93 0.3190515424923381
135 87 0.3247264620286152
135 78 0.2772226439322933
135 50 0.16016613627558965
135 52 0.025953067316183617
135 46 0.36887134150468426
135 91 0.31854672195320366
135 85 0.28217440195145255
135 84 0.21210176326337163
135 90 0.2966677256310456
135 47 0.22055866248327816
135 53 0.3410859797365314
121 76 0.11765304193830173
121 62 0.19978958202453545
121 89 0.18544715945239312
121 88 0.3593555934043859
121 63 0.18247638876360636
121 77 0.14111581547480004
121 49 0.15695240106633396
121 61 0.08292484174934775
121 75 0.05720694097596324
121 74 0.1221213072500226
121 60 0.10050207698328142
121 48 0.14581402318625653
121 64 0.13496605705180806
121 70 0.14614332980230513
121 58 0.15131383799436451
121 59 0.06816928821151594
121 71 0.40164559449867765
121 65 0.12921382410448706
121 73 0.049947610507793075
121 67 0.4216105292047315
121 66 0.1950331703348609
121 72 0.09255564351451828
121 57 0.4624177877121361
121 94 0.6086314535642053
121 80 0.43920186304441267
121 81 0.2030271364507223
121 95 0.11977092736624127
121 56 0.26338492352236254
121 68 0.42267785043436257
121 54 0.14384442094619762
121 83 0.4069444181312202
121 82 0.12216772207770438
121 55 0.24225362006661819
121 69 0.4232885376331328
121 51 0.16107313863742634
121 79 0.13650897827891084
121 86 0.18769894950947089
121 92 0.45757607493834274
121 93 0.35926751428794956
121 87 0.26900652443589257
121 78 0.5468811484108672
121 50 0.17047385021766456
121 52 0.049447146492635666
121 46 0.2096783518920772
121 91 0.39230772195754726
121 85 0.3231151141282956
121 84 0.05449975495476016
121 90 0.34365119950573775
121 47 0.21558639599367257
121 53 0.0661759509510276
109 76 0.10800792597486504
109 62 0.1750406139933283
109 89 0.06877652675104101
109 88 0.22573700886220907
109 63 0.12637924521304808
109 77 0.19154382396596628
109 49 0.13726160816392255
109 61 0.09515100220181424
109 75 0.06369016797882243
109 74 0.17497671097849476
109 60 0.03313687358646232
109 48 0.0699795583224962
109 64 0.10603497792343544
109 70 0.28908086776884756
109 58 0.4617906613072062
109 59 0.06068836070620583
109 71 0.0718436176230936
109 65 0.09550525522946332
109 73 0.017218714627929788
109 67 0.19576268570858857
109 66 0.17500406033225366
109 72 0.18277027708756644
109 57 0.31468564685581313
109 94 0.2924669537320155
109 80 0.07487997824231125
109 81 0.35508981511012
109 95 0.12601801019051154
109 56 0.14350016231431972
109 68 0.3612676715005275
109 54 0.08580525045453945
109 83 0.060889008767756686
109 82 0.07641670291583189
109 55 0.11680682768397167
109 69 0.32195015042969943
109 51 0.01741108192141569
109 79 0.08037600778509431
109 86 0.06291215586967458
109 92 0.27232384387700836
109 93 0.24780572402913076
109 87 0.23076657743118054
109 78 0.3821282812247518
109 50 0.1442521244764292
109 52 0.07340603231085874
109 46 0.20362539019010234
109 91 0.27163566320812405
109 85 0.2674584953090658
109 84 0.7601952088894866
109 90 0.2746766259151808
109 47 0.12062291873891128
109 53 0.03922366025134601
108 76 0.24124094605967644
108 62 0.3452503602411504
108 89 0.2823229851329849
108 88 0.6129655395563285
108 63 0.34759602914151433
108 77 0.1678714137128756
108 49 0.26386170293545175
108 61 0.20719585162980317
108 75 0.16497686521016777
108 74 0.22053834526624466
108 60 0.19284942662793217
108 48 0.27593040425024007
108 64 0.2959825395919308
108 70 0.5400888435978244
108 58 0.6108330237720683
108 59 0.2798779499728144
108 71 0.27439566155754724
108 65 0.18403263176732826
108 73 0.1770148791822113
108 67 0.5513905194466235
108 66 0.5302638155167556
108 72 0.20198444441110713
108 57 0.6496952371268696
108 94 0.6727579059517214
108 80 0.28119139043841945
108 81 0.5399140688473222
108 95 0.25791748360239647
108 56 0.45196788560762097
108 68 0.844616116511766
108 54 0.32275745674468836
108 83 0.23240128479354166
108 82 0.3115726224297416
108 55 0.3520032143539376
108 69 0.6094564009429142
108 51 0.1750970111365218
108 79 0.27711984719185156
108 86 0.20971876371284015
108 92 0.6757017374944752
108 93 0.6105234169307874
108 87 0.6113989175117337
108 78 0.5892855811409528
108 50 0.25999331504006684
108 52 0.16372437464602635
108 46 0.41172099661580885
108 91 0.6099692623393669
108 85 0.5631229736185429
108 84 0.19418256496237302
108 90 0.5753893731047277
108 47 0.40513113332254713
108 53 0.1911776677320024
120 76 0.052053553352167936
120 62 0.14071293611087554
120 89 0.10802475824885513
120 88 0.20812664838077044
120 63 0.039238107639448044
120 77 0.3600217348095548
120 49 0.034969015062642425
120 61 0.02206539918424738
120 75 0.13237119801903835
120 74 0.058717437765643976
120 60 0.058485872387163754
120 48 0.06311750593371356
120 64 0.08368733870377223
120 70 0.11396978610761349
120 58 0.090464054577157
120 59 0.10700402433647849
120 71 0.09480934417147863
120 65 0.02248553942008602
120 73 0.06984303026646463
120 67 0.19375765911917142
120 66 0.2001720548587631
120 72 0.07886906822239304
120 57 0.1352829460480939
120 94 0.2569549916269437
120 80 0.09439401993246525
120 81 0.1213847086433197
120 95 0.04341453756049801
120 56 0.13135984085363034
120 68 0.19820053520190706
120 54 0.08468588239903327
120 83 0.08436109389280566
120 82 0.07528107521437266
120 55 0.3480872875495401
120 69 0.12468169478869684
120 51 0.14422905342542056
120 79 0.07808960925977504
120 86 0.07011865591876622
120 92 0.24092629745773125
120 93 0.22523893945581805
120 87 0.17582842487021588
120 78 0.18056089026651445
120 50 0.11956739820869805
120 52 0.020646531887097808
120 46 0.07720816826890993
120 91 0.207065006939748
120 85 0.19575023887276644
120 84 0.11635536610506433
120 90 0.19150365756482185
120 47 0.10127746401642468
120 53 0.5464797756301851
134 76 0.2143954854768249
134 62 0.11190503835989438
134 89 0.0648959692170291
134 88 0.2319255612175301
134 63 0.1189987263298364
134 77 0.06077088432335452
134 49 0.33931773138960986
134 61 0.043797097577012306
134 75 0.47199929584337763
134 74 0.16769671653830212
134 60 0.1010526696034419
134 48 0.34370556465103386
134 64 0.10361967533185609
134 70 0.18191052120493037
134 58 0.20780778108933914
134 59 0.0428842610830851
134 71 0.4596768438386644
134 65 0.015332241565338245
134 73 0.3652505571308441
134 67 0.26081074272370225
134 66 0.17116595641410004
134 72 0.10840137781939815
134 57 0.33587120181691305
134 94 0.2904653731375816
134 80 0.4931741190099376
134 81 0.17205062767361065
134 95 0.16832389245956175
134 56 0.1377635579249744
134 68 0.34334069795077815
134 54 0.11543711165078853
134 83 0.3880430981758911
134 82 0.10250089565349553
134 55 0.24940633114213107
134 69 0.20662103801223508
134 51 0.17243532010940235
134 79 0.055661609851639524
134 86 0.16124619389214945
134 92 0.26185301694140967
134 93 0.23700436716503978
134 87 0.2400002239207673
134 78 0.19872351911153363
134 50 0.13975420728182222
134 52 0.6973961915511625
134 46 0.1510405610526524
134 91 0.23819071909084885
134 85 0.20729965222055172
134 84 0.11754946684737508
134 90 0.2193957281336803
134 47 0.3204713736469412
134 53 0.5905237602710591
122 76 0.1034858633673697
122 62 0.0995134302009116
122 89 0.13803364121544878
122 88 0.2347316375600299
122 63 0.15587719485626514
122 77 0.1235939795342487
122 49 0.2996778244544759
122 61 0.05663616191760244
122 75 0.046515573823153564
122 74 0.16632000522933774
122 60 0.04882049985440258
122 48 0.12220476434172142
122 64 0.08839359579877851
122 70 0.17968483600872348
122 58 0.18354483475812564
122 59 0.07217686469379721
122 71 0.6568596545341434
122 65 0.032686646975668116
122 73 0.021835655558092804
122 67 0.5019422829728981
122 66 0.20780167336942498
122 72 0.04561827180347487
122 57 0.529231339435734
122 94 0.2873093697692446
122 80 0.6995001669453886
122 81 0.18193578616333908
122 95 0.051704597056788426
122 56 0.14300619390209146
122 68 0.46724205625246396
122 54 0.102783918979136
122 83 0.38392490356298536
122 82 0.09662139479276571
122 55 0.09465640274423562
122 69 0.26200820137326947
122 51 0.2212261739337984
122 79 0.07608649921168993
122 86 0.3501579701414623
122 92 0.3181932538619777
122 93 0.2883945511773722
122 87 0.2405178053769153
122 78 0.3127357034349718
122 50 0.3381246444137481
122 52 0.09063532137248895
122 46 0.14575953091793575
122 91 0.27193059677615466
122 85 0.6075004222433725
122 84 0.14275060498723832
122 90 0.5548973357710474
122 47 0.14807963305129765
122 53 0.07799040265088064
136 76 0.017307583895943113
136 62 0.10885423790643169
136 89 0.12547670056928095
136 88 0.18302692438672208
136 63 0.1355279900994239
136 77 0.3538366621480582
136 49 0.27031997404658004
136 61 0.0849820004188139
136 75 0.02922173831619787
136 74 0.020352187744759637
136 60 0.0821630919825239
136 48 0.2420014556963213
136 64 0.05457480356731627
136 70 0.13659334483572658
136 58 0.1421632735323993
136 59 0.13647220698530957
136 71 0.048736437774563796
136 65 0.08762499937225948
136 73 0.0968863018526079
136 67 0.15845403272161646
136 66 0.14478287581283827
136 72 0.12337917779348653
136 57 0.2069561437662123
136 94 0.21788535918300558
136 80 0.05335902557369342
136 81 0.5360798218014269
136 95 0.06476273992356564
136 56 0.3498154486980412
136 68 0.2730294402869157
136 54 0.07488173225228185
136 83 0.027284304482761562
136 82 0.08788424845077226
136 55 0.11960781503727139
136 69 0.15922287674836078
136 51 0.10286517629391306
136 79 0.7806659134118283
136 86 0.0801093101500295
136 92 0.20705740284465554
136 93 0.1801133921001617
136 87 0.18018044359875138
136 78 0.15730306133500568
136 50 0.11707364475394733
136 52 0.05421811781112397
136 46 0.19986881853468194
136 91 0.1890060415590814
136 85 0.15612050965641414
136 84 0.005190087615459971
136 90 0.16418962291965478
136 47 0.2617755266469448
136 53 0.007486988280638152
137 76 0.2551406993517409
137 62 0.23605273852092684
137 89 0.2211492740935266
137 88 0.47544845343919445
137 63 0.21326171171038943
137 77 0.11578253488081397
137 49 0.20172858775473884
137 61 0.19847915670687905
137 75 0.12522442806795592
137 74 0.16349700296311992
137 60 0.16871949738900321
137 48 0.19035859492060447
137 64 0.19089699837539204
137 70 0.42099626848616617
137 58 0.3190571843271499
137 59 0.2880635931241968
137 71 0.18066443343104222
137 65 0.14521076483671563
137 73 0.13687141470875647
137 67 0.4325833817227064
137 66 0.4865183530097059
137 72 0.15463121334450847
137 57 0.4542959802319379
137 94 0.5116658190481407
137 80 0.18249541695852314
137 81 0.4183475192698099
137 95 0.22661892212618948
137 56 0.376771709461276
137 68 0.6781199006954958
137 54 0.20118347467555553
137 83 0.1723084972870244
137 82 0.2122435786073145
137 55 0.23852627949762678
137 69 0.4817036178028514
137 51 0.14287806184682517
137 79 0.2313214973298582
137 86 0.16467746650507703
137 92 0.5503717069134966
137 93 0.4810511515313885
137 87 0.4602351406136757
137 78 0.4978346917065942
137 50 0.21160191362847872
137 52 0.16081751465944763
137 46 0.27556140774351656
137 91 0.4866873260271383
137 85 0.45803640449527494
137 84 0.14698197938901664
137 90 0.46023597995387405
137 47 0.26525344185201777
137 53 0.1456340868268172
123 76 0.10600978841484332
123 62 0.11968387752326763
123 89 0.07280541356590357
123 88 0.26768033321544427
123 63 0.12454716648617001
123 77 0.04459925966158959
123 49 0.21331888640000746
123 61 0.06575356600615577
123 75 0.045505819899211694
123 74 0.0707540720304041
123 60 0.08204278542070223
123 48 0.10654948291078575
123 64 0.09749358345133416
123 70 0.19138605326553845
123 58 0.19540408897700076
123 59 0.05160765044513997
123 71 0.3886915787895311
123 65 0.08571159952239411
123 73 0.03635211303495357
123 67 0.28884974952018727
123 66 0.1907657853484279
123 72 0.05988735346647825
123 57 0.4674288359752565
123 94 0.700805287096684
123 80 0.4239272609141321
123 81 0.18506447331559406
123 95 0.1604594722166023
123 56 0.20544442762984616
123 68 0.36420945812498173
123 54 0.11233733524110158
123 83 0.2876306433379408
123 82 0.11006837824351326
123 55 0.09547459976958594
123 69 0.21400640948446703
123 51 0.1423553717644798
123 79 0.12351840547753057
123 86 0.25778865512494625
123 92 0.3506398356436772
123 93 0.27058468171958094
123 87 0.2576044259181243
123 78 0.31195738264006034
123 50 0.22202809645992924
123 52 0.09435357568676975
123 46 0.15688390958511336
123 91 0.2604656517130741
123 85 0.2209909612148666
123 84 0.03577192195614101
123 90 0.2349131420644167
123 47 0.16186803135049324
123 53 0.04861250748782747
127 76 0.21258598129416234
127 62 0.2801689148352846
127 89 0.2376130025389004
127 88 0.5402199239123645
127 63 0.28889229201982053
127 77 0.15252320864918165
127 49 0.2875472307794454
127 61 0.18358980650566625
127 75 0.13614000890899808
127 74 0.17813066325771573
127 60 0.1679719149298186
127 48 0.2394899506949379
127 64 0.2482148591457033
127 70 0.45240968036368007
127 58 0.4090390123033323
127 59 0.24655507485669437
127 71 0.42410855806352643
127 65 0.14745569434166567
127 73 0.14762695705874201
127 67 0.4948153184772172
127 66 0.48018513523376194
127 72 0.1674387345820278
127 57 0.559448950428856
127 94 0.6086129557176929
127 80 0.4444686647621635
127 81 0.45123089909545844
127 95 0.22705425269876356
127 56 0.38912190715353134
127 68 0.7444997136870349
127 54 0.2693419597926426
127 83 0.19927470780310347
127 82 0.2695756111104486
127 55 0.2728788302380295
127 69 0.5047740184461498
127 51 0.29504137898806015
127 79 0.27717261615426225
127 86 0.2703831825252167
127 92 0.6009187528272185
127 93 0.542103481243413
127 87 0.5414197717371174
127 78 0.5083206752559366
127 50 0.4210664223548485
127 52 0.1408310598757233
127 46 0.35087727603965874
127 91 0.5519358126257763
127 85 0.4947648079569871
127 84 0.16104955170147658
127 90 0.5098202707516906
127 47 0.35161107591846735
127 53 0.17174131370960596
133 76 0.05890887085143248
133 62 0.35128516511195207
133 89 0.06661053293993059
133 88 0.2509517199708174
133 63 0.15110208699779365
133 77 0.3561093615905656
133 49 0.47910017573399055
133 61 0.11038915058570396
133 75 0.11205169703128026
133 74 0.2143843844237179
133 60 0.03872901395298864
133 48 0.3176151162131901
133 64 0.10943853982631639
133 70 0.1813444086828759
133 58 0.22248574536604426
133 59 0.08167141994491699
133 71 0.3340756531438925
133 65 0.05869002677716592
133 73 0.09186330109940256
133 67 0.24814975745775536
133 66 0.17678929113193975
133 72 0.08728256789596912
133 57 0.4028882244788078
133 94 0.3150559465214203
133 80 0.35749166869534543
133 81 0.23559856620729408
133 95 0.15855932089341496
133 56 0.15138112475659996
133 68 0.35373695405602334
133 54 0.13543808209937064
133 83 0.12451775949539858
133 82 0.2565325588595263
133 55 0.09983186366607583
133 69 0.20266696389440741
133 51 0.08996113342180992
133 79 0.4219568341759153
133 86 0.124408789345686
133 92 0.2760669621899707
133 93 0.24739163736240302
133 87 0.2500961313423938
133 78 0.19508822483078375
133 50 0.16359737054323845
133 52 0.03034927391018251
133 46 0.17374371873063432
133 91 0.24512607091516547
133 85 0.2137453572015338
133 84 0.17050527383902864
133 90 0.22760073018137245
133 47 0.33761831805964715
133 53 0.5597242386811121
132 76 0.13492355017217564
132 62 0.2406958941700029
132 89 0.19604628134111776
132 88 0.483997065175797
132 63 0.2746260394111154
132 77 0.12341043815769423
132 49 0.19339260109468046
132 61 0.12364245852116501
132 75 0.09566121110816361
132 74 0.16060746456101435
132 60 0.11583174261339066
132 48 0.20799472962571197
132 64 0.23054900593763789
132 70 0.39104653334690576
132 58 0.3647114379412623
132 59 0.16569314949250297
132 71 0.20421443989500457
132 65 0.10298278689163129
132 73 0.10771926315044021
132 67 0.4335938306139767
132 66 0.3899326743508881
132 72 0.1254267435116451
132 57 0.49438536019355506
132 94 0.6096987127419999
132 80 0.21304986832955392
132 81 0.38626316381493
132 95 0.16511455568965447
132 56 0.424212902326154
132 68 0.6485073946961408
132 54 0.25580413912133576
132 83 0.2661961901362136
132 82 0.23615202278094705
132 55 0.2238159957741589
132 69 0.4273361499824887
132 51 0.10395059835446471
132 79 0.18614472220935271
132 86 0.1565817855433396
132 92 0.6376020801709774
132 93 0.5807452287689858
132 87 0.48817745176744404
132 78 0.42473584307877194
132 50 0.17668709927670598
132 52 0.08686478637511878
132 46 0.3941488668454922
132 91 0.5187327348873936
132 85 0.5452899342499132
132 84 0.12239856444150067
132 90 0.5512829741802878
132 47 0.3294080578147831
132 53 0.12926815430792174
126 76 0.09155571109151261
126 62 0.09434154785539053
126 89 0.16686628586688476
126 88 0.22145353066548318
126 63 0.11022904099354004
126 77 0.15117705509551965
126 49 0.20351134508673857
126 61 0.05759289263115554
126 75 0.07669863478530273
126 74 0.11863573285898464
126 60 0.06560902163139029
126 48 0.10485676073597522
126 64 0.08411906959588698
126 70 0.17129685313836063
126 58 0.1770540121692645
126 59 0.06641128575574622
126 71 0.4053544745931576
126 65 0.06758288400109118
126 73 0.0792879746107161
126 67 0.4628650157843514
126 66 0.20885056847240804
126 72 0.07028931147024922
126 57 0.4238006163151697
126 94 0.501006424910767
126 80 0.44491873643725344
126 81 0.17118474986184312
126 95 0.04566699918653791
126 56 0.13323101332672402
126 68 0.4347151185224167
126 54 0.09685436458968628
126 83 0.43618786602499954
126 82 0.09179139568301325
126 55 0.08973216470015463
126 69 0.27479211806069526
126 51 0.1628942354709801
126 79 0.12018239763098539
126 86 0.2000720196813563
126 92 0.5344085159360186
126 93 0.47621708265725105
126 87 0.24696165709594436
126 78 0.3650456847557326
126 50 0.22467829443010728
126 52 0.0749796392449574
126 46 0.13460359164498037
126 91 0.5441025354811944
126 85 0.7133551008257467
126 84 0.05047280166688077
126 90 0.6999600866148864
126 47 0.13677004670370746
126 53 0.0789104413525127
118 76 0.2058860450328957
118 62 0.2839305772034747
118 89 0.11237716169949208
118 88 0.18061885791758397
118 63 0.08985640904439746
118 77 0.006555604286250599
118 49 0.4233364828454723
118 61 0.005666479351658649
118 75 0.033906299562104725
118 74 0.0997144865164955
118 60 0.053292663798452294
118 48 0.24406687835173857
118 64 0.06124895523092576
118 70 0.13674348006060436
118 58 0.3265280648220382
118 59 0.3326117570100069
118 71 0.25418018229186184
118 65 0.0827581479400679
118 73 0.05063145087358055
118 67 0.19116492746725294
118 66 0.11686940207914119
118 72 0.004216929874435532
118 57 0.3620353387455462
118 94 0.22281937818223507
118 80 0.27694879793349125
118 81 0.5115072358257149
118 95 0.08268268609402055
118 56 0.3938998498654349
118 68 0.27076688450426356
118 54 0.07626506815491056
118 83 0.16594237234163167
118 82 0.08983774256856483
118 55 0.12674786129651283
118 69 0.1585221074491112
118 51 0.2072747571402348
118 79 0.2884486524877813
118 86 0.11424464082424027
118 92 0.1986213842387612
118 93 0.18037379557196426
118 87 0.21781103411300995
118 78 0.14472582880308008
118 50 0.35174318943748173
118 52 0.03204262052722241
118 46 0.2181120706588376
118 91 0.18322326706112646
118 85 0.15200130124410874
118 84 0.18851819534949366
118 90 0.1629871482038106
118 47 0.47686348108956694
118 53 0.41046295813393524
130 76 0.037432309683079076
130 62 0.10472328493527633
130 89 0.1021906045732913
130 88 0.3041973516807554
130 63 0.08901545905832986
130 77 0.09548815980871733
130 49 0.09526684977562033
130 61 0.07616889785512096
130 75 0.07671208527701202
130 74 0.019884562071047246
130 60 0.044929330592035785
130 48 0.06033742251330908
130 64 0.07555026859190477
130 70 0.18717488828076684
130 58 0.14869952218860882
130 59 0.06261553565394641
130 71 0.09658641135615978
130 65 0.05245385611559697
130 73 0.07508636964579356
130 67 0.1988851157324914
130 66 0.1948198172704091
130 72 0.08684024582700257
130 57 0.20353547421804685
130 94 0.3089750345818072
130 80 0.09419911145993229
130 81 0.1582897278426838
130 95 0.115714180782719
130 56 0.21842937966380205
130 68 0.29315618478611993
130 54 0.11698633525293879
130 83 0.25642839206300916
130 82 0.08493266448523723
130 55 0.0916655220348859
130 69 0.18366339616579652
130 51 0.029073583683609808
130 79 0.1403348952445012
130 86 0.018250893957566156
130 92 0.3106073930531228
130 93 0.2817548246735607
130 87 0.2067956721967405
130 78 0.17406900857890245
130 50 0.07089249847056125
130 52 0.05958199333701293
130 46 0.3142042829180417
130 91 0.20433102430085223
130 85 0.2641338282308399
130 84 0.11859035643884924
130 90 0.2545117469275253
130 47 0.11492639090642563
130 53 0.09542976865661404
124 76 0.10905516847606139
124 62 0.15697034690469816
124 89 0.06077523923060567
124 88 0.40414916050635513
124 63 0.10919203454655618
124 77 0.0299317891795388
124 49 0.17792466619901603
124 61 0.07640051063601837
124 75 0.05994671807958678
124 74 0.05942997331174539
124 60 0.07439846805331511
124 48 0.0877765727241792
124 64 0.08413704767410915
124 70 0.17211146184904688
124 58 0.16619003865335802
124 59 0.05195823350847309
124 71 0.3533002006291787
124 65 0.057406119908491246
124 73 0.0827079042469047
124 67 0.3291915241415396
124 66 0.1698584202147161
124 72 0.1433774818049423
124 57 0.32495929911954136
124 94 0.2788059484066911
124 80 0.3815813754872931
124 81 0.16971409145532174
124 95 0.295741716489059
124 56 0.15534530645100225
124 68 0.36766991562774887
124 54 0.09876909422765345
124 83 0.39389963176925097
124 82 0.09068919564895608
124 55 0.0821787404881165
124 69 0.2841578840935608
124 51 0.08339224010125185
124 79 0.07560040768853458
124 86 0.10330886580930307
124 92 0.3673441759466032
124 93 0.29697194604379795
124 87 0.23932813297704808
124 78 0.3153096169360269
124 50 0.15398468286227943
124 52 0.15054294604616217
124 46 0.1407538455695589
124 91 0.9999999999999999
124 85 0.2388561386321959
124 84 0.022218676877754473
124 90 0.26503081763463954
124 47 0.17283148515740246
124 53 0.0996829291869129
125 76 0.07936071795647183
125 62 0.15171374209309368
125 89 0.1654978314815365
125 88 0.27521855415946495
125 63 0.11877980021535779
125 77 0.06473336249187904
125 49 0.2035591104608552
125 61 0.055001119579419055
125 75 0.07872232743296079
125 74 0.07950021681499594
125 60 0.07161581023742161
125 48 0.1046144869732634
125 64 0.0914461520573927
125 70 0.19059686816066054
125 58 0.1872173457145127
125 59 0.05691130421024826
125 71 0.37882770625225726
125 65 0.06425734061950925
125 73 0.09765619415215523
125 67 0.472577296699509
125 66 0.20613680945503637
125 72 0.030671190646605673
125 57 0.40642428238404205
125 94 0.2901803356095965
125 80 0.41698046545509815
125 81 0.18400615554910651
125 95 0.05916803461473094
125 56 0.37075805578678317
125 68 0.5971605704520222
125 54 0.10633777464013444
125 83 0.4405864447738193
125 82 0.09754423710977098
125 55 0.11928445986474881
125 69 0.2836259113666961
125 51 0.13089907246912758
125 79 0.10068815266886638
125 86 0.196305960160092
125 92 0.2939525269064574
125 93 0.2449455390749822
125 87 0.24836698966825743
125 78 0.3477694897616453
125 50 0.21208139645662927
125 52 0.003155295229504862
125 46 0.14860003597466526
125 91 0.39795592444685646
125 85 0.36306367928165223
125 84 0.09399977870326871
125 90 0.3510015461218064
125 47 0.15105404004742862
125 53 0.04011819741099157
131 76 0.09667713698219879
131 62 0.19471051283146446
131 89 0.20912210109766574
131 88 0.578417619151721
131 63 0.22944933035722664
131 77 0.07039673759169343
131 49 0.13633321526337713
131 61 0.07912320391289365
131 75 0.06280065618748165
131 74 0.18350337895421193
131 60 0.11717281417221745
131 48 0.15681730349733175
131 64 0.18416040428359406
131 70 0.3186585310410399
131 58 0.7321821640273195
131 59 0.22347808291328142
131 71 0.15485562794619936
131 65 0.07975516088928737
131 73 0.0709991965529596
131 67 0.35763661424955173
131 66 0.3010648542334288
131 72 0.08620427454837075
131 57 0.5825660085463722
131 94 0.4801837838835825
131 80 0.16172989423827983
131 81 0.3336443439761614
131 95 0.12087038280341228
131 56 0.25671357170341064
131 68 0.5310475125822705
131 54 0.20833472833608077
131 83 0.11467465136692301
131 82 0.17985142193316375
131 55 0.20121479634668277
131 69 0.35920486915877214
131 51 0.06835729191598891
131 79 0.14058975856487751
131 86 0.15401946308159736
131 92 0.5079462316785996
131 93 0.45654562149304156
131 87 0.5133376433033292
131 78 0.34210333958851324
131 50 0.12682257369084826
131 52 0.04332399144793943
131 46 0.26660204993267844
131 91 0.5232447735971753
131 85 0.45018164327686794
131 84 0.08362666606183926
131 90 0.44706668719600257
131 47 0.2665992138877936
131 53 0.0811590885282416
119 76 0.020152067566377857
119 62 0.15271467347886145
119 89 0.09441727406327254
119 88 0.2594282539762311
119 63 0.06345392786862618
119 77 0.38382431591130883
119 49 0.05177387897872336
119 61 0.26586732478220526
119 75 0.07441662726570372
119 74 0.16541225343472934
119 60 0.09200937878908934
119 48 0.11030726903583879
119 64 0.06824835247854055
119 70 0.2558200978305454
119 58 0.4912605510302322
119 59 0.00591297422195497
119 71 0.14311860958242018
119 65 0.07084322500186868
119 73 0.0
119 67 0.11236939283151033
119 66 0.0887832557048078
119 72 0.018187190809030557
119 57 0.1412521456244077
119 94 0.14029361472803123
119 80 0.1415803503964637
119 81 0.10329922571800157
119 95 0.004604256359723752
119 56 0.12492564303509085
119 68 0.20136887007115964
119 54 0.05031749906155479
119 83 0.036552791458837844
119 82 0.026682735278807948
119 55 0.19531841807322906
119 69 0.1246971998319105
119 51 0.08093537707361896
119 79 0.4843846491336725
119 86 0.21402989240383108
119 92 0.1409765622671628
119 93 0.13560450213297434
119 87 0.1247351562337572
119 78 0.11233452910517314
119 50 0.0064456033877216545
119 52 0.029570689739127784
119 46 0.062108572631370165
119 91 0.14997487063703865
119 85 0.15209248246272886
119 84 0.09189574694524034
119 90 0.1230105414767929
119 47 0.11409728143444156
119 53 0.041950557234277513
