114 76 0.22929501818712297
114 62 0.26647710918821244
114 89 0.1900401711145582
114 88 0.3050924413336126
114 63 0.21307809672014216
114 77 0.08730503141967813
114 49 0.153181623008155
114 61 0.09510860725856157
114 75 0.13523876414784253
114 74 0.301877054894393
114 60 0.1276915056421118
114 48 0.1419528775241655
114 64 0.15414358524497063
114 70 0.3129283345168814
114 58 0.5619218690457963
114 59 0.18629159884428767
114 71 0.1524840066182152
114 65 0.11256159437346976
114 73 0.12825690336590584
114 67 0.2979746951475992
114 66 0.2742772408769597
114 72 0.1859023593382679
114 57 0.3135129168939961
114 94 0.3702983529018803
114 80 0.15143798232451738
114 81 0.29411230792328236
114 95 0.17308983544976014
114 56 0.20061840595334415
114 68 0.44322240983178474
114 54 0.14787887732247448
114 83 0.13961144548635485
114 82 0.030380455764265013
114 55 0.26576270662617796
114 69 0.3516208918070114
114 51 0.1299267917633189
114 79 0.1609708512888786
114 86 0.1350530275405432
114 92 0.3857248521606875
114 93 0.34105038380279046
114 87 0.2996695079695205
114 78 0.28691235743989485
114 50 0.1663071221593721
114 52 0.12210321289581413
114 46 0.18143826505372068
114 91 0.3453961124129021
114 85 0.3692134877233844
114 84 0.08895737538376675
114 90 0.3708517898763804
114 47 0.20645032682387238
114 53 0.15328433691750382
100 76 0.14911656419136782
100 62 0.16453167265419294
100 89 0.13205233024145363
100 88 0.15831150092198612
100 63 0.33881972430693963
100 77 0.12133072795147283
100 49 0.2839488860122048
100 61 0.12311295588103705
100 75 0.13018881758015316
100 74 0.15355943776770892
100 60 0.12524013676130186
100 48 0.1896937674934997
100 64 0.20536591032632542
100 70 0.18425866544844666
100 58 0.14940434216719944
100 59 0.14216066922493562
100 71 0.5083249640343834
100 65 0.12605820616102426
100 73 0.10003999426301352
100 67 0.32284154800032255
100 66 0.16963341194553433
100 72 0.11423612797174425
100 57 0.365637350916979
100 94 0.17448495401208872
100 80 0.5361436727321635
100 81 0.15689325047568928
100 95 0.15419127162619806
100 56 0.2193464698294426
100 68 0.3633900686232041
100 54 0.1729355472519794
100 83 0.15395429609907868
100 82 0.13300325869029267
100 55 0.3172871403013393
100 69 0.2136885960428012
100 51 0.21034219916805186
100 79 0.11665634711091732
100 86 0.28160404730169464
100 92 0.17778734676202446
100 93 0.17289951227138148
100 87 0.17521387904751054
100 78 0.18975875008390738
100 50 0.31205315285177193
100 52 0.11501343776864645
100 46 0.2279860159955431
100 91 0.1857360878771538
100 85 0.20250372995225174
100 84 0.13466636133686677
100 90 0.18415351367749988
100 47 0.1317572762596555
100 53 0.11626770052199355
128 76 0.18063925160407152
128 62 0.1323838301784499
128 89 0.23961361918529162
128 88 0.4143640500136587
128 63 0.1452068845698247
128 77 0.1549113004973645
128 49 0.1481534082892797
128 61 0.14940798242762487
128 75 0.13320084532327264
128 74 0.12947237106748632
128 60 0.14311468081771653
128 48 0.13830953570588675
128 64 0.1537509434436728
128 70 0.3244718164728069
128 58 0.06880580314171297
128 59 0.1299507907820848
128 71 0.14300296130606077
128 65 0.11036297299167258
128 73 0.1555389653070317
128 67 0.40571747805058966
128 66 0.3201376513325516
128 72 0.16895398910297754
128 57 0.2159416840926133
128 94 0.5597313620833886
128 80 0.14434408936550908
128 81 0.3300707017296331
128 95 0.23809988278799799
128 56 0.33906621389296515
128 68 0.6564499129203459
128 54 0.2032841432482451
128 83 0.13318089928438603
128 82 0.10025147508979892
128 55 0.22920751200336595
128 69 0.37739045918544845
128 51 0.16920101661862366
128 79 0.2441999518965897
128 86 0.13271894585022687
128 92 0.5733837126467685
128 93 0.5004574881223123
128 87 0.45582603411870165
128 78 0.3787237105522504
128 50 0.1946578596178981
128 52 0.1939026838876834
128 46 0.24586136810824427
128 91 0.44631152955849107
128 85 0.502369233471269
128 84 0.13623927990958754
128 90 0.5088978265803775
128 47 0.1907954972845237
128 53 0.11623891713157501
129 76 0.10414588267045219
129 62 0.2823850694284462
129 89 0.24489554442317205
129 88 0.5007495476596965
129 63 0.16050849880048812
129 77 0.13722642644911032
129 49 0.14367795707859982
129 61 0.14478598843946278
129 75 0.1114378025159456
129 74 0.20601428731480476
129 60 0.1056909182698158
129 48 0.20482986002409362
129 64 0.23166043189808766
129 70 0.38434892380647706
129 58 0.698632654383017
129 59 0.11182533295148517
129 71 0.15547364079385123
129 65 0.15305715885175453
129 73 0.12074840039099907
129 67 0.48374255340712935
129 66 0.386960684895654
129 72 0.12095196473058317
129 57 0.625123007042606
129 94 0.650073844460401
129 80 0.16518705633080832
129 81 0.377322033836278
129 95 0.21902402708417448
129 56 0.31827805902830164
129 68 0.7127661840744289
129 54 0.29495547647638914
129 83 0.13787571918682395
129 82 0.4072297718354816
129 55 0.19156053929612682
129 69 0.4921455515764558
129 51 0.15829444015803124
129 79 0.19736176738888528
129 86 0.114419256253611
129 92 0.6677056786373694
129 93 0.5938529927257604
129 87 0.4358526080421853
129 78 0.464971330563942
129 50 0.09421340571770004
129 52 0.1332136974346236
129 46 0.2904253348847378
129 91 0.5770467673106958
129 85 0.5662475745343828
129 84 0.1581845913550149
129 90 0.5712150092168287
129 47 0.23768432720983718
129 53 0.17675184340070055
101 76 0.09071827348228742
101 62 0.19266388426801478
101 89 0.19296919998943554
101 88 0.20861131417104287
101 63 0.13757810108762752
101 77 0.1943230290634203
101 49 0.19608667589892365
101 61 0.14402047996807232
101 75 0.12663956296773887
101 74 0.09697927318581837
101 60 0.12479809068558982
101 48 0.14843686962976865
101 64 0.13562466368473008
101 70 0.13198804733640998
101 58 0.10168920491187369
101 59 0.15349139772599785
101 71 0.2528631902451832
101 65 0.13726985573233025
101 73 0.14213648348293795
101 67 0.23966028163308883
101 66 0.1592581404276071
101 72 0.10968625331249329
101 57 0.281721807974619
101 94 0.22565542475011793
101 80 0.2748980091727661
101 81 0.21140759878008644
101 95 0.05055207121858987
101 56 0.22804888027085196
101 68 0.2660883179552017
101 54 0.109682493756174
101 83 0.12599628239856647
101 82 0.16501424025332884
101 55 0.16295084335982266
101 69 0.14946079497811676
101 51 0.17443934504566663
101 79 0.22830746385698944
101 86 0.20208875539466778
101 92 0.2302699913120715
101 93 0.21215727710936394
101 87 0.1914005801241928
101 78 0.17693776998099678
101 50 0.20621181499736643
101 52 0.10692129070989095
101 46 0.18917079287786825
101 91 0.27581992238557507
101 85 0.2037155834293151
101 84 0.15516871629941034
101 90 0.20834657005958646
101 47 0.07706409158679292
101 53 0.1042910999860483
115 76 0.11599291596470483
115 62 0.09315395187488726
115 89 0.1652249429555811
115 88 0.1214493239091537
115 63 0.08902957317113455
115 77 0.13135665035614177
115 49 0.10189261522042234
115 61 0.13059969658155315
115 75 0.14238701860367628
115 74 0.2506076984818748
115 60 0.12463233146133468
115 48 0.12421682398896758
115 64 0.2138112961479133
115 70 0.09564548322999866
115 58 0.12825651454653486
115 59 0.1499554585777375
115 71 0.1487497225126051
115 65 0.10644715427869744
115 73 0.08218573576043994
115 67 0.1466995543421915
115 66 0.30282729183866863
115 72 0.24037689171649473
115 57 0.12011570352485791
115 94 0.23096656839890647
115 80 0.14750511151243823
115 81 0.12445857172194778
115 95 0.15652242858763576
115 56 0.31284220428647913
115 68 0.19111512278584783
115 54 0.16957627898130637
115 83 0.2327381930232443
115 82 0.15480931130282805
115 55 0.2145395393661487
115 69 0.1430723062782284
115 51 0.17244284512183608
115 79 0.14740217130185918
115 86 0.15379281624870617
115 92 0.2330448835833982
115 93 0.22622860672653045
115 87 0.1916819319953906
115 78 0.1423266720488877
115 50 0.12276348243147432
115 52 0.8507950833252353
115 46 0.5844966710368934
115 91 0.20693642309182625
115 85 0.2241575351797155
115 84 0.10796138955080031
115 90 0.2298716345095203
115 47 0.37927260561694354
115 53 0.3336719276436714
103 76 0.10782642499667416
103 62 0.25023433068150197
103 89 0.14272372109526404
103 88 0.17912493351645775
103 63 0.1623415135700088
103 77 0.16408736731465673
103 49 0.13824741091492232
103 61 0.13955482705091135
103 75 0.14019803845713785
103 74 0.13925163267023022
103 60 0.11406498861891233
103 48 0.13806631303703681
103 64 0.15312610571583202
103 70 0.2944880535881086
103 58 0.8399301959036568
103 59 0.14194386352854943
103 71 0.14304269192811453
103 65 0.15173794687018294
103 73 0.14703373034991393
103 67 0.22227594800598166
103 66 0.35683805501473403
103 72 0.1410990217821475
103 57 0.3725506949541403
103 94 0.2270637427882612
103 80 0.14370221479029727
103 81 0.2585571864207995
103 95 0.160998684808681
103 56 0.16904675580674583
103 68 0.3919436073666839
103 54 0.1501771126449706
103 83 0.13741939747100598
103 82 0.19244392076719385
103 55 0.10779955549611736
103 69 0.3189921223901735
103 51 0.11312928082727544
103 79 0.11341302572431514
103 86 0.10725741528830615
103 92 0.2164276530602597
103 93 0.21166691125352619
103 87 0.12550730182922482
103 78 0.25003710571984766
103 50 0.13410681436915803
103 52 0.12547416491933822
103 46 0.18932481390518074
103 91 0.21145443947540216
103 85 0.1851964372151752
103 84 0.16053239554991067
103 90 0.1884481407289748
103 47 0.15134476471925193
103 53 0.14454525439828492
117 76 0.2816589008241429
117 62 0.31098224157582155
117 89 0.11797979222217835
117 88 0.10478342834632823
117 63 0.15209813462981103
117 77 0.42512727487671775
117 49 0.2898866055213042
117 61 0.1717029891487591
117 75 0.6660479329790687
117 74 0.46282027387130353
117 60 0.12818364609873018
117 48 0.4897050792373876
117 64 0.23185988871912983
117 70 0.2752082861698955
117 58 0.6923155321838906
117 59 0.1288810548242156
117 71 0.15651476832322025
117 65 0.11950522730245766
117 73 0.5279251068555411
117 67 0.19014102544075162
117 66 0.13979478218370978
117 72 0.22208368645136298
117 57 0.2883146861967367
117 94 0.2709890076543373
117 80 0.15576014331571358
117 81 0.27568532158554376
117 95 0.23126388718386254
117 56 0.3096022807442802
117 68 0.2985984534350095
117 54 0.18018179379890384
117 83 0.7116806202235367
117 82 0.16730075836997033
117 55 0.18730274433191862
117 69 0.3316696595393586
117 51 0.22433478682214544
117 79 0.453644267153418
117 86 0.09399885473915615
117 92 0.2725530496004365
117 93 0.253328038983701
117 87 0.3270785126716548
117 78 0.3533426991923639
117 50 0.09706854986266694
117 52 0.14657454463951447
117 46 0.40841163583562534
117 91 0.27915081327789154
117 85 0.2659454921551076
117 84 0.17490761596239696
117 90 0.28059897552902013
117 47 0.13456369762740406
117 53 0.13790254974006882
116 76 0.14195830908645923
116 62 0.282516446466562
116 89 0.18339040924435954
116 88 0.37826776500776804
116 63 0.15279227562176068
116 77 0.11275945042553218
116 49 0.137471452951786
116 61 0.1972989814342081
116 75 0.13556178002108238
116 74 0.12336096951504791
116 60 0.1348953342437279
116 48 0.12377215241765648
116 64 0.16072339152940307
116 70 0.5151208946704939
116 58 0.860531723226957
116 59 0.20488394659834067
116 71 0.10518877418772385
116 65 0.13325879421918974
116 73 0.12723942154706622
116 67 0.3621685533184459
116 66 0.3747980062002112
116 72 0.14476302581012113
116 57 0.5442271750369733
116 94 0.50297552694612
116 80 0.1086885329840225
116 81 0.3973031237928015
116 95 0.1582125341438051
116 56 0.3890527390190334
116 68 0.5671379684335757
116 54 0.14284731937223327
116 83 0.3387177835818914
116 82 0.49979246798083166
116 55 0.2549234014764891
116 69 0.408086306469552
116 51 0.10131542242115663
116 79 0.1665091682048909
116 86 0.14737650238886713
116 92 0.4803481212288434
116 93 0.45907748775227997
116 87 0.2502724244590174
116 78 0.35270982334683654
116 50 0.15491016898745558
116 52 0.08705722314284706
116 46 0.3965308678198356
116 91 0.42928080404196417
116 85 0.37928231700709875
116 84 0.2061477930799322
116 90 0.3902735503939486
116 47 0.15378340184297556
116 53 0.09930639666324917
102 76 0.1434899741236268
102 62 0.18498056799870538
102 89 0.15716827568919794
102 88 0.15671595904192404
102 63 0.15792075399075375
102 77 0.14362354945707068
102 49 0.13848782356239975
102 61 0.11717585221428227
102 75 0.12918493443809828
102 74 0.11477399550137939
102 60 0.14374965229488842
102 48 0.12985886388323348
102 64 0.12253079731207843
102 70 0.23680377607877517
102 58 0.48645459342262587
102 59 0.1512047577056108
102 71 0.1529349426474293
102 65 0.10640327322292004
102 73 0.12475913920862128
102 67 0.1695713726854385
102 66 0.14953697813475378
102 72 0.15289214894126973
102 57 0.22318992642672814
102 94 0.14945781336066327
102 80 0.15701078030508628
102 81 0.17472925632660208
102 95 0.11525375318938266
102 56 0.15064426889210814
102 68 0.24300088354437493
102 54 0.12742517019261415
102 83 0.15537479811309585
102 82 0.07786151584893145
102 55 0.15303839259809981
102 69 0.20185614887811945
102 51 0.12383251180762836
102 79 0.14078595592706003
102 86 0.15026018929205262
102 92 0.1490688535507093
102 93 0.15277373665516725
102 87 0.1577218429890624
102 78 0.1478691587487553
102 50 0.13397834023873792
102 52 0.12386084174338009
102 46 0.1370839303229434
102 91 0.1573061673009012
102 85 0.159472636468395
102 84 0.11562656869952453
102 90 0.15849882980382846
102 47 0.17705700766268254
102 53 0.1385802977500944
106 76 0.16192490035445856
106 62 0.16370040851184958
106 89 0.13066302336631008
106 88 0.1878055113476322
106 63 0.10275774952133684
106 77 0.10360276819723305
106 49 0.14580456321018906
106 61 0.141716286985049
106 75 0.11704739510345785
106 74 0.12548685737641047
106 60 0.13863963912651378
106 48 0.15249303232957248
106 64 0.1357026885289312
106 70 0.23012141057471075
106 58 0.5082641350574928
106 59 0.14736099036223388
106 71 0.1535289470701685
106 65 0.11964265550336062
106 73 0.12132491909654693
106 67 0.17798518005599834
106 66 0.16085577972272996
106 72 0.23938723000746134
106 57 0.25518339434297815
106 94 0.16611605466663926
106 80 0.15101638616915955
106 81 0.20551051178716545
106 95 0.1772693067564129
106 56 0.20064060511120196
106 68 0.2789482729107091
106 54 0.14581801326595956
106 83 0.1261115599371579
106 82 0.1373766315757013
106 55 0.22982850970572868
106 69 0.2433474997040566
106 51 0.14502668898760246
106 79 0.16180249787060685
106 86 0.15078539898421398
106 92 0.18336316999738583
106 93 0.1777121041785653
106 87 0.1948545311238322
106 78 0.17839435234568154
106 50 0.11955569540589205
106 52 0.1478774805541569
106 46 0.13985588733778648
106 91 0.10839246590176466
106 85 0.1914278851298431
106 84 0.12267294820224157
106 90 0.19058560908353286
106 47 0.20467675579533284
106 53 0.15255811877658107
112 76 0.14106370104025673
112 62 0.22939100887059566
112 89 0.16642157733225976
112 88 0.20970001988269632
112 63 0.1606007545040582
112 77 0.12597229555404563
112 49 0.12751080008756582
112 61 0.12854292152505908
112 75 0.13158465880242448
112 74 0.12950691194701036
112 60 0.13079816060275107
112 48 0.13593379450449927
112 64 0.15869276488899783
112 70 0.24303679763118433
112 58 0.6209937452655875
112 59 0.146052382768916
112 71 0.12757928583782674
112 65 0.141195660445529
112 73 0.12037078726965558
112 67 0.20306447105052217
112 66 0.18257633600729117
112 72 0.11954243075528591
112 57 0.33812466994176993
112 94 0.19557573928549932
112 80 0.13241159597646382
112 81 0.21091306778580268
112 95 0.14660340229217117
112 56 0.258680560535209
112 68 0.338635297989318
112 54 0.1472319376835114
112 83 0.1585965382585361
112 82 0.1186846140944261
112 55 0.3433965415198078
112 69 0.2762324737831184
112 51 0.12807727702102473
112 79 0.1490201492378525
112 86 0.14594500080492387
112 92 0.20854871151644905
112 93 0.19478840197433356
112 87 0.18338313503698492
112 78 0.2212002528071639
112 50 0.12838690108895023
112 52 0.13660048683711926
112 46 0.16620791357767228
112 91 0.20488923059308517
112 85 0.18717504354172926
112 84 0.09404435495655844
112 90 0.19100480079453686
112 47 0.1654669509619241
112 53 0.12979956935651965
113 76 0.1378159101671116
113 62 0.2584371202099806
113 89 0.22208917412238235
113 88 0.4814938541613737
113 63 0.16272776394515412
113 77 0.20054973702994944
113 49 0.1614405471693816
113 61 0.14885759314068076
113 75 0.13059867516801696
113 74 0.07972838573024266
113 60 0.11371646911031927
113 48 0.14628787715218616
113 64 0.1727604878172156
113 70 0.4296946498517519
113 58 0.4953355386609105
113 59 0.13522838466326104
113 71 0.1668576930204832
113 65 0.12815914998234285
113 73 0.1391665293512988
113 67 0.43051452118107625
113 66 0.3675259678243369
113 72 0.15242984289061595
113 57 0.37094982300977947
113 94 0.6039091272187161
113 80 0.1676083090914471
113 81 0.364038008137209
113 95 0.2364183245254893
113 56 0.446501951689719
113 68 0.6715703210489287
113 54 0.2042561151216912
113 83 0.2954438277709156
113 82 0.21548722846986615
113 55 0.28907156348067414
113 69 0.4874623652594875
113 51 0.12143474964622337
113 79 0.24279801473803564
113 86 0.1057045778865181
113 92 0.6096707425998532
113 93 0.5432415299973017
113 87 0.3602752562825586
113 78 0.45231093408411066
113 50 0.1756746706900239
113 52 0.13811277384307352
113 46 0.4023086450627882
113 91 0.47293798243583884
113 85 0.5137610666784066
113 84 0.1911072930084621
113 90 0.5177898441312879
113 47 0.18354465718822477
113 53 0.13176165864477188
107 76 0.1379254552290763
107 62 0.19228641689565446
107 89 0.13277198469354287
107 88 0.21453360654172943
107 63 0.13497291277450812
107 77 0.10067066996212468
107 49 0.1441502353981884
107 61 0.1202293837764381
107 75 0.11033218330096892
107 74 0.09387715041538411
107 60 0.14391872110553533
107 48 0.12351250325849202
107 64 0.13694125772859367
107 70 0.13885674078263643
107 58 0.07309013786661542
107 59 0.13627246176858385
107 71 0.12915178815834533
107 65 0.12332191572421651
107 73 0.1336735289054104
107 67 0.21035387871885144
107 66 0.26210149736194294
107 72 0.08421514893340681
107 57 0.18648608391965582
107 94 0.135185787910843
107 80 0.1331971486088188
107 81 0.12452492860552604
107 95 0.1466560588218807
107 56 0.6488835735789799
107 68 0.5048069137378502
107 54 0.11542788500762395
107 83 0.1651584111833005
107 82 0.11221316534809642
107 55 0.1655856293650132
107 69 0.14216504077870024
107 51 0.09276049721925395
107 79 0.138974651275938
107 86 0.132305387907089
107 92 0.1493742299737063
107 93 0.1657182613608026
107 87 0.16590398248654206
107 78 0.12305855050018351
107 50 0.13489913203949178
107 52 0.0973579251308492
107 46 0.14697803613102436
107 91 0.10756362889343005
107 85 0.13684431056373364
107 84 0.12222536448278623
107 90 0.13568950241368025
107 47 0.07852819067909864
107 53 0.09231116790450436
139 76 0.22531198783147238
139 62 0.12778018146387266
139 89 0.16805963596170853
139 88 0.2926416241880335
139 63 0.1453504414245338
139 77 0.12887978729272254
139 49 0.1406310530146372
139 61 0.20029340518994576
139 75 0.12060841378699229
139 74 0.18836443593952984
139 60 0.1391666777995697
139 48 0.1245471660479053
139 64 0.1410141317049841
139 70 0.2490621383757822
139 58 0.10475260525749838
139 59 0.19515374727915402
139 71 0.1468320255880556
139 65 0.13456507899549464
139 73 0.11694111251217641
139 67 0.2320617642658848
139 66 0.37694276184583714
139 72 0.12952874160983535
139 57 0.27938343079699923
139 94 0.3655550686631929
139 80 0.14730363696635368
139 81 0.19278127469272732
139 95 0.12335153064469923
139 56 0.1883411665257571
139 68 0.33082641795996925
139 54 0.17324276261555197
139 83 0.1385339767667358
139 82 0.16629072532545025
139 55 0.16483658623623326
139 69 0.21962394088801052
139 51 0.1419492073567235
139 79 0.18405160803946125
139 86 0.1540252937626641
139 92 0.3768371869436478
139 93 0.34499702808626215
139 87 0.2603084320765635
139 78 0.22450063314951504
139 50 0.15370846679393568
139 52 0.17975480295263804
139 46 0.21211966362122653
139 91 0.3172132076112443
139 85 0.3440452482059929
139 84 0.12388272286915133
139 90 0.3401508972295827
139 47 0.14005958206571928
139 53 0.12554317457832073
111 76 0.14810733536056073
111 62 0.27417297717695976
111 89 0.24171848383683833
111 88 0.3479011548752786
111 63 0.1786235944322659
111 77 0.1311146210306713
111 49 0.12278289378492721
111 61 0.11990278198159182
111 75 0.14344442611316777
111 74 0.15579000667797044
111 60 0.13302189602711598
111 48 0.13812166267631532
111 64 0.19041106537897673
111 70 0.4393834601421834
111 58 0.6006244908959562
111 59 0.15533165425605744
111 71 0.12965948515416587
111 65 0.13628265033346054
111 73 0.1384235211448886
111 67 0.43390646588907045
111 66 0.3285853108252376
111 72 0.11366451870349864
111 57 0.43246726603521446
111 94 0.46334764391751215
111 80 0.1354502813191843
111 81 0.2698989057424115
111 95 0.19189959508309745
111 56 0.3245888413850354
111 68 0.6768674952157726
111 54 0.1850569622229473
111 83 0.1561351402219896
111 82 0.1495585768526633
111 55 0.3745544810268241
111 69 0.5535943818308442
111 51 0.13607244262970755
111 79 0.18416366181003804
111 86 0.09235366534389175
111 92 0.47688464077306314
111 93 0.42510786931869193
111 87 0.33065931781303265
111 78 0.5404030179993297
111 50 0.18122925691205527
111 52 0.13760678937149806
111 46 0.2071826699038278
111 91 0.446344677120147
111 85 0.38581571369802525
111 84 0.1178294959618212
111 90 0.40229612090563016
111 47 0.18956863185503187
111 53 0.12646494760031596
105 76 0.1369954794579618
105 62 0.15025358145654308
105 89 0.1337384158186959
105 88 0.18366347465454247
105 63 0.11486636187769403
105 77 0.11969250387453799
105 49 0.24321181428197777
105 61 0.13633457222803758
105 75 0.12389925101599651
105 74 0.1585787161919356
105 60 0.14138501030776005
105 48 0.19050722337970963
105 64 0.14704554548234525
105 70 0.17147353403516963
105 58 0.1274841513780695
105 59 0.14743086238209252
105 71 0.40953947254175815
105 65 0.13435128325198284
105 73 0.12533144569705523
105 67 0.30967168563532343
105 66 0.24057458937050386
105 72 0.13594678438103575
105 57 0.4071018218537211
105 94 0.1922131947123994
105 80 0.42828866736137094
105 81 0.1549014116432922
105 95 0.16299647614719465
105 56 0.40021191109232984
105 68 0.4702485971409839
105 54 0.15388245397576356
105 83 0.2470616179620258
105 82 0.14790663170488763
105 55 0.15544208644804347
105 69 0.23566525636862
105 51 0.20021838186122076
105 79 0.16565205808824057
105 86 0.26524693548032074
105 92 0.19260387690893577
105 93 0.1826370564111833
105 87 0.20293656098435722
105 78 0.23539153192378534
105 50 0.228644136539473
105 52 0.12349896865338426
105 46 0.15562037982617516
105 91 0.16731500505045932
105 85 0.2132576783085806
105 84 0.13814236961980225
105 90 0.20173955645829825
105 47 0.16165202431341813
105 53 0.12343122641647394
104 76 0.14826681262957225
104 62 0.2282984517522782
104 89 0.11548374309266272
104 88 0.17568265433133637
104 63 0.16284703841016257
104 77 0.10971699922215089
104 49 0.1564121898348309
104 61 0.13207800750697848
104 75 0.13844800213597352
104 74 0.12940237049036635
104 60 0.13019563898220932
104 48 0.14920772868365337
104 64 0.13745796881779637
104 70 0.31667270102547984
104 58 0.8958451473107482
104 59 0.1385097212212673
104 71 0.16171492048444688
104 65 0.10810210341879195
104 73 0.13865055728672998
104 67 0.18483491925840512
104 66 0.17298729838838786
104 72 0.18028505731819155
104 57 0.32633617250309854
104 94 0.1828345209909859
104 80 0.1589932701787463
104 81 0.25257441512482065
104 95 0.17289514166886588
104 56 0.14076812487664964
104 68 0.32513613960630094
104 54 0.14592477721704528
104 83 0.12508925697172218
104 82 0.0899347879152706
104 55 0.22993566397530857
104 69 0.31871153369251043
104 51 0.11351922048199987
104 79 0.13211649069398723
104 86 0.11876562304610958
104 92 0.18734809338866254
104 93 0.181756432308349
104 87 0.15438325193603725
104 78 0.20628395229429247
104 50 0.1416437245400501
104 52 0.12292323844936773
104 46 0.1250574746705801
104 91 0.14223209986205637
104 85 0.18209360280786238
104 84 0.14332690021217298
104 90 0.18051865795795635
104 47 0.20245176765758952
104 53 0.15380980124765523
110 76 0.04030411183875726
110 62 0.2994714523021756
110 89 0.29644815716206085
110 88 0.4750975868196411
110 63 0.10196923630353302
110 77 0.38912082367733486
110 49 0.13130495817864657
110 61 0.13641573610515076
110 75 0.1452736349817391
110 74 0.15280126277873837
110 60 0.18952446326683275
110 48 0.1854741985793741
110 64 0.15046016338592239
110 70 0.273863356089189
110 58 0.46968799078522716
110 59 0.1240470704911791
110 71 0.28797402011179574
110 65 0.1590543532294695
110 73 0.13355593020853587
110 67 0.26351677883978886
110 66 0.22622603130189095
110 72 0.2766221048787507
110 57 0.32234983826973795
110 94 0.32729119440390775
110 80 0.29357080751090747
110 81 0.4386735368600639
110 95 0.1821363456112739
110 56 0.2779848356606262
110 68 0.47891364117871404
110 54 0.20124910673172208
110 83 0.10328285817855695
110 82 0.3490328588779215
110 55 0.1977819024894824
110 69 0.45762789993287073
110 51 0.16408309347721775
110 79 0.27709697427720464
110 86 0.08969395380429449
110 92 0.36156915496232034
110 93 0.4661631695203048
110 87 0.2633427991013364
110 78 0.36860126252235315
110 50 0.10809451921227864
110 52 0.12134513529563398
110 46 0.2718849740577648
110 91 0.3444833376709063
110 85 0.35512085023784057
110 84 0.1074222490082001
110 90 0.3511779360874777
110 47 0.15036282404665627
110 53 0.1439164301136966
138 76 0.13827447754493424
138 62 0.2192150914062046
138 89 0.1709359167184899
138 88 0.30862828294274736
138 63 0.13136906948927535
138 77 0.2125462015124558
138 49 0.14693920141405012
138 61 0.14716308682067386
138 75 0.12007604232098157
138 74 0.15873931714999334
138 60 0.13404577271403956
138 48 0.1752491171876366
138 64 0.1497262728765133
138 70 0.31051065213431184
138 58 0.2639947998362533
138 59 0.1336111894395981
138 71 0.14970075908761282
138 65 0.13895767469618137
138 73 0.12495302216141939
138 67 0.31159442798086406
138 66 0.3883823809950283
138 72 0.24486993551990457
138 57 0.36214099317554044
138 94 0.3876695203588307
138 80 0.15452931486938887
138 81 0.28146530017217775
138 95 0.15127136070956027
138 56 0.256356155486369
138 68 0.524904874945193
138 54 0.1655969510571686
138 83 0.14784774504698464
138 82 0.25032253954212164
138 55 0.1212071125678078
138 69 0.28768448619373327
138 51 0.1082947401773903
138 79 0.12252591314820836
138 86 0.15579910385164897
138 92 0.3842481805139225
138 93 0.3631604529876477
138 87 0.2596204271085569
138 78 0.3116856854730723
138 50 0.07742708908251009
138 52 0.0980827235026075
138 46 0.22204095346624944
138 91 0.34772051528138415
138 85 0.3160336381697676
138 84 0.1704923582272127
138 90 0.3253577147954585
138 47 0.2289056296567144
138 53 0.2196274974637674
140 76 0.24929881529652193
140 62 0.16475738147126862
140 89 0.1537231238163343
140 88 0.1754896031807776
140 63 0.1779566589933356
140 77 0.1457216323077845
140 49 0.20399289409238006
140 61 0.13667527639665095
140 75 0.13670495588943055
140 74 0.09863372701071896
140 60 0.08978015999090694
140 48 0.15672469512848514
140 64 0.13607041329507302
140 70 0.30225726861126956
140 58 0.13334079004320026
140 59 0.19806608230524428
140 71 0.13906432064656463
140 65 0.10371144257534179
140 73 0.16057073205689743
140 67 0.2506583363934125
140 66 0.3326186865608042
140 72 0.08721550111922965
140 57 0.2828674528145097
140 94 0.28979725364146497
140 80 0.1392317598006452
140 81 0.24162172641106106
140 95 0.16908969040117736
140 56 0.157682762494573
140 68 0.3384009776648407
140 54 0.15441022778515454
140 83 0.13869761180396734
140 82 0.21654305867574364
140 55 0.17465466916146152
140 69 0.32553617522445755
140 51 0.12465378509278707
140 79 0.1386220569022442
140 86 0.07580508434257388
140 92 0.293025414919528
140 93 0.25800546400806185
140 87 0.23500561588797003
140 78 0.36238622755874483
140 50 0.20474766434687275
140 52 0.07159531386510645
140 46 0.1199527123279687
140 91 0.269401043024115
140 85 0.24511895396862157
140 84 0.16600095735633685
140 90 0.25217467733818894
140 47 0.1595723367755158
140 53 0.15228022895812587
135 76 0.22342495358199327
135 62 0.3713507398638327
135 89 0.17393700662253078
135 88 0.2958482614890585
135 63 0.20388588449581893
135 77 0.33217193212396395
135 49 0.40810263450115286
135 61 0.14315381499535412
135 75 0.4326923635779588
135 74 0.30004414362462817
135 60 0.11967430307249736
135 48 0.4399153382969791
135 64 0.17055944510166376
135 70 0.27536864738428896
135 58 0.1940496483474291
135 59 0.11289635048100029
135 71 0.3183475522624054
135 65 0.11706571184975889
135 73 0.3479393218383536
135 67 0.3864414355477941
135 66 0.22754715613769816
135 72 0.14140707472549144
135 57 0.4046103224037131
135 94 0.3789196794561016
135 80 0.3377376343982302
135 81 0.33628528575111033
135 95 0.22884648733973642
135 56 0.4196112098618542
135 68 0.5380991562203568
135 54 0.2068044449109249
135 83 0.664780399172036
135 82 0.095240443509198
135 55 0.22455341516936336
135 69 0.3218565628644618
135 51 0.2252705472732287
135 79 0.26036620727137155
135 86 0.19767311312161912
135 92 0.4027705739293314
135 93 0.3494540849057002
135 87 0.34580997653324513
135 78 0.3814556466166855
135 50 0.23062829395656145
135 52 0.05779503368620861
135 46 0.44523223246886534
135 91 0.4084664417990034
135 85 0.38281546430184127
135 84 0.26126453761123347
135 90 0.37745981366166215
135 47 0.29358699348526296
135 53 0.3767086382794409
121 76 0.18027559167330343
121 62 0.26135792826699655
121 89 0.24625871559856574
121 88 0.4251146606591214
121 63 0.25472613454844256
121 77 0.20087153831612412
121 49 0.2226549686441525
121 61 0.14726933945287188
121 75 0.12422140596451182
121 74 0.18432735169964107
121 60 0.1626904062345319
121 48 0.21630938474422823
121 64 0.21141703008671192
121 70 0.23615602630970506
121 58 0.14348560057329884
121 59 0.1382701991897803
121 71 0.44130635269496
121 65 0.18537978991131376
121 73 0.11831539694934841
121 67 0.48184937468153755
121 66 0.27711300026345137
121 72 0.15703695377874757
121 57 0.5141952283784517
121 94 0.6538716716926419
121 80 0.47571178595267705
121 81 0.2782212684482851
121 95 0.18643164167017867
121 56 0.3270432928439121
121 68 0.5126233225325747
121 54 0.2224955412701465
121 83 0.42823085154869844
121 82 0.19031506992724453
121 55 0.3008180123425559
121 69 0.4797451962152749
121 51 0.2188578881793953
121 79 0.20420707444394395
121 86 0.2435582737194569
121 92 0.5256349315951153
121 93 0.4333710934579288
121 87 0.34215144304999495
121 78 0.5827350266065096
121 50 0.2330846313010323
121 52 0.11749215319838607
121 46 0.2840217478560671
121 91 0.46195005081126167
121 85 0.4020260175628102
121 84 0.12506926452575712
121 90 0.4212648456887697
121 47 0.29049185189775595
121 53 0.1385205784499267
109 76 0.17376198404591672
109 62 0.24409227867884145
109 89 0.11439936874444549
109 88 0.22727000851178203
109 63 0.20253477469177297
109 77 0.24215022152658458
109 49 0.19850475149886176
109 61 0.15736993868115012
109 75 0.12929948062727925
109 74 0.22996748501075318
109 60 0.10405415827511394
109 48 0.14844003398226663
109 64 0.18450236364786526
109 70 0.37283856908517543
109 58 0.5425059827782592
109 59 0.10456925689670252
109 71 0.11663744827960451
109 65 0.15628315107810997
109 73 0.08901784126180237
109 67 0.291074618443349
109 66 0.2149655032584802
109 72 0.2350495748564793
109 57 0.39525201358713286
109 94 0.38613295000284575
109 80 0.11575909125295004
109 81 0.4174701102441081
109 95 0.19126657500419664
109 56 0.13756697484485023
109 68 0.4741459016913024
109 54 0.13604705429919156
109 83 0.131900919925663
109 82 0.1347352846964485
109 55 0.1922645283402546
109 69 0.41340996706289745
109 51 0.0764230982482913
109 79 0.15768865965157072
109 86 0.1319734709802518
109 92 0.3722977351611543
109 93 0.3421151827058692
109 87 0.2682847374734584
109 78 0.4566965761339501
109 50 0.20306501360233542
109 52 0.13849038152201004
109 46 0.2778196153457625
109 91 0.3602861904577354
109 85 0.35696035052835784
109 84 0.723510600693906
109 90 0.3636820726649612
109 47 0.09531861579152948
109 53 0.11121183878453438
108 76 0.17132411882797052
108 62 0.29423227807545627
108 89 0.2119057401641823
108 88 0.41017610280960665
108 63 0.22701048323617992
108 77 0.1839677124234277
108 49 0.12041061667561472
108 61 0.14488841618004294
108 75 0.15563563229945482
108 74 0.18238534229548561
108 60 0.13307896363526905
108 48 0.14785127202138781
108 64 0.19802481918899306
108 70 0.38820756348966723
108 58 0.7349502323871895
108 59 0.12386406904146945
108 71 0.15531200372106818
108 65 0.1330266561800878
108 73 0.1492729520110715
108 67 0.3871755498951903
108 66 0.35201345990985766
108 72 0.16798502080247896
108 57 0.4857188834161754
108 94 0.5011631558852463
108 80 0.1646382427731644
108 81 0.3723395043008537
108 95 0.1973071526885169
108 56 0.35580836606494914
108 68 0.7254509358016442
108 54 0.24696808200711654
108 83 0.14248676999508236
108 82 0.18614926640879714
108 55 0.32039340894024937
108 69 0.47861532147281616
108 51 0.14782851593169347
108 79 0.2756537915331484
108 86 0.09497036211249843
108 92 0.512622257828423
108 93 0.449303524499043
108 87 0.3519381450506128
108 78 0.41934545154210673
108 50 0.1760349592891419
108 52 0.12136100705351699
108 46 0.2531827588855598
108 91 0.463960410164806
108 85 0.4148655785488079
108 84 0.13720120727904928
108 90 0.4192833077806813
108 47 0.18805169550912385
108 53 0.12933866153646079
120 76 0.1232196456114176
120 62 0.2043594299183551
120 89 0.17587041750332139
120 88 0.2808669803709626
120 63 0.09644150296019463
120 77 0.38477475682931617
120 49 0.1126941245727006
120 61 0.0953359296074549
120 75 0.18797218647268557
120 74 0.12862471066685602
120 60 0.12650979449335062
120 48 0.1385787606099061
120 64 0.1586849304497412
120 70 0.196925103676291
120 58 0.12142071000580074
120 59 0.17091256654464007
120 71 0.16998344542885757
120 65 0.09458385463332378
120 73 0.13492478469972705
120 67 0.2711619793634816
120 66 0.2697043429164119
120 72 0.14431999247679433
120 57 0.16722768221525247
120 94 0.33270386809006725
120 80 0.1710537060721598
120 81 0.1989218800956999
120 95 0.11819599547411773
120 56 0.20503693267902573
120 68 0.27275836954443333
120 54 0.1618044687763945
120 83 0.15096136635071636
120 82 0.1458020554550697
120 55 0.3834113853825164
120 69 0.21060508661480826
120 51 0.20167992531703108
120 79 0.1499057712939305
120 86 0.13979040945952542
120 92 0.319544249765632
120 93 0.30112207981716244
120 87 0.25002345208673793
120 78 0.25733773243823715
120 50 0.18447162128201305
120 52 0.09286694363909592
120 46 0.1592245596528386
120 91 0.2869956984176297
120 85 0.27552211613272337
120 84 0.17612851236688415
120 90 0.2733142066094978
120 47 0.18003540434695672
120 53 0.5430386663334776
134 76 0.26334117355901654
134 62 0.1918257610395115
134 89 0.1287949114552438
134 88 0.20619015204137914
134 63 0.13352670894122315
134 77 0.13413114918973368
134 49 0.38179945268827836
134 61 0.11400718465907873
134 75 0.47648909945722284
134 74 0.22421072058746014
134 60 0.16277543436715503
134 48 0.38705559602145595
134 64 0.1897574060639014
134 70 0.22509829415002203
134 58 0.1773772520077347
134 59 0.11774455319148024
134 71 0.4986352563252183
134 65 0.08337766165424898
134 73 0.38657951262449186
134 67 0.3583145220447168
134 66 0.19298741845067746
134 72 0.17126643740006992
134 57 0.417567555793278
134 94 0.2828740449352781
134 80 0.5304189850492037
134 81 0.03932732499595731
134 95 0.22985967070900365
134 56 0.12387096293951953
134 68 0.41268114015198076
134 54 0.20303596602582433
134 83 0.41659270764581546
134 82 0.07067153618496397
134 55 0.3100081057514917
134 69 0.2179546557836431
134 51 0.23102260195964913
134 79 0.08234340997996173
134 86 0.22406856451824392
134 92 0.19129761764707748
134 93 0.20383233161653516
134 87 0.16548767735322675
134 78 0.19805319221237178
134 50 0.21165029923109477
134 52 0.6690484118256147
134 46 0.23167255150913724
134 91 0.12818513731992603
134 85 0.1831493182274346
134 84 0.18042139667355528
134 90 0.1617424046342899
134 47 0.3828372182081226
134 53 0.5881129484974481
122 76 0.16928685939447094
122 62 0.09586969355543301
122 89 0.21033705365005678
122 88 0.19968878016019725
122 63 0.24071478946826896
122 77 0.18862332463362466
122 49 0.3523585669357284
122 61 0.1257116910440268
122 75 0.11557984549059468
122 74 0.2235492791076923
122 60 0.11971265124410284
122 48 0.20340432481020174
122 64 0.15438855375501542
122 70 0.2727988496208547
122 58 0.1888889727865621
122 59 0.14192138279762817
122 71 0.6744406422262064
122 65 0.10353640536269937
122 73 0.09488681397009388
122 67 0.5690343314871376
122 66 0.2995862403966828
122 72 0.11800205210450714
122 57 0.5907730301441423
122 94 0.3852989499296972
122 80 0.7148411375213403
122 81 0.22094603201423513
122 95 0.10897674379159358
122 56 0.17650702093501613
122 68 0.5786326997190366
122 54 0.15856959454966107
122 83 0.41195468794451434
122 82 0.14485173883539326
122 55 0.15636444073065336
122 69 0.35632362002998946
122 51 0.274300807565062
122 79 0.15703251567227444
122 86 0.3875580117985877
122 92 0.42680369342916225
122 93 0.39097060002084366
122 87 0.27671137674157503
122 78 0.396592091008484
122 50 0.38388946345208363
122 52 0.15268907559365458
122 46 0.21455454595438783
122 91 0.37956209129400414
122 85 0.6683721778610817
122 84 0.20190124023973352
122 90 0.6197864348013206
122 47 0.14210751964362028
122 53 0.15234827006627794
136 76 0.055244013111926143
136 62 0.1817405041464458
136 89 0.1931696497558378
136 88 0.21101227024871627
136 63 0.21227063751673186
136 77 0.3797516794085569
136 49 0.31559119265936325
136 61 0.14822964151450105
136 75 0.10004119285859372
136 74 0.09678405533368556
136 60 0.14556080553360096
136 48 0.29716188132645716
136 64 0.11311230838495392
136 70 0.19713072119628905
136 58 0.06877895828209452
136 59 0.1966534749313985
136 71 0.10415198464709452
136 65 0.14960261855411716
136 73 0.15781249877468195
136 67 0.2152931354077951
136 66 0.15359671375503456
136 72 0.18257027633363368
136 57 0.20960347312547462
136 94 0.259289623542394
136 80 0.11026459071459438
136 81 0.5567608477834555
136 95 0.13784093931086622
136 56 0.39726086614750333
136 68 0.3547048555137454
136 54 0.16226847824949747
136 83 0.10295208183213708
136 82 0.16126430186853882
136 55 0.1932251712638938
136 69 0.16278631573458704
136 51 0.1663305350358072
136 79 0.7509963969789051
136 86 0.1486237915875251
136 92 0.2537795760871741
136 93 0.2298238250344071
136 87 0.19635172057370304
136 78 0.23925468871434774
136 50 0.1822191848481759
136 52 0.121985415680575
136 46 0.2715771101200109
136 91 0.2779554948162102
136 85 0.21662587501590347
136 84 0.08154083797710371
136 90 0.23870847641218748
136 47 0.32981194445537876
136 53 0.07635957561377435
137 76 0.16528580040448682
137 62 0.17449385699602013
137 89 0.1782037984664853
137 88 0.32544565758390914
137 63 0.14627577741369727
137 77 0.1844251579153566
137 49 0.11968819046535473
137 61 0.1422607025632782
137 75 0.144819614300098
137 74 0.15509194892506534
137 60 0.11635938166302282
137 48 0.1280928548636902
137 64 0.16346330627615896
137 70 0.26403172526109997
137 58 0.1319317419270402
137 59 0.18172414041100685
137 71 0.13788476038140923
137 65 0.12264835687811157
137 73 0.16143474518818207
137 67 0.31452526872477526
137 66 0.40459616472003246
137 72 0.15294462400368272
137 57 0.2828152309374405
137 94 0.40197713246690525
137 80 0.14243060667045127
137 81 0.19571493854675448
137 95 0.16738752124359974
137 56 0.24687105340979676
137 68 0.4823899164804805
137 54 0.1848460137975471
137 83 0.14877781290935904
137 82 0.19378382591518212
137 55 0.1679397756006308
137 69 0.30454704464293314
137 51 0.17318068333903996
137 79 0.27005153846615115
137 86 0.10639876295919032
137 92 0.4100225226394141
137 93 0.35849503306920094
137 87 0.27716720423328417
137 78 0.34656249480712076
137 50 0.18663273615918086
137 52 0.1580146331067387
137 46 0.20534238703354993
137 91 0.3509027164750613
137 85 0.3680838659685629
137 84 0.1437975988626392
137 90 0.36736712890996054
137 47 0.16154466768258804
137 53 0.14727443725026745
123 76 0.17120413169485738
123 62 0.1998678090385707
123 89 0.12889239682564635
123 88 0.3617556168758237
123 63 0.09411973270499888
123 77 0.10410658669221773
123 49 0.28025819718938955
123 61 0.1333587288876426
123 75 0.11484235786278292
123 74 0.1426112332694115
123 60 0.14790077502053467
123 48 0.19005288461306644
123 64 0.16974824513840125
123 70 0.22145326143770175
123 58 0.12118217870882553
123 59 0.11950591126559183
123 71 0.4500667847676514
123 65 0.14866953967608315
123 73 0.10747343303716414
123 67 0.38964516555212836
123 66 0.2273703052060907
123 72 0.13010221492112817
123 57 0.5386170508114307
123 94 0.7607962185567578
123 80 0.4845312425897594
123 81 0.18067803204123872
123 95 0.2248621934276952
123 56 0.28675850133750685
123 68 0.4725217428373843
123 54 0.17664357935771063
123 83 0.33197657825579024
123 82 0.15334449199138672
123 55 0.16008195288020438
123 69 0.30895624349215794
123 51 0.2086690425601088
123 79 0.19655446889652262
123 86 0.31038869449720463
123 92 0.4549341763932612
123 93 0.376989330689047
123 87 0.26563861812201184
123 78 0.39582340211620226
123 50 0.2875333455942684
123 52 0.15574999979299015
123 46 0.1857088661158426
123 91 0.19800035374452696
123 85 0.24429657261502405
123 84 0.09696688726946931
123 90 0.27230044038229495
123 47 0.1944880864631338
123 53 0.11652572840698126
127 76 0.2633907039134699
127 62 0.1860298769607612
127 89 0.21854774237062471
127 88 0.41481524578528794
127 63 0.19749444517135728
127 77 0.1630094945133409
127 49 0.35112145935120775
127 61 0.1263147582444874
127 75 0.09844729550355419
127 74 0.13934468506170888
127 60 0.1433257837921673
127 48 0.2407983283097143
127 64 0.15743616483313516
127 70 0.3527819610543924
127 58 0.0819184187869583
127 59 0.20821935840506586
127 71 0.4874591687500345
127 65 0.10263316185123761
127 73 0.09524098219119112
127 67 0.5249832442343946
127 66 0.3590325216508021
127 72 0.1944361909476486
127 57 0.5214091580538467
127 94 0.522694519333732
127 80 0.5100070333068291
127 81 0.3807492196315396
127 95 0.2143153670427067
127 56 0.4511746498016242
127 68 0.8262761043926867
127 54 0.2265023204637694
127 83 0.14749684702168758
127 82 0.08382030363607959
127 55 0.22729092877235024
127 69 0.4131828192155989
127 51 0.3409790431638585
127 79 0.35251506407366395
127 86 0.3236514156743838
127 92 0.5353412955054779
127 93 0.4785532947881287
127 87 0.5487268778238402
127 78 0.4053269717443895
127 50 0.46252767054373334
127 52 0.1251502844476809
127 46 0.3243314371218832
127 91 0.4376140611100233
127 85 0.5236128846139609
127 84 0.1346629128910812
127 90 0.5091893414789651
127 47 0.25357427329585713
127 53 0.13768832007546744
133 76 0.12901182256022373
133 62 0.40057438953030144
133 89 0.13479234540857776
133 88 0.23414422699837298
133 63 0.18577411051247736
133 77 0.3843201987258358
133 49 0.5074078901733493
133 61 0.1694491130553045
133 75 0.170656833882936
133 74 0.26438050097509125
133 60 0.10931988583685823
133 48 0.37948058264407913
133 64 0.18429407681238555
133 70 0.2515997513689736
133 58 0.27683401441299926
133 59 0.14477711225543666
133 71 0.3962722460329996
133 65 0.12522043328605786
133 73 0.1540960349108122
133 67 0.35112058888742154
133 66 0.18448590219983674
133 72 0.15300103423298028
133 57 0.49255157865933274
133 94 0.2747913813775241
133 80 0.4199743361119821
133 81 0.32088752057079994
133 95 0.2228945275798866
133 56 0.23423587625673198
133 68 0.4225009363267188
133 54 0.23658346404578787
133 83 0.19064362665286724
133 82 0.3147586745540014
133 55 0.14319300814213337
133 69 0.21293231500673812
133 51 0.16105457181244243
133 79 0.4547496640565375
133 86 0.19452904140445773
133 92 0.28581555926028995
133 93 0.2829583904531468
133 87 0.17252926081475506
133 78 0.25880867505175315
133 50 0.2325819302562907
133 52 0.1021578343611583
133 46 0.17207339164876512
133 91 0.30375223035175375
133 85 0.30499032428806117
133 84 0.22407529290362738
133 90 0.2881824330186168
133 47 0.4254695902100438
133 53 0.5589995263413533
132 76 0.18300005069452918
132 62 0.20941019859367987
132 89 0.27813819175029647
132 88 0.5853753672382471
132 63 0.18922511524006777
132 77 0.18162564184638336
132 49 0.13251303893610467
132 61 0.15897361252863373
132 75 0.1319961167780478
132 74 0.22577850901848043
132 60 0.15678365136176792
132 48 0.14678807091501653
132 64 0.17450036191189483
132 70 0.4220629416045525
132 58 0.17667497224109913
132 59 0.12151965672088391
132 71 0.17304866220340318
132 65 0.14695811938630543
132 73 0.08340897272676664
132 67 0.46748672499670196
132 66 0.3813100520080106
132 72 0.18931977550732162
132 57 0.36737244679784575
132 94 0.7475659084617517
132 80 0.17702331641586022
132 81 0.3337307059139242
132 95 0.17804338411709558
132 56 0.5088970981792179
132 68 0.7503141975518138
132 54 0.22405320759825492
132 83 0.32103494693848716
132 82 0.05514890532299696
132 55 0.2726695575663722
132 69 0.4425445267717189
132 51 0.11892003304307232
132 79 0.2131041367655274
132 86 0.22379239136663684
132 92 0.7788675106136143
132 93 0.7048862120462194
132 87 0.49878386835080146
132 78 0.4408697054456774
132 50 0.16101113186662785
132 52 0.13583523358741523
132 46 0.4940399360689931
132 91 0.6494799183066197
132 85 0.6730096033576892
132 84 0.15671739970791038
132 90 0.6798208905863313
132 47 0.19899417346371526
132 53 0.1034745434420104
126 76 0.15898921183444015
126 62 0.16505304012639793
126 89 0.23337595620403837
126 88 0.31366992119695725
126 63 0.19676202468593604
126 77 0.21192067291129008
126 49 0.2687583638542435
126 61 0.12750741574272567
126 75 0.14107575679309164
126 74 0.18219021349104242
126 60 0.13726973584478963
126 48 0.18554400522412154
126 64 0.15231312165241878
126 70 0.2578080248942506
126 58 0.1904153859961994
126 59 0.13765603167373364
126 71 0.4590320722396817
126 65 0.1329230376475662
126 73 0.14335891927678057
126 67 0.5303859518732122
126 66 0.2973767084412083
126 72 0.13873873831691735
126 57 0.49536806356182483
126 94 0.578177348555509
126 80 0.49662955730442315
126 81 0.2407175568288538
126 95 0.09945353143526794
126 56 0.19871654355889512
126 68 0.5432205542603644
126 54 0.15436637032135236
126 83 0.4551010289522637
126 82 0.1669180677317098
126 55 0.15765352810911865
126 69 0.3628154235265231
126 51 0.22372614828632167
126 79 0.19281591789676233
126 86 0.2594167777322785
126 92 0.6079269639593545
126 93 0.5478245333296619
126 87 0.33267398825635885
126 78 0.4374905844115866
126 50 0.28586219059209267
126 52 0.13923525191044137
126 46 0.21532462263018096
126 91 0.6058486674602114
126 85 0.7474958819888299
126 84 0.12334327187403561
126 90 0.753951624928889
126 47 0.15419955536147328
126 53 0.15249686345822402
118 76 0.2536107657915323
118 62 0.3359381792041762
118 89 0.18386010295381042
118 88 0.1707344566758942
118 63 0.15001340599137197
118 77 0.059977333707381425
118 49 0.4489179944094035
118 61 0.08078950258340009
118 75 0.10426424594406633
118 74 0.16510886838479694
118 60 0.12152269926836672
118 48 0.30147975492682727
118 64 0.12348309913246722
118 70 0.16594525964284357
118 58 0.409969871276476
118 59 0.3581193592536895
118 71 0.31447492976986197
118 65 0.14559490386519314
118 73 0.11873475931432546
118 67 0.2826044485766984
118 66 0.13584318519114397
118 72 0.06013527891076259
118 57 0.4351641946010648
118 94 0.1649937241421227
118 80 0.3361300902759646
118 81 0.543703113871617
118 95 0.15404910053032322
118 56 0.437669141244779
118 68 0.31852821084167526
118 54 0.13667444374287852
118 83 0.2229623230781346
118 82 0.16388165288002787
118 55 0.2066457826237642
118 69 0.22388114708749746
118 51 0.2576572663839773
118 79 0.3329934561413901
118 86 0.18048248759486024
118 92 0.18119724435417697
118 93 0.1749876465237783
118 87 0.2959399367777744
118 78 0.17807247637626428
118 50 0.3862265379955145
118 52 0.10332483511737806
118 46 0.2916364527189291
118 91 0.17454980145348703
118 85 0.20595879021392924
118 84 0.2385843738017182
118 90 0.19764818420678407
118 47 0.5150635129330393
118 53 0.4296437051864197
130 76 0.11232475796100197
130 62 0.18045352625790384
130 89 0.17706270516389483
130 88 0.3823857034649708
130 63 0.16767285021517234
130 77 0.16117363107320398
130 49 0.16519313994754825
130 61 0.14116526980486618
130 75 0.14039328178879057
130 74 0.07816158657210329
130 60 0.1150898462941865
130 48 0.14245679290745153
130 64 0.16312113145264417
130 70 0.2774297537420174
130 58 0.10429282731637801
130 59 0.13527722458313574
130 71 0.17137168124136165
130 65 0.11975446536675814
130 73 0.13941747990094933
130 67 0.29251202279898847
130 66 0.27977162659086985
130 72 0.1523170539782981
130 57 0.16589626662729684
130 94 0.40079435846325806
130 80 0.1707393473709272
130 81 0.245518039774176
130 95 0.18289409376882348
130 56 0.2904611775650581
130 68 0.3775687440707287
130 54 0.20247806836282842
130 83 0.30007634722627635
130 82 0.15759876798055888
130 55 0.17415621629139896
130 69 0.28106862884279094
130 51 0.10368677783775587
130 79 0.20851439040946548
130 86 0.0955386307279654
130 92 0.40533470880634503
130 93 0.37029895040192307
130 87 0.23782807812020307
130 78 0.2677977573608725
130 50 0.14295079230097765
130 52 0.1268802367745682
130 46 0.376949472100568
130 91 0.303062427465597
130 85 0.3546740788204097
130 84 0.17884412464660043
130 90 0.3471478775933652
130 47 0.17215521575497017
130 53 0.16091916621010072
124 76 0.17430478916710304
124 62 0.2283788348373774
124 89 0.13640966645639085
124 88 0.47182362341907913
124 63 0.07491412063936201
124 77 0.06096229328444133
124 49 0.2450883792853022
124 61 0.14236905684031242
124 75 0.12676923942131726
124 74 0.13232256989898372
124 60 0.1408111158391248
124 48 0.17044117328450403
124 64 0.16752794357544393
124 70 0.2539726386556069
124 58 0.19595442349906939
124 59 0.12538243666522142
124 71 0.40995754300502274
124 65 0.12428088519196333
124 73 0.1462631384405978
124 67 0.41516044863120904
124 66 0.2550724364446817
124 72 0.20074191786121037
124 57 0.40889834307709927
124 94 0.3729288066891553
124 80 0.4374767138783577
124 81 0.19706039245498322
124 95 0.3379179387813267
124 56 0.24086427001116947
124 68 0.48325710522875837
124 54 0.17090194118396956
124 83 0.41879413047127345
124 82 0.1202614660801443
124 55 0.14637338626201216
124 69 0.36992495900322075
124 51 0.1570392550592002
124 79 0.15481585498588224
124 86 0.17545765865857454
124 92 0.4598705620494985
124 93 0.38993893934711354
124 87 0.27735383051847345
124 78 0.39426796579992496
124 50 0.2262370481511775
124 52 0.203403941631802
124 46 0.19069532599739106
124 91 0.9999999999999999
124 85 0.3398599678833253
124 84 0.08564762354993616
124 90 0.36419445222095725
124 47 0.2596132771894735
124 53 0.16933944656042701
125 76 0.1488508454796662
125 62 0.22494599829985626
125 89 0.2328527371943944
125 88 0.36566930471732445
125 63 0.19688338324201
125 77 0.1377172291955801
125 49 0.26735490044303517
125 61 0.12411933580945428
125 75 0.1434315427692907
125 74 0.14959682256458182
125 60 0.1384934927440346
125 48 0.18605450661050255
125 64 0.14404551670965748
125 70 0.28507983035333384
125 58 0.13774440938247987
125 59 0.1300108587535322
125 71 0.43073865907583847
125 65 0.1311274097387298
125 73 0.15991539876777977
125 67 0.5402037600256546
125 66 0.2967072726606068
125 72 0.09325871838523817
125 57 0.4801798314853313
125 94 0.3869118567452369
125 80 0.4665461692537537
125 81 0.24615904120417714
125 95 0.1382696873550353
125 56 0.42840067967369555
125 68 0.6847596420806569
125 54 0.15160578884034842
125 83 0.45958156045430953
125 82 0.1458566850922881
125 55 0.20133852711617412
125 69 0.37246818847541074
125 51 0.1955814248022667
125 79 0.1770262897821085
125 86 0.25408938123271585
125 92 0.401446345777705
125 93 0.3491256995220402
125 87 0.3300666048949243
125 78 0.4245254018427723
125 50 0.2732142162507075
125 52 0.028414916099176263
125 46 0.18561809032157855
125 91 0.48023353761687027
125 85 0.4486788249436976
125 84 0.15965109877761635
125 90 0.4406788214482269
125 47 0.14497012513512786
125 53 0.1185956927685087
131 76 0.16619195615976318
131 62 0.2463829517934041
131 89 0.27774429943985096
131 88 0.6469918331514483
131 63 0.16501875985786174
131 77 0.08608623777132612
131 49 0.09708695441477216
131 61 0.10229103231157038
131 75 0.10581327980314967
131 74 0.24015058632901054
131 60 0.17690172075248806
131 48 0.17782037961539005
131 64 0.15315529485324292
131 70 0.4171935487792135
131 58 0.7861721286487294
131 59 0.2760794507258649
131 71 0.13118766954055733
131 65 0.14298462277868862
131 73 0.09454976673234822
131 67 0.45846199107810326
131 66 0.33956806305550197
131 72 0.10971507819912382
131 57 0.6499847962279274
131 94 0.5850927265131964
131 80 0.13749596097786007
131 81 0.36189963930380853
131 95 0.12239967774764515
131 56 0.2732633983788414
131 68 0.6275556211042699
131 54 0.2099169650241341
131 83 0.12525261338646507
131 82 0.07767298977317233
131 55 0.209045767461959
131 69 0.4342955105684267
131 51 0.13612171247425017
131 79 0.17299297672016506
131 86 0.21374337270819443
131 92 0.6137539247048089
131 93 0.5534064382072381
131 87 0.5792915762191
131 78 0.3803439090699833
131 50 0.05424220238405239
131 52 0.10460012073393155
131 46 0.25104070290348435
131 91 0.607979844615641
131 85 0.5466106369578263
131 84 0.106837166200944
131 90 0.5450093539415695
131 47 0.22474207460215812
131 53 0.09918763843212838
119 76 0.09420464211195131
119 62 0.21562032066429015
119 89 0.16202523310745873
119 88 0.31580390216565657
119 63 0.13842515577208372
119 77 0.4026833129900434
119 49 0.122379701024067
119 61 0.301201101527872
119 75 0.13840672006205
119 74 0.21813452897600064
119 60 0.1534428922076262
119 48 0.17561406052340853
119 64 0.1422821872932033
119 70 0.3159996764584131
119 58 0.5388668501413498
119 59 0.07904552196268608
119 71 0.20190370806235236
119 65 0.1352991496468696
119 73 0.07528774295974444
119 67 0.1900785393190132
119 66 0.15740201143541493
119 72 0.09234405644631086
119 57 0.2026936708315713
119 94 0.19491927505092513
119 80 0.2010353374260973
119 81 0.0
119 95 0.04345850649663202
119 56 0.1947760029604997
119 68 0.25712456103535297
119 54 0.12889289425668932
119 83 0.10850495016447761
119 82 0.10309849110269931
119 55 0.2553797474364806
119 69 0.17270569706832195
119 51 0.14489160503213627
119 79 0.49219484897834975
119 86 0.25844986865276837
119 92 0.21328398558391556
119 93 0.2128209328223121
119 87 0.1958864173467773
119 78 0.15181103498792853
119 50 0.047362127414616484
119 52 0.10094470492301591
119 46 0.14134670799290666
119 91 0.22402603664784723
119 85 0.22596587769095414
119 84 0.15438155308993945
119 90 0.20147881537453843
119 47 0.18541767003213538
119 53 0.11195429763581442
