114 76 0.21122485873020364
114 62 0.25931692040537374
114 89 0.16956450824080804
114 88 0.2959861026645685
114 63 0.19308790386324667
114 77 0.07587573527085081
114 49 0.1389953438467222
114 61 0.0790686955786448
114 75 0.12133977231089256
114 74 0.2900430072167802
114 60 0.11070535510868501
114 48 0.1224782954375134
114 64 0.1345630683361756
114 70 0.3028809799286633
114 58 0.5913177039485791
114 59 0.16688775921392374
114 71 0.14051668684193613
114 65 0.09482199388565216
114 73 0.11245107223342209
114 67 0.28145484849613756
114 66 0.2566054767075856
114 72 0.16825562093782895
114 57 0.3183791654146107
114 94 0.350859324290391
114 80 0.13998498671355286
114 81 0.2917982112929334
114 95 0.16020144940448794
114 56 0.18684408930717802
114 68 0.4308306204181054
114 54 0.12853346597304732
114 83 0.12843445114908908
114 82 0.01644203876467748
114 55 0.25763384726531774
114 69 0.3347139132411873
114 51 0.11394303690700051
114 79 0.14578198598955472
114 86 0.11776268726921735
114 92 0.361346282435531
114 93 0.3243121679206421
114 87 0.3083157965296292
114 78 0.2681479516332921
114 50 0.15429908675541654
114 52 0.10610217696875826
114 46 0.17100272014901735
114 91 0.3352864873943929
114 85 0.34827193839960335
114 84 0.08110836278458003
114 90 0.3511045000117792
114 47 0.18579661975006417
114 53 0.13933279931427434
100 76 0.1280234624644057
100 62 0.1527912106740758
100 89 0.10854798625182972
100 88 0.1483343800058273
100 63 0.31227035199674674
100 77 0.11005281342606467
100 49 0.2679188819150361
100 61 0.1038387637819279
100 75 0.11076092085122237
100 74 0.13683166729358412
100 60 0.10596903420557544
100 48 0.16824936429545673
100 64 0.18190151330702015
100 70 0.1717211643653718
100 58 0.1787251916688731
100 59 0.11382035083530177
100 71 0.5006321034027503
100 65 0.1041859883528728
100 73 0.07879342795594263
100 67 0.30984102989575135
100 66 0.1541505488911286
100 72 0.09356822245344536
100 57 0.37564135674145266
100 94 0.16443854308368855
100 80 0.529573447363782
100 81 0.15104876747271292
100 95 0.1350406802493302
100 56 0.205399188062447
100 68 0.3605139384236716
100 54 0.15053420320302402
100 83 0.13796372678169955
100 82 0.11310548178377484
100 55 0.3066100558754333
100 69 0.1983123602889693
100 51 0.1928666537596909
100 79 0.09648236156866179
100 86 0.2649653764877401
100 92 0.16111895419716693
100 93 0.161788111704539
100 87 0.17581310648931842
100 78 0.17025477266301098
100 50 0.2989781601673069
100 52 0.0999066504963338
100 46 0.21437305352893793
100 91 0.17913106858704217
100 85 0.1904117061387494
100 84 0.12240601371984808
100 90 0.17152604880878342
100 47 0.11237229215441336
100 53 0.10454394825794323
128 76 0.14452759081609645
128 62 0.10096333217971032
128 89 0.19791642556848266
128 88 0.37019835353759556
128 63 0.10145608464384492
128 77 0.12800493099735746
128 49 0.11586197757836728
128 61 0.11557381897701849
128 75 0.10160473220885542
128 74 0.09819123589038992
128 60 0.10983188792995881
128 48 0.09829150244913595
128 64 0.10802462249410251
128 70 0.2785099764597144
128 58 0.05208919166608106
128 59 0.08673368013155017
128 71 0.11380853076665998
128 65 0.07501126258380722
128 73 0.12230412086408599
128 67 0.3561345228756553
128 66 0.27173838738913847
128 72 0.13329033153389852
128 57 0.18694293233320544
128 94 0.5066033371562204
128 80 0.11556739037407018
128 81 0.29425593782080917
128 95 0.20255464721400915
128 56 0.29757583157167744
128 68 0.5963823803403514
128 54 0.15538901704595234
128 83 0.1039443974183685
128 82 0.06526322464074649
128 55 0.19585840425452228
128 69 0.3257553845959696
128 51 0.1352282921441601
128 79 0.2058455549301139
128 86 0.09996612254316843
128 92 0.5123723648374459
128 93 0.44982337439557896
128 87 0.42409327149566134
128 78 0.32561235073984746
128 50 0.16403264658884303
128 52 0.16202070638570285
128 46 0.20527082959192916
128 91 0.4009874358735056
128 85 0.4497767951698649
128 84 0.10768971959777808
128 90 0.4566941368860541
128 47 0.1427728581425762
128 53 0.08756543841088671
129 76 0.0935002103184186
129 62 0.26886908520797337
129 89 0.2195641221632142
129 88 0.4534147903852962
129 63 0.12220127125160796
129 77 0.13350413745730677
129 49 0.12678523639241956
129 61 0.1394417098448361
129 75 0.10744581726728848
129 74 0.19971190345264037
129 60 0.10052722066919437
129 48 0.17071310841180953
129 64 0.19127569736310407
129 70 0.3406310060614655
129 58 0.6964159125228371
129 59 0.10016002342184559
129 71 0.1357655629841172
129 65 0.14833019253561192
129 73 0.11562627868316842
129 67 0.4289877063734995
129 66 0.34360676240935073
129 72 0.11162113384549131
129 57 0.5938550539817538
129 94 0.5839640133969639
129 80 0.14388910406161115
129 81 0.35448188513131873
129 95 0.20258239553389962
129 56 0.28872504119514286
129 68 0.630976489237765
129 54 0.24822625637664833
129 83 0.13424440170538587
129 82 0.3863689656819622
129 55 0.17360385569260545
129 69 0.4359724740941915
129 51 0.14580883648263715
129 79 0.17555180582391802
129 86 0.10307467657481957
129 92 0.5873241561730118
129 93 0.5332681987646286
129 87 0.41575751998625804
129 78 0.4115832940816225
129 50 0.08542386863689189
129 52 0.1282042697906438
129 46 0.2552806472016621
129 91 0.5223876071696576
129 85 0.5020693748747245
129 84 0.15822478589173006
129 90 0.5078193900191234
129 47 0.18052483603776776
129 53 0.17032603839830104
101 76 0.05561254763108864
101 62 0.16531929080408672
101 89 0.15535606818928266
101 88 0.18229880660351383
101 63 0.10616094200061615
101 77 0.16353239334026454
101 49 0.1667670928002426
101 61 0.10941050992823637
101 75 0.09235287183944804
101 74 0.06457896148639736
101 60 0.0911951330798482
101 48 0.11633653528151389
101 64 0.1044360738496751
101 70 0.10133643135728186
101 58 0.10432860946963741
101 59 0.10605542042733286
101 71 0.23089028129186137
101 65 0.10196773027449058
101 73 0.10657260206217312
101 67 0.20785439844230533
101 66 0.1251781223044148
101 72 0.074388894670955
101 57 0.2695988292439786
101 94 0.19674851879918043
101 80 0.254020771400225
101 81 0.18838926668207712
101 95 0.01899831679792341
101 56 0.19771732719959828
101 68 0.23987220993923025
101 54 0.07986955365261483
101 83 0.09556294306959588
101 82 0.13086649257812963
101 55 0.13870265830113368
101 69 0.11600628663570241
101 51 0.14270989576600773
101 79 0.19105541397473552
101 86 0.17123237201472602
101 92 0.1969451267041426
101 93 0.1832631355550246
101 87 0.16918203558081477
101 78 0.1373883559610095
101 50 0.17862207241279485
101 52 0.07664382033127332
101 46 0.1634326540717739
101 91 0.2492851714650562
101 85 0.1728071470665005
101 84 0.12464188198709926
101 90 0.17745462158886444
101 47 0.048314205787643616
101 53 0.07750111101957208
115 76 0.08196274630733025
115 62 0.06632155888859362
115 89 0.13077300278616066
115 88 0.1004384423004598
115 63 0.04797563303504712
115 77 0.12236953112556444
115 49 0.07546100236775671
115 61 0.0956289908156579
115 75 0.10686827515214475
115 74 0.21031498374296517
115 60 0.0887873699827324
115 48 0.09281044239782155
115 64 0.17804052442948443
115 70 0.0697536146278766
115 58 0.1182879421427527
115 59 0.10660535147322249
115 71 0.12131039353767054
115 65 0.06674874275494683
115 73 0.047010452670248115
115 67 0.12488795894756483
115 66 0.2781795651594131
115 72 0.2053102993380124
115 57 0.10655799411210752
115 94 0.21489502501955035
115 80 0.12148689620686058
115 81 0.09795129097423526
115 95 0.12288988788605881
115 56 0.29732112351751183
115 68 0.1801579234734354
115 54 0.13490395753995527
115 83 0.20559077824234645
115 82 0.11953724544233298
115 55 0.19005971207453717
115 69 0.11263988595007728
115 51 0.1389859418632363
115 79 0.12682730909330642
115 86 0.12086211119600969
115 92 0.21178739503758418
115 93 0.20739309551322815
115 87 0.17524213728674842
115 78 0.11161216044529515
115 50 0.09193152655582332
115 52 0.8418854245161471
115 46 0.5677968906204618
115 91 0.19236196767919947
115 85 0.206476613340978
115 84 0.07697062180357062
115 90 0.21242854432248898
115 47 0.35394873152461814
115 53 0.314407825371718
103 76 0.12273049300900807
103 62 0.2828229058983594
103 89 0.15362573478368305
103 88 0.20519489437863556
103 63 0.17673943948277657
103 77 0.18404252012620728
103 49 0.15650388157388526
103 61 0.1520684439204919
103 75 0.15344938820883203
103 74 0.15561106371398262
103 60 0.12782578519730217
103 48 0.1523018957453981
103 64 0.17204123044416242
103 70 0.3231291470431771
103 58 0.9605749909276744
103 59 0.14072083337435198
103 71 0.1676748966095103
103 65 0.16588931051372574
103 73 0.15909993029927613
103 67 0.24358856922437352
103 66 0.3716349169429335
103 72 0.15255137909776162
103 57 0.43962993328794187
103 94 0.2495816276770763
103 80 0.17030447441683993
103 81 0.29747553223084355
103 95 0.173484467359226
103 56 0.1951511428643255
103 68 0.43048428111141157
103 54 0.1708032131894517
103 83 0.15596844357463785
103 82 0.2063741925497121
103 55 0.14497226493958304
103 69 0.3404836119299578
103 51 0.13069458528379396
103 79 0.12619651387226266
103 86 0.12572694505636617
103 92 0.23350729323217786
103 93 0.2350026986948064
103 87 0.16389946926424093
103 78 0.2619008977251894
103 50 0.15649222538166196
103 52 0.14624328429287045
103 46 0.21688951875000045
103 91 0.24180937310400435
103 85 0.2030412905178751
103 84 0.17643058688298655
103 90 0.20949015051809206
103 47 0.16828006738957263
103 53 0.1678085662697299
117 76 0.2709849917432352
117 62 0.3129499058882816
117 89 0.10646198110260027
117 88 0.11438053334452966
117 63 0.13061091910593878
117 77 0.437175886703001
117 49 0.28379246723116436
117 61 0.15895329057959803
117 75 0.6484519008669472
117 74 0.446660916818726
117 60 0.11279349356630895
117 48 0.4749130829273806
117 64 0.21688244757016786
117 70 0.28820361844438735
117 58 0.7547218575144319
117 59 0.11487636841937485
117 71 0.15009946544768554
117 65 0.09952893015273764
117 73 0.5106858781284938
117 67 0.19924517309095624
117 66 0.14700641839602202
117 72 0.2114362434586011
117 57 0.3154846992413421
117 94 0.28481199810259816
117 80 0.15053001207754668
117 81 0.28189814382882616
117 95 0.22368916744834821
117 56 0.32035775592520965
117 68 0.33233625252877497
117 54 0.16648204984621776
117 83 0.7057674128195772
117 82 0.15489985309436205
117 55 0.1905650691636417
117 69 0.33898189389814193
117 51 0.21133209875237055
117 79 0.4558685324199847
117 86 0.08227357016643652
117 92 0.28269745509689137
117 93 0.2639320485972415
117 87 0.34748571691151187
117 78 0.35732410397891673
117 50 0.0899552559583244
117 52 0.16648203556186933
117 46 0.4231814569547223
117 91 0.2961639029602337
117 85 0.2790030146597927
117 84 0.17344868730874693
117 90 0.29382738115795276
117 47 0.12896023265616227
117 53 0.14047634809022136
116 76 0.158629487034805
116 62 0.3114754829592644
116 89 0.19232819203146823
116 88 0.40299769457836365
116 63 0.15528292156915138
116 77 0.14072134814144033
116 49 0.15512554840602066
116 61 0.20898146784975472
116 75 0.15110614352520113
116 74 0.13903883202731754
116 60 0.14584906824228402
116 48 0.1343005944204784
116 64 0.16784036758090068
116 70 0.5428875392107035
116 58 0.966169946957202
116 59 0.2086364611340728
116 71 0.12036233671319459
116 65 0.14217559548693456
116 73 0.14129250009455574
116 67 0.37986838562716446
116 66 0.3917449386198467
116 72 0.15754083114767273
116 57 0.5961834997352026
116 94 0.5194180732391087
116 80 0.12464770321558483
116 81 0.43252436541995887
116 95 0.17492379286763704
116 56 0.4161830759691132
116 68 0.6023186253764833
116 54 0.15056918557219529
116 83 0.36040178829277764
116 82 0.5065292983480009
116 55 0.28375707897246144
116 69 0.4300411103847648
116 51 0.11362257268061249
116 79 0.18718832845374112
116 86 0.15951011446411154
116 92 0.4926382043262402
116 93 0.47785936738645074
116 87 0.2954624971497346
116 78 0.3681933680691194
116 50 0.1730009775319104
116 52 0.11650578011464917
116 46 0.42254592664266144
116 91 0.45682700262649223
116 85 0.39645785945320455
116 84 0.22771808739263855
116 90 0.4092329981839694
116 47 0.1613558421393118
116 53 0.1205087080524843
102 76 0.13432381179525715
102 62 0.1946850878944874
102 89 0.14855321717391665
102 88 0.166888737551251
102 63 0.15332264891549313
102 77 0.13931967213968066
102 49 0.13477389236023063
102 61 0.1070245529704186
102 75 0.11959595201237999
102 74 0.11089382856779945
102 60 0.13278904106776127
102 48 0.12342434197132797
102 64 0.11960306271051722
102 70 0.25439752937474547
102 58 0.574318028388388
102 59 0.14075863917833908
102 71 0.15888810162404643
102 65 0.0961370757455524
102 73 0.11415180261550988
102 67 0.18298357153605246
102 66 0.15370162404354365
102 72 0.14350647719205248
102 57 0.26796616393878997
102 94 0.1633708070973177
102 80 0.16462559559095602
102 81 0.19036414047067832
102 95 0.10983734003198185
102 56 0.15841495484082377
102 68 0.2844766757967705
102 54 0.12599799948819973
102 83 0.14949680162258172
102 82 0.07289106544208496
102 55 0.16053864824517627
102 69 0.21858652823138564
102 51 0.1173031584948787
102 79 0.13446328986765682
102 86 0.14447720022989835
102 92 0.15863197681990837
102 93 0.1632602165474033
102 87 0.17560076995825238
102 78 0.15665440928603186
102 50 0.13199496669314575
102 52 0.11628410716926157
102 46 0.1431392759630637
102 91 0.17147011126900136
102 85 0.16852779831169762
102 84 0.11037658702966538
102 90 0.1677465135890189
102 47 0.17510407847522724
102 53 0.1339462673377501
106 76 0.1307755667785705
106 62 0.14446101178956106
106 89 0.09803883062044243
106 88 0.16413754967256985
106 63 0.07510400110377938
106 77 0.07677977664999844
106 49 0.1207784006759135
106 61 0.11168514042196362
106 75 0.08842882358828577
106 74 0.09826627105409529
106 60 0.10897140259446296
106 48 0.12377011777351223
106 64 0.1079468583577172
106 70 0.206332044340331
106 58 0.5311065268648268
106 59 0.10711525447847542
106 71 0.13411188413297898
106 65 0.08908059989808759
106 73 0.09148494347872171
106 67 0.14990238924870314
106 66 0.12921560423085887
106 72 0.20736983467240777
106 57 0.25254449305817867
106 94 0.13861941805468248
106 80 0.1328044559543182
106 81 0.190012622462978
106 95 0.14850342078616907
106 56 0.17315986578606493
106 68 0.2570803072225265
106 54 0.11887517610136378
106 83 0.10065741985292362
106 82 0.10898106095528373
106 55 0.20964370505300564
106 69 0.2147357692974244
106 51 0.11766490086791344
106 79 0.12933640775343008
106 86 0.12426335431613292
106 92 0.15121133582260637
106 93 0.15000675228087196
106 87 0.17871051636027482
106 78 0.14430744293765752
106 50 0.09724312265315357
106 52 0.1182736641341243
106 46 0.11782204061688188
106 91 0.08686950046253039
106 85 0.16047365657010332
106 84 0.09883261608522752
106 90 0.16114101162930228
106 47 0.17509797661668938
106 53 0.12706303583264672
112 76 0.14579203886250214
112 62 0.2523633928246225
112 89 0.16648349824922334
112 88 0.22698805657931312
112 63 0.1666724027198293
112 77 0.1364306942416689
112 49 0.14013159758798283
112 61 0.1340061085679459
112 75 0.1395700451255722
112 74 0.14011430198214708
112 60 0.1353785150969925
112 48 0.14352629205907025
112 64 0.16699831320217118
112 70 0.26373058277136086
112 58 0.7182705216457934
112 59 0.1400877822275616
112 71 0.1462098479961264
112 65 0.14382385541313664
112 73 0.12631237134233594
112 67 0.21132764967381612
112 66 0.18616658837181424
112 72 0.12599877685152494
112 57 0.38243223696941986
112 94 0.20384445764293221
112 80 0.15204339138771047
112 81 0.24053488009067336
112 95 0.15818416587426812
112 56 0.2719488463727421
112 68 0.36087551733334433
112 54 0.15711935875571664
112 83 0.1727165522978987
112 82 0.12439047356875602
112 55 0.36215763576773485
112 69 0.289532015027926
112 51 0.13554098410059126
112 79 0.1553390998694812
112 86 0.15268540696916214
112 92 0.21298276035429836
112 93 0.20463357963809575
112 87 0.21380139034957987
112 78 0.22428923171339699
112 50 0.1425317884359879
112 52 0.14712297308114813
112 46 0.18847457207843707
112 91 0.2211811240869953
112 85 0.19453108004670766
112 84 0.11281953788146806
112 90 0.1983126581841606
112 47 0.17205716314365327
112 53 0.14061876140654728
113 76 0.1365607893749454
113 62 0.2629620175321065
113 89 0.21091855948780902
113 88 0.46641794330494135
113 63 0.14550770655741155
113 77 0.21228005412118814
113 49 0.1632286274093337
113 61 0.14993474502136048
113 75 0.13489928617417576
113 74 0.0847661210968185
113 60 0.11454854965111662
113 48 0.13663175193183996
113 64 0.15659921837307617
113 70 0.41399763189814476
113 58 0.5327199073732934
113 59 0.12583628273327185
113 71 0.16818915722557118
113 65 0.12732050467586864
113 73 0.14138617678567025
113 67 0.4076297664170941
113 66 0.34882227480989497
113 72 0.15130314564763173
113 57 0.3787227362585899
113 94 0.5740109339089212
113 80 0.16917853715197573
113 81 0.36395420695682035
113 95 0.23561220923864834
113 56 0.43949445652988983
113 68 0.6376706191370713
113 54 0.18532345443475334
113 83 0.3017331606441217
113 82 0.21067969494277028
113 55 0.2905244014073962
113 69 0.4607972075468473
113 51 0.12131181618756154
113 79 0.2412930056622988
113 86 0.10577304936444923
113 92 0.570282818618383
113 93 0.5183788168928873
113 87 0.3690937719824223
113 78 0.4240537916158076
113 50 0.17928325315960872
113 52 0.14964688501528667
113 46 0.3959104897080124
113 91 0.4565135035349023
113 85 0.4870385137283529
113 84 0.20016906913904708
113 90 0.4916115881862272
113 47 0.16378069876218623
113 53 0.13911893407768708
107 76 0.10861098685069327
107 62 0.17168518473486774
107 89 0.10525600483190385
107 88 0.2060745256518375
107 63 0.10326341343135093
107 77 0.07107287883109123
107 49 0.11877454189995416
107 61 0.08729535671176131
107 75 0.07680811856314296
107 74 0.05833228583049779
107 60 0.11300688020465996
107 48 0.09572491451652791
107 64 0.10939350127291125
107 70 0.11427693958586774
107 58 0.07017040147564377
107 59 0.09313147266550308
107 71 0.11041528916995837
107 65 0.09374181236894961
107 73 0.10083268164643801
107 67 0.20013351268970297
107 66 0.24104383916712618
107 72 0.04842135171317691
107 57 0.1899948160972121
107 94 0.12203359700460929
107 80 0.11687993564883549
107 81 0.10353522186497505
107 95 0.11545111403766306
107 56 0.667865740663188
107 68 0.5233332781514421
107 54 0.08936392850129934
107 83 0.13951291323844872
107 82 0.07621353544679227
107 55 0.15155378935042935
107 69 0.12153116947493033
107 51 0.06423354216481789
107 79 0.11151053329995933
107 86 0.10785025876155799
107 92 0.13494574648515623
107 93 0.1555936475271933
107 87 0.1528754465936687
107 78 0.09738702099940028
107 50 0.11103360264150039
107 52 0.07108765550290685
107 46 0.12693203269376438
107 91 0.10141044378396101
107 85 0.11804363150939011
107 84 0.08849801213930139
107 90 0.11878316205693219
107 47 0.05415718133333003
107 53 0.0674465651575645
139 76 0.1914710625218781
139 62 0.10029791154744781
139 89 0.13169072493155892
139 88 0.2631679707555105
139 63 0.10926773371547956
139 77 0.10388206327574415
139 49 0.11158604412772302
139 61 0.1651166772588683
139 75 0.08738565803419629
139 74 0.15422379428275207
139 60 0.10539230621701803
139 48 0.0917376019906524
139 64 0.10552567528278167
139 70 0.2165304015002901
139 58 0.10143415700351044
139 59 0.151303581000226
139 71 0.12025412541248087
139 65 0.09889873560820223
139 73 0.08322057515848227
139 67 0.19892614647678317
139 66 0.3409104369818162
139 72 0.09593785892151714
139 57 0.2643737074675865
139 94 0.3343470475370307
139 80 0.12182304556576587
139 81 0.1685359568429053
139 95 0.09133660361415213
139 56 0.1580477658353851
139 68 0.29966929526204883
139 54 0.13756521779574454
139 83 0.10877847844118926
139 82 0.13459157568663468
139 55 0.13765823628169566
139 69 0.18318420503528748
139 51 0.10982550698651247
139 79 0.15117672445392516
139 86 0.12330269872702883
139 92 0.33978296398424035
139 93 0.3124487642898016
139 87 0.23769192013806803
139 78 0.18535208038089881
139 50 0.12471346399519508
139 52 0.15515152966178566
139 46 0.18364812454913135
139 91 0.28994256503324844
139 85 0.30867724856404344
139 84 0.09176052364377152
139 90 0.3062583785398979
139 47 0.10978633823344756
139 53 0.10035708206006168
111 76 0.16120027297029918
111 62 0.3008248513787412
111 89 0.24226839737975167
111 88 0.3473057564237436
111 63 0.18593367918250248
111 77 0.1477311221669927
111 49 0.14412652716525606
111 61 0.13791725859430856
111 75 0.16402494049026595
111 74 0.17479794565672524
111 60 0.1509024950573978
111 48 0.14924986350707947
111 64 0.199230978927076
111 70 0.43747573177502735
111 58 0.6931521433916317
111 59 0.1446754906469302
111 71 0.15213444618501287
111 65 0.1528950806511909
111 73 0.15698674867811463
111 67 0.4109001535322816
111 66 0.3110626901610574
111 72 0.1295796497976762
111 57 0.4594469477470561
111 94 0.4331340691084208
111 80 0.15788818479897196
111 81 0.2964745736953198
111 95 0.20920693427789333
111 56 0.3279073204478209
111 68 0.6379618646155278
111 54 0.1934834839336793
111 83 0.18265325023232096
111 82 0.1590345158602232
111 55 0.3980291354766371
111 69 0.5362568141375248
111 51 0.15353559336607603
111 79 0.19143024681349316
111 86 0.10970693853185215
111 92 0.4421520487718783
111 93 0.405883898794109
111 87 0.3470796432733221
111 78 0.5088485291075342
111 50 0.2059502230343259
111 52 0.1625251562451224
111 46 0.22683922887530503
111 91 0.43415046051444794
111 85 0.3632427565389762
111 84 0.15067278823254776
111 90 0.3797326342073224
111 47 0.18703756225765686
111 53 0.14834947925556277
105 76 0.12465464717882303
105 62 0.14732032596789443
105 89 0.11869408796070675
105 88 0.17466103617663306
105 63 0.102937948106244
105 77 0.11550346903216467
105 49 0.24024328592355682
105 61 0.12714706677227422
105 75 0.11550237737834043
105 74 0.15083343288101625
105 60 0.1342856651860994
105 48 0.18002820570381037
105 64 0.13314066349145165
105 70 0.1541709928150755
105 58 0.14801526500118325
105 59 0.11955815641933214
105 71 0.4196827796704337
105 65 0.12456416425371371
105 73 0.11561731714028411
105 67 0.29716357749317
105 66 0.22018198619776488
105 72 0.1236015491987297
105 57 0.4205569695989985
105 94 0.17761723015896796
105 80 0.44028280290318544
105 81 0.15004894736267266
105 95 0.1529894625383666
105 56 0.40217860937384053
105 68 0.461783623991606
105 54 0.13956645596850248
105 83 0.2417971878375581
105 82 0.1350755274935938
105 55 0.15326381418360813
105 69 0.21470151357224776
105 51 0.1944147120318468
105 79 0.15073253124030225
105 86 0.2629947867866083
105 92 0.1698783068597289
105 93 0.17037670519405798
105 87 0.19736505065449078
105 78 0.20686146305051656
105 50 0.22866414125822598
105 52 0.11594359129650023
105 46 0.14605230443502204
105 91 0.15581970143601148
105 85 0.1991264242424287
105 84 0.13370968337168804
105 90 0.18473896328641998
105 47 0.14688097725926577
105 53 0.1225079911369594
104 76 0.1456771525165469
104 62 0.2436040165129987
104 89 0.11097155315948949
104 88 0.18735339177112592
104 63 0.1582635498618024
104 77 0.10981585554669869
104 49 0.1546643551842396
104 61 0.1276774790190916
104 75 0.13461658648854513
104 74 0.12981655247216
104 60 0.12485749531279913
104 48 0.1438895016608812
104 64 0.13699247733970818
104 70 0.3367781005163783
104 58 1.0
104 59 0.1324526488649284
104 71 0.1642584058390648
104 65 0.10446181151360438
104 73 0.13344958281833535
104 67 0.19624898128286528
104 66 0.18004610635830348
104 72 0.17516525241324082
104 57 0.3752548832068191
104 94 0.1932715223836401
104 80 0.16279841946714874
104 81 0.27506194594973277
104 95 0.1695630000178907
104 56 0.1483949644218428
104 68 0.3598740962387623
104 54 0.14685865364480497
104 83 0.12486097354658521
104 82 0.0893022134983058
104 55 0.24487555158406155
104 69 0.33388479682979066
104 51 0.11181067216282875
104 79 0.1284875638333287
104 86 0.11711124722887462
104 92 0.19358441739300444
104 93 0.19118422654772146
104 87 0.18087593525690734
104 78 0.21523394772327445
104 50 0.14446927486436917
104 52 0.1197287530706579
104 46 0.1344009039070169
104 91 0.15997022540615352
104 85 0.18642376966196433
104 84 0.14493535569969473
104 90 0.18844350413845665
104 47 0.1986713258131812
104 53 0.1535355211576751
110 76 0.01808345852306109
110 62 0.28307848729921953
110 89 0.2678203417541896
110 88 0.45721191097458835
110 63 0.07676155312341801
110 77 0.36924079211257693
110 49 0.11169933636436874
110 61 0.11199893797729354
110 75 0.12312854970092771
110 74 0.13287894940949324
110 60 0.16473066270480705
110 48 0.15883981931223085
110 64 0.12361540251994671
110 70 0.2554704783014046
110 58 0.4808446653447137
110 59 0.09508918799816761
110 71 0.2713050216268754
110 65 0.13294063600138611
110 73 0.10974305415912465
110 67 0.2447931551952934
110 66 0.20421283598490486
110 72 0.2503596670889199
110 57 0.3180608384706505
110 94 0.30808867841036425
110 80 0.277848498946189
110 81 0.42417793518333535
110 95 0.1610521263023283
110 56 0.26260763371169443
110 68 0.46607451987038423
110 54 0.173834783668667
110 83 0.0871312717269069
110 82 0.3211708925312313
110 55 0.1846218089352821
110 69 0.4338699536531142
110 51 0.1406890277698589
110 79 0.25358702164815516
110 86 0.06712717013653888
110 92 0.3382488525458861
110 93 0.4464757275679323
110 87 0.261149822570668
110 78 0.3437650483009381
110 50 0.0910401233373064
110 52 0.10230682440079154
110 46 0.2559642072120349
110 91 0.3315632676070225
110 85 0.3362741602117426
110 84 0.09084857013448627
110 90 0.3325892531801584
110 47 0.12328076293305743
110 53 0.12649261065951528
138 76 0.11359718299905908
138 62 0.19749426562399397
138 89 0.14044644232159714
138 88 0.281588322432827
138 63 0.10193778284966261
138 77 0.19108521843961077
138 49 0.1258890739832738
138 61 0.12256078063996127
138 75 0.09781061467624665
138 74 0.13542716824696338
138 60 0.11094694760103603
138 48 0.1486905415097314
138 64 0.12012152924168804
138 70 0.27636045689005834
138 58 0.2567604233365889
138 59 0.0931168037775028
138 71 0.13201451107180012
138 65 0.11300708609085003
138 73 0.10155425108440584
138 67 0.2739223098359906
138 66 0.350081165068531
138 72 0.2172299684827746
138 57 0.34708999384220063
138 94 0.3492290819073993
138 80 0.13779080011388745
138 81 0.2628917750015416
138 95 0.1274648476790216
138 56 0.22619654287718108
138 68 0.4777462961636593
138 54 0.13559907749003153
138 83 0.12670596090139463
138 82 0.22572514256007126
138 55 0.1006208989224286
138 69 0.24646222131642115
138 51 0.08577915915408774
138 79 0.09373339723208891
138 86 0.13323189169350746
138 92 0.33922425198489037
138 93 0.32795921909584363
138 87 0.24356077667112713
138 78 0.2661501951416404
138 50 0.05899840808798368
138 52 0.07615657147840987
138 46 0.1935064655296595
138 91 0.319266684951483
138 85 0.2743415742469441
138 84 0.14694201552396063
138 90 0.28596479414933557
138 47 0.19987881052935508
138 53 0.20035591083381343
140 76 0.22285563116694812
140 62 0.14662853322144262
140 89 0.12427021942731939
140 88 0.15843668255579546
140 63 0.15154090290352357
140 77 0.12184289124614335
140 49 0.18162621446315724
140 61 0.10862413728849181
140 75 0.10916722483757695
140 74 0.07317674604993943
140 60 0.0627732375023057
140 48 0.13084917142784258
140 64 0.10920132162040624
140 70 0.2822627865759996
140 58 0.1568223833111817
140 59 0.15903790510560392
140 71 0.1243498516336048
140 65 0.07468162974625292
140 73 0.13173953674564992
140 67 0.22943997060447444
140 66 0.3061699980786319
140 72 0.05931772784377132
140 57 0.28613968660985645
140 94 0.26965019371985177
140 80 0.12609428329938463
140 81 0.22872780780765184
140 95 0.14256926194412614
140 56 0.1374287034536152
140 68 0.32631510008465137
140 54 0.12819298539340382
140 83 0.11536987696765821
140 82 0.1895004285474336
140 55 0.15827243397333504
140 69 0.30203937397657776
140 51 0.09987251512131295
140 79 0.11097924950732693
140 86 0.054046126342321754
140 92 0.2697526118320931
140 93 0.23848976723028956
140 87 0.22250661562851343
140 78 0.33251763200364637
140 50 0.1845891025038831
140 52 0.047020809465767754
140 46 0.10003100124982764
140 91 0.2541266156353419
140 85 0.22410382041094748
140 84 0.14239956259400166
140 90 0.23234651981342508
140 47 0.13417842285248124
140 53 0.13025112430333946
135 76 0.19676540603277046
135 62 0.34296513351242797
135 89 0.14102092433309873
135 88 0.25698171682790155
135 63 0.15442642392169367
135 77 0.32557096124605345
135 49 0.37841625319763267
135 61 0.11993962941222311
135 75 0.40671553301210484
135 74 0.27233196918970776
135 60 0.09561714147439021
135 48 0.40047121738947866
135 64 0.12632712760754955
135 70 0.23717571489493197
135 58 0.18551438296151515
135 59 0.08407350329839086
135 71 0.2856382494377418
135 65 0.08977235558876065
135 73 0.3219267479080935
135 67 0.3431303388864362
135 66 0.19306263530392678
135 72 0.11740867958811693
135 57 0.37809547043045655
135 94 0.3351983433284327
135 80 0.3043802690210785
135 81 0.3047768089950197
135 95 0.2002981958133166
135 56 0.39005848232958507
135 68 0.4859031390878902
135 54 0.15977012177368632
135 83 0.6381644508825309
135 82 0.06898564521405298
135 55 0.19692058293275516
135 69 0.27537137107469384
135 51 0.19682748373303155
135 79 0.23768634791352342
135 86 0.17010947735899154
135 92 0.34840758619392026
135 93 0.30621300366892124
135 87 0.3237029496031678
135 78 0.3360243233080221
135 50 0.20288893248166548
135 52 0.05555022808952362
135 46 0.41213647401781284
135 91 0.36982706635716667
135 85 0.33892458229016076
135 84 0.23906361825804084
135 90 0.3337869125504441
135 47 0.24996786909125707
135 53 0.35782499091637726
121 76 0.15145029739588517
121 62 0.23715403853030884
121 89 0.21142761373177885
121 88 0.4010154942233566
121 63 0.22373384123743575
121 77 0.18345339608404904
121 49 0.19451400864067597
121 61 0.11863719377219402
121 75 0.09452098696692497
121 74 0.15733447467150474
121 60 0.13452938252274504
121 48 0.18240269367822204
121 64 0.17562003312169053
121 70 0.20422696051930586
121 58 0.12987082542789563
121 59 0.10204253944740863
121 71 0.4260627562072602
121 65 0.15673557515467496
121 73 0.08643369278248789
121 67 0.45601649353694207
121 66 0.25073569051220984
121 72 0.12719132356345628
121 57 0.5019236075132023
121 94 0.6332801744324938
121 80 0.46169364797941603
121 81 0.25533461406711666
121 95 0.1552905834707446
121 56 0.2984877800421128
121 68 0.48967871968677146
121 54 0.18609049574894254
121 83 0.39534850598035426
121 82 0.16183392438356994
121 55 0.28362112442629267
121 69 0.45052185152204083
121 51 0.189844548290658
121 79 0.17008022381190352
121 86 0.21260546568951066
121 92 0.49899048105300414
121 93 0.4148905248576015
121 87 0.3267602574456526
121 78 0.5527812802854442
121 50 0.20877420699538166
121 52 0.08815634074897419
121 46 0.2521713931226255
121 91 0.4466019095084059
121 85 0.3812704353221549
121 84 0.10082707951613795
121 90 0.40136473055582966
121 47 0.25956615925787485
121 53 0.12155566430045774
109 76 0.15772506774987471
109 62 0.23899712414547242
109 89 0.09448647187931104
109 88 0.22559973761527127
109 63 0.18172137634429886
109 77 0.2292637268823405
109 49 0.18833112583758185
109 61 0.14151438827472884
109 75 0.11376996315835763
109 74 0.21461416447829876
109 60 0.08696994514026585
109 48 0.13167734387139585
109 64 0.1672200306456967
109 70 0.36933053343588795
109 58 0.5837306681170482
109 59 0.08178259993424233
109 71 0.11716324375657171
109 65 0.13592821920623133
109 73 0.07148712855435363
109 67 0.2833440467870224
109 66 0.20367314849834536
109 72 0.21747621963415745
109 57 0.40803225577240065
109 94 0.3751690360032896
109 80 0.11749751547716089
109 81 0.41628295691985195
109 95 0.17921295182722455
109 56 0.1314284943580833
109 68 0.4791471193666475
109 54 0.12045072935082861
109 83 0.12237696911824258
109 82 0.11557497951460356
109 55 0.18893941670459605
109 69 0.40538416163592694
109 51 0.0640228837551064
109 79 0.14212723891484008
109 86 0.1185678524158684
109 92 0.3586258118677812
109 93 0.3336781296628831
109 87 0.27751879963210485
109 78 0.44156897667962886
109 50 0.19633491902043257
109 52 0.12933571028095397
109 46 0.2749031171550729
109 91 0.3582771135173298
109 85 0.34586870898878297
109 84 0.7148388881479291
109 90 0.35279498898148215
109 47 0.0804498891554643
109 53 0.10250825847216984
108 76 0.19202155838859608
108 62 0.3266207821946278
108 89 0.21960822369060018
108 88 0.4065600514304424
108 63 0.23141323682969292
108 77 0.21298569662746547
108 49 0.14473630645658186
108 61 0.17105849226383885
108 75 0.18464169622290189
108 74 0.20995362969896714
108 60 0.1595026941574147
108 48 0.15866819522780157
108 64 0.20553433181324737
108 70 0.3885534106947317
108 58 0.8356095750065411
108 59 0.12730564855039558
108 71 0.17727147149991107
108 65 0.15989234256028123
108 73 0.17676128049733364
108 67 0.36648271024215734
108 66 0.33945418074749467
108 72 0.19119192641906227
108 57 0.5171867413996871
108 94 0.47040833074228405
108 80 0.18609235530328197
108 81 0.3987775658313058
108 95 0.21945895173800026
108 56 0.361202215628289
108 68 0.6835851794855551
108 54 0.2512852187482852
108 83 0.17562683736722687
108 82 0.20398398111313196
108 55 0.34881073267853024
108 69 0.462056540620354
108 51 0.17282538346717863
108 79 0.28777972123138745
108 86 0.11991308553412779
108 92 0.47196781048485
108 93 0.4280600282431149
108 87 0.37348896812931703
108 78 0.3936620121325503
108 50 0.2056960068906446
108 52 0.1572265146262477
108 46 0.2700175998855018
108 91 0.45210262947367913
108 85 0.38707061795521547
108 84 0.1729046508278806
108 90 0.3938234410189899
108 47 0.18157266302343783
108 53 0.1613675778625628
120 76 0.08050270648017904
120 62 0.16818645539350446
120 89 0.13359094766111657
120 88 0.2500484282919096
120 63 0.05813068811726482
120 77 0.3466331175183706
120 49 0.07685208892727874
120 61 0.053963217211552894
120 75 0.1461466293017944
120 74 0.0922814463801788
120 60 0.08613722514909733
120 48 0.09755464868279101
120 64 0.11605436979878087
120 70 0.1595825696084283
120 58 0.09820658163595934
120 59 0.1240994203043992
120 71 0.14471005941233267
120 65 0.05348532006587234
120 73 0.0924668229293677
120 67 0.24099277209007353
120 66 0.2331946472330632
120 72 0.1009695032650124
120 57 0.14868017502363223
120 94 0.30529818423239785
120 80 0.14739309174837656
120 81 0.1663995548958303
120 95 0.07862546349731406
120 56 0.17115921246467325
120 68 0.2499608503657222
120 54 0.11934768893881434
120 83 0.11290950599076123
120 82 0.10581384627898625
120 55 0.34859721467655735
120 69 0.17527711455387224
120 51 0.1618843580893064
120 79 0.10907890008058697
120 86 0.10197846341367539
120 92 0.28661116558816957
120 93 0.27258758762580343
120 87 0.22722488403006574
120 78 0.22035151023345056
120 50 0.14995132988135484
120 52 0.05066796961582626
120 46 0.12255143076990056
120 91 0.2606723295177207
120 85 0.24654052130349988
120 84 0.13576532807369862
120 90 0.24417582769519988
120 47 0.14069524491069968
120 53 0.5022671255095583
134 76 0.23202139767215985
134 62 0.165956786653669
134 89 0.09404460665035175
134 88 0.17171071201929233
134 63 0.08950942710881787
134 77 0.12352253845292858
134 49 0.35571150084463476
134 61 0.08949780470299917
134 75 0.4462067617010196
134 74 0.19579538704879634
134 60 0.13706758668847854
134 48 0.3520012731448807
134 64 0.14958490814870995
134 70 0.19200259263674202
134 58 0.18097864498417815
134 59 0.08332721454860695
134 71 0.4796701004457993
134 65 0.05560850753827315
134 73 0.3554984044591105
134 67 0.32481225054123264
134 66 0.16128107154348426
134 72 0.14485718311983276
134 57 0.4075325651679355
134 94 0.25091899633773207
134 80 0.5119554680803422
134 81 0.015285287168458866
134 95 0.19652884756752131
134 56 0.09599068276387557
134 68 0.37698472443835496
134 54 0.16199000251487664
134 83 0.3886543675113385
134 82 0.04551956911486793
134 55 0.2833621070655662
134 69 0.18033317845279348
134 51 0.20361516924742515
134 79 0.05650030750812657
134 86 0.19903906208492536
134 92 0.14977247485696396
134 93 0.17079330151774644
134 87 0.14558517714562483
134 78 0.15884674860658457
134 50 0.18869808911037692
134 52 0.6490797071306302
134 46 0.20088738869818382
134 91 0.10118058254275729
134 85 0.15116596463896534
134 84 0.15909237879401802
134 90 0.13002878402395351
134 47 0.34742617215783494
134 53 0.5642557122009293
122 76 0.1453045784227387
122 62 0.0734304675126265
122 89 0.1846137117825818
122 88 0.17107513554531062
122 63 0.21086922877878184
122 77 0.1723623793679155
122 49 0.33051853062753783
122 61 0.10365458822514555
122 75 0.09372322668710259
122 74 0.20787945712543188
122 60 0.09938084822990255
122 48 0.17164397732617429
122 64 0.11698184747962061
122 70 0.2425852924054568
122 58 0.17547746954791232
122 59 0.11517842753662644
122 71 0.6601696226529947
122 65 0.07909096615965783
122 73 0.07084436375678224
122 67 0.5430002244101018
122 66 0.27347736077453894
122 72 0.09073325033577295
122 57 0.5802779274429622
122 94 0.3562680437172633
122 80 0.7011645336033583
122 81 0.20084214572069542
122 95 0.08137422774401315
122 56 0.15144470080647884
122 68 0.5486596331734528
122 54 0.11972958622733798
122 83 0.38785923818091717
122 82 0.11873204837370413
122 55 0.13912007640654261
122 69 0.32083685258963435
122 51 0.2532717122034097
122 79 0.13112728970371068
122 86 0.3714577427382078
122 92 0.38737160642198976
122 93 0.3599848005749323
122 87 0.26109584042559186
122 78 0.3611373415759612
122 50 0.3674077869745794
122 52 0.12921540312084542
122 46 0.18367061029450582
122 91 0.3485414843117827
122 85 0.6421625295813193
122 84 0.18524698725731334
122 90 0.5930373526684719
122 47 0.10312557174084948
122 53 0.13476927503849856
136 76 0.014572898987424115
136 62 0.1412671771907754
136 89 0.14634440842575205
136 88 0.16940855754548434
136 63 0.1585078542998797
136 77 0.3441399090008756
136 49 0.27089455668133355
136 61 0.10528406182978704
136 75 0.05858148358553053
136 74 0.05484552438049989
136 60 0.10206223916631237
136 48 0.24655811223598484
136 64 0.06134632756253222
136 70 0.15318266094308636
136 58 0.045680409856273
136 59 0.14883770648816497
136 71 0.06360723937351045
136 65 0.10352496853296501
136 73 0.1149212924697249
136 67 0.17091247567049805
136 66 0.11072254672082378
136 72 0.13861632899492993
136 57 0.1755856963116177
136 94 0.21633625189113492
136 80 0.07008586298366773
136 81 0.5122606413068591
136 95 0.09623526159066222
136 56 0.3562282835030963
136 68 0.3129969836462352
136 54 0.10856491153104239
136 83 0.06606186744425008
136 82 0.11617478316670003
136 55 0.15259299934412468
136 69 0.11727747543026788
136 51 0.12313748631821204
136 79 0.7010044786340306
136 86 0.10646532858693228
136 92 0.20501477953196123
136 93 0.1862652478155996
136 87 0.1633122688840345
136 78 0.19303609666049953
136 50 0.14112297411131047
136 52 0.08774428570160123
136 46 0.22923032847784916
136 91 0.2379403608310731
136 85 0.17099062744078058
136 84 0.04367531118236842
136 90 0.19367268493057163
136 47 0.2739585764106747
136 53 0.040771141223411356
137 76 0.1331207115772731
137 62 0.15024131608823982
137 89 0.13920974466883929
137 88 0.269199167692095
137 63 0.11871625306886417
137 77 0.1600472563772698
137 49 0.10059230486125048
137 61 0.11831666288450272
137 75 0.12285377240815608
137 74 0.1299190333746712
137 60 0.09648841678673105
137 48 0.10184805661082909
137 64 0.1336063941807032
137 70 0.19946849970784528
137 58 0.1294521824914987
137 59 0.11392907671962711
137 71 0.11945679502698262
137 65 0.10087099261917007
137 73 0.13922984837677554
137 67 0.2363817188071864
137 66 0.3310584005372916
137 72 0.12491075933295953
137 57 0.24618067653840175
137 94 0.32239905956161286
137 80 0.12444086148322336
137 81 0.1679892168809359
137 95 0.13858583955437268
137 56 0.19825766491599145
137 68 0.3687892218350556
137 54 0.15333182786459443
137 83 0.13219324760017134
137 82 0.16225097359040339
137 55 0.14611959401678132
137 69 0.22737016836400914
137 51 0.15119216458275514
137 79 0.2318996601714956
137 86 0.08662650804849426
137 92 0.32407822117547147
137 93 0.2880910309471749
137 87 0.22472667151598408
137 78 0.25503155588478116
137 50 0.1686056444628612
137 52 0.14504064223338295
137 46 0.17623123014003378
137 91 0.2832880046203659
137 85 0.29638446084933834
137 84 0.12281708174945372
137 90 0.2952254246221749
137 47 0.12173081215499792
137 53 0.13149966062347862
123 76 0.14806279602684896
123 62 0.1775204971441546
123 89 0.09764769671799563
123 88 0.3341295594972258
123 63 0.056001387879803244
123 77 0.09551584762167302
123 49 0.25968541111748283
123 61 0.11486471823262033
123 75 0.09529120260802201
123 74 0.12354319930929515
123 60 0.12903352591966794
123 48 0.16086626009170482
123 64 0.13312855282202385
123 70 0.1932954371542168
123 58 0.11958603369873687
123 59 0.09214892642634712
123 71 0.4438832737180295
123 65 0.12675066193641898
123 73 0.08522293184937835
123 67 0.3652332229349
123 66 0.20238286921370346
123 72 0.10912180475970112
123 57 0.5359194115809648
123 94 0.7272059450379287
123 80 0.4792310620303712
123 81 0.158109213429879
123 95 0.19833932189088369
123 56 0.25861858251070174
123 68 0.4468142881598744
123 54 0.13855976278040744
123 83 0.30823872204890673
123 82 0.13358749458911684
123 55 0.13806362327261754
123 69 0.2772331521197134
123 51 0.1887679981529625
123 79 0.1684728502742265
123 86 0.29101334714516397
123 92 0.41788386047414755
123 93 0.3512736379336342
123 87 0.25544271355729975
123 78 0.36286931268412514
123 50 0.27135599180855274
123 52 0.1344771565484219
123 46 0.15199347164359114
123 91 0.1809078237715901
123 85 0.21568288006087696
123 84 0.08318118661321772
123 90 0.24499392324615976
123 47 0.16318871162744109
123 53 0.10390734491994272
127 76 0.25321935856941935
127 62 0.17863865690950065
127 89 0.19783107663915284
127 88 0.3800385601923273
127 63 0.17031969164847732
127 77 0.16985830007419903
127 49 0.347569324719404
127 61 0.12636520077078303
127 75 0.10174543345732055
127 74 0.14112886374752293
127 60 0.14515965559408103
127 48 0.22393560595715364
127 64 0.13198696199195464
127 70 0.31033763862558983
127 58 0.09054086443383186
127 59 0.17920043839841768
127 71 0.48985793725832527
127 65 0.09965194641263075
127 73 0.09581247661166904
127 67 0.4728026189670601
127 66 0.3149071883150002
127 72 0.18984130699497395
127 57 0.5052578589491623
127 94 0.465846837488869
127 80 0.5122519726220378
127 81 0.3646411322076156
127 95 0.21104518887184212
127 56 0.4183999383119512
127 68 0.7404594026570339
127 54 0.19676529400486592
127 83 0.15083268152481863
127 82 0.07645563830796398
127 55 0.21990278040499492
127 69 0.357774164641661
127 51 0.3400870641422251
127 79 0.33350778790157765
127 86 0.3246510665194705
127 92 0.463002922147875
127 93 0.4285956872134966
127 87 0.5326210481941209
127 78 0.34501850915381044
127 50 0.4631918876919228
127 52 0.132292704329671
127 46 0.3015675920324049
127 91 0.3909868560515494
127 85 0.4656313159571953
127 84 0.14195583307995374
127 90 0.4524308929813229
127 47 0.21961956085602347
127 53 0.1465001288259318
133 76 0.09153333806355732
133 62 0.35620427056698534
133 89 0.08971206410201804
133 88 0.17990331514566793
133 63 0.12518317188969308
133 77 0.35772130981070677
133 49 0.4600153963993676
133 61 0.134348350907424
133 75 0.13501298042178345
133 74 0.22590843820029916
133 60 0.07452763143709698
133 48 0.3222405049079522
133 64 0.12468986503941906
133 70 0.1986686997732943
133 58 0.2398609503173823
133 59 0.10771382731639736
133 71 0.3524554694062532
133 65 0.08818592850139714
133 73 0.11804319152279616
133 67 0.2978162694817865
133 66 0.13756670261677936
133 72 0.11588954801208955
133 57 0.44647886849886964
133 94 0.2212146499088971
133 80 0.37543546529771754
133 81 0.27295825409796987
133 95 0.17887959008827212
133 56 0.19063006300797417
133 68 0.36123811376412274
133 54 0.17238847388541345
133 83 0.15766530024514058
133 82 0.27020276091059625
133 55 0.09997016928936928
133 69 0.15623050729097473
133 51 0.12198552376609832
133 79 0.40937158862694567
133 86 0.15639351424099118
133 92 0.22112210654108005
133 93 0.22799073285789734
133 87 0.1352639647042973
133 78 0.20614373482102835
133 50 0.19381680069962537
133 52 0.07499285373124745
133 46 0.12324645105534772
133 91 0.2517120517074188
133 85 0.24965829045383814
133 84 0.1905163544871046
133 90 0.23295194315073461
133 47 0.3539988888253398
133 53 0.5232319212684104
132 76 0.165649983332954
132 62 0.19004304353168233
132 89 0.24982078609898845
132 88 0.541273534667632
132 63 0.14505125275863132
132 77 0.18577623979410743
132 49 0.11551358964675351
132 61 0.14578858311053694
132 75 0.12199654316623477
132 74 0.21003499455541205
132 60 0.1427539207609308
132 48 0.11895977089354186
132 64 0.13534413586099853
132 70 0.37581418229005814
132 58 0.1639837021838368
132 59 0.09813748025248019
132 71 0.1450129251578431
132 65 0.13034223146410304
132 73 0.07256198303869646
132 67 0.4111877589584554
132 66 0.34022831084288396
132 72 0.17474938820439473
132 57 0.3343471990691505
132 94 0.6842408286853885
132 80 0.14772300845924263
132 81 0.30804525223850043
132 95 0.16206835753543464
132 56 0.47689791137307236
132 68 0.6664227075078533
132 54 0.18127988103027484
132 83 0.30846425616372775
132 82 0.039048433582741654
132 55 0.2513244705996781
132 69 0.3831986304126077
132 51 0.10142415843962263
132 79 0.19869775219663907
132 86 0.20394743452854147
132 92 0.7028716930747438
132 93 0.6460167630659103
132 87 0.4780040668280365
132 78 0.38359122485953456
132 50 0.1425156280710132
132 52 0.14694550440433035
132 46 0.4636013990457709
132 91 0.5998330230920601
132 85 0.6108600394460928
132 84 0.14628219183742808
132 90 0.618793157664248
132 47 0.16320349087289535
132 53 0.09860113388066587
126 76 0.12906574919639255
126 62 0.13676671182993705
126 89 0.19619166891610892
126 88 0.27883418279802624
126 63 0.15817905806096333
126 77 0.18992631581992908
126 49 0.23981347849333376
126 61 0.10082059955183727
126 75 0.11275322678230716
126 74 0.1559544807119715
126 60 0.10902846676544695
126 48 0.1494191250622694
126 64 0.11417671365025725
126 70 0.2218969330903228
126 58 0.17719251544312528
126 59 0.10437809800984751
126 71 0.4361261335375537
126 65 0.10401656888863446
126 73 0.11339522570850348
126 67 0.4940811561253058
126 66 0.26287469121312423
126 72 0.10916383118458765
126 57 0.4767541883131447
126 94 0.5441272311124729
126 80 0.4737773183559331
126 81 0.21096853733575188
126 95 0.06672939982878295
126 56 0.16570006895491396
126 68 0.5044137421962887
126 54 0.11460167916404183
126 83 0.4234946153390371
126 82 0.13674487060033805
126 55 0.13047069364752462
126 69 0.32285316534423825
126 51 0.1953013392146935
126 79 0.15956976645043155
126 86 0.2311361622781214
126 92 0.5618612539544745
126 93 0.5117013937820436
126 87 0.31039516408508394
126 78 0.3959138051719977
126 50 0.2611854254228491
126 52 0.11067162538730178
126 46 0.1788528898829457
126 91 0.5728682103408749
126 85 0.7124660437967683
126 84 0.09544998462939856
126 90 0.7027076768719096
126 47 0.11418121175013222
126 53 0.12856242155013525
118 76 0.23007321628465582
118 62 0.320629042176091
118 89 0.15829797699821171
118 88 0.16000581709409972
118 63 0.11864053782724919
118 77 0.05438000500676901
118 49 0.42670657332289164
118 61 0.060409847219208335
118 75 0.08442796610331155
118 74 0.14678905796844643
118 60 0.09992375459249318
118 48 0.27388397767411904
118 64 0.09552877823502592
118 70 0.15450224584021993
118 58 0.4351347515056757
118 59 0.3310664689483827
118 71 0.30216062926937637
118 65 0.1193983700037989
118 73 0.09652077462471792
118 67 0.2693903382806507
118 66 0.12081038614354092
118 72 0.03999926468359216
118 57 0.4387016824808523
118 94 0.1559519269960903
118 80 0.3245967383807298
118 81 0.5283154135884005
118 95 0.13641553946669602
118 56 0.4212210521651659
118 68 0.3187569412221725
118 54 0.10828916307680964
118 83 0.20627285076855764
118 82 0.14152213501202648
118 55 0.19436581134601844
118 69 0.20931505371437065
118 51 0.23747698421265787
118 79 0.31166495034286246
118 86 0.16175931679241728
118 92 0.16373617897379605
118 93 0.1637848578586239
118 87 0.2975446657928007
118 78 0.16268926685351434
118 50 0.367792244928756
118 52 0.0917041789315601
118 46 0.27714912768406924
118 91 0.16744255458847376
118 85 0.19068048118668754
118 84 0.22404119052154364
118 90 0.1839430645771509
118 47 0.4832390919085682
118 53 0.4134317770545468
130 76 0.07671755145453213
130 62 0.14880105164366692
130 89 0.13802688309175215
130 88 0.34749436167833725
130 63 0.12480605453471963
130 77 0.1365122025626872
130 49 0.13315870409441238
130 61 0.10573782164467012
130 75 0.10589430465635444
130 74 0.045620908217840705
130 60 0.07946266294825538
130 48 0.10428092510007506
130 64 0.12028304012059386
130 70 0.23992040451485103
130 58 0.08850590967641378
130 59 0.09580884532222651
130 71 0.14100624532827724
130 65 0.08236503853760802
130 73 0.10403728513272271
130 67 0.25639270480649407
130 66 0.24345133125388452
130 72 0.11562580425667586
130 57 0.1444341847062052
130 94 0.3642615055618681
130 80 0.141201009069226
130 81 0.21345200861746777
130 95 0.14820121676349873
130 56 0.25971960410367345
130 68 0.34324648036387473
130 54 0.15815205337505905
130 83 0.2675860811012831
130 82 0.12184415077394382
130 55 0.14218497535011
130 69 0.2400311601518251
130 51 0.06860286882600256
130 79 0.176799039255825
130 86 0.0614723126169745
130 92 0.3626395381973748
130 93 0.33398566789624146
130 87 0.2159535301054707
130 78 0.22690351951560508
130 50 0.11081525661949546
130 52 0.10104762522791495
130 46 0.3419739137692771
130 91 0.2715922690748291
130 85 0.31796892408587996
130 84 0.146188647956961
130 90 0.3107446346874209
130 47 0.13318746363500716
130 53 0.13109325560700763
124 76 0.14156944751739708
124 62 0.19902760229619493
124 89 0.10202075033425244
124 88 0.44219996242428283
124 63 0.03681453738539395
124 77 0.041345551315855544
124 49 0.21718427803150764
124 61 0.11336607869567088
124 75 0.09958776613396135
124 74 0.10843561340607402
124 60 0.11276685365413643
124 48 0.13667763714738224
124 64 0.12950293598235163
124 70 0.22145451780413736
124 58 0.1805606502628178
124 59 0.09092668403807627
124 71 0.3880882827708597
124 65 0.09155578109145848
124 73 0.11654475632870515
124 67 0.3824893998198735
124 66 0.2222869387940033
124 72 0.16963630436325688
124 57 0.3911416405179076
124 94 0.34292290885961296
124 80 0.41599020218911986
124 81 0.17127915084354597
124 95 0.3094967059304544
124 56 0.20830189088239487
124 68 0.45080696333565584
124 54 0.1322511489445161
124 83 0.38864193812411685
124 82 0.09193505084210171
124 55 0.11825989300733446
124 69 0.3308592716613613
124 51 0.12999676229688623
124 79 0.12337667994999663
124 86 0.15053074717727433
124 92 0.41791145122085427
124 93 0.35811963301685357
124 87 0.26478870287932954
124 78 0.3547933245000756
124 50 0.2003871303357594
124 52 0.17469914629962402
124 46 0.15894873752625713
124 91 0.9557383962635897
124 85 0.30347593882061014
124 84 0.0620244993116478
124 90 0.3285158848623858
124 47 0.22268100246394987
124 53 0.1454593680589993
125 76 0.12456196369248018
125 62 0.20310959316768282
125 89 0.20413866096655336
125 88 0.3418581819939872
125 63 0.16079586475479363
125 77 0.11676336266910396
125 49 0.2429925609195146
125 61 0.10125718088667175
125 75 0.1200292544523139
125 74 0.12736808430930657
125 60 0.11695009718500231
125 48 0.15503622686684726
125 64 0.10979078761927856
125 70 0.2528676978245339
125 58 0.12915265945255786
125 59 0.10016766896645916
125 71 0.41194359451713203
125 65 0.1079559298290331
125 73 0.13517289377510533
125 67 0.5117166495801306
125 66 0.2682254374685046
125 72 0.06667587603937
125 57 0.4703982643916491
125 94 0.35616872710143666
125 80 0.448283259024863
125 81 0.22255426720657231
125 95 0.11293009040018252
125 56 0.421412138883022
125 68 0.6639094968032859
125 54 0.11627672963786961
125 83 0.433936306636375
125 82 0.11820482348344967
125 55 0.18243634456115557
125 69 0.3378373564249524
125 51 0.1726095070532518
125 79 0.1496044207202894
125 86 0.233847431706535
125 92 0.36242024596299716
125 93 0.31883570228292624
125 87 0.31681081564398494
125 78 0.3876239715630665
125 50 0.2535220612637208
125 52 0.003745964598393825
125 46 0.15440435424466814
125 91 0.45491800560703
125 85 0.41434528065020343
125 84 0.13803313089440364
125 90 0.40634801861588804
125 47 0.10862981738659606
125 53 0.09781984721186268
131 76 0.1476811539924797
131 62 0.23886643161232024
131 89 0.2562071062192507
131 88 0.6311711112237546
131 63 0.14856547390794547
131 77 0.07241811195047221
131 49 0.08493351585556677
131 61 0.08756482130959645
131 75 0.0923560712714099
131 74 0.2305440397912276
131 60 0.1616782032382339
131 48 0.15763778810141466
131 64 0.13318146922627128
131 70 0.3979722539449976
131 58 0.8036402615698393
131 59 0.25340802001642315
131 71 0.12253903117700764
131 65 0.12945872649452245
131 73 0.08027142547545846
131 67 0.4354439014078816
131 66 0.3178031398647201
131 72 0.09332176760750335
131 57 0.6497338427938015
131 94 0.5607215179844287
131 80 0.12935563255486512
131 81 0.3597954250471912
131 95 0.10851520251817609
131 56 0.2576540206841084
131 68 0.6026536109868288
131 54 0.1885277573266811
131 83 0.1152475524159517
131 82 0.06553999233548813
131 55 0.20153770646429622
131 69 0.40989484385793484
131 51 0.12089074026005166
131 79 0.15508632719525117
131 86 0.19864406375782634
131 92 0.5807383010451475
131 93 0.5305704165105706
131 87 0.5807021499026648
131 78 0.35384919330608844
131 50 0.0458741812285344
131 52 0.08761431211867435
131 46 0.2369966382993145
131 91 0.5895307577163819
131 85 0.5178783829879693
131 84 0.09765321468190781
131 90 0.5179465555402369
131 47 0.2034127539962412
131 53 0.08697838554699819
119 76 0.07561050568425809
119 62 0.20614220895559873
119 89 0.14007135694327555
119 88 0.31392110255526673
119 63 0.11140545837281247
119 77 0.3986758219077742
119 49 0.10698682972986163
119 61 0.27481763104003865
119 75 0.11776814387601924
119 74 0.19766366475685257
119 60 0.12749206751225767
119 48 0.15557698530432448
119 64 0.11885288866386219
119 70 0.3154843944755792
119 58 0.5788152042296812
119 59 0.055830972217050356
119 71 0.184792327328947
119 65 0.10478204669255273
119 73 0.05416956001076381
119 67 0.1899611148207922
119 66 0.1533933082188824
119 72 0.07125069808337389
119 57 0.21872878982919586
119 94 0.20144011165236658
119 80 0.1853622413395905
119 81 0.0
119 95 0.029704741906580345
119 56 0.19588893413574232
119 68 0.28216646572223636
119 54 0.10635063497535444
119 83 0.09889932735045659
119 82 0.08246806362078626
119 55 0.24514525650574526
119 69 0.17130832890151163
119 51 0.12297522821553765
119 79 0.480768445058495
119 86 0.23494383387073614
119 92 0.21669057854731466
119 93 0.21556714280516523
119 87 0.20738616421496733
119 78 0.14896404055708712
119 50 0.030644339556040706
119 52 0.09750340793444127
119 46 0.14352541224989818
119 91 0.2334684815188285
119 85 0.22902774990400815
119 84 0.1378917064089502
119 90 0.2059995075684651
119 47 0.16723988201595516
119 53 0.09930977983373947
