114 76 0.15752323610084407
114 62 0.1730859759069937
114 89 0.10943783837501223
114 88 0.27473648808702344
114 63 0.15095612651821644
114 77 0.12753179179272617
114 49 0.0867764877750655
114 61 0.0434351891752944
114 75 0.08038994383612605
114 74 0.2211469268581465
114 60 0.07204419562694715
114 48 0.07326893530974239
114 64 0.1368642930960377
114 70 0.17814859492418866
114 58 0.39423083938886205
114 59 0.12003533960149729
114 71 0.08250150213131635
114 65 0.060268373167864556
114 73 0.07381887777245841
114 67 0.18031075761262472
114 66 0.16111679359169134
114 72 0.12066229234213852
114 57 0.2020794286838932
114 94 0.28128203659308715
114 80 0.08508729652774039
114 81 0.2073169357443745
114 95 0.10283870748202911
114 56 0.10945187031865014
114 68 0.24753288713944122
114 54 0.15742802905952005
114 83 0.07684952893673358
114 82 0.06959741239111517
114 55 0.16388090278672623
114 69 0.21296342344347224
114 51 0.07179986049138469
114 79 0.10142260420881369
114 86 0.0750767203219493
114 92 0.29003613344950796
114 93 0.26368649349923834
114 87 0.2748446927355911
114 78 0.16925974965360308
114 50 0.10002046380674559
114 52 0.09033427571527179
114 46 0.18574168183834597
114 91 0.2521958307604215
114 85 0.2610040394756627
114 84 0.12443548837528537
114 90 0.2530643727110694
114 47 0.1617775866240083
114 53 0.09248617752064647
100 76 0.08749719389502456
100 62 0.09053954144195332
100 89 0.0654731867493817
100 88 0.09272855806711419
100 63 0.2435472828711762
100 77 0.06646809930551587
100 49 0.20124172230640763
100 61 0.06797364162179784
100 75 0.07545779199611802
100 74 0.09200743286196572
100 60 0.0700487346795599
100 48 0.11617902545016945
100 64 0.1271415475554221
100 70 0.09580013915145619
100 58 0.23422948980084468
100 59 0.08000772328627581
100 71 0.39051718937665336
100 65 0.07193017689671527
100 73 0.04848727059528181
100 67 0.20345606053080476
100 66 0.07862799325237334
100 72 0.058547963668487774
100 57 0.2407209873670763
100 94 0.09314154687611303
100 80 0.41313342096006356
100 81 0.08828801842780495
100 95 0.08913178818827573
100 56 0.12985315638964237
100 68 0.20891004681340442
100 54 0.09585609401827792
100 83 0.09097950319438526
100 82 0.06884669602859116
100 55 0.22301853497431273
100 69 0.10493360833507506
100 51 0.14138547322272035
100 79 0.05293955472925953
100 86 0.2029914354265208
100 92 0.06971520936847107
100 93 0.06787032249761407
100 87 0.08783905109490253
100 78 0.08705597433287299
100 50 0.22627345474847588
100 52 0.12912804009463635
100 46 0.13886770583884966
100 91 0.0999727218188616
100 85 0.12830751836196785
100 84 0.13593781251498008
100 90 0.08054664561034998
100 47 0.05482691974485189
100 53 0.05764381679906479
128 76 0.11217430520501585
128 62 0.05800092804463437
128 89 0.15420116201501302
128 88 0.2681462242782152
128 63 0.077921714794148
128 77 0.09424431921936531
128 49 0.07961649942409864
128 61 0.09071594833883787
128 75 0.07847775957016725
128 74 0.06812354677429197
128 60 0.08565621310806115
128 48 0.06353554064997163
128 64 0.07032991196688568
128 70 0.19406160341524892
128 58 0.15427410424445662
128 59 0.06274395215931998
128 71 0.0682932680970065
128 65 0.058225161342119205
128 73 0.09792539384627505
128 67 0.25770023249915897
128 66 0.19261140686823292
128 72 0.10566858589431347
128 57 0.12225653022612631
128 94 0.37852498687833636
128 80 0.0676024683297985
128 81 0.2114695528975328
128 95 0.15970184514814773
128 56 0.22288195804261512
128 68 0.438482731109186
128 54 0.10962113623426653
128 83 0.07126124113774496
128 82 0.047128061832761456
128 55 0.13915935316081093
128 69 0.23213123301304261
128 51 0.10547507418240379
128 79 0.15859859660792566
128 86 0.07147952577552028
128 92 0.38696884248959407
128 93 0.3351413125740538
128 87 0.31216276927987385
128 78 0.234602576175723
128 50 0.1229441145308413
128 52 0.13220633490270892
128 46 0.13982166197098733
128 91 0.28791508827499973
128 85 0.337639764202003
128 84 0.0779549799214329
128 90 0.34247071490702974
128 47 0.08976652451955788
128 53 0.0584070281837233
129 76 0.04163549044399972
129 62 0.1719454015299231
129 89 0.1416032871536825
129 88 0.2882526437561048
129 63 0.2528529967596469
129 77 0.12913436667404377
129 49 0.11744706729246546
129 61 0.08685917524118147
129 75 0.05915799828992914
129 74 0.13003067254402034
129 60 0.05201363445188241
129 48 0.1565089165206301
129 64 0.1691249052959083
129 70 0.245050019255456
129 58 0.4532561766877268
129 59 0.06085699276647673
129 71 0.14257516237448892
129 65 0.09618739049564122
129 73 0.06652801321398914
129 67 0.2729032187704663
129 66 0.21280923639566984
129 72 0.059532867176734075
129 57 0.4115200379448577
129 94 0.3887934759312217
129 80 0.15123710754012468
129 81 0.29767425709991946
129 95 0.13217935913985607
129 56 0.21328587185007858
129 68 0.3935482647453983
129 54 0.19461165074160977
129 83 0.0836600692667675
129 82 0.28868771765929413
129 55 0.1880114301441696
129 69 0.27191045485272114
129 51 0.09029430468891753
129 79 0.11508425352884184
129 86 0.09996876236714594
129 92 0.396767111477631
129 93 0.3559374919484196
129 87 0.2712286079093116
129 78 0.2613191457786942
129 50 0.10261858443011328
129 52 0.09162637224142578
129 46 0.23028500697636103
129 91 0.3443616886008646
129 85 0.3333830578214727
129 84 0.11810055343522041
129 90 0.336359125633565
129 47 0.2880725527429877
129 53 0.10796238459105753
101 76 0.03453350912225116
101 62 0.12129602584747035
101 89 0.12230881334073142
101 88 0.11735084293926956
101 63 0.0741544560527862
101 77 0.12870840471059797
101 49 0.12859309029801444
101 61 0.08637850178095197
101 75 0.07258525769872617
101 74 0.04278861844284433
101 60 0.07043463843662223
101 48 0.08581612618174217
101 64 0.07337922518834389
101 70 0.047736828052938704
101 58 0.11991474107479942
101 59 0.08382934807042353
101 71 0.17412788800678428
101 65 0.08209392218873113
101 73 0.08628692623367776
101 67 0.13816323035403674
101 66 0.07272616474530028
101 72 0.05490660163155439
101 57 0.1799389388238295
101 94 0.12092953812209252
101 80 0.19264089140527094
101 81 0.12904309895025484
101 95 0.0
101 56 0.1420438470785691
101 68 0.1363236040936429
101 54 0.049086936521481314
101 83 0.06915859537116611
101 82 0.10030163652025814
101 55 0.09376787746639198
101 69 0.056653665019537905
101 51 0.11241705659887521
101 79 0.15360257228479307
101 86 0.13604869605192638
101 92 0.12417162339038071
101 93 0.11384883271618246
101 87 0.10277312680942932
101 78 0.08023945744780966
101 50 0.13751565097552565
101 52 0.09301171134181133
101 46 0.11447224753940632
101 91 0.1695598840702632
101 85 0.10684995813178114
101 84 0.09626409394019175
101 90 0.1098732083749133
101 47 0.02258160144099025
101 53 0.050238996575678915
115 76 0.13022909335094596
115 62 0.1759760636703809
115 89 0.16603798804162084
115 88 0.2236958175990867
115 63 0.05740651652010072
115 77 0.473564703188068
115 49 0.22307765783760503
115 61 0.12972110460493325
115 75 0.10977475628161909
115 74 0.1797545641189074
115 60 0.10781627741836058
115 48 0.17533447560456003
115 64 0.1772659360263215
115 70 0.2090369835349778
115 58 0.12799626018301083
115 59 0.0927521612887211
115 71 0.14479162178152796
115 65 0.09313397927857292
115 73 0.12012036368881845
115 67 0.26043525790611183
115 66 0.31107161714528325
115 72 0.1778042690342082
115 57 0.15151579876949703
115 94 0.3376926794480968
115 80 0.15239504088681277
115 81 0.11235347676926288
115 95 0.13835913871534017
115 56 0.3192419016676846
115 68 0.29462786031784205
115 54 0.1729262179138157
115 83 0.24662113104368893
115 82 0.12556587650312423
115 55 0.20692669782110762
115 69 0.1300216626316824
115 51 0.15945402744288872
115 79 0.3432702546139883
115 86 0.14234157639290262
115 92 0.3172672500887683
115 93 0.2952275276873262
115 87 0.24404150255218687
115 78 0.1751819351167209
115 50 0.1386672742692815
115 52 0.7854977444563088
115 46 0.5206163527437315
115 91 0.32798656129151565
115 85 0.32279168660785373
115 84 0.15361971421010254
115 90 0.3289719467574099
115 47 0.3665237656534217
115 53 0.4394648073528461
103 76 0.12155902460339817
103 62 0.21743873195201757
103 89 0.11360737387079041
103 88 0.1950495701885755
103 63 0.2094353621179434
103 77 0.11567023491614584
103 49 0.08403988085489275
103 61 0.10898276589333851
103 75 0.08995116437232695
103 74 0.09269574884214324
103 60 0.10133015331368207
103 48 0.1032972284953326
103 64 0.22443135133571562
103 70 0.2661620649867783
103 58 1.0
103 59 0.08161473263566305
103 71 0.07383468984614233
103 65 0.11946979452541505
103 73 0.10001110693884067
103 67 0.14985213131725023
103 66 0.22780202960975182
103 72 0.09513365282940242
103 57 0.4578162672018473
103 94 0.16129907457945328
103 80 0.07827156825001862
103 81 0.2683335178753934
103 95 0.09249889099573728
103 56 0.1336541487542635
103 68 0.2942126184803485
103 54 0.24847715777258794
103 83 0.07890053240215342
103 82 0.1396449907813302
103 55 0.20561364540224933
103 69 0.23572296524244885
103 51 0.10029391927451345
103 79 0.10150618939367068
103 86 0.12970698160561706
103 92 0.17808502542524338
103 93 0.1673700017614257
103 87 0.19914239142679752
103 78 0.20018570603020966
103 50 0.0880595394145484
103 52 0.17141292091393667
103 46 0.22049535220263083
103 91 0.1810919522467578
103 85 0.1664515030174215
103 84 0.10351555357035461
103 90 0.16336521190047218
103 47 0.19674885001861186
103 53 0.11160347028110815
117 76 0.20799829426230793
117 62 0.2225424472055686
117 89 0.13945412244892255
117 88 0.22359241967253773
117 63 0.08143895403308701
117 77 0.44710289813866866
117 49 0.21256636553474603
117 61 0.13016961229112217
117 75 0.5520802863486839
117 74 0.36782856516850315
117 60 0.10654178312175819
117 48 0.3858146952587836
117 64 0.1529215799105775
117 70 0.26206456190750793
117 58 0.5215247598650438
117 59 0.1359743081438587
117 71 0.09541690277808626
117 65 0.06649054433167598
117 73 0.42910497819224136
117 67 0.22331795647211697
117 66 0.21345404037440027
117 72 0.16574553043537657
117 57 0.23037297732904063
117 94 0.2952493935162268
117 80 0.09822993174747263
117 81 0.18052864243268324
117 95 0.23693839406714368
117 56 0.30769752640368675
117 68 0.3655682312036431
117 54 0.10465957730674534
117 83 0.5881863798865287
117 82 0.12526295113533975
117 55 0.15720159891276803
117 69 0.2390835519105368
117 51 0.1577735980678157
117 79 0.35840109675693455
117 86 0.10929027012530404
117 92 0.2954322363875672
117 93 0.26601642300780254
117 87 0.3046501531479399
117 78 0.2534201803371587
117 50 0.11055687869112829
117 52 0.5197421435432905
117 46 0.33768021498927303
117 91 0.3034983809468236
117 85 0.33982918982096544
117 84 0.21521279338887267
117 90 0.3226748116576752
117 47 0.2317671744387254
117 53 0.2819020164398053
116 76 0.15020692431187635
116 62 0.1844435003256048
116 89 0.1047339813158842
116 88 0.22755459093495006
116 63 0.12597563084516653
116 77 0.3600019534731273
116 49 0.14298596361789742
116 61 0.13264372639633865
116 75 0.15794613626409915
116 74 0.12423345021562689
116 60 0.07862317866464805
116 48 0.13339131472726443
116 64 0.13640226813056935
116 70 0.34746093681442525
116 58 0.6384205049827895
116 59 0.1290496067792346
116 71 0.10751397426774946
116 65 0.07865118596982645
116 73 0.146082679615199
116 67 0.21088482911768755
116 66 0.23373144983612404
116 72 0.12654896948482477
116 57 0.37236727936026115
116 94 0.317983353710699
116 80 0.11053984006266132
116 81 0.26009979688199664
116 95 0.18562041513125727
116 56 0.2605666544140689
116 68 0.3364431436145245
116 54 0.1531211986600164
116 83 0.2532472079050069
116 82 0.38768932173993476
116 55 0.152819569963628
116 69 0.2845454985967737
116 51 0.08978691787932017
116 79 0.28640267158213006
116 86 0.08526934786257676
116 92 0.2932274207022438
116 93 0.28877732861723354
116 87 0.24180345500522593
116 78 0.24147593079948393
116 50 0.08853145906592341
116 52 0.2777663213833933
116 46 0.2699010996933707
116 91 0.2642769196098523
116 85 0.27099284909215265
116 84 0.1675938521566232
116 90 0.25675920451630796
116 47 0.11715476160101974
116 53 0.15160155324388366
102 76 0.09515516092642969
102 62 0.1549758624081594
102 89 0.09947128784951034
102 88 0.11802206905785696
102 63 0.12813801037764716
102 77 0.11618922743155688
102 49 0.15123742232775358
102 61 0.09964668012851995
102 75 0.11478341514014306
102 74 0.13650585027372444
102 60 0.09981380360016413
102 48 0.12610407195997994
102 64 0.13868303617143085
102 70 0.16141463884382834
102 58 0.6407966886582472
102 59 0.11824550529386142
102 71 0.24134322688980694
102 65 0.10376437971738849
102 73 0.11050532605586169
102 67 0.16020152671282878
102 66 0.09890123430196851
102 72 0.11770998226626067
102 57 0.2815721215928949
102 94 0.13221807971723037
102 80 0.25103346095667756
102 81 0.16955458934747836
102 95 0.14356705766452815
102 56 0.11442325215630553
102 68 0.21461670703857405
102 54 0.15559180060349928
102 83 0.1139727924334353
102 82 0.12395372003999822
102 55 0.12545061838514243
102 69 0.1666596989172913
102 51 0.1291513552249257
102 79 0.1042704556966601
102 86 0.1408154812179656
102 92 0.10896202913746467
102 93 0.10512723973087157
102 87 0.1215858380230577
102 78 0.1300704031863529
102 50 0.14475354963587422
102 52 0.09830261342292679
102 46 0.13591528195529018
102 91 0.11026690436375775
102 85 0.12239460659016672
102 84 0.11528861658457001
102 90 0.10169960922119164
102 47 0.12909125699769802
102 53 0.11792549814427493
106 76 0.0980769353947766
106 62 0.09139131663456024
106 89 0.06498255256235629
106 88 0.09314806250480981
106 63 0.06505432224546225
106 77 0.060399736817100994
106 49 0.0852274213095407
106 61 0.08485492427200655
106 75 0.06429206471279773
106 74 0.06770696677407502
106 60 0.08325145314242247
106 48 0.08749258666016428
106 64 0.0721455677805284
106 70 0.12647166756863432
106 58 0.38445357417817905
106 59 0.08051885100924353
106 71 0.08880099961356927
106 65 0.06661265949838521
106 73 0.06794446448951015
106 67 0.08085986096753842
106 66 0.07204190554773264
106 72 0.16966049232671973
106 57 0.1557966296423392
106 94 0.09609740036859524
106 80 0.08586166979520454
106 81 0.11637778758885618
106 95 0.11118982995161769
106 56 0.11474499379700744
106 68 0.13835791728243904
106 54 0.08351625597297208
106 83 0.0694664542140703
106 82 0.07414257130057647
106 55 0.1469772914500208
106 69 0.12953438465057743
106 51 0.08739676119970807
106 79 0.0934814629241227
106 86 0.09177862688286581
106 92 0.09335818898397899
106 93 0.08069575950039959
106 87 0.10255148593208821
106 78 0.07583021547035404
106 50 0.06248183379389864
106 52 0.09168468980194702
106 46 0.07028432769338341
106 91 0.07667957830325683
106 85 0.09199466784515493
106 84 0.0904849217328308
106 90 0.09087504035271919
106 47 0.12367171332545648
106 53 0.09435647148439648
112 76 0.07671475733457717
112 62 0.1398479171242496
112 89 0.0901498795892901
112 88 0.22487913282602479
112 63 0.14481634703614438
112 77 0.21178422271934888
112 49 0.09407682241435725
112 61 0.07261099053477686
112 75 0.08028286691116443
112 74 0.09382196587555425
112 60 0.07614561676187942
112 48 0.07001680139459683
112 64 0.1562744981021643
112 70 0.21333902025758078
112 58 0.5997814555401578
112 59 0.07580600325773394
112 71 0.1664448988334487
112 65 0.08576410566672696
112 73 0.0725619279377119
112 67 0.16197314968832152
112 66 0.12913055433051093
112 72 0.08370109435249963
112 57 0.24660605609185926
112 94 0.1791297054411669
112 80 0.1705075999418133
112 81 0.18981931125400525
112 95 0.09829375737852622
112 56 0.1532966628439632
112 68 0.2903120516022599
112 54 0.17464744293806933
112 83 0.1356530220980949
112 82 0.08982991682791669
112 55 0.2354352426180707
112 69 0.2677975082353489
112 51 0.07857408819617243
112 79 0.16388456069099697
112 86 0.08628998389333188
112 92 0.21189972612467456
112 93 0.20984482517542008
112 87 0.23231002146998092
112 78 0.2154558430497839
112 50 0.1086095275665126
112 52 0.15826387737657754
112 46 0.15326707578359128
112 91 0.20237713477006838
112 85 0.18098405607755383
112 84 0.23232997176388737
112 90 0.17727160030499137
112 47 0.1351228236530551
112 53 0.07615370458008043
113 76 0.09538156925397526
113 62 0.15458716070111556
113 89 0.12751741557835872
113 88 0.32933713995393443
113 63 0.18563225780966858
113 77 0.2593162412675657
113 49 0.09377717012990902
113 61 0.08965720412934289
113 75 0.10518873978228008
113 74 0.11550549119361907
113 60 0.05869766523764644
113 48 0.09544001313338404
113 64 0.16927210798085163
113 70 0.25135959166845223
113 58 0.3367070931674391
113 59 0.06550077735365074
113 71 0.09068223669659521
113 65 0.0740288991643638
113 73 0.0961393347340582
113 67 0.24635702967081402
113 66 0.20867351525788266
113 72 0.08837263966291689
113 57 0.23946374686325933
113 94 0.37424398675318804
113 80 0.09341196357922706
113 81 0.2510652824409486
113 95 0.15194200098067162
113 56 0.29653534562454187
113 68 0.3899372612240082
113 54 0.19314592136792388
113 83 0.21086821486184276
113 82 0.12940342051353565
113 55 0.171812362289674
113 69 0.286467433526599
113 51 0.060967214657105556
113 79 0.2031749552325513
113 86 0.04550733231519767
113 92 0.37330940721799993
113 93 0.3341620083373337
113 87 0.329462761951421
113 78 0.2638427763273705
113 50 0.10178359873760208
113 52 0.2082891077508649
113 46 0.2542535084897863
113 91 0.30316818662790135
113 85 0.31339422393529925
113 84 0.1349503848929006
113 90 0.31202325247613016
113 47 0.19819561300933208
113 53 0.1003491130772486
107 76 0.17923249202360783
107 62 0.18472066077403046
107 89 0.14624469424661385
107 88 0.2046390348549147
107 63 0.07935430799273677
107 77 0.09000877213074107
107 49 0.13597647351259948
107 61 0.1274427146091029
107 75 0.09877186471764712
107 74 0.08658472749875722
107 60 0.13880186826160465
107 48 0.10812365480489824
107 64 0.11533605865582611
107 70 0.07717070822076022
107 58 0.09944146316500596
107 59 0.09526639693908238
107 71 0.23502033229248293
107 65 0.15064371139484942
107 73 0.11705559299555807
107 67 0.22726774700886193
107 66 0.17833046010705647
107 72 0.07508924441757865
107 57 0.2287131474705421
107 94 0.15123159762635174
107 80 0.25386440256816045
107 81 0.08094672935752625
107 95 0.12230331600067276
107 56 0.8844325235742567
107 68 0.5633322316611657
107 54 0.11223647223223589
107 83 0.1426592431955056
107 82 0.0684322714028869
107 55 0.20826417907146194
107 69 0.10620519556069014
107 51 0.11122964038811639
107 79 0.15870822534992243
107 86 0.1515481194033878
107 92 0.1186703331681145
107 93 0.190578040238719
107 87 0.2077682331036418
107 78 0.10226676818317934
107 50 0.1627077668157951
107 52 0.1795691784369022
107 46 0.10351796895851995
107 91 0.2168303721945103
107 85 0.08196774050361758
107 84 0.0817058322164963
107 90 0.10106112848476273
107 47 0.09077011470642933
107 53 0.12428220193500933
139 76 0.15294986177026748
139 62 0.06251100698563458
139 89 0.09822651060726523
139 88 0.18511144657294024
139 63 0.07602425292230318
139 77 0.11778422093531618
139 49 0.07802023895618058
139 61 0.13577376741730807
139 75 0.06730855005725218
139 74 0.12333243144948884
139 60 0.08290080884752432
139 48 0.06211305560096719
139 64 0.07370495752066172
139 70 0.14718626530024567
139 58 0.15257248662280276
139 59 0.1214372998423093
139 71 0.07863602005377424
139 65 0.07974130535972174
139 73 0.0637955450142353
139 67 0.1255841731457781
139 66 0.2600370108993899
139 72 0.07204815697835637
139 57 0.1751830797228801
139 94 0.23678809345862278
139 80 0.07784061175291627
139 81 0.10958173953630707
139 95 0.062159820594710966
139 56 0.1034764422976499
139 68 0.19571992799171561
139 54 0.10053343324829656
139 83 0.07897379671821472
139 82 0.09963746412178803
139 55 0.09440674629619153
139 69 0.11591375544659183
139 51 0.08290968873944667
139 79 0.112452499668061
139 86 0.09280152248928128
139 92 0.24478043111865322
139 93 0.22427495747185128
139 87 0.15840463772156416
139 78 0.1188494043995853
139 50 0.08984410175419272
139 52 0.22344788425773907
139 46 0.1337224159953867
139 91 0.1993986873411996
139 85 0.2238829337040965
139 84 0.06809735593079255
139 90 0.21964275997234045
139 47 0.08152535736833913
139 53 0.10623328071361604
111 76 0.13804032676233888
111 62 0.18708878619408295
111 89 0.1386267968371457
111 88 0.2758850577280597
111 63 0.1823558124140095
111 77 0.2278050739625453
111 49 0.11179843200065598
111 61 0.09786249825071433
111 75 0.0917052442496098
111 74 0.1352576591570543
111 60 0.08472676873257426
111 48 0.09773185810382784
111 64 0.15423837830108045
111 70 0.33358440754307933
111 58 0.6065536221156401
111 59 0.13326361051132757
111 71 0.21355742346626297
111 65 0.08134219724170844
111 73 0.08690080317470329
111 67 0.25998545165537257
111 66 0.21292734283352172
111 72 0.10982025322834896
111 57 0.29233229127824656
111 94 0.2670893625367578
111 80 0.21844902603180316
111 81 0.2536902350626125
111 95 0.12653772268283353
111 56 0.21678201512868364
111 68 0.4438742688010816
111 54 0.17586487312285679
111 83 0.14725875491290433
111 82 0.11702946024948511
111 55 0.2416764445746377
111 69 0.3892931468101211
111 51 0.10775857898212579
111 79 0.17712754059091862
111 86 0.11704872713256623
111 92 0.30272646110683654
111 93 0.2838759815631178
111 87 0.29584666862196085
111 78 0.33618407955032503
111 50 0.14392206439792224
111 52 0.17118089390958635
111 46 0.19068586684777555
111 91 0.2774553360628099
111 85 0.2851147883791101
111 84 0.29288484214193056
111 90 0.28044253631402144
111 47 0.18018492435032943
111 53 0.08430886087558437
105 76 0.07739236946989742
105 62 0.1250545395158256
105 89 0.08164898016508232
105 88 0.10521055566472062
105 63 0.1170475882276188
105 77 0.09967659119242434
105 49 0.1617306070184394
105 61 0.08631903160914825
105 75 0.09908987540316835
105 74 0.1161607741032062
105 60 0.08616567765995392
105 48 0.1166635890952237
105 64 0.09670397851295437
105 70 0.12964946940082425
105 58 0.3030803202898631
105 59 0.1055146208057621
105 71 0.29631160292226294
105 65 0.07943606194575706
105 73 0.0934565333106149
105 67 0.17689771623816325
105 66 0.12865955834945247
105 72 0.10353190806891702
105 57 0.26936300959905757
105 94 0.1276788405363042
105 80 0.310143382781341
105 81 0.10617879300212353
105 95 0.13621772318522363
105 56 0.43861313732591956
105 68 0.28103019811234553
105 54 0.09594893348953792
105 83 0.17401123331444396
105 82 0.10494295730593206
105 55 0.08281732799913821
105 69 0.14002138008045445
105 51 0.13077492603725993
105 79 0.0924450657104243
105 86 0.18581998114180723
105 92 0.0924633009537692
105 93 0.09045125267158585
105 87 0.11112448633795846
105 78 0.1147186834055858
105 50 0.14853832832523228
105 52 0.10112534114444618
105 46 0.10439849852844943
105 91 0.0986039185857509
105 85 0.1815382084854346
105 84 0.10995597625691407
105 90 0.11403444474847006
105 47 0.11187541951742545
105 53 0.1034429203868359
104 76 0.11968850267387052
104 62 0.21460412957874342
104 89 0.11181680661758374
104 88 0.20559644067336613
104 63 0.22056687523955282
104 77 0.1138589253802707
104 49 0.09273767920842502
104 61 0.10723869955502138
104 75 0.08839846276954108
104 74 0.09908293119198393
104 60 0.09966303479191169
104 48 0.11011525796496012
104 64 0.23617230568385114
104 70 0.26283754442505824
104 58 0.989296662568792
104 59 0.08254086141126091
104 71 0.11479788741420241
104 65 0.11762028002192536
104 73 0.09835725156575467
104 67 0.13880609322766727
104 66 0.1405298493457731
104 72 0.11754434096675226
104 57 0.45256464367510085
104 94 0.1704743154143966
104 80 0.11795190694887014
104 81 0.28185866863995385
104 95 0.10731266768900172
104 56 0.1316620090916306
104 68 0.2906060466816437
104 54 0.26119534046857595
104 83 0.08212263644392515
104 82 0.13759261257813862
104 55 0.2165898428798672
104 69 0.22217828987308008
104 51 0.09863722019393592
104 79 0.09983730081078095
104 86 0.1277545311197812
104 92 0.18700173075968868
104 93 0.1767919667873645
104 87 0.20985559531975162
104 78 0.18680506650508527
104 50 0.08652585829773532
104 52 0.11981251060998854
104 46 0.23207634643713615
104 91 0.19107158120621032
104 85 0.15454993530007613
104 84 0.16594681555901997
104 90 0.16016065513368474
104 47 0.20736477971442152
104 53 0.10983305248721242
110 76 0.049668261591436794
110 62 0.20903558119408927
110 89 0.20883531703960773
110 88 0.33774758931685633
110 63 0.1271149987638354
110 77 0.3021752885845177
110 49 0.06943641741330743
110 61 0.08023629366396194
110 75 0.08928564193911825
110 74 0.0905666925568833
110 60 0.12781182613491263
110 48 0.1111476429581982
110 64 0.0810598967677742
110 70 0.18100853922408044
110 58 0.31928967653395357
110 59 0.06399164089638747
110 71 0.20329901654028237
110 65 0.10156738285935729
110 73 0.07864029787427429
110 67 0.15004097910940503
110 66 0.1250638498973827
110 72 0.20183185085561658
110 57 0.20083663272450117
110 94 0.19488437457260344
110 80 0.20714969232433272
110 81 0.3153133115212576
110 95 0.1138380095683231
110 56 0.17910693513870726
110 68 0.30626913612568063
110 54 0.11637916317843269
110 83 0.09953649786326829
110 82 0.2592924187547136
110 55 0.185458877843607
110 69 0.3127463762303001
110 51 0.10315322300019017
110 79 0.19376260615440752
110 86 0.03603211289092466
110 92 0.22254831201551206
110 93 0.3237433594662638
110 87 0.224671698690527
110 78 0.23992708410732377
110 50 0.05932282755121587
110 52 0.11806669654360416
110 46 0.17415393387294525
110 91 0.21744728253059314
110 85 0.22678866507844359
110 84 0.07084353681461873
110 90 0.22265164648803643
110 47 0.1180633255591296
110 53 0.08512670364019558
138 76 0.1577447196612388
138 62 0.13657010852816356
138 89 0.1343204535195593
138 88 0.30557130426695644
138 63 0.10773081152883957
138 77 0.14086056173157982
138 49 0.07916764679656291
138 61 0.08743086916282618
138 75 0.08755301919311836
138 74 0.09365782380584423
138 60 0.07747819737534518
138 48 0.1000994497619371
138 64 0.10711514904924224
138 70 0.3059583396318172
138 58 0.16282086069561347
138 59 0.08753112723401224
138 71 0.07892026497127735
138 65 0.08358166935716399
138 73 0.08153594984245138
138 67 0.29893302058389093
138 66 0.2792147770997567
138 72 0.17209994895530684
138 57 0.22728178386258863
138 94 0.31396199293411825
138 80 0.08758166719959717
138 81 0.197686119957718
138 95 0.1419682945648496
138 56 0.1462097461871147
138 68 0.44534200181093697
138 54 0.1201584446547154
138 83 0.08420035004656379
138 82 0.16892277976982814
138 55 0.07356071916305515
138 69 0.24011182961040872
138 51 0.0945670496779751
138 79 0.0992393889646934
138 86 0.0917461107327209
138 92 0.3151938855956717
138 93 0.2893823576420291
138 87 0.3704692886405986
138 78 0.28593587334257164
138 50 0.08924484488769391
138 52 0.10086485768784322
138 46 0.13553657289618715
138 91 0.35733012801001335
138 85 0.19642919140530588
138 84 0.10803135065183397
138 90 0.24117038622282871
138 47 0.15095929174251307
138 53 0.14920211694984636
140 76 0.17402434161370295
140 62 0.09599225351910007
140 89 0.08616117037007046
140 88 0.11782174207173467
140 63 0.11001533697501668
140 77 0.08534125490889181
140 49 0.1369289617715756
140 61 0.07915940806730898
140 75 0.08161727768717256
140 74 0.04391599476559438
140 60 0.039210409883782896
140 48 0.09351819728337366
140 64 0.07354336165920496
140 70 0.194425806138594
140 58 0.23414117827788072
140 59 0.12275208555154325
140 71 0.07564513304793506
140 65 0.05234710501723784
140 73 0.10277236972693049
140 67 0.1452145945176315
140 66 0.22222870351580556
140 72 0.04348550605236956
140 57 0.17926756523447956
140 94 0.17333377588621274
140 80 0.0750016119590416
140 81 0.15284999433864876
140 95 0.103628645935065
140 56 0.10820907170909763
140 68 0.2064010081794888
140 54 0.08841257623295273
140 83 0.08076399994778127
140 82 0.14543014655663183
140 55 0.1029911608552821
140 69 0.20865259439364758
140 51 0.06878456902895975
140 79 0.07299211153210881
140 86 0.044292970380534064
140 92 0.17498361938153686
140 93 0.15083217080850203
140 87 0.14306133613350003
140 78 0.2408322564951345
140 50 0.1373489716681986
140 52 0.042021977791135326
140 46 0.05201958105568749
140 91 0.1607550090968102
140 85 0.14341202248581145
140 84 0.10605962461511614
140 90 0.1498850558270996
140 47 0.0874868353370258
140 53 0.09350538695778851
135 76 0.152075867115874
135 62 0.26492984762785093
135 89 0.09440345189874105
135 88 0.22708016987414986
135 63 0.14787155494249202
135 77 0.24770306720286536
135 49 0.3023932166658935
135 61 0.0859743412071727
135 75 0.34445496976402534
135 74 0.2187211730492544
135 60 0.06470304107725389
135 48 0.3241257870166292
135 64 0.12296051798391343
135 70 0.17357745760472357
135 58 0.2080630783907998
135 59 0.05412620943021766
135 71 0.21050598692241934
135 65 0.0641079901562485
135 73 0.2683043822739227
135 67 0.23237844307085392
135 66 0.14950628287262113
135 72 0.08135369645247598
135 57 0.26718858615513164
135 94 0.30091889698905805
135 80 0.2244304424512818
135 81 0.21400857078427724
135 95 0.1496754361397077
135 56 0.290854688383112
135 68 0.3235967764108296
135 54 0.1388836437372965
135 83 0.5383026866664775
135 82 0.1346801370398287
135 55 0.13145583215574771
135 69 0.18006124117611072
135 51 0.15141259517353572
135 79 0.17147809333384917
135 86 0.12405627162510828
135 92 0.24660953301778227
135 93 0.22414232772490106
135 87 0.23877554632391762
135 78 0.23625464050131217
135 50 0.14792600436109948
135 52 0.4045844111220601
135 46 0.30541102165986544
135 91 0.24581600015113675
135 85 0.22314112733861832
135 84 0.18711565037694722
135 90 0.21682570235611837
135 47 0.1794336718755771
135 53 0.2844447109542616
121 76 0.14896219972744956
121 62 0.19618954536502634
121 89 0.16700258833014456
121 88 0.2982306173544679
121 63 0.2618901496646447
121 77 0.24123971382359222
121 49 0.14550098029680944
121 61 0.10076661562902106
121 75 0.07944967691165755
121 74 0.11921809288067912
121 60 0.11853113880901946
121 48 0.13709617011874678
121 64 0.15244954306998473
121 70 0.13616849325665914
121 58 0.058117759917223594
121 59 0.07850691539827724
121 71 0.330141855728175
121 65 0.14573102717840558
121 73 0.06475718057382392
121 67 0.34520701945564575
121 66 0.22986437290914283
121 72 0.11018808845261233
121 57 0.3759994081979361
121 94 0.48632948679254195
121 80 0.3584811086716261
121 81 0.18685762342067114
121 95 0.11744454048532928
121 56 0.2258129572872251
121 68 0.346012399954552
121 54 0.15913937979283474
121 83 0.33414024824798827
121 82 0.1315950039357025
121 55 0.34340615618730264
121 69 0.34647321301360823
121 51 0.1486104112616708
121 79 0.13007475847455488
121 86 0.16870174669901566
121 92 0.4096580839024986
121 93 0.4124822158980279
121 87 0.23005491146437174
121 78 0.4397338694738322
121 50 0.15570401117552707
121 52 0.07129644499016544
121 46 0.185286989796531
121 91 0.41358312978690737
121 85 0.3886201339899858
121 84 0.11537813483128576
121 90 0.41343547674317394
121 47 0.2501574218126936
121 53 0.27023923622032986
109 76 0.10856840116923941
109 62 0.15915000511430047
109 89 0.07192786456624145
109 88 0.24129077154317197
109 63 0.12243105267738376
109 77 0.17160301655296106
109 49 0.1306426788114265
109 61 0.11260366589758271
109 75 0.07512705562642992
109 74 0.15910178510279796
109 60 0.0656901573888182
109 48 0.10959104631451586
109 64 0.13938666134271588
109 70 0.24726521928828862
109 58 0.446217583296327
109 59 0.045773544354333534
109 71 0.23880479572984123
109 65 0.09913412128887425
109 73 0.04549246851597996
109 67 0.18700293126555895
109 66 0.14948690990633307
109 72 0.16498266331165334
109 57 0.27551324012543943
109 94 0.24775770957849055
109 80 0.24414060254514816
109 81 0.2950117413914646
109 95 0.12215847153255374
109 56 0.12006510970442208
109 68 0.3483410757199097
109 54 0.15602570884861608
109 83 0.08484904970241883
109 82 0.07459867956074571
109 55 0.16673848333342625
109 69 0.2700051745464147
109 51 0.12339840531150753
109 79 0.08771787609806427
109 86 0.13353218767672648
109 92 0.23255809823921136
109 93 0.21405718675433583
109 87 0.20301412814516911
109 78 0.31541445870328666
109 50 0.1628458807270719
109 52 0.1824163208029343
109 46 0.1913220907012017
109 91 0.23203881006704924
109 85 0.22888679783946397
109 84 0.6006966421448308
109 90 0.23433346325502474
109 47 0.11674767755754671
109 53 0.08190623875757244
108 76 0.13706698155363306
108 62 0.1777616698239938
108 89 0.1262651405327794
108 88 0.275307174114915
108 63 0.20027415127037324
108 77 0.21530199720940957
108 49 0.08727140870037824
108 61 0.08428240275684108
108 75 0.09839566412170882
108 74 0.12785231482013384
108 60 0.07728747229955699
108 48 0.10835674543181847
108 64 0.2147685716974148
108 70 0.31882559010484535
108 58 0.7182298757885704
108 59 0.11433673148171176
108 71 0.1471540984363716
108 65 0.0783727723518168
108 73 0.09212284672084987
108 67 0.24795550436102665
108 66 0.20264219567448902
108 72 0.09914044076276908
108 57 0.3195649392442272
108 94 0.28212087830177157
108 80 0.1508773956880368
108 81 0.26628548412051745
108 95 0.11945569236598436
108 56 0.2063539461032485
108 68 0.42502617175377677
108 54 0.2380101213505872
108 83 0.1382013480399973
108 82 0.1278398683795091
108 55 0.1965802589885174
108 69 0.3724687849153678
108 51 0.08340895607130734
108 79 0.16679238476083935
108 86 0.07830785311448132
108 92 0.28911178121397807
108 93 0.2709602315695273
108 87 0.28248707468897344
108 78 0.3213288726016843
108 50 0.09910328568532026
108 52 0.16135471470115112
108 46 0.2109642193864789
108 91 0.2647776479764701
108 85 0.272153106444048
108 84 0.207535038216215
108 90 0.26765409011323515
108 47 0.20553807375179936
108 53 0.07794437102740571
120 76 0.06634628538274548
120 62 0.1332469858809729
120 89 0.10858110248618885
120 88 0.1841161035502944
120 63 0.06036599848452723
120 77 0.29873327511329517
120 49 0.053454614544377985
120 61 0.04371778901769713
120 75 0.12695246741770583
120 74 0.07137472705951659
120 60 0.07119999218601024
120 48 0.07469493563219569
120 64 0.09021654404665488
120 70 0.11306710854507233
120 58 0.08366743137303512
120 59 0.10781087589949703
120 71 0.09860899991068606
120 65 0.04403481892711597
120 73 0.07976988963118196
120 67 0.17327353486617958
120 66 0.178113717088285
120 72 0.08658076788440135
120 57 0.08380518115978536
120 94 0.22096105177452563
120 80 0.09829560406177154
120 81 0.11866226944449844
120 95 0.05982744676584455
120 56 0.1261893163476846
120 68 0.15741141635949457
120 54 0.0909700263134203
120 83 0.09072494702339773
120 82 0.08387333593359819
120 55 0.2897277659735903
120 69 0.12115011309731373
120 51 0.13590018178712154
120 79 0.08599260283084273
120 86 0.07997787155752098
120 92 0.20886610102452335
120 93 0.1970287161179451
120 87 0.1597444723650736
120 78 0.1633155016261015
120 50 0.11729096121613206
120 52 0.04264713847694561
120 46 0.08532748405940657
120 91 0.18331500891290345
120 85 0.17477709802177754
120 84 0.1148672222832691
120 90 0.1715727077431157
120 47 0.10348972133090048
120 53 0.43943100113262445
134 76 0.18884644996130723
134 62 0.1115090887802551
134 89 0.06002069253630263
134 88 0.16951644372674285
134 63 0.10594689709286617
134 77 0.18429310250587477
134 49 0.28311042405328213
134 61 0.076830429325604
134 75 0.38322943378421925
134 74 0.15360843840313004
134 60 0.10332009570043987
134 48 0.2864214003958271
134 64 0.10525710987841133
134 70 0.12657738759522572
134 58 0.1257833500081505
134 59 0.059427310122742494
134 71 0.37393114357149826
134 65 0.05893320865332766
134 73 0.30267884596197947
134 67 0.22387052893637185
134 66 0.10916390286511785
134 72 0.10886529252120557
134 57 0.28050973774657983
134 94 0.25336465917799866
134 80 0.3992075565580304
134 81 0.0993424112443598
134 95 0.15408169354164405
134 56 0.11294146012588435
134 68 0.23872026231333524
134 54 0.11417432476565507
134 83 0.3198776681802458
134 82 0.095360012620087
134 55 0.21526497473740336
134 69 0.12720001475039058
134 51 0.15718409941526337
134 79 0.12405104619815638
134 86 0.14874099549771555
134 92 0.18518989998096735
134 93 0.17205971782622004
134 87 0.17890266742558836
134 78 0.12715148790020286
134 50 0.1325235471624109
134 52 0.5533096863618401
134 46 0.20604758362862002
134 91 0.2029582996742077
134 85 0.1409470681748603
134 84 0.11576826821479158
134 90 0.17575303357550243
134 47 0.2688893174361047
134 53 0.4726657624576267
122 76 0.10515613789010589
122 62 0.08111554098074002
122 89 0.20093822084588625
122 88 0.1020790786784658
122 63 0.24936693126098858
122 77 0.1203293436513631
122 49 0.25319889682257196
122 61 0.06980423550147168
122 75 0.06330745929978984
122 74 0.19138079113691975
122 60 0.09063534323027363
122 48 0.1192810680303182
122 64 0.07190208210479135
122 70 0.15848552210999198
122 58 0.08981526153106653
122 59 0.09179025364211603
122 71 0.5227215789576678
122 65 0.05173238257002505
122 73 0.05022279016297815
122 67 0.4058238479527252
122 66 0.1931290914603969
122 72 0.06149034312243647
122 57 0.42641565602190745
122 94 0.22995414387815316
122 80 0.5548973065699325
122 81 0.18091058123124315
122 95 0.06758774954396995
122 56 0.11619173480606632
122 68 0.3796397103825103
122 54 0.07152201730672618
122 83 0.3167701560837397
122 82 0.0750909921572422
122 55 0.19697286342687803
122 69 0.22477410868147207
122 51 0.19400075882786438
122 79 0.11803505067857722
122 86 0.2912902640600722
122 92 0.26717029115044144
122 93 0.24468475130674408
122 87 0.16044634693047694
122 78 0.2630521263808442
122 50 0.28221014309082937
122 52 0.09545936091637873
122 46 0.11452660396037649
122 91 0.23226136138297154
122 85 0.5510371722419426
122 84 0.14126779313647223
122 90 0.44578273348612374
122 47 0.07486098047083825
122 53 0.0859177433921395
136 76 0.043802917430061525
136 62 0.10920701221411903
136 89 0.12175000948691508
136 88 0.11404462565738542
136 63 0.1293345232693669
136 77 0.2940661357670553
136 49 0.23104601580426248
136 61 0.09119347139432474
136 75 0.05044561039433354
136 74 0.04242503193055211
136 60 0.08906637617709925
136 48 0.20967739518279455
136 64 0.04395925464202388
136 70 0.10605771242286581
136 58 0.15099194456488915
136 59 0.13004701154891884
136 71 0.039620277267380266
136 65 0.093187828628716
136 73 0.10017623306130266
136 67 0.11682267195220285
136 66 0.06909950387878169
136 72 0.1201672583031658
136 57 0.15845634203426773
136 94 0.14731368884763743
136 80 0.04370585094973027
136 81 0.431583391836869
136 95 0.07593639821607392
136 56 0.2910318038296098
136 68 0.21831317298304365
136 54 0.08357199925527302
136 83 0.09440241361667226
136 82 0.0933834531008987
136 55 0.11732145899380125
136 69 0.07151730979615041
136 51 0.10468777911393987
136 79 0.6161434502504588
136 86 0.08751663108538985
136 92 0.140241760600082
136 93 0.12639085811779677
136 87 0.10612843775217332
136 78 0.14117599608489562
136 50 0.11540922182429943
136 52 0.11634409875290287
136 46 0.17788490066901363
136 91 0.1696880537430492
136 85 0.11499734898111
136 84 0.05543024970214294
136 90 0.13409912947807517
136 47 0.22459853671497482
136 53 0.04716758497707056
137 76 0.17982005560919578
137 62 0.09863440319447378
137 89 0.11381799208886798
137 88 0.21419118860792352
137 63 0.09787941411698628
137 77 0.11141735248942863
137 49 0.09971805722257845
137 61 0.13337334807628118
137 75 0.08880652661819137
137 74 0.08699167099092471
137 60 0.10417421032889673
137 48 0.07495028796487996
137 64 0.08725955905762475
137 70 0.2042801356040705
137 58 0.2465908545584654
137 59 0.20181492369816278
137 71 0.06717395822165534
137 65 0.0806328784484251
137 73 0.10333926402478147
137 67 0.1997478705343741
137 66 0.2792470415597869
137 72 0.08713521173193803
137 57 0.22036711218178487
137 94 0.21186421604568914
137 80 0.0696494425270214
137 81 0.19243595113486767
137 95 0.13603521212855324
137 56 0.2004399968805985
137 68 0.3271940164181688
137 54 0.10275675440961171
137 83 0.08686388538681354
137 82 0.11138472746719205
137 55 0.10095785621187442
137 69 0.2477559099615005
137 51 0.11004452878787838
137 79 0.16725616070837038
137 86 0.08384263782520571
137 92 0.26365990132528694
137 93 0.2192864980540029
137 87 0.19640143876849875
137 78 0.27250086802679185
137 50 0.11624642980187073
137 52 0.18320881566404287
137 46 0.12409442422899647
137 91 0.2239804056837153
137 85 0.2187162083510482
137 84 0.0842421384556239
137 90 0.21238052953318132
137 47 0.10603465796717969
137 53 0.08740414563197559
123 76 0.1070606441975831
123 62 0.1173788543132394
123 89 0.05894572670057857
123 88 0.22905419254572168
123 63 0.09097976502773851
123 77 0.20570219971417386
123 49 0.19458876260899613
123 61 0.13965554423697302
123 75 0.1037110416746688
123 74 0.08818133261811817
123 60 0.12747797915956888
123 48 0.1267726382448137
123 64 0.08489176868848528
123 70 0.15518768234746513
123 58 0.2103742488958718
123 59 0.06274121792113367
123 71 0.46297863573561815
123 65 0.11380073832772919
123 73 0.0883727721806562
123 67 0.2882465921182989
123 66 0.16773965506002209
123 72 0.13197011628326918
123 57 0.42956121575680184
123 94 0.5558821256566363
123 80 0.49483916192069133
123 81 0.0889109361755624
123 95 0.14814735013776048
123 56 0.18209215028619313
123 68 0.34575286625914037
123 54 0.0872118983421872
123 83 0.24410832083786507
123 82 0.15065452411787394
123 55 0.07939941585244224
123 69 0.18327780181271494
123 51 0.14437267272791776
123 79 0.12027231689145909
123 86 0.22159011854964641
123 92 0.29165387069302007
123 93 0.2772263333636211
123 87 0.18103617089566781
123 78 0.26246482016720135
123 50 0.21510244250027039
123 52 0.0982650855956606
123 46 0.11744878827219735
123 91 0.32186325499403406
123 85 0.23228016363212295
123 84 0.175961681717576
123 90 0.282561796540156
123 47 0.15864678937871735
123 53 0.18746152252724185
127 76 0.17507152019433755
127 62 0.0904914605690243
127 89 0.11833997141386225
127 88 0.21414283904666906
127 63 0.14352313943755535
127 77 0.14057932192375477
127 49 0.24404537929214193
127 61 0.06669065052720877
127 75 0.06519237710569649
127 74 0.12561253858296123
127 60 0.08405868522590934
127 48 0.13753442916280992
127 64 0.09247481871002855
127 70 0.16858415779982314
127 58 0.21100390174990935
127 59 0.11262211445198113
127 71 0.3470919849868517
127 65 0.051576414417367586
127 73 0.04364913850599138
127 67 0.29753740806201273
127 66 0.17392943601042643
127 72 0.12372769078065343
127 57 0.3103263047194241
127 94 0.2698264279463527
127 80 0.36245533805760977
127 81 0.22210554382133504
127 95 0.19049222091153561
127 56 0.28382472725695407
127 68 0.48195039991525845
127 54 0.10850469154412709
127 83 0.07708083819338271
127 82 0.11857245465403331
127 55 0.11730064204015815
127 69 0.20429459777711562
127 51 0.24970032239228085
127 79 0.23621689048218786
127 86 0.23109371173182897
127 92 0.27583247352501694
127 93 0.24994198595962724
127 87 0.34270448205936455
127 78 0.19552983547236757
127 50 0.34479644667394493
127 52 0.20172212712867132
127 46 0.178684808644199
127 91 0.3146015973300498
127 85 0.2911539470374842
127 84 0.12350904437304636
127 90 0.27524543066889845
127 47 0.16660814372544216
127 53 0.12828616097311654
133 76 0.07151917886077311
133 62 0.2921408241562212
133 89 0.06354577320445233
133 88 0.19588284261118613
133 63 0.16975358467238835
133 77 0.2957810719643833
133 49 0.3885876240180568
133 61 0.11036522841472393
133 75 0.1116197546516445
133 74 0.18883807331569966
133 60 0.05629183889457717
133 48 0.2667340393687926
133 64 0.10641748941716855
133 70 0.13756338773119844
133 58 0.22688410477299248
133 59 0.08869536971723282
133 71 0.27915485053367445
133 65 0.07135404324384474
133 73 0.0963859712916364
133 67 0.21431678790035746
133 66 0.1250681013576308
133 72 0.0929294362857565
133 57 0.33107952090859993
133 94 0.23151987286999864
133 80 0.29682413487251436
133 81 0.20484589536066783
133 95 0.1467135317350351
133 56 0.1405482196369068
133 68 0.24286874948597986
133 54 0.12926668038577238
133 83 0.12102641061240117
133 82 0.22064229196395327
133 55 0.12189259839133666
133 69 0.1426010158581697
133 51 0.09495063138584883
133 79 0.345468334664903
133 86 0.12094418378967471
133 92 0.19674971567117372
133 93 0.17564734675395766
133 87 0.17200992535924411
133 78 0.14379674654600189
133 50 0.15051514911867098
133 52 0.1672506571210549
133 46 0.153095655109796
133 91 0.1669235331017216
133 85 0.16837159707528052
133 84 0.1557277228484037
133 90 0.15731057054755038
133 47 0.28182807875972293
133 53 0.4494250235164873
132 76 0.11022279129701786
132 62 0.1472778530202454
132 89 0.17500048609299595
132 88 0.3762199785800125
132 63 0.1903463807009878
132 77 0.31280747103514595
132 49 0.1371627126824965
132 61 0.09861075059596898
132 75 0.07735066180967924
132 74 0.1482590223736986
132 60 0.09676091844773109
132 48 0.1397580378081922
132 64 0.17367785961219917
132 70 0.24272110043802309
132 58 0.2038567746206674
132 59 0.06368831633481734
132 71 0.14017752273063677
132 65 0.09071009228981021
132 73 0.06496772540838583
132 67 0.2663085927967076
132 66 0.213239315169726
132 72 0.12077519517825128
132 57 0.32190937874779013
132 94 0.48713482046829926
132 80 0.149420032510989
132 81 0.2570127475974936
132 95 0.09732745269049972
132 56 0.3471707212023043
132 68 0.447561622886268
132 54 0.1980016687506265
132 83 0.22793428612915695
132 82 0.16753805738046262
132 55 0.16008110212633297
132 69 0.2467676231536865
132 51 0.09254899954390775
132 79 0.22144331724241717
132 86 0.14522132080299893
132 92 0.5081901760231489
132 93 0.4652870667462756
132 87 0.33688793542899026
132 78 0.24852884785808232
132 50 0.09720446222815371
132 52 0.5315389570451706
132 46 0.34580069671168806
132 91 0.4184936067510552
132 85 0.43853316923547914
132 84 0.09212843416363922
132 90 0.4430554042993877
132 47 0.23774898016265883
132 53 0.28889618270704887
126 76 0.10204655866269438
126 62 0.10450069689505356
126 89 0.1529818110580683
126 88 0.19155516426929853
126 63 0.1096050944126275
126 77 0.168659314349411
126 49 0.19801423513180869
126 61 0.14729748118269007
126 75 0.084942999688775
126 74 0.1165879440893903
126 60 0.16492791251491204
126 48 0.10619059122620111
126 64 0.1022529230566179
126 70 0.14902792717105107
126 58 0.09972787972517562
126 59 0.08537193112842292
126 71 0.39495301826558216
126 65 0.09270581405968963
126 73 0.08689686675572231
126 67 0.3763368780785362
126 66 0.18466236001778016
126 72 0.09880006405687439
126 57 0.3468596179430409
126 94 0.40511766708415553
126 80 0.4217047472069255
126 81 0.14115030189697494
126 95 0.03796618175066055
126 56 0.10661072464330532
126 68 0.35509549575466015
126 54 0.09009392875866523
126 83 0.3562068032837
126 82 0.09633171281863163
126 55 0.10647056167234359
126 69 0.23442061145295479
126 51 0.1510929222241395
126 79 0.11775502819784187
126 86 0.1780382324273862
126 92 0.430322255906713
126 93 0.3864120962799459
126 87 0.2134202697429553
126 78 0.30252425312610387
126 50 0.2361970575830419
126 52 0.08364587802805412
126 46 0.11950134486462106
126 91 0.4376371804870113
126 85 0.5653519787446234
126 84 0.0651534799314901
126 90 0.5552443532908213
126 47 0.06406394704269587
126 53 0.15182727936525864
118 76 0.18242538646150658
118 62 0.24131632061653194
118 89 0.11186534416076761
118 88 0.0998547886384841
118 63 0.07107431462289096
118 77 0.16797170239533799
118 49 0.3465093915678816
118 61 0.03134347295461018
118 75 0.057325940302923
118 74 0.10231032794517328
118 60 0.06728129478921283
118 48 0.2112359242202509
118 64 0.04991257451096205
118 70 0.10306561439789251
118 58 0.2785847011876807
118 59 0.2780502220807536
118 71 0.2188672329085491
118 65 0.08951539419590994
118 73 0.06527319363500851
118 67 0.1713171083908293
118 66 0.0618099141137418
118 72 0.04013285230466149
118 57 0.3002527027209793
118 94 0.10995336819967366
118 80 0.2360480014679865
118 81 0.4130413812376962
118 95 0.0924520007900431
118 56 0.3242970627043542
118 68 0.17472435485039156
118 54 0.05813818418498168
118 83 0.1522846433120727
118 82 0.09485752297182401
118 55 0.12270920343177927
118 69 0.11642857416529509
118 51 0.18347328246394348
118 79 0.24472557513668242
118 86 0.11327450873787107
118 92 0.09905791083897102
118 93 0.08604541518233078
118 87 0.19142375863678515
118 78 0.08211660215001726
118 50 0.2924864406862458
118 52 0.16943846751360317
118 46 0.1916509151448139
118 91 0.16883743564331288
118 85 0.11923031833903075
118 84 0.16931993418095187
118 90 0.11143597480960062
118 47 0.3868998563632797
118 53 0.3367952722690015
130 76 0.055313370273471496
130 62 0.10608987290075753
130 89 0.10417875999783893
130 88 0.2566092469507896
130 63 0.13166252557635924
130 77 0.12013556771350652
130 49 0.09895422502332066
130 61 0.08454327017785007
130 75 0.08495314917650448
130 74 0.07666857654904506
130 60 0.06097048105918659
130 48 0.0725971370407623
130 64 0.11883277041751708
130 70 0.16830629996553442
130 58 0.15332867842488984
130 59 0.07431615831274123
130 71 0.09994994134055302
130 65 0.06664834630908362
130 73 0.08372641477846088
130 67 0.17714261706065865
130 66 0.1740750194033652
130 72 0.09259566838281162
130 57 0.10053556684793594
130 94 0.26021439648931827
130 80 0.09814852979912994
130 81 0.1829756060863632
130 95 0.11438339591453767
130 56 0.1918903505440468
130 68 0.22416748811151638
130 54 0.1375547982515479
130 83 0.2205636896610863
130 82 0.09115624342799628
130 55 0.09623673093434656
130 69 0.16565659414787925
130 51 0.049006033055039644
130 79 0.13296172336289092
130 86 0.04074773771416906
130 92 0.2614461434493938
130 93 0.2396745387336352
130 87 0.24445551169322036
130 78 0.15611966211408304
130 50 0.08056179857324772
130 52 0.19813388783673874
130 46 0.264160288800856
130 91 0.22383510375464066
130 85 0.23185444075777795
130 84 0.11655370389733387
130 90 0.22462585824613635
130 47 0.14151480522366028
130 53 0.09907716054264926
124 76 0.10935863063781485
124 62 0.14551452188846356
124 89 0.06702101007853073
124 88 0.33203099948764647
124 63 0.0643154022529842
124 77 0.10659678715308285
124 49 0.16132625659305366
124 61 0.08471804082032819
124 75 0.0723023188332532
124 74 0.09411045090061682
124 60 0.08320733719209861
124 48 0.0933022030254792
124 64 0.08692707479556609
124 70 0.14569161378739012
124 58 0.1078264141302023
124 59 0.06627435882386068
124 71 0.2936613320081444
124 65 0.07038523130069742
124 73 0.08947748125129558
124 67 0.2754693787718155
124 66 0.14789991596693547
124 72 0.13525760188004682
124 57 0.2722758214761548
124 94 0.22794591322988475
124 80 0.3150017739337333
124 81 0.10281151002894054
124 95 0.2502287838810039
124 56 0.1442882969666628
124 68 0.30450444831971046
124 54 0.0863096307475148
124 83 0.32429689813308127
124 82 0.0882371210620949
124 55 0.06917772601238555
124 69 0.24148784211489716
124 51 0.14171852699873277
124 79 0.08411429820458033
124 86 0.1272280168527032
124 92 0.3042586512910083
124 93 0.2511570919339681
124 87 0.2284433044993348
124 78 0.2649943530339569
124 50 0.14914651832624704
124 52 0.14066452624852918
124 46 0.09711644328697087
124 91 0.7816488212479418
124 85 0.20730399816229383
124 84 0.06704350250917697
124 90 0.2270549179870519
124 47 0.15748303809946668
124 53 0.10228651537859328
125 76 0.08695175751444617
125 62 0.14154798689581796
125 89 0.15194920115112986
125 88 0.23474239210197045
125 63 0.10802772562163067
125 77 0.07591423055939048
125 49 0.18066952545684853
125 61 0.06857046334600368
125 75 0.08647004004828085
125 74 0.08705702072589128
125 60 0.08110759601031355
125 48 0.10600777600762605
125 64 0.06452718870078641
125 70 0.17088846153639592
125 58 0.07279934299915776
125 59 0.07001185269371875
125 71 0.3129239069891178
125 65 0.09635487645455211
125 73 0.10075717929107914
125 67 0.3836655823447046
125 66 0.1826146085717807
125 72 0.03957999255540923
125 57 0.33374776360893843
125 94 0.23691782395436556
125 80 0.3417132605486498
125 81 0.14448127883041134
125 95 0.09091822370940184
125 56 0.4446737263646465
125 68 0.47767377442843684
125 54 0.06738012825514497
125 83 0.35952588796866247
125 82 0.07700527601734251
125 55 0.11707746127039709
125 69 0.2410864255139034
125 51 0.125841629202438
125 79 0.1030450380865955
125 86 0.17519643483923555
125 92 0.2488786951179695
125 93 0.20806231925436372
125 87 0.21000815601369055
125 78 0.2894879617479652
125 50 0.18710028196814965
125 52 0.027161625672650597
125 46 0.09106593346404374
125 91 0.327357700195016
125 85 0.3010286691226806
125 84 0.09799811705500575
125 90 0.29192681060768516
125 47 0.07887842031620303
125 53 0.09256457736926708
131 76 0.10001840118931662
131 62 0.1525566228426557
131 89 0.1848672534229971
131 88 0.4635306963652054
131 63 0.19007006019041162
131 77 0.0404816665141816
131 49 0.055947530531046744
131 61 0.049242475576291744
131 75 0.054183646224911314
131 74 0.1655358481736392
131 60 0.1154840531996573
131 48 0.09827743640654052
131 64 0.17341961442676124
131 70 0.26352129888372267
131 58 0.5795585260644655
131 59 0.19570000693334283
131 71 0.060053297308607645
131 65 0.087249396722962
131 73 0.04376868236220047
131 67 0.29693350805794316
131 66 0.20480164244725904
131 72 0.052551479478836094
131 57 0.46666099287535523
131 94 0.3894052943200319
131 80 0.06526282424457587
131 81 0.25666413415516753
131 95 0.09375042373941682
131 56 0.15848748734735185
131 68 0.3949951044060386
131 54 0.19771704685447522
131 83 0.06454503491308732
131 82 0.10745475314835692
131 55 0.1599119869198519
131 69 0.26718709653993045
131 51 0.07615182379968113
131 79 0.1315428833507239
131 86 0.14328784052985633
131 92 0.4103543145730493
131 93 0.37156838216013177
131 87 0.41442257224804624
131 78 0.22675357144395092
131 50 0.04517404770625641
131 52 0.052951368642228006
131 46 0.23117152547630537
131 91 0.42189830618575497
131 85 0.36676624405167946
131 84 0.07671682163130161
131 90 0.36441575685735417
131 47 0.2028563406676851
131 53 0.04356826503795454
119 76 0.19499326158792915
119 62 0.19914818084815247
119 89 0.14502775840460552
119 88 0.2314657377085338
119 63 0.07494879328841038
119 77 0.4610852421361088
119 49 0.1923890672752266
119 61 0.22768613052657594
119 75 0.21091185524110112
119 74 0.16917083057488566
119 60 0.11121585348758015
119 48 0.18050954882238776
119 64 0.07856657580514784
119 70 0.2709894070008424
119 58 0.451861759983917
119 59 0.141452833230125
119 71 0.13506226177629962
119 65 0.08052461774174409
119 73 0.1962232351799073
119 67 0.2311837728337918
119 66 0.22105025452352567
119 72 0.17203776757277775
119 57 0.23843162270647011
119 94 0.30508125200425784
119 80 0.13390152036477426
119 81 0.1872249340717
119 95 0.24517648651826754
119 56 0.31786961935187763
119 68 0.37732205598139373
119 54 0.06503629151034108
119 83 0.31625023119079176
119 82 0.13044871161165847
119 55 0.1744512541789734
119 69 0.2473802761763595
119 51 0.12652120147538157
119 79 0.3925751881224123
119 86 0.18857058031367926
119 92 0.305269092367687
119 93 0.2750492810328949
119 87 0.31473895477815184
119 78 0.2621087557406052
119 50 0.11534069032384425
119 52 0.35926601768855204
119 46 0.3338071007373369
119 91 0.3135557021456634
119 85 0.35087951079384505
119 84 0.22285707807097221
119 90 0.33325626628356675
119 47 0.11316331411756339
119 53 0.20305637330285115
