114 76 0.07306304899581054
114 62 0.15759972735535516
114 89 0.07610302163545038
114 88 0.20321299972449575
114 63 0.05214813772966444
114 77 0.018186089291143
114 49 0.031303337965533334
114 61 0.019530723409628664
114 75 0.017953136651660026
114 74 0.13902971367363778
114 60 0.01982234141056012
114 48 0.03616481634282727
114 64 0.043046296060163566
114 70 0.22142730710770014
114 58 0.3865127386073828
114 59 0.027970792598624658
114 71 0.03695031599487712
114 65 0.01878869494593903
114 73 0.018836898458525098
114 67 0.18691565675744878
114 66 0.14240799492948775
114 72 0.023136107685839624
114 57 0.20548372215333488
114 94 0.2664588403541215
114 80 0.038305337947276655
114 81 0.14970585249422713
114 95 0.050831076001255415
114 56 0.11495483175998378
114 68 0.30551819431155913
114 54 0.048518225559995645
114 83 0.028348334705496414
114 82 0.04087071689889733
114 55 0.13322760018519636
114 69 0.23016194225917086
114 51 0.018015225117051614
114 79 0.05358166777364516
114 86 0.02219604570449167
114 92 0.2724572684359831
114 93 0.2307427884242257
114 87 0.19164713820226514
114 78 0.17998364755043555
114 50 0.03007590569787444
114 52 0.01187249104131688
114 46 0.08629999858632594
114 91 0.22744121603523829
114 85 0.2261109076665232
114 84 0.022355322037383094
114 90 0.22947600605834795
114 47 0.06883213427401258
114 53 0.020824698197088987
100 76 0.02160722356086202
100 62 0.07461538770380971
100 89 0.028295578223277357
100 88 0.07149681571726052
100 63 0.18255221563837276
100 77 0.01673932968823301
100 49 0.1664733234697524
100 61 0.018913281725537606
100 75 0.014225270185862934
100 74 0.020464189064676064
100 60 0.017809131206884668
100 48 0.07176624515845052
100 64 0.11057042887892513
100 70 0.060746665757395416
100 58 0.0691737048127539
100 59 0.0258511011163262
100 71 0.3827106561905782
100 65 0.015574185144993369
100 73 0.015377954454392995
100 67 0.19878362720901094
100 66 0.05917405382618125
100 72 0.019158820567641954
100 57 0.2716791408265562
100 94 0.08247118248930124
100 80 0.4194162845464423
100 81 0.059002552180227055
100 95 0.04555467155424331
100 56 0.10929524555688808
100 68 0.26535036153236546
100 54 0.034376037465138995
100 83 0.04968060268648851
100 82 0.03397627354383749
100 55 0.15226096817601795
100 69 0.09421783413906873
100 51 0.0849621553491735
100 79 0.026564743507320618
100 86 0.14983260802610598
100 92 0.07983148185383976
100 93 0.07295024229966536
100 87 0.07318166029341144
100 78 0.09219004214665544
100 50 0.16437555040053264
100 52 0.01281495386395054
100 46 0.13014523921286753
100 91 0.07396102784124856
100 85 0.0661248912863504
100 84 0.01803035848596858
100 90 0.0683960666146112
100 47 0.045533634088024064
100 53 0.019786731586787815
128 76 0.04002810867408671
128 62 0.05329154606990552
128 89 0.11471511660968983
128 88 0.31351111231896217
128 63 0.04941652076788672
128 77 0.06469738746684481
128 49 0.03386256566817508
128 61 0.021360694651358952
128 75 0.01676399320754783
128 74 0.03995979157384166
128 60 0.020324168061131825
128 48 0.03667443133661345
128 64 0.040839881608811746
128 70 0.21039849846205114
128 58 0.0733758117365049
128 59 0.02955164465318784
128 71 0.037507851800232944
128 65 0.018284122152358556
128 73 0.018636906765265526
128 67 0.2685100381203447
128 66 0.22063024313478147
128 72 0.05517809735178629
128 57 0.17725399641991962
128 94 0.4363071572406354
128 80 0.03917448745014292
128 81 0.19111088530557296
128 95 0.08517917666967706
128 56 0.18837271147053614
128 68 0.5501146459801834
128 54 0.09129439783295384
128 83 0.028281538891900784
128 82 0.04174668514183065
128 55 0.08547733440652337
128 69 0.26222349750059804
128 51 0.018720661189049956
128 79 0.10526964461722278
128 86 0.024969611556384552
128 92 0.44770579323315896
128 93 0.3707503749757062
128 87 0.2984110667265172
128 78 0.26487849885881565
128 50 0.03191672878272138
128 52 0.013662482740245924
128 46 0.1292534011794901
128 91 0.3650694266226709
128 85 0.370343739917364
128 84 0.0211085783681864
128 90 0.37540240045662976
128 47 0.0774142102203756
128 53 0.02209396123784714
129 76 0.0446403250897857
129 62 0.174993218761396
129 89 0.15566510244935353
129 88 0.40134321277423013
129 63 0.10201406195056008
129 77 0.044571059553904294
129 49 0.06813331721891613
129 61 0.04389250194732523
129 75 0.03868308739941313
129 74 0.06040467553638128
129 60 0.04358387917663942
129 48 0.07566237980002613
129 64 0.08400526650071466
129 70 0.3371862044124058
129 58 0.47361848115898053
129 59 0.0550585115633203
129 71 0.07460427217911739
129 65 0.04408749922004074
129 73 0.042512151391398065
129 67 0.3604228637088467
129 66 0.2843304804503958
129 72 0.04732002336305513
129 57 0.41677320742395596
129 94 0.5432523107547998
129 80 0.07743619611512001
129 81 0.2778310362794501
129 95 0.0994096631415807
129 56 0.22006968898468665
129 68 0.5548671015849242
129 54 0.14284357019018012
129 83 0.05867101572989615
129 82 0.21169445456896796
129 55 0.13348484327821036
129 69 0.3867218173746474
129 51 0.0409790811796963
129 79 0.12702766189999845
129 86 0.05340419634045207
129 92 0.5498965455949376
129 93 0.4615737511657302
129 87 0.3832646759663816
129 78 0.3339363259069025
129 50 0.06280821080154707
129 52 0.03190168776097567
129 46 0.19084633542125645
129 91 0.4530193213388283
129 85 0.4562193882407668
129 84 0.04637614269262484
129 90 0.463348793845881
129 47 0.13627394645489294
129 53 0.047160603224920536
101 76 0.024680920836107442
101 62 0.03695655674992071
101 89 0.025878871508336315
101 88 0.09425640555725488
101 63 0.029832822521207183
101 77 0.013658662080633474
101 49 0.09518831350235073
101 61 0.01964558323363086
101 75 0.012420031395237355
101 74 0.017384580255257076
101 60 0.01702605467441258
101 48 0.040969678786017955
101 64 0.025190123304157555
101 70 0.055869200323686655
101 58 0.05283839386132663
101 59 0.028834664475726315
101 71 0.16212910715615012
101 65 0.014078604063817918
101 73 0.013820523059127732
101 67 0.1113280666310699
101 66 0.05933398777676882
101 72 0.01693125526483448
101 57 0.14268092204750785
101 94 0.12932720829601807
101 80 0.17676578192211267
101 81 0.0537738989267679
101 95 0.03266941113725588
101 56 0.08289418421195881
101 68 0.1581183465844006
101 54 0.027579267601556823
101 83 0.030583166333560938
101 82 0.028541440494255416
101 55 0.07526298472672507
101 69 0.07355645319227223
101 51 0.041383551211512645
101 79 0.025316103606104992
101 86 0.06883573051191888
101 92 0.13255253536944944
101 93 0.11906415859166562
101 87 0.06495268598319807
101 78 0.0737399894181228
101 50 0.1107518679427767
101 52 0.014031482836017795
101 46 0.0384426051666346
101 91 0.11329189032586756
101 85 0.1042844826700476
101 84 0.04265820917493608
101 90 0.10610379378670486
101 47 0.03766067632445036
101 53 0.017071781678161854
115 76 0.03713587180695818
115 62 0.036137486206224964
115 89 0.015610325038750344
115 88 0.04892736083881313
115 63 0.02102060892936375
115 77 0.00883083812987083
115 49 0.01648726782638847
115 61 0.009115312583771032
115 75 0.004193972211835317
115 74 0.07701726623494669
115 60 0.00747994898527575
115 48 0.016047204320293648
115 64 0.08079705889310673
115 70 0.056897491950550244
115 58 0.03400919219769133
115 59 0.01438095332990326
115 71 0.018206754096073932
115 65 0.004633131193346893
115 73 0.005500706405829531
115 67 0.045384683947672935
115 66 0.1535706206022955
115 72 0.06384676700825506
115 57 0.05097846967559806
115 94 0.12871001486080585
115 80 0.019340528612378297
115 81 0.07366855660565717
115 95 0.013190491499195642
115 56 0.17419812500718546
115 68 0.09021172900898856
115 54 0.019865711554806473
115 83 0.1482110583861417
115 82 0.036189284100351105
115 55 0.12593922888456693
115 69 0.04440049989219026
115 51 0.005977306650444172
115 79 0.015084076815655309
115 86 0.010199053765480137
115 92 0.12965611272001118
115 93 0.11659811909553638
115 87 0.05004470861135896
115 78 0.04491103304386741
115 50 0.015185715904871985
115 52 0.614087952242648
115 46 0.43582170536813025
115 91 0.10875822391519167
115 85 0.09989464165768386
115 84 0.03863863661098309
115 90 0.1021606142650742
115 47 0.1974543268197359
115 53 0.15830502981522682
103 76 0.04102254616297396
103 62 0.12764517093506908
103 89 0.0432595903621904
103 88 0.09237996781371399
103 63 0.04764162292708908
103 77 0.026436546722229226
103 49 0.040526314599389865
103 61 0.03335455451696402
103 75 0.026012056518502455
103 74 0.034669575241759065
103 60 0.03058167599433287
103 48 0.040250949492322385
103 64 0.041813541310036256
103 70 0.17577528713646254
103 58 0.5957140998641591
103 59 0.045171741666417506
103 71 0.04356655306988677
103 65 0.02854698428844779
103 73 0.027429797555508784
103 67 0.10962742546117937
103 66 0.27187963795084424
103 72 0.031328119993916964
103 57 0.2551739723462225
103 94 0.10215727668480165
103 80 0.044797276731359956
103 81 0.14247574993840909
103 95 0.04103130592970658
103 56 0.08964791564999638
103 68 0.27924125752872875
103 54 0.045269421454626646
103 83 0.03521732273001944
103 82 0.04574049232730862
103 55 0.05492484915700846
103 69 0.20082101414590797
103 51 0.02882786844557124
103 79 0.04283989350046563
103 86 0.033357745252498336
103 92 0.10408103958282765
103 93 0.09428600446888545
103 87 0.0935198212867025
103 78 0.12005073961895069
103 50 0.04182899695029561
103 52 0.02684905692307453
103 46 0.05854213100186402
103 91 0.09597157394763808
103 85 0.08734149077991105
103 84 0.029373052335424005
103 90 0.08949307600875658
103 47 0.057255391944154646
103 53 0.030418806889675326
117 76 0.11282382854197567
117 62 0.20855005049394948
117 89 0.021263302192665853
117 88 0.10521510953643858
117 63 0.030764639728445814
117 77 0.27329794652969397
117 49 0.1392509997467734
117 61 0.06726101118708308
117 75 0.5689842501156149
117 74 0.27299721850822556
117 60 0.010091959870766304
117 48 0.35298554992392495
117 64 0.1083831789066153
117 70 0.1888299156021905
117 58 0.4908341707903243
117 59 0.016599595261959643
117 71 0.06012054054170714
117 65 0.009557023534760456
117 73 0.3202390662493735
117 67 0.10533485527481695
117 66 0.04533902352213276
117 72 0.08673194756023839
117 57 0.18528599026651665
117 94 0.15475583328853407
117 80 0.06149990947465797
117 81 0.1896826009128984
117 95 0.06397666354291102
117 56 0.22592640761705435
117 68 0.21769238171851585
117 54 0.02808680588242833
117 83 0.5525901547041512
117 82 0.04803399677511856
117 55 0.12131195125951798
117 69 0.1991832732679958
117 51 0.08791317972880615
117 79 0.3184719631885258
117 86 0.012437760366411213
117 92 0.1573686714312136
117 93 0.1428199176060013
117 87 0.19391004526888306
117 78 0.21333807757722514
117 50 0.018406381796088986
117 52 0.007041905467393181
117 46 0.24747914475700555
117 91 0.16785258445923923
117 85 0.15670868382224748
117 84 0.08233791930475551
117 90 0.15911499079447886
117 47 0.03705731513243761
117 53 0.028429903075092064
116 76 0.1161576771090852
116 62 0.15514180833672309
116 89 0.11149070275370408
116 88 0.27236539941411386
116 63 0.07290872809033613
116 77 0.037596038511211544
116 49 0.05591151505377162
116 61 0.10193494284953959
116 75 0.03664022143170302
116 74 0.05140332489920102
116 60 0.041649233380307765
116 48 0.058276267739260784
116 64 0.0633428310247625
116 70 0.3419118344632799
116 58 0.5003619114015581
116 59 0.09453596734437712
116 71 0.05859588802293855
116 65 0.0392824589522074
116 73 0.038687370115248615
116 67 0.25521488145670235
116 66 0.2514650263684166
116 72 0.04454162253572001
116 57 0.354891019381268
116 94 0.3542884517700141
116 80 0.060055496946083364
116 81 0.20457702731201882
116 95 0.08076587531508211
116 56 0.26800467781571236
116 68 0.43329768214870934
116 54 0.06893198196134373
116 83 0.2231597097535717
116 82 0.2448052230547241
116 55 0.17965365375796893
116 69 0.3113955200688946
116 51 0.037673327907715895
116 79 0.08403863006805734
116 86 0.04424127486320786
116 92 0.36488691503853904
116 93 0.3091242194516952
116 87 0.2560299073761829
116 78 0.25094112457654033
116 50 0.05520226718041239
116 52 0.03525852467814666
116 46 0.2625399060723332
116 91 0.30546461653725887
116 85 0.3042780945699668
116 84 0.08245315820967551
116 90 0.30840675321228417
116 47 0.0961932660251915
116 53 0.04202379163325139
102 76 0.011157025359453135
102 62 0.07094186616368925
102 89 0.017353899402217293
102 88 0.04794898980642291
102 63 0.02515636986461818
102 77 0.008543365829369265
102 49 0.017466872253241145
102 61 0.009279681278786658
102 75 0.007275415376162955
102 74 0.013332816504838862
102 60 0.008744215914499379
102 48 0.018149697506624998
102 64 0.01993326475750394
102 70 0.09751083966339012
102 58 0.35957638652801693
102 59 0.014854810363225002
102 71 0.0226509023495457
102 65 0.008349744054686845
102 73 0.008028690509911104
102 67 0.058513600105431704
102 66 0.03769334257640819
102 72 0.010542135733836028
102 57 0.15027252428627527
102 94 0.055150974862336805
102 80 0.023791423715305376
102 81 0.07787669965688385
102 95 0.01516973607928837
102 56 0.04384416359978799
102 68 0.14182484697432457
102 54 0.022715929896505963
102 83 0.013640394088295746
102 82 0.021477823516277292
102 55 0.02610388429690655
102 69 0.1123740604822505
102 51 0.008631512290583662
102 79 0.016582836694080755
102 86 0.012189083191774697
102 92 0.05333428296575343
102 93 0.048257206419752285
102 87 0.049283993189006434
102 78 0.06172360389534948
102 50 0.01692713389939747
102 52 0.005488133298275591
102 46 0.030781796967949
102 91 0.04849368413470442
102 85 0.04401560648902168
102 84 0.009730428432617663
102 90 0.04502459171020061
102 47 0.03044091226405729
102 53 0.010059965488414355
106 76 0.04690995377223646
106 62 0.0860805553878562
106 89 0.025724190825286986
106 88 0.0656912551113226
106 63 0.033198063075011386
106 77 0.011974270051299557
106 49 0.024002861297177686
106 61 0.01664795804366455
106 75 0.011839750554700268
106 74 0.018008391303186655
106 60 0.015036676815480862
106 48 0.02469621689927666
106 64 0.02704036195587016
106 70 0.1208541580690855
106 58 0.41412399177151205
106 59 0.02493762611286264
106 71 0.027050419703347317
106 65 0.013413783194314174
106 73 0.013026273299032914
106 67 0.07552832687344656
106 66 0.05527799804534435
106 72 0.07117770478059812
106 57 0.178229304201309
106 94 0.07292431244511124
106 80 0.028043988472056372
106 81 0.09784159489430166
106 95 0.023155824232013913
106 56 0.07751356697832001
106 68 0.17564169020376713
106 54 0.030232572041382078
106 83 0.01970027927003304
106 82 0.06296362377627965
106 55 0.11440263819195445
106 69 0.13955299526343418
106 51 0.013324080845593347
106 79 0.023810585577405882
106 86 0.017467843298864486
106 92 0.0729568570251842
106 93 0.0655966215720005
106 87 0.06633524711662007
106 78 0.0821905330552449
106 50 0.024060946717897436
106 52 0.010948314095394152
106 46 0.04057417920227169
106 91 0.06617120001999563
106 85 0.059189073925547536
106 84 0.015416764775214267
106 90 0.06095325287259873
106 47 0.040058955505959476
106 53 0.015682172254584306
112 76 0.03891549743870047
112 62 0.11147247858459507
112 89 0.04567730583047876
112 88 0.09935703670718199
112 63 0.05466943284091169
112 77 0.02474161381774352
112 49 0.04101608553938921
112 61 0.032295049384945373
112 75 0.026986888081934224
112 74 0.037169944797308244
112 60 0.030398327736201797
112 48 0.04239051755327333
112 64 0.04627022783823345
112 70 0.15697928231059838
112 58 0.4731936220154649
112 59 0.0447763256377923
112 71 0.046172370664979895
112 65 0.028873395079911685
112 73 0.027978272000853996
112 67 0.10635227616710506
112 66 0.08382148772966494
112 72 0.03385971126045409
112 57 0.21581482249443434
112 94 0.10629007941889192
112 80 0.047172143604145914
112 81 0.13174765585355228
112 95 0.042947399895498076
112 56 0.12453789380728017
112 68 0.22350255743085096
112 54 0.05067806749662296
112 83 0.03682697479907093
112 82 0.04858981862821925
112 55 0.22595236791037185
112 69 0.18129922238763196
112 51 0.02762764347529925
112 79 0.043101757644176036
112 86 0.03171270908291053
112 92 0.10896799148957852
112 93 0.09925271740971574
112 87 0.10058715974575755
112 78 0.11826598561841432
112 50 0.04162237720197999
112 52 0.025273589255695436
112 46 0.06498164997425937
112 91 0.0991424055338089
112 85 0.09180544325497098
112 84 0.03207216639008777
112 90 0.09303942412641372
112 47 0.06261194552204603
112 53 0.030282077801816992
113 76 0.05681885667117452
113 62 0.13679530555507713
113 89 0.13366890678997437
113 88 0.3454367531558221
113 63 0.07571049461737392
113 77 0.07765032794767152
113 49 0.05275133764367282
113 61 0.03756316358483894
113 75 0.03202624245900268
113 74 0.05882156008966401
113 60 0.03648798203780626
113 48 0.05732589705532799
113 64 0.0643744155608349
113 70 0.28459645374268394
113 58 0.4046054692699431
113 59 0.04919195594234496
113 71 0.057569197514731024
113 65 0.03467430399817409
113 73 0.03418138475153555
113 67 0.3104221931754388
113 66 0.24781631098107265
113 72 0.0710660555795121
113 57 0.30183145242057097
113 94 0.46628570082311416
113 80 0.059470636285183356
113 81 0.23651002851796563
113 95 0.10314649923221922
113 56 0.3180357025044111
113 68 0.5531181805983363
113 54 0.0708834177646149
113 83 0.17957512281485963
113 82 0.06360997779455324
113 55 0.16568759490986495
113 69 0.35662210692977014
113 51 0.03337027330099987
113 79 0.10855591650388764
113 86 0.04080511946716396
113 92 0.4779995737498993
113 93 0.4004780579315824
113 87 0.31973639706924184
113 78 0.31129753798682536
113 50 0.05045314065858941
113 52 0.02770027640686916
113 46 0.24748385502931114
113 91 0.3941815683259722
113 85 0.39782226786573127
113 84 0.06851189512005948
113 90 0.4029893930003795
113 47 0.10489832733739418
113 53 0.03753797684553878
107 76 0.012512413511153453
107 62 0.015626172538563063
107 89 0.012609587993320848
107 88 0.040560531731341984
107 63 0.013389295789746236
107 77 0.0031212622211247293
107 49 0.012281878549340403
107 61 0.008010775350946547
107 75 0.003177997667695734
107 74 0.006734588625940938
107 60 0.006345892656692109
107 48 0.010714654320479175
107 64 0.010831282172202111
107 70 0.03235748307966611
107 58 0.027786590613064932
107 59 0.014414351705496972
107 71 0.014489888225951736
107 65 0.004927333318883856
107 73 0.004119892616240239
107 67 0.08859503939874228
107 66 0.17040661463671283
107 72 0.0054114796926104936
107 57 0.09779606790608947
107 94 0.045132133273402056
107 80 0.015411612726067878
107 81 0.03149653353644696
107 95 0.012349560457838069
107 56 0.4465860505265442
107 68 0.3976566867757435
107 54 0.012388336002995673
107 83 0.008565090625373473
107 82 0.01304531361499256
107 55 0.016363737344205154
107 69 0.03847115111402781
107 51 0.005499134378334214
107 79 0.011998850995223895
107 86 0.00869454334065728
107 92 0.04608594237488099
107 93 0.04134616514359084
107 87 0.04037322695396266
107 78 0.03889227021541701
107 50 0.013411722846737084
107 52 0.004062716395234603
107 46 0.019612026532362797
107 91 0.04281201914643144
107 85 0.03609967345922639
107 84 0.004472936390394436
107 90 0.03755276703607133
107 47 0.019564370427481576
107 53 0.006598677074374282
139 76 0.0752695390416778
139 62 0.03927647428697126
139 89 0.06004630400162843
139 88 0.15925450045958492
139 63 0.036469470639326845
139 77 0.017062555145964636
139 49 0.029156526244753983
139 61 0.05612830331718495
139 75 0.014667045027075248
139 74 0.032380076495994364
139 60 0.01893702481534444
139 48 0.029114983437564454
139 64 0.030965338649392007
139 70 0.16476086625831737
139 58 0.05670359444899134
139 59 0.09009838891102884
139 71 0.030586095531668522
139 65 0.01601752478348209
139 73 0.01632858208031178
139 67 0.13953474586793738
139 66 0.2351960152149688
139 72 0.0198459636083613
139 57 0.14007761567234675
139 94 0.2644557926854356
139 80 0.031833926125996795
139 81 0.10542112859106678
139 95 0.04282873289300432
139 56 0.10364913424892731
139 68 0.23567527424711915
139 54 0.06854854451181924
139 83 0.038227194589890115
139 82 0.08325484019025628
139 55 0.05484455983532166
139 69 0.13119108666061152
139 51 0.017206022271083296
139 79 0.05604559273296471
139 86 0.02233634224707237
139 92 0.27196693098794467
139 93 0.23218687263463605
139 87 0.15788575893971551
139 78 0.13315573656223653
139 50 0.02880338594433486
139 52 0.015337961379031567
139 46 0.07969944066608413
139 91 0.22481769730667617
139 85 0.21944827463187877
139 84 0.018414947032727752
139 90 0.22287937484052775
139 47 0.052334858812644894
139 53 0.02000767103497006
111 76 0.0841718803342986
111 62 0.16915312259364879
111 89 0.12525325402401827
111 88 0.280106133705172
111 63 0.0964381594175609
111 77 0.05183609940691773
111 49 0.0789886339229302
111 61 0.07031111795133696
111 75 0.05614427730144486
111 74 0.07486653742142951
111 60 0.06481316875483115
111 48 0.08003711004954249
111 64 0.08451475095714833
111 70 0.32715903691989945
111 58 0.4474621158879185
111 59 0.094327984179802
111 71 0.08011683126859798
111 65 0.06109523891557575
111 73 0.058692077556837335
111 67 0.28516565745796896
111 66 0.2625882132458741
111 72 0.06691738486964263
111 57 0.31134241125607615
111 94 0.3421893703782436
111 80 0.08107402447779027
111 81 0.22490424733640213
111 95 0.10317143125096286
111 56 0.230522506091852
111 68 0.5235923113629893
111 54 0.09052677053451516
111 83 0.07214760144853795
111 82 0.08919271492428102
111 55 0.24878592982329034
111 69 0.4325766884856299
111 51 0.058048939419452814
111 79 0.13622863290172585
111 86 0.06469370749310113
111 92 0.3577259011586139
111 93 0.30730961214058694
111 87 0.283425363294412
111 78 0.41798346693001753
111 50 0.08064773174604198
111 52 0.05863251896896661
111 46 0.13834596123964943
111 91 0.30425207291977074
111 85 0.3006043409193814
111 84 0.06430064975852945
111 90 0.3031528848131102
111 47 0.11926044284687262
111 53 0.061285714540631156
105 76 0.049864009618298
105 62 0.06556072046759749
105 89 0.03922445497845212
105 88 0.0869400487180351
105 63 0.04516731582823104
105 77 0.0258996572814698
105 49 0.14275805552852783
105 61 0.03234444929340863
105 75 0.023420092307225596
105 74 0.042217103954202126
105 60 0.02922869042375542
105 48 0.07055586487315652
105 64 0.03905360820685601
105 70 0.07482381533610741
105 58 0.06906986438399283
105 59 0.04319419596022271
105 71 0.3021742649498744
105 65 0.02535395580030711
105 73 0.025236630131223348
105 67 0.19392329443221482
105 66 0.15079126728616515
105 72 0.028543091054231043
105 57 0.27995475175807594
105 94 0.09915937390949972
105 80 0.32975957830484914
105 81 0.0726722781337425
105 95 0.053438439648815575
105 56 0.26263142018988966
105 68 0.37196786727415576
105 54 0.041856888177766075
105 83 0.1737575333523349
105 82 0.04380850620682197
105 55 0.04385380928773226
105 69 0.1320894329590921
105 51 0.07791465287959831
105 79 0.038919607723690366
105 86 0.12811202450760317
105 92 0.09810653446699648
105 93 0.08851970693315023
105 87 0.08705350755713734
105 78 0.14893875296838988
105 50 0.14164724208241647
105 52 0.025033194948699267
105 46 0.05495068974641508
105 91 0.09022613283359021
105 85 0.08207651140679297
105 84 0.027285354042374754
105 90 0.0837358690594322
105 47 0.055220502178425904
105 53 0.030054822074128018
104 76 0.016673431648273937
104 62 0.12413876454289019
104 89 0.026393106789311505
104 88 0.06667121427468567
104 63 0.03749530031435158
104 77 0.013018735294683906
104 49 0.023916151307178293
104 61 0.01404311942971602
104 75 0.012583694166377515
104 74 0.020604927860958064
104 60 0.013953168920426695
104 48 0.026523151455130498
104 64 0.030128589121597535
104 70 0.16447226358256578
104 58 0.6613478537534744
104 59 0.020306109694708196
104 71 0.02934130838183735
104 65 0.014444194923971462
104 73 0.01346975171856217
104 67 0.086704059611178
104 66 0.05081416284666161
104 72 0.017189813615923005
104 57 0.2548704067359977
104 94 0.07440780589035646
104 80 0.030536519050494218
104 81 0.1282552875245513
104 95 0.021603618062197294
104 56 0.08279936844074906
104 68 0.22904311206743833
104 54 0.034247265902951005
104 83 0.020527786598401196
104 82 0.03193561412706816
104 55 0.10632035660183917
104 69 0.18981467684218922
104 51 0.013278260083473867
104 79 0.023962904010022698
104 86 0.017424420333405535
104 92 0.07261645096522382
104 93 0.06666364089996818
104 87 0.0686335995815398
104 78 0.0937063416733552
104 50 0.023553669939859564
104 52 0.008941837706988448
104 46 0.04428154182963204
104 91 0.06676758589080185
104 85 0.0596144715536851
104 84 0.01584918309537471
104 90 0.061878835261641674
104 47 0.043676337110563165
104 53 0.01564358252124251
110 76 0.031700966947000184
110 62 0.12739163644612714
110 89 0.1681080753760924
110 88 0.2673960035437064
110 63 0.04061328287949022
110 77 0.1990405690648422
110 49 0.0566371873553046
110 61 0.015985587955204952
110 75 0.013642820899663954
110 74 0.054749888163431126
110 60 0.07894787715980353
110 48 0.06637606688870198
110 64 0.032693498653500686
110 70 0.18813831303629766
110 58 0.31783792345516143
110 59 0.02357947866294624
110 71 0.17351978916019015
110 65 0.014465836512668875
110 73 0.014272380003411467
110 67 0.16824474556648086
110 66 0.11431783222557375
110 72 0.12064509240040679
110 57 0.2313664582140716
110 94 0.2605633544391204
110 80 0.1760419251575542
110 81 0.21526782520920737
110 95 0.0794262145886697
110 56 0.15351177289028198
110 68 0.35672198770908303
110 54 0.07159253080571594
110 83 0.022411004382329014
110 82 0.13770735633541029
110 55 0.11372540613431828
110 69 0.3751163040853144
110 51 0.013893432777401932
110 79 0.147118410022206
110 86 0.017730934765887163
110 92 0.2681475284900199
110 93 0.3268747788312133
110 87 0.21277266107135662
110 78 0.2730368839117042
110 50 0.02553040414474181
110 52 0.009613433913028588
110 46 0.1310729379926192
110 91 0.24302443387014416
110 85 0.23792988828579514
110 84 0.01789929664391554
110 90 0.24095929014653494
110 47 0.10433104357524206
110 53 0.026746684316086358
138 76 0.08133235534086297
138 62 0.12028972556305512
138 89 0.09104495969849284
138 88 0.22011390376704582
138 63 0.062375521562006916
138 77 0.0747687924856783
138 49 0.053754880070657235
138 61 0.04469271182743241
138 75 0.0333722395180296
138 74 0.06581267581218236
138 60 0.040155701418654724
138 48 0.05340265020350232
138 64 0.05582994477979816
138 70 0.20155953527809986
138 58 0.08123091340509023
138 59 0.05973258497951554
138 71 0.0536495305199204
138 65 0.0342916123727703
138 73 0.03578546450034592
138 67 0.22652564533353922
138 66 0.2760722225916281
138 72 0.1278497240831472
138 57 0.203404274030481
138 94 0.2817632747182504
138 80 0.05519359997309321
138 81 0.1516779051463243
138 95 0.08521928771918325
138 56 0.20094815996223492
138 68 0.4258011999260267
138 54 0.05993609356650893
138 83 0.07156200158573894
138 82 0.07680762264275756
138 55 0.07218371938298325
138 69 0.20267879829169033
138 51 0.036625134633110096
138 79 0.08629104429182137
138 86 0.04305684165111799
138 92 0.2893663366407989
138 93 0.24575668124395733
138 87 0.23003297063473538
138 78 0.20762150963093667
138 50 0.0534234024772392
138 52 0.03476097308452844
138 46 0.13301514084583563
138 91 0.24551518088674207
138 85 0.23919948817047365
138 84 0.038606660341771334
138 90 0.24325268488191915
138 47 0.12149005023692896
138 53 0.11065849179313063
140 76 0.08668778364984825
140 62 0.05231536068724896
140 89 0.05074090304121122
140 88 0.13240635686784216
140 63 0.056420326760391104
140 77 0.013502934828563198
140 49 0.06528750943358863
140 61 0.046882406929010176
140 75 0.013900715000791986
140 74 0.03448965532964214
140 60 0.017983319462491612
140 48 0.024904105779764943
140 64 0.026129445987815705
140 70 0.16691283670295437
140 58 0.06015708345368011
140 59 0.04721347334748163
140 71 0.027024662515953077
140 65 0.015630348128161345
140 73 0.015062416085349667
140 67 0.13221919255466366
140 66 0.21123855059859922
140 72 0.018692660511260825
140 57 0.17763816355268452
140 94 0.1711168434729846
140 80 0.027909556891602655
140 81 0.09596639165453622
140 95 0.0383054241899423
140 56 0.07651269364691021
140 68 0.25397962763009774
140 54 0.028650775788174987
140 83 0.021027076428931743
140 82 0.08177781133279607
140 55 0.05216611805803108
140 69 0.18592219908915628
140 51 0.01623659462322502
140 79 0.038727419531784504
140 86 0.019873126733132518
140 92 0.17780782755322966
140 93 0.1499814777868006
140 87 0.1352781640587194
140 78 0.2061412408227139
140 50 0.06598503625848084
140 52 0.014740640628576107
140 46 0.05343092488938439
140 91 0.1497552343651201
140 85 0.14687228634355387
140 84 0.02795369511658502
140 90 0.1490345175897817
140 47 0.051893988633617036
140 53 0.017568684320889136
135 76 0.08182765060892244
135 62 0.21801440635921246
135 89 0.06976581281856135
135 88 0.20763655734247635
135 63 0.06162554596169409
135 77 0.20487091373768618
135 49 0.3214310650693937
135 61 0.02581876849561701
135 75 0.32658432005412646
135 74 0.17245107791312866
135 60 0.024845598859354265
135 48 0.35090604320979607
135 64 0.051335208482500075
135 70 0.16027527314743545
135 58 0.10046199562895096
135 59 0.03204343203369797
135 71 0.2160032333393572
135 65 0.02264381317540358
135 73 0.21878104526584968
135 67 0.2530746260605976
135 66 0.13359000163183096
135 72 0.051017170917372054
135 57 0.26159877692970923
135 94 0.2891647761650463
135 80 0.23350638717574052
135 81 0.2436943997101206
135 95 0.11302895791635525
135 56 0.3075419761166192
135 68 0.41153993440208914
135 54 0.08964683188701263
135 83 0.47171044078690627
135 82 0.05354053855563855
135 55 0.07887926600172034
135 69 0.20224864551209568
135 51 0.12987597193588823
135 79 0.1877478173536905
135 86 0.08693600833246512
135 92 0.28730721307002016
135 93 0.24830687072636104
135 87 0.2550409770081532
135 78 0.2508697201194119
135 50 0.10831123274645262
135 52 0.018146917667798773
135 46 0.3009211012851913
135 91 0.25984338174864186
135 85 0.25138343673501345
135 84 0.1217754697517931
135 90 0.2567020618238396
135 47 0.1980671945721565
135 53 0.256285969873318
121 76 0.10096767577098296
121 62 0.09521790703917603
121 89 0.0775956165203455
121 88 0.3056283143300807
121 63 0.12109486803067387
121 77 0.0501161617508494
121 49 0.1352173748301014
121 61 0.013765227398339283
121 75 0.009644618230766705
121 74 0.0692000150150434
121 60 0.06232462142324803
121 48 0.10204883928952939
121 64 0.09110348794593877
121 70 0.17126400827648836
121 58 0.05391035031795603
121 59 0.01956908693990654
121 71 0.32988189521671796
121 65 0.060314616216036815
121 73 0.011100070996489117
121 67 0.32403675611511995
121 66 0.17253004483455384
121 72 0.04162973334655254
121 57 0.36186099848293585
121 94 0.37873393776335296
121 80 0.3599743277548687
121 81 0.10332350886760197
121 95 0.08886874107313177
121 56 0.17688838358500397
121 68 0.3978621543057166
121 54 0.10784367437648452
121 83 0.3043854349759443
121 82 0.04715170689560384
121 55 0.15100888358118467
121 69 0.36674351806823
121 51 0.08903288778770431
121 79 0.07587520980773318
121 86 0.12044454420476337
121 92 0.5032533002377889
121 93 0.3282158807524468
121 87 0.22014398164460205
121 78 0.48110565278266304
121 50 0.13228818915243898
121 52 0.0075261092857885625
121 46 0.12674451302985576
121 91 0.31553732383478394
121 85 0.31467953999319087
121 84 0.01339998112613773
121 90 0.318977164901316
121 47 0.1842384347649398
121 53 0.028932895673777895
109 76 0.05621059126200803
109 62 0.10071717801405447
109 89 0.06008909573606823
109 88 0.18506962751263156
109 63 0.038622181123082175
109 77 0.16244676527048307
109 49 0.056328487200784164
109 61 0.018475675291384386
109 75 0.015096244186029922
109 74 0.08208178146495008
109 60 0.01755962127112312
109 48 0.04660895016197729
109 64 0.07888766160225666
109 70 0.22676120204802802
109 58 0.3209062586506092
109 59 0.028056344029946584
109 71 0.031238761282840463
109 65 0.016441312788053566
109 73 0.015655145860564393
109 67 0.18680420144582732
109 66 0.1428018110188686
109 72 0.06238975750998092
109 57 0.21661914175279662
109 94 0.25489235703092855
109 80 0.03210498664121632
109 81 0.2223164851668443
109 95 0.06918216602925362
109 56 0.11974888931879993
109 68 0.3553735553670828
109 54 0.0352217929182749
109 83 0.023043069398746396
109 82 0.045346447700346654
109 55 0.10604482165642057
109 69 0.2770939235164306
109 51 0.01571002518770516
109 79 0.15045839130586147
109 86 0.01862131435274779
109 92 0.26488202257948706
109 93 0.2276199380693046
109 87 0.19018839134728324
109 78 0.2865574934595963
109 50 0.026889306178943265
109 52 0.012987856822526483
109 46 0.13324100639963304
109 91 0.2398601932711101
109 85 0.23519442500583002
109 84 0.4581119524891676
109 90 0.23772282220774812
109 47 0.052060142063169446
109 53 0.027200316100729136
108 76 0.09672941232925035
108 62 0.18766318006097218
108 89 0.1344915816731328
108 88 0.30734113910903144
108 63 0.10990653545259481
108 77 0.10652204278511375
108 49 0.08601846488971951
108 61 0.06985259939790733
108 75 0.05780819452381279
108 74 0.086513813048736
108 60 0.06575979268054843
108 48 0.08946147329108234
108 64 0.09518202835711154
108 70 0.3029700672298841
108 58 0.5046526042339066
108 59 0.09058764525715246
108 71 0.089023635627605
108 65 0.06324450143368023
108 73 0.06124244831470596
108 67 0.2855606114957035
108 66 0.24301837525746878
108 72 0.10437092339323209
108 57 0.36127317332763154
108 94 0.38380636335507046
108 80 0.09096234891745647
108 81 0.29145526512221703
108 95 0.12284289175244548
108 56 0.3094448859528728
108 68 0.577283699600075
108 54 0.15218754053031747
108 83 0.07704330831340626
108 82 0.09962963086118168
108 55 0.21429748371991025
108 69 0.3612045545572134
108 51 0.06069531108578764
108 79 0.18175210522655383
108 86 0.07057234606088503
108 92 0.39294558148572056
108 93 0.3377248114884843
108 87 0.3044548360828371
108 78 0.30770347777820284
108 50 0.0849148753918817
108 52 0.057450878900326185
108 46 0.17702357778982133
108 91 0.3342924522689201
108 85 0.3286304526348085
108 84 0.0661401158293227
108 90 0.33329230894900236
108 47 0.136357566332516
108 53 0.0652828664750181
120 76 0.006097795593204822
120 62 0.14523230556795752
120 89 0.051613189045743635
120 88 0.1552127233191615
120 63 0.02193692822919993
120 77 0.2486263023204882
120 49 0.013630668275560268
120 61 0.005135862708601988
120 75 0.039670848838536096
120 74 0.011666967703763645
120 60 0.0049731327700832245
120 48 0.014439859566526159
120 64 0.016858557777614247
120 70 0.09773184092937592
120 58 0.03655087558558874
120 59 0.009755020764981831
120 71 0.018732709556749702
120 65 0.0034041668159890404
120 73 0.00330211603525965
120 67 0.13313622872646985
120 66 0.10761727547338651
120 72 0.005112098328841755
120 57 0.07226199218442123
120 94 0.21695005101181455
120 80 0.02004429980276673
120 81 0.0722108701978717
120 95 0.02983815947800389
120 56 0.09555086217720957
120 68 0.17906600343303578
120 54 0.019727356764031076
120 83 0.028496056564645128
120 82 0.016847426576734048
120 55 0.2328415357620019
120 69 0.11971029109619899
120 51 0.041236504527836934
120 79 0.031899462930757974
120 86 0.008215740691387724
120 92 0.22148334290220822
120 93 0.18396896814959263
120 87 0.18628539133679684
120 78 0.17487100267432912
120 50 0.0739050428615057
120 52 0.0
120 46 0.05220716051383506
120 91 0.18166746523605123
120 85 0.1829284528029929
120 84 0.08584414853294209
120 90 0.1856543212655452
120 47 0.08229611203270434
120 53 0.3603897061230987
134 76 0.0634201531544721
134 62 0.13739047425461626
134 89 0.02925670777038132
134 88 0.07690759194871898
134 63 0.044691363282821306
134 77 0.020996175391542304
134 49 0.28846520439198525
134 61 0.01788958286049254
134 75 0.3279605033281028
134 74 0.10450673217010481
134 60 0.017292393472654072
134 48 0.2716829552476966
134 64 0.036451214401623716
134 70 0.0823329176183975
134 58 0.07002717313332965
134 59 0.0219144543007658
134 71 0.36381463183442125
134 65 0.015116965120645864
134 73 0.21617009089161454
134 67 0.20514105517832815
134 66 0.05957384373959257
134 72 0.019851101903749516
134 57 0.25655311016860094
134 94 0.0936080685781277
134 80 0.3968086215541685
134 81 0.07608506656073097
134 95 0.04082177234256262
134 56 0.09074329744326723
134 68 0.28189263610415805
134 54 0.07429979746492052
134 83 0.2831565249798837
134 82 0.039984794768005136
134 55 0.18767662676588004
134 69 0.1233366390230982
134 51 0.12013795066601042
134 79 0.03830025841579174
134 86 0.13538554392230584
134 92 0.08544541874558159
134 93 0.07835649445198498
134 87 0.1364749072806456
134 78 0.12234076888958406
134 50 0.14845135654232772
134 52 0.46246457846229616
134 46 0.15461278856665595
134 91 0.07869494177460858
134 85 0.06988221205437192
134 84 0.07047374779609852
134 90 0.07333302999295105
134 47 0.16770665113403063
134 53 0.3558554317394056
122 76 0.04301513698472642
122 62 0.08025952805446304
122 89 0.07712121243633245
122 88 0.209719433569807
122 63 0.044783561264029534
122 77 0.019751058835222615
122 49 0.2240999100889638
122 61 0.019091121047932744
122 75 0.014722163140136774
122 74 0.05010076136266349
122 60 0.018616300579884754
122 48 0.09306808058029321
122 64 0.035960206649247234
122 70 0.13734901647825282
122 58 0.06310534071066293
122 59 0.02502895609076658
122 71 0.5236072123965746
122 65 0.016125405641741364
122 73 0.016308046065732232
122 67 0.39309357421381763
122 66 0.15034192563008816
122 72 0.01911991823058805
122 57 0.40941348655545917
122 94 0.2891445652057168
122 80 0.574638632166545
122 81 0.10626811620441606
122 95 0.07670543441769254
122 56 0.12710345949113155
122 68 0.47017232032872713
122 54 0.04006553681825116
122 83 0.290608845446893
122 82 0.0383074667497446
122 55 0.05558400077137489
122 69 0.2548444239166579
122 51 0.11319778102077199
122 79 0.05232431780887617
122 86 0.20341392218919058
122 92 0.29191141161218126
122 93 0.24482574857671485
122 87 0.19496957274773175
122 78 0.28670933174342716
122 50 0.22002647551782722
122 52 0.01180481765682434
122 46 0.08185271962256083
122 91 0.24199352977683636
122 85 0.707748073267927
122 84 0.018862565787474903
122 90 0.24690401850523422
122 47 0.06387270241625465
122 53 0.021505400646046974
136 76 0.03245157804514928
136 62 0.10029242624224183
136 89 0.021910570222770376
136 88 0.10013898806114357
136 63 0.03373157897046496
136 77 0.2692071142832985
136 49 0.15118292431054342
136 61 0.058536460829123546
136 75 0.007911050933851568
136 74 0.10966333736244893
136 60 0.011535936100688815
136 48 0.1577904946452114
136 64 0.02631224348073366
136 70 0.11313584288986882
136 58 0.07789067268108701
136 59 0.020237549029870475
136 71 0.024646650642666995
136 65 0.010611562683583764
136 73 0.009875351773379795
136 67 0.08361503670986703
136 66 0.05204717075343876
136 72 0.047277082908848994
136 57 0.15494199935966316
136 94 0.14359782601498378
136 80 0.025965401369303892
136 81 0.31107587980298607
136 95 0.07257952935645802
136 56 0.19584271823197114
136 68 0.2458138050081204
136 54 0.07802143799062576
136 83 0.016896232703936434
136 82 0.02889963869231603
136 55 0.041353000556725306
136 69 0.0766378880125266
136 51 0.01057020305245264
136 79 0.3845273469814121
136 86 0.016358465446924042
136 92 0.14374795063077556
136 93 0.12922131580004215
136 87 0.11198516125153304
136 78 0.13975908414350668
136 50 0.021304875958200922
136 52 0.007413300626948213
136 46 0.15716030161658578
136 91 0.1500880139443874
136 85 0.1381287084939139
136 84 0.03454041013087997
136 90 0.14104318180985043
136 47 0.1998527335975803
136 53 0.026141867899399554
137 76 0.10596573729439436
137 62 0.11585300246229724
137 89 0.10343426896036198
137 88 0.2297780339416371
137 63 0.07158309273552593
137 77 0.043773835050864546
137 49 0.0682928760305514
137 61 0.06736586507008296
137 75 0.04646745690131711
137 74 0.05999194769704076
137 60 0.058875907917229145
137 48 0.06504919803817363
137 64 0.06520279597467121
137 70 0.1784450589555243
137 58 0.10176485724728128
137 59 0.09292287896670111
137 71 0.062283608056107095
137 65 0.052169240681729706
137 73 0.049790156818142486
137 67 0.2043047992646824
137 66 0.28882510031399217
137 72 0.054856744706474725
137 57 0.21126883001454716
137 94 0.2808106635870963
137 80 0.06280595851482218
137 81 0.1576485881708318
137 95 0.09011075488248149
137 56 0.18387592450127901
137 68 0.3633652052484052
137 54 0.0681373639450033
137 83 0.059899792466119095
137 82 0.07129263556568163
137 55 0.09005914623719422
137 69 0.20848644758310028
137 51 0.05150375764568535
137 79 0.14078323850162036
137 86 0.05772278083843772
137 92 0.29753880137993527
137 93 0.25266975165580513
137 87 0.21507697568883466
137 78 0.21450192791824713
137 50 0.07110957875986854
137 52 0.056621598011328475
137 46 0.10800963558982299
137 91 0.2520344411794512
137 85 0.24913782096051731
137 84 0.0526745400031005
137 90 0.25056172508754315
137 47 0.09329204174957359
137 53 0.05229000770797272
123 76 0.037270918710732695
123 62 0.07098818941707462
123 89 0.06476446848692295
123 88 0.17536578610130793
123 63 0.046274244951233126
123 77 0.023466379573778187
123 49 0.1718215608848196
123 61 0.020893912990802663
123 75 0.01640028580986047
123 74 0.04144705748437265
123 60 0.02015149902537894
123 48 0.0786703953717264
123 64 0.03855628829240264
123 70 0.11881069682187374
123 58 0.06648859718909206
123 59 0.025465761919767016
123 71 0.38747352400087076
123 65 0.0172902720813317
123 73 0.018142817782275084
123 67 0.30460904057209964
123 66 0.12750206051371765
123 72 0.02150925831248217
123 57 0.3657152934033848
123 94 0.6602262699315751
123 80 0.42459847274117335
123 81 0.0944950258768662
123 95 0.06357141556551191
123 56 0.15193948393962745
123 68 0.37118723485402283
123 54 0.04279097442696542
123 83 0.21619442144304085
123 82 0.04214367710795268
123 55 0.05063838766524499
123 69 0.20366573901822005
123 51 0.08733064585898463
123 79 0.04639033130378803
123 86 0.15386724377529287
123 92 0.23628370641150573
123 93 0.2008908511629274
123 87 0.16627636791477277
123 78 0.27239422815772796
123 50 0.16791207621315773
123 52 0.013238273516582286
123 46 0.07645314323023436
123 91 0.20013063159783218
123 85 0.19479691682478129
123 84 0.02094808062107445
123 90 0.19966330440299832
123 47 0.06464583216845532
123 53 0.02461129530431809
127 76 0.13762783548188692
127 62 0.14211698228430883
127 89 0.13532535610848406
127 88 0.324872857354635
127 63 0.09315929357216782
127 77 0.11720469512642166
127 49 0.1948664086237142
127 61 0.06311817043447263
127 75 0.04958149838442276
127 74 0.10148929990298525
127 60 0.05866263454004064
127 48 0.115112277353444
127 64 0.08155466938946102
127 70 0.24471777082819102
127 58 0.12743524063081554
127 59 0.08108115934869928
127 71 0.3762534278524915
127 65 0.05280968333951094
127 73 0.05285854186689973
127 67 0.39817396795814275
127 66 0.2542068687274945
127 72 0.10583951044306938
127 57 0.419740899306576
127 94 0.4224759043277936
127 80 0.4083538253525807
127 81 0.25525643305625334
127 95 0.14307190278585682
127 56 0.3060876418596903
127 68 0.6905119165100907
127 54 0.15247535184336786
127 83 0.08971368162339441
127 82 0.08764855195029037
127 55 0.12736096277379985
127 69 0.3188289486380506
127 51 0.260452795381653
127 79 0.19922402922079924
127 86 0.1735338173554951
127 92 0.4311904966288812
127 93 0.36626564609505763
127 87 0.386556701776269
127 78 0.3236857860153164
127 50 0.3874054989842155
127 52 0.050919780563124475
127 46 0.22997304588248152
127 91 0.36476659804904854
127 85 0.3585816301936273
127 84 0.05668779448635032
127 90 0.36440476262484334
127 47 0.12424593361749606
127 53 0.05973798401869501
133 76 0.013945572243185753
133 62 0.26032138155524737
133 89 0.029745845511770938
133 88 0.12237137697379928
133 63 0.0538499411288335
133 77 0.24828057902606904
133 49 0.4179198881222307
133 61 0.06506196135493206
133 75 0.012558081815968944
133 74 0.13247947267831392
133 60 0.015989072527498288
133 48 0.26271114930242223
133 64 0.04196399423194572
133 70 0.1307719348837231
133 58 0.10284685226318643
133 59 0.02017793259706485
133 71 0.2747173531809599
133 65 0.016164654306028675
133 73 0.055966051782069495
133 67 0.22062706611892216
133 66 0.06117809163439082
133 72 0.01785011967294864
133 57 0.32688560369478514
133 94 0.17674656420585338
133 80 0.3008594918112004
133 81 0.20602923082480154
133 95 0.07529520878946272
133 56 0.17505318634905223
133 68 0.3069044051816526
133 54 0.09937210422913773
133 83 0.09764982329117622
133 82 0.17643348546409726
133 55 0.07155929102350624
133 69 0.0852114015559988
133 51 0.06171020213930667
133 79 0.36003663325802665
133 86 0.11181745978976229
133 92 0.16911147625372008
133 93 0.15356580287386545
133 87 0.13575732962662942
133 78 0.15147989084864252
133 50 0.12154022334351615
133 52 0.008816123424862446
133 46 0.08303066532008548
133 91 0.1749374336440752
133 85 0.16092857623923357
133 84 0.12198236023430926
133 90 0.1655407995438922
133 47 0.2511453778344266
133 53 0.3810130803277304
132 76 0.08277570174889351
132 62 0.10897062482367913
132 89 0.16021171960331798
132 88 0.41363149853046866
132 63 0.08908935876256668
132 77 0.098038380551451
132 49 0.06591475171082353
132 61 0.04601614616802148
132 75 0.03803354162667566
132 74 0.08090067691529328
132 60 0.04378787323378515
132 48 0.07008050657531059
132 64 0.07651488263642553
132 70 0.2846814809661502
132 58 0.11478928917673242
132 59 0.05801253902928348
132 71 0.06900205008169738
132 65 0.040122270668532356
132 73 0.04147351196008328
132 67 0.357196852292916
132 66 0.29819299727736126
132 72 0.0856882956271337
132 57 0.25207349686473246
132 94 0.6468030539602885
132 80 0.07152265719064274
132 81 0.2604976158345941
132 95 0.12311197233994378
132 56 0.34943763940479083
132 68 0.6057218365670676
132 54 0.1374168945334902
132 83 0.2185525750774066
132 82 0.07811333416499669
132 55 0.12456540027480291
132 69 0.3469822031923502
132 51 0.04039837187532812
132 79 0.14837386867679037
132 86 0.05112065561732944
132 92 0.6612533849138489
132 93 0.5587296548590381
132 87 0.39572117244087124
132 78 0.35126283192648966
132 50 0.061148937924563745
132 52 0.03552406165299202
132 46 0.3223961552309762
132 91 0.5414672279097174
132 85 0.5407973529551282
132 84 0.08273533359964794
132 90 0.5484622507569578
132 47 0.1265529166126265
132 53 0.047621067638203146
126 76 0.049493705228856016
126 62 0.07780462075367356
126 89 0.08833339682008812
126 88 0.24320785129594452
126 63 0.042189511633449805
126 77 0.020015565194577575
126 49 0.15515283899660287
126 61 0.01967982175238589
126 75 0.014246290186551186
126 74 0.056982965283516915
126 60 0.019343703574438084
126 48 0.07015935444378202
126 64 0.03474075235631788
126 70 0.15623142735330728
126 58 0.06125361233307684
126 59 0.02442274859345353
126 71 0.3517821894692068
126 65 0.015998157157924756
126 73 0.0156592256463597
126 67 0.36347507162504133
126 66 0.17326211292631824
126 72 0.019047487157997867
126 57 0.3268954503030911
126 94 0.4731008086860937
126 80 0.3854093883987282
126 81 0.11551864499588407
126 95 0.07154450258751277
126 56 0.14565176017429796
126 68 0.424463360048562
126 54 0.03837392932489174
126 83 0.34101361949529396
126 82 0.03647211877642956
126 55 0.05921591638609701
126 69 0.2831964951157861
126 51 0.07906874455756252
126 79 0.057706298571889456
126 86 0.13873318775403679
126 92 0.484051546015009
126 93 0.4137876410397985
126 87 0.25870633518733205
126 78 0.32393128016317074
126 50 0.15267478604136664
126 52 0.011251964756260169
126 46 0.08700771846462899
126 91 0.39400610998033725
126 85 0.39284203316610145
126 84 0.017223273466970695
126 90 0.8037571059207141
126 47 0.06371989462596897
126 53 0.021400556617748062
118 76 0.07657903976605773
118 62 0.2202007279983588
118 89 0.020727333634290745
118 88 0.06227060608749077
118 63 0.07334253165569296
118 77 0.012613130192641903
118 49 0.3279566634843983
118 61 0.009019060203021623
118 75 0.007873898174474286
118 74 0.11085028404044353
118 60 0.00960909657321643
118 48 0.16870953326143712
118 64 0.02821627272550581
118 70 0.09471302105174725
118 58 0.31405092621027175
118 59 0.12654182897840435
118 71 0.20217852454181448
118 65 0.008950932444810614
118 73 0.03878678678777753
118 67 0.1529984866709402
118 66 0.04408390096412214
118 72 0.01194594360496301
118 57 0.3066980295231122
118 94 0.07430974286147296
118 80 0.22142359751451002
118 81 0.2669888633233457
118 95 0.026036808134913547
118 56 0.2652303549857816
118 68 0.2251840492380915
118 54 0.032500130748385384
118 83 0.16017719248883194
118 82 0.05209773711609428
118 55 0.11471572881930182
118 69 0.12025599291894348
118 51 0.13047779001997592
118 79 0.16182823491439646
118 86 0.07943854976657205
118 92 0.0674064403212552
118 93 0.06220069370066307
118 87 0.121192702650887
118 78 0.07784154091509402
118 50 0.2594361152012794
118 52 0.004043534819140562
118 46 0.17022768586640447
118 91 0.06301360256473511
118 85 0.05410647264153998
118 84 0.11155821003833105
118 90 0.057240559929953735
118 47 0.3180574425343461
118 53 0.2669407473422334
130 76 0.016129392230796083
130 62 0.05708339619086432
130 89 0.07510031697138486
130 88 0.21083788809149245
130 63 0.0361376143397094
130 77 0.01273597668932129
130 49 0.023348269131167262
130 61 0.014125820119863186
130 75 0.009775849648028231
130 74 0.02084756383952724
130 60 0.013214421539815016
130 48 0.02564232712276983
130 64 0.029946886409535703
130 70 0.1482941207930891
130 58 0.053164527627655236
130 59 0.021134030292669803
130 71 0.02587204644083478
130 65 0.011222431116767698
130 73 0.011231814412261065
130 67 0.18016299777647096
130 66 0.14919904944252158
130 72 0.01365987146377122
130 57 0.09876363596132946
130 94 0.29018187533007334
130 80 0.027149862694272858
130 81 0.130309181771174
130 95 0.046042567441893306
130 56 0.18303368957619817
130 68 0.2671691789619714
130 54 0.09125030802740369
130 83 0.19218093356208182
130 82 0.028818508598641587
130 55 0.06509229822365513
130 69 0.16407575273338001
130 51 0.011078150743554754
130 79 0.06939914649247475
130 86 0.015949610195289066
130 92 0.29744322720619665
130 93 0.24709438809213247
130 87 0.2087292814237648
130 78 0.16539379602882945
130 50 0.02165518767648926
130 52 0.007876933651433174
130 46 0.2452860144954376
130 91 0.24326683420520537
130 85 0.2460650532447871
130 84 0.05317104883443835
130 90 0.2493088333609065
130 47 0.055224466944352193
130 53 0.013688941542341349
124 76 0.04323995490205962
124 62 0.07202486001898395
124 89 0.08093907472742942
124 88 0.22521666286291714
124 63 0.04189367019897343
124 77 0.01928198369063855
124 49 0.13874014492263925
124 61 0.016950666363477987
124 75 0.013408012678630107
124 74 0.0516259655483651
124 60 0.016616872558025866
124 48 0.06562614502513117
124 64 0.034745881215898125
124 70 0.14483956379263546
124 58 0.05815429359845739
124 59 0.022173729041785092
124 71 0.3106409110957235
124 65 0.013426208909660745
124 73 0.01480866017622054
124 67 0.32758140956086446
124 66 0.15829432085366035
124 72 0.017675481136185958
124 57 0.2953344383426416
124 94 0.3118807554237316
124 80 0.3403545928596363
124 81 0.10836908660750738
124 95 0.06704235968122149
124 56 0.1332243464730886
124 68 0.3856098578955929
124 54 0.03892017121603711
124 83 0.3022808153739642
124 82 0.0366151047500598
124 55 0.05430912236008616
124 69 0.25578622005121276
124 51 0.07049039674266523
124 79 0.053245061623675996
124 86 0.12358947585876015
124 92 0.3152197803858282
124 93 0.26365805202885095
124 87 0.20943904420733872
124 78 0.29187641592698066
124 50 0.13562163481541614
124 52 0.009938900314064011
124 46 0.08420685385184379
124 91 1.0
124 85 0.2599097360891971
124 84 0.017081555511745977
124 90 0.26489482305977763
124 47 0.06405995568945803
124 53 0.02016946515834575
125 76 0.04844614754950827
125 62 0.07826548819433563
125 89 0.08842689959043169
125 88 0.24228718576988217
125 63 0.0446289071467577
125 77 0.019633766090284638
125 49 0.15027231222833282
125 61 0.019147781092758706
125 75 0.015184016220853053
125 74 0.05637175967074237
125 60 0.01869009187992493
125 48 0.07047027432824166
125 64 0.0368310523657754
125 70 0.15581305124294922
125 58 0.06415304963535426
125 59 0.02498103516304885
125 71 0.33651062802615483
125 65 0.016693376028511883
125 73 0.016838472051094303
125 67 0.41673432536200494
125 66 0.1712981320092578
125 72 0.019492923160983514
125 57 0.3190375745246443
125 94 0.3350221011250343
125 80 0.3686366737900777
125 81 0.11686468843445258
125 95 0.07231117268656143
125 56 0.24878335750138733
125 68 0.5317436425354246
125 54 0.04107939527566902
125 83 0.32940075498609594
125 82 0.038570738974958135
125 55 0.0602035382144642
125 69 0.27778757989343494
125 51 0.07641206194502084
125 79 0.05789925178971353
125 86 0.13428721032690802
125 92 0.3401963031735973
125 93 0.2843510310263295
125 87 0.2237275018569883
125 78 0.3165467914332189
125 50 0.1470892862694643
125 52 0.011643076137591302
125 46 0.08943592785486376
125 91 0.28100201383697687
125 85 0.2813959926107121
125 84 0.0188200796259759
125 90 0.28612979310338266
125 47 0.06721804855883601
125 53 0.021548606408777954
131 76 0.03588116185474298
131 62 0.12240548858435073
131 89 0.1357517956610388
131 88 0.478794862739246
131 63 0.07620116269561553
131 77 0.03082598943822018
131 49 0.04963661708228194
131 61 0.03331551139045287
131 75 0.028658948311757956
131 74 0.04898513865631904
131 60 0.03291726804116636
131 48 0.055480401433572815
131 64 0.06328095289896161
131 70 0.3010878756033223
131 58 0.42152336544565616
131 59 0.1372769137871736
131 71 0.054920766620585815
131 65 0.03223755871254476
131 73 0.03099786139121785
131 67 0.3194516193567678
131 66 0.25224258712927594
131 72 0.035335628141433914
131 57 0.37047829368488017
131 94 0.485784915505721
131 80 0.05688188538386457
131 81 0.24326647001397572
131 95 0.0864938950420848
131 56 0.15739395114227145
131 68 0.49621712088412007
131 54 0.11759771888239257
131 83 0.04345777351726887
131 82 0.06205166881553868
131 55 0.11227625410383779
131 69 0.3472969118037411
131 51 0.03024416804647123
131 79 0.10898778985058033
131 86 0.03827811078613709
131 92 0.4972863455032076
131 93 0.4154111799319926
131 87 0.3715798733449078
131 78 0.29806466971583134
131 50 0.046923382411667935
131 52 0.02310256584941274
131 46 0.1598513970213295
131 91 0.40825229640987437
131 85 0.41286786536069553
131 84 0.034600277465079085
131 90 0.4182775306632006
131 47 0.10608214370177028
131 53 0.033896316868359325
119 76 0.009314629552785933
119 62 0.10800628444678281
119 89 0.014178183538759201
119 88 0.07812494538290354
119 63 0.021526139113089593
119 77 0.1865087063086241
119 49 0.04938422547484514
119 61 0.04553680967391199
119 75 0.003449767343012361
119 74 0.09850630993170208
119 60 0.005486591081445266
119 48 0.03682039682607685
119 64 0.016079794683290502
119 70 0.13460304046397809
119 58 0.3468070915945983
119 59 0.06484391060129294
119 71 0.01573798143496946
119 65 0.005285450170494643
119 73 0.004151785875149583
119 67 0.07641725537393998
119 66 0.036071370418665386
119 72 0.006871724364452117
119 57 0.13453626150624834
119 94 0.11198138967807872
119 80 0.016548201910218885
119 81 0.10334653529608634
119 95 0.044724818214011336
119 56 0.06503807582227422
119 68 0.1601526366591424
119 54 0.018894048321687604
119 83 0.009243469322848016
119 82 0.017127922557222883
119 55 0.08651953158677947
119 69 0.10350698050750202
119 51 0.004802313716699758
119 79 0.2218298963926739
119 86 0.007624389207902912
119 92 0.11498099861858818
119 93 0.10391281217759853
119 87 0.07875251385606322
119 78 0.11213779762106539
119 50 0.012581748687050531
119 52 0.0023172817912353177
119 46 0.02679691877506199
119 91 0.122007818317818
119 85 0.11262701842702585
119 84 0.02610037335542137
119 90 0.11444555840087968
119 47 0.026704100915886306
119 53 0.01737714747192845
