114 76 0.062424670907824636
114 62 0.16380870589709712
114 89 0.08967086855971465
114 88 0.26898491401465374
114 63 0.08241555336027896
114 77 0.012965781569879209
114 49 0.02678879125349233
114 61 0.0038277578877664864
114 75 0.00022518538894786277
114 74 0.11704487764488254
114 60 0.004782009811848398
114 48 0.054047483734738055
114 64 0.07908287638066552
114 70 0.2937155547428839
114 58 0.483393219162754
114 59 0.01612062623446306
114 71 0.044982852640104404
114 65 0.0001451932319661564
114 73 0.0012457128872358225
114 67 0.26018100903602803
114 66 0.19754089407470912
114 72 0.013416683512544048
114 57 0.2713012145908001
114 94 0.3611281145188431
114 80 0.049073200098340916
114 81 0.20351244249710276
114 95 0.04863303569675054
114 56 0.1545621822844213
114 68 0.45706607066589433
114 54 0.09401214666443888
114 83 0.02086528281505537
114 82 0.037891239252531406
114 55 0.16316442921050542
114 69 0.32671248794333557
114 51 0.010981801543957947
114 79 0.06417330459331667
114 86 0.014534489791486305
114 92 0.37902740955236325
114 93 0.315518043307593
114 87 0.22887827254226092
114 78 0.26207552060326944
114 50 0.022394437337557527
114 52 0.0004443756468764104
114 46 0.13651453819449852
114 91 0.30617694193218575
114 85 0.3144049335798287
114 84 0.0094877581018121
114 90 0.31738079435263145
114 47 0.11601734987396792
114 53 0.011172466494706823
100 76 0.01474579633187273
100 62 0.07719945813818599
100 89 0.033816318734678136
100 88 0.10558752745070522
100 63 0.17641482143800394
100 77 0.014375800552722057
100 49 0.151675164989051
100 61 0.004788047912099275
100 75 0.0014617765117327375
100 74 0.013182569455972293
100 60 0.0042740241132298296
100 48 0.07267986271677858
100 64 0.11319953081903214
100 70 0.10284726453239086
100 58 0.12288288941858379
100 59 0.018383146719409466
100 71 0.3634212213197961
100 65 0.001065032526918308
100 73 0.001965008048856548
100 67 0.2374789403678463
100 66 0.09006972518828772
100 72 0.009062778217240192
100 57 0.2918631702362059
100 94 0.1462495364464629
100 80 0.40002336847916364
100 81 0.07593234351701326
100 95 0.04030775616171567
100 56 0.12311656956664827
100 68 0.3484688516821276
100 54 0.05034000033198173
100 83 0.039989602699749355
100 82 0.026788279554318783
100 55 0.15394691656747495
100 69 0.14736692400238327
100 51 0.07585454287958404
100 79 0.030628684565769185
100 86 0.13283407549696252
100 92 0.14585255809125036
100 93 0.12803707586848473
100 87 0.09401604276831865
100 78 0.1384624274891986
100 50 0.14979778269600702
100 52 0.0016976614474134288
100 46 0.1405306961923546
100 91 0.13163673258161326
100 85 0.1252156224967434
100 84 0.009329987524965416
100 90 0.13106389173960478
100 47 0.0657172943558697
100 53 0.016593379998624036
128 76 0.03792460846420807
128 62 0.06357157181278268
128 89 0.1229022488287289
128 88 0.36509871265241745
128 63 0.08020373003439422
128 77 0.05664731213229776
128 49 0.034271296764705014
128 61 0.006519050826883088
128 75 0.0005068640634438015
128 74 0.033582127401193734
128 60 0.005039444530472087
128 48 0.05465590239794124
128 64 0.07390792298606083
128 70 0.272659863316869
128 58 0.1233708661796798
128 59 0.036211848763996454
128 71 0.053023593074578476
128 65 0.0003941612370142178
128 73 0.0016226748438334104
128 67 0.3414346348211086
128 66 0.27629304403306776
128 72 0.042420588063550285
128 57 0.2291630163073871
128 94 0.5136461502891798
128 80 0.05825595329711848
128 81 0.22109578226239862
128 95 0.0824641088970937
128 56 0.2214063490020775
128 68 0.668710421060196
128 54 0.12705449955879206
128 83 0.020515817261055974
128 82 0.04044469661064107
128 55 0.10620166074021553
128 69 0.3362594471224605
128 51 0.014380704848029335
128 79 0.1149524053549226
128 86 0.018768174588522535
128 92 0.537350836423918
128 93 0.4419098558632474
128 87 0.33092010762007285
128 78 0.3364264013073426
128 50 0.028698551250129697
128 52 0.0010892166979963314
128 46 0.16989994638021733
128 91 0.4341372550406155
128 85 0.4468666152491204
128 84 0.00946418877926175
128 90 0.45144794263250176
128 47 0.1276495067547896
128 53 0.014400955612148048
129 76 0.031150080562848487
129 62 0.2056458963137758
129 89 0.17743325323615583
129 88 0.5444188757175965
129 63 0.18843443660566594
129 77 0.027780714457061345
129 49 0.0815249758835448
129 61 0.00582359008749378
129 75 0.0004559462722352192
129 74 0.04378604806644751
129 60 0.006120067853816941
129 48 0.1353067840530598
129 64 0.17386808792649922
129 70 0.48275036999460996
129 58 0.6383678094858733
129 59 0.029933350603566125
129 71 0.1190975881090281
129 65 0.00032391511138940565
129 73 0.002966220092936289
129 67 0.52060435450598
129 66 0.3973214037567768
129 72 0.02291189322673054
129 57 0.5647155655473645
129 94 0.7353563808832434
129 80 0.1308370483798567
129 81 0.3746724376519873
129 95 0.10125351336695418
129 56 0.30700767518500344
129 68 0.8640599568900724
129 54 0.2496100733304243
129 83 0.03969045253459452
129 82 0.20374685102798798
129 55 0.20230546877869926
129 69 0.5651727069633528
129 51 0.029638601481073695
129 79 0.15547742192820885
129 86 0.04210170184521693
129 92 0.7714393262550746
129 93 0.6376568148561228
129 87 0.4725091556969986
129 78 0.48660771944306347
129 50 0.059342070627839014
129 52 0.0009379173469681867
129 46 0.2994997145216304
129 91 0.6225249623528124
129 85 0.6400099549592406
129 84 0.017212510261701786
129 90 0.6460652633286066
129 47 0.28066567349704513
129 53 0.026116142037419965
101 76 0.017726697720888085
101 62 0.03314260451865718
101 89 0.02629374412419587
101 88 0.10448768551204611
101 63 0.023334287657685804
101 77 0.011849826645239703
101 49 0.07737952800232997
101 61 0.005268977772884681
101 75 0.0006800678452475728
101 74 0.010245026274684987
101 60 0.002109653162962022
101 48 0.0322394078579855
101 64 0.020664470253163744
101 70 0.08295552356900722
101 58 0.07469535274492425
101 59 0.03574540174523477
101 71 0.14783089845209396
101 65 0.0005053504562526068
101 73 0.000870453453875597
101 67 0.14246123575708353
101 66 0.08084913710882201
101 72 0.007946704237913077
101 57 0.15047138178476333
101 94 0.15987400640710756
101 80 0.1627078555235547
101 81 0.053114681445884174
101 95 0.024388493602474234
101 56 0.08975145303139825
101 68 0.22291698651351993
101 54 0.024113099544269212
101 83 0.017513797605673703
101 82 0.018419787376101726
101 55 0.07042204678473865
101 69 0.10969343425397654
101 51 0.031135906729947135
101 79 0.026590910013344862
101 86 0.05396157594781084
101 92 0.164505605872997
101 93 0.14372058068905927
101 87 0.07671877465886875
101 78 0.11219523217240687
101 50 0.09086153533799532
101 52 0.0012601567356225196
101 46 0.03869414206585518
101 91 0.140050011055284
101 85 0.13409883421892868
101 84 0.028878613440195253
101 90 0.13741639194477734
101 47 0.03948612340798459
101 53 0.007595406310632102
115 76 0.03371011175174571
115 62 0.0348781854955767
115 89 0.018844265816284372
115 88 0.0597456422920174
115 63 0.026584771797844867
115 77 0.013106054107763693
115 49 0.016687745907306595
115 61 0.003297420922883293
115 75 0.00043502910378612203
115 74 0.07050914231803763
115 60 0.0019928213889486845
115 48 0.016783902854305893
115 64 0.07850104400965568
115 70 0.07118912023254542
115 58 0.027486084047387643
115 59 0.016815757301551715
115 71 0.02546054018738625
115 65 0.00032688689395171666
115 73 0.0013956031390273127
115 67 0.07058248249407177
115 66 0.15583758615117826
115 72 0.05444096167389975
115 57 0.05230776812485928
115 94 0.14605622817095407
115 80 0.028048975559104544
115 81 0.0670363824797719
115 95 0.013796618889353879
115 56 0.16688568920868369
115 68 0.12937730342360682
115 54 0.025206653613373126
115 83 0.13302985782051874
115 82 0.0271072138454522
115 55 0.11592195154273693
115 69 0.06270265216853291
115 51 0.007859546549034951
115 79 0.019878598575101658
115 86 0.009323088577613742
115 92 0.15195036046390561
115 93 0.13290323512866184
115 87 0.05613434513686724
115 78 0.06660794581711339
115 50 0.015010467662701948
115 52 0.5420809960392181
115 46 0.39881443934670247
115 91 0.12619395022665075
115 85 0.12171408956757482
115 84 0.03364503923741333
115 90 0.12387163745692494
115 47 0.18098531279398924
115 53 0.14504887433183947
103 76 0.02789960960895871
103 62 0.13168211559925577
103 89 0.04712419395882447
103 88 0.14306015774852765
103 63 0.04573982594326283
103 77 0.01832702670743963
103 49 0.027407123371425687
103 61 0.009007976268460338
103 75 0.0009822970550272259
103 74 0.01793116420747501
103 60 0.0033658809097062703
103 48 0.03617471892715721
103 64 0.04230072626770777
103 70 0.2480036219260882
103 58 0.681330253461165
103 59 0.041561028642451606
103 71 0.04750517858018366
103 65 0.000793247524963403
103 73 0.0011683337952962114
103 67 0.1876162279195291
103 66 0.301936196780209
103 72 0.013360034583029257
103 57 0.31777666152631145
103 94 0.19314473030287393
103 80 0.05209620823790674
103 81 0.17058869842786678
103 95 0.03018987365004626
103 56 0.12367297692016908
103 68 0.43921915959801316
103 54 0.050512508331860675
103 83 0.014728506883729564
103 82 0.0359895299443192
103 55 0.07684357742959702
103 69 0.29457343921130413
103 51 0.012434468248493452
103 79 0.04575986223279502
103 86 0.016430053431453373
103 92 0.199935103249616
103 93 0.17117867950409416
103 87 0.13259398890486454
103 78 0.20703161284522636
103 50 0.026285452659544434
103 52 0.002161426142450351
103 46 0.07417439217139662
103 91 0.17400202888676405
103 85 0.1679969074224573
103 84 0.00870928497953749
103 90 0.17226522604457573
103 47 0.0770169861178297
103 53 0.010948070621258188
117 76 0.09467603141985265
117 62 0.19515068952006845
117 89 0.025517451534686708
117 88 0.11936822970548341
117 63 0.038948416009547196
117 77 0.23847042194073567
117 49 0.11973029254701603
117 61 0.05059888027420112
117 75 0.4911062730195652
117 74 0.23668547409899687
117 60 0.0011915895595601966
117 48 0.3172279946666654
117 64 0.11066209327471459
117 70 0.20631432823349516
117 58 0.5185932828799044
117 59 0.0019107696260832474
117 71 0.05495327972237682
117 65 0.0
117 73 0.2731796071641873
117 67 0.12301641534144242
117 66 0.05869959126091415
117 72 0.07114700461522835
117 57 0.19852120590090033
117 94 0.1757086121367607
117 80 0.05730227386580408
117 81 0.19268737178624462
117 95 0.05541684994079793
117 56 0.2153629640356311
117 68 0.2616774832624189
117 54 0.04376747404565558
117 83 0.4819638572699064
117 82 0.038333971072399706
117 55 0.12866932513634805
117 69 0.22651263538466535
117 51 0.07461283277244718
117 79 0.2839066262033363
117 86 0.007280444129852487
117 92 0.18471037643418375
117 93 0.16202241698609893
117 87 0.18133977586588026
117 78 0.22310138074381014
117 50 0.010801253432651647
117 52 0.005329273601656276
117 46 0.2397537859718752
117 91 0.18062755988962473
117 85 0.1763675080503983
117 84 0.06731346217072015
117 90 0.17786741091040656
117 47 0.05148777470456871
117 53 0.02274629066791503
116 76 0.08497510885778024
116 62 0.14655138342004126
116 89 0.10618489906347292
116 88 0.3154112727170253
116 63 0.08286978091254861
116 77 0.01883370658572378
116 49 0.03158345941590866
116 61 0.05858521619574367
116 75 0.00031425912079741103
116 74 0.027014294126270322
116 60 0.004287688929029199
116 48 0.05567802754841458
116 64 0.07749147927634623
116 70 0.3934032208713472
116 58 0.5661134539155425
116 59 0.06839729607203994
116 71 0.04986887220061939
116 65 0.0001679487663815704
116 73 0.0015055282012456095
116 67 0.3176903573324879
116 66 0.28728266646274103
116 72 0.016329764588303902
116 57 0.39169462738556704
116 94 0.43258229699750894
116 80 0.05453199573516418
116 81 0.2282617322828428
116 95 0.059197241639914924
116 56 0.2777334492957588
116 68 0.5769483990932942
116 54 0.09147641375902052
116 83 0.17341045576834427
116 82 0.20334005814069978
116 55 0.18627102833323272
116 69 0.3910075157237345
116 51 0.012573793007005257
116 79 0.07945534845642178
116 86 0.016640494014982438
116 92 0.4539605907223989
116 93 0.3764859970090533
116 87 0.2758356063151503
116 78 0.32131940092074246
116 50 0.026180000976162354
116 52 0.002746255420377236
116 46 0.27209531056384695
116 91 0.36765793601030305
116 85 0.3766900767710203
116 84 0.045587000575705666
116 90 0.38022734301201444
116 47 0.12542937518443353
116 53 0.014023524187257663
102 76 0.004276426449716708
102 62 0.07167664742860257
102 89 0.015420109061100723
102 88 0.04792273590341871
102 63 0.022260246350045546
102 77 0.0032866607997797392
102 49 0.015746127091582574
102 61 0.0008136609010770124
102 75 6.157696826983305e-05
102 74 0.005791620174846246
102 60 0.0004446975830565969
102 48 0.018763279447219422
102 64 0.0210213679109017
102 70 0.11096974489591228
102 58 0.4061439269797442
102 59 0.0009466878582559402
102 71 0.030326011538336417
102 65 0.0
102 73 0.0002551445528372609
102 67 0.06834737239649973
102 66 0.036218272080332764
102 72 0.0034159203263608162
102 57 0.16663924428529694
102 94 0.06215540705050103
102 80 0.03328902930299486
102 81 0.082793022967745
102 95 0.00962811103707814
102 56 0.04565940062808893
102 68 0.1728392233462012
102 54 0.02514399380649171
102 83 0.00729907716974787
102 82 0.01318630009774907
102 55 0.03413880516570278
102 69 0.13315738552717227
102 51 0.006259336806151844
102 79 0.013687548646693831
102 86 0.010616278693170583
102 92 0.06329350873961927
102 93 0.053678260268783376
102 87 0.03962178397037344
102 78 0.07193238112725747
102 50 0.013560632493000047
102 52 2.1440341024248077e-05
102 46 0.031065237012168997
102 91 0.05306958151135599
102 85 0.05386162267459535
102 84 0.003283611707550621
102 90 0.05284637657401839
102 47 0.03236378548624107
102 53 0.0029275755342320076
106 76 0.03970064218016754
106 62 0.08571709883077078
106 89 0.03174874714614642
106 88 0.09459248104294694
106 63 0.03342481473010826
106 77 0.008997154162556364
106 49 0.012874683960291816
106 61 0.0038128905555574466
106 75 4.0338981577153765e-05
106 74 0.01139228208638346
106 60 0.0006710727799083271
106 48 0.023097736412129463
106 64 0.03184208918739742
106 70 0.16172218747603673
106 58 0.45034454706453775
106 59 0.02980612457073749
106 71 0.022019502047319464
106 65 0.0
106 73 0.0004530874150190378
106 67 0.11880834473997634
106 66 0.0866968442909539
106 72 0.056997194350693045
106 57 0.2021066498183641
106 94 0.12238766496250249
106 80 0.02398385628637678
106 81 0.11030475056991625
106 95 0.018423522019048677
106 56 0.09422772634238348
106 68 0.2641333811928997
106 54 0.037904124426515015
106 83 0.008044688555785995
106 82 0.05199362982830173
106 55 0.1184913652118321
106 69 0.19463971271213845
106 51 0.004923854636089492
106 79 0.029444069871397915
106 86 0.006967266376084025
106 92 0.12917324740188738
106 93 0.10953135631636558
106 87 0.08586532245869333
106 78 0.13586018534865335
106 50 0.011266801931138992
106 52 4.644370759801508e-05
106 46 0.05127428621329458
106 91 0.10681258348716344
106 85 0.10674479316082741
106 84 0.0047616994393061
106 90 0.1077765459096398
106 47 0.051420672163573766
106 53 0.004180410455094319
112 76 0.02482663075285793
112 62 0.11491473048733351
112 89 0.05011227200283247
112 88 0.14788240273831313
112 63 0.051695996767222724
112 77 0.012759414821927911
112 49 0.020340397931268767
112 61 0.0053094211545050285
112 75 8.16273953339608e-05
112 74 0.017889487111858227
112 60 0.001054920228345746
112 48 0.03613159535066453
112 64 0.05027300835258529
112 70 0.22967688148232784
112 58 0.5873149744176929
112 59 0.039673448060336486
112 71 0.03889373101613461
112 65 0.0
112 73 0.0006121826779158235
112 67 0.1769924959537294
112 66 0.13097564723585775
112 72 0.014782483929867779
112 57 0.2784128393409334
112 94 0.1886545943487723
112 80 0.042291055074439435
112 81 0.16103478570806695
112 95 0.02821783921950967
112 56 0.14831704880796792
112 68 0.3814970565873627
112 54 0.06020557307802217
112 83 0.012779759082029912
112 82 0.035217883885819604
112 55 0.227839279212481
112 69 0.28070747372998256
112 51 0.008005599414705328
112 79 0.04395271563810234
112 86 0.012019761645394561
112 92 0.19911423750737425
112 93 0.16985017167617536
112 87 0.131768936371463
112 78 0.20505714368139155
112 50 0.01854654341279391
112 52 9.398053031228759e-05
112 46 0.08069637268808874
112 91 0.16503668266869298
112 85 0.1645541578022182
112 84 0.007656425125740551
112 90 0.16614467289540075
112 47 0.07814228761064734
112 53 0.005569355423473116
113 76 0.04621178111988504
113 62 0.15739045839316254
113 89 0.1513860867529854
113 88 0.45552532510397625
113 63 0.12810880891114576
113 77 0.06281220848809352
113 49 0.04936015663441079
113 61 0.008102475467377385
113 75 0.0006134345108318451
113 74 0.04480210087416564
113 60 0.007363241533018594
113 48 0.08611140512398707
113 64 0.12080750422615975
113 70 0.4067118284616231
113 58 0.5333459664909331
113 59 0.04158378751665667
113 71 0.07766861096499586
113 65 0.0004205318881723985
113 73 0.0023656351073613746
113 67 0.44034944032373036
113 66 0.3441847725662023
113 72 0.04868270716391268
113 57 0.40980599156618525
113 94 0.6245855452836471
113 80 0.08512541006923266
113 81 0.31325077200305596
113 95 0.09821173350620832
113 56 0.36941597499849527
113 68 0.7995265036294714
113 54 0.14276730456100403
113 83 0.14935165732607666
113 82 0.06218896137459194
113 55 0.20945384417393315
113 69 0.5045279858820853
113 51 0.020117516425737392
113 79 0.12572706247915902
113 86 0.02667680190518805
113 92 0.6544077389835214
113 93 0.5418046778742373
113 87 0.39458414636573624
113 78 0.4448326138945322
113 50 0.040629613988297605
113 52 0.00307220952210141
113 46 0.3156925024216298
113 91 0.530068644389761
113 85 0.5436396288154525
113 84 0.04183863155973502
113 90 0.5492324866572992
113 47 0.18892438802471717
113 53 0.021351489291895467
107 76 0.01078618488312752
107 62 0.007626731311213442
107 89 0.010139887069098519
107 88 0.031777982292621576
107 63 0.0024471267582161227
107 77 0.008667009359026201
107 49 0.009170572463368498
107 61 0.004722373876636737
107 75 0.0023449360873350478
107 74 0.0044190915204908865
107 60 0.0017538651898386937
107 48 0.0035479884202957723
107 64 0.0009979433239687419
107 70 0.030885457148617262
107 58 0.003447720765218959
107 59 0.021100491339768254
107 71 0.017850720144286514
107 65 0.0025106914441010153
107 73 0.0022312111943431356
107 67 0.09238954554746745
107 66 0.15782025186533405
107 72 0.003841370210729167
107 57 0.08078362219023422
107 94 0.044927580892609786
107 80 0.019669071993516002
107 81 0.01545510000565084
107 95 0.009725965587932817
107 56 0.39922397644205687
107 68 0.3734441845645884
107 54 0.001149020844718518
107 83 0.003970554423946809
107 82 0.007340776382593561
107 55 0.008208291584808264
107 69 0.036318373367302564
107 51 0.005417188485454444
107 79 0.010855590010590277
107 86 0.006543070856437849
107 92 0.04533812095279001
107 93 0.048250025370227045
107 87 0.03383433079703052
107 78 0.043979124354851684
107 50 0.011154225474234974
107 52 0.0014640302134938665
107 46 0.008449620552471088
107 91 0.042509186626771375
107 85 0.0389647456088618
107 84 0.0025950602873826834
107 90 0.04074548697884689
107 47 0.009492681528428831
107 53 0.006007212871533912
139 76 0.06289778556347285
139 62 0.03458533637176246
139 89 0.05818537393678923
139 88 0.17249760428623548
139 63 0.037333185193689875
139 77 0.014116329098571523
139 49 0.020129516664675273
139 61 0.03723014019197138
139 75 0.00045099232722439764
139 74 0.02324270837173764
139 60 0.0029473535698234243
139 48 0.02461965156428382
139 64 0.033069903325686656
139 70 0.1849387334429527
139 58 0.06317541609936049
139 59 0.08618198916699452
139 71 0.03373300103170539
139 65 0.0003642129887338197
139 73 0.0011579141334940313
139 67 0.17648747455149252
139 66 0.24595804458715914
139 72 0.009308568402587425
139 57 0.14832405673191087
139 94 0.29210074871822517
139 80 0.03710860413198287
139 81 0.10051649892508058
139 95 0.034700263134036874
139 56 0.11300383868901809
139 68 0.30507417075359633
139 54 0.06834966504661955
139 83 0.025026341212252057
139 82 0.06636325779187896
139 55 0.0524393021876023
139 69 0.16385381267036767
139 51 0.009794908584242201
139 79 0.0554748080164502
139 86 0.01212596999744725
139 92 0.30497843773129985
139 93 0.25636723491933266
139 87 0.1653781236897007
139 78 0.16900290458848174
139 50 0.019563588002388194
139 52 0.0026904368194691497
139 46 0.08583924279046565
139 91 0.24910877332603898
139 85 0.2499740035172059
139 84 0.006345340967679053
139 90 0.25312368853076894
139 47 0.058985460375835796
139 53 0.01109464280487893
111 76 0.056518999600655956
111 62 0.17251118582429284
111 89 0.13418030370252285
111 88 0.3968227143339621
111 63 0.10487835679266407
111 77 0.03104833411082729
111 49 0.03899406097124354
111 61 0.014498167218118502
111 75 0.00027325617027418314
111 74 0.04007291604767148
111 60 0.00433896761396424
111 48 0.07361001461501779
111 64 0.10031156014523726
111 70 0.4709258656877905
111 58 0.614594364818846
111 59 0.10199622886983536
111 71 0.06085228447339863
111 65 0.00015657939521490638
111 73 0.0013686575292174152
111 67 0.44262603190208716
111 66 0.3752676448143927
111 72 0.02846303857548506
111 57 0.43391631292553756
111 94 0.5367220874775935
111 80 0.06636727954997326
111 81 0.2902289310265407
111 95 0.07638124329972883
111 56 0.2957381063292196
111 68 0.846004815441096
111 54 0.11990350160419266
111 83 0.025840064850855465
111 82 0.07206351334862955
111 55 0.2674414732977488
111 69 0.613548181582582
111 51 0.013912767418699346
111 79 0.14140324822770478
111 86 0.019592788130948696
111 92 0.5643811321867432
111 93 0.47123216112626554
111 87 0.3746043473238962
111 78 0.5876405656640716
111 50 0.03221104759094126
111 52 0.0011887024411046387
111 46 0.18496930736833905
111 91 0.46159602276229184
111 85 0.46784225976485994
111 84 0.014529814742970354
111 90 0.47233532938932
111 47 0.1743100942401274
111 53 0.01239062165079588
105 76 0.03703484658812495
105 62 0.06177630237475497
105 89 0.03963361455259379
105 88 0.12339275532052792
105 63 0.04518086488891353
105 77 0.020867465574474803
105 49 0.12919951741087474
105 61 0.00872723434407302
105 75 0.0016239896564052836
105 74 0.02661032569475634
105 60 0.004611794188158047
105 48 0.06346312355070949
105 64 0.038671338290425655
105 70 0.12191251986777907
105 58 0.09418969438782496
105 59 0.051902656678380954
105 71 0.30113406251460817
105 65 0.0011900593231308765
105 73 0.001929039926549192
105 67 0.25977721095361916
105 66 0.18767536556102055
105 72 0.011812729581818865
105 57 0.3085388550505524
105 94 0.17953413864040235
105 80 0.33163662397603505
105 81 0.076204296338054
105 95 0.042555514643089376
105 56 0.26634048876362454
105 68 0.4851999951550193
105 54 0.04474722648578254
105 83 0.13888951952539916
105 82 0.031936613602608716
105 55 0.043376070352766194
105 69 0.1879832713235726
105 51 0.0645956546628826
105 79 0.04183228974017583
105 86 0.11063900924341852
105 92 0.1777815383035608
105 93 0.1534408446487665
105 87 0.1201005610678757
105 78 0.2082868867057242
105 50 0.12862705042791472
105 52 0.0013843629068046037
105 46 0.06503958502004745
105 91 0.16101684689928603
105 85 0.15400527293654553
105 84 0.00972976289597649
105 90 0.15838602244078687
105 47 0.07109534973900596
105 53 0.017028287532082353
104 76 0.009633424198150664
104 62 0.1337461326024987
104 89 0.03390299008290984
104 88 0.10404435080122423
104 63 0.04833805617245479
104 77 0.006133231717983134
104 49 0.018198530319838285
104 61 0.0015717232576775986
104 75 5.7199955518533185e-05
104 74 0.012262436329985388
104 60 0.0008458471034503978
104 48 0.0355168585532849
104 64 0.04653687644049351
104 70 0.2166953754636831
104 58 0.7566122078780961
104 59 0.0023252842238840332
104 71 0.030276180597526736
104 65 0.0
104 73 0.0005029775232090472
104 67 0.12662118984121365
104 66 0.07710688153053993
104 72 0.008209485650169102
104 57 0.3004814918812068
104 94 0.12770756248796342
104 80 0.032965008043953026
104 81 0.16266059568847882
104 95 0.018396815613233836
104 56 0.10328436864378782
104 68 0.32435570190505114
104 54 0.05589155972850861
104 83 0.011636843230990596
104 82 0.027537861831184784
104 55 0.13087898350332355
104 69 0.2595613336810003
104 51 0.0061858242146757
104 79 0.028761746993062234
104 86 0.009531840948443726
104 92 0.13478809788064763
104 93 0.11514064638015502
104 87 0.08466416864722909
104 78 0.14537043130762967
104 50 0.013689392969750025
104 52 6.585634800032603e-05
104 46 0.06713621049945497
104 91 0.11089620628048463
104 85 0.1113453199659823
104 84 0.005719912256851256
104 90 0.11242153957857934
104 47 0.06890732044305528
104 53 0.004849303695728335
110 76 0.027252314897601798
110 62 0.12694020402252004
110 89 0.1630635988760626
110 88 0.29242748376361705
110 63 0.05690773732514945
110 77 0.17367230988066587
110 49 0.04798807211840342
110 61 0.00355911606626233
110 75 0.00028363846838239115
110 74 0.04423197188037563
110 60 0.05783797219328403
110 48 0.07245881907881786
110 64 0.05317822172535322
110 70 0.23143348530942195
110 58 0.37545277223598117
110 59 0.01816302297350167
110 71 0.15970992857535876
110 65 0.00018205123667777712
110 73 0.0009320726799255385
110 67 0.21309760808322498
110 66 0.1505668169271751
110 72 0.10063367547949328
110 57 0.26417215865112387
110 94 0.3121465383619783
110 80 0.16400529059492433
110 81 0.23068266435707527
110 95 0.07049991186346853
110 56 0.17024188005420368
110 68 0.4426583083598984
110 54 0.09357250879953691
110 83 0.012911381446874676
110 82 0.12258290758562071
110 55 0.13029553285573425
110 69 0.41428148846086443
110 51 0.008194113342703091
110 79 0.1417466994741601
110 86 0.011031504269467196
110 92 0.32705391059679306
110 93 0.3614082804145941
110 87 0.22362920127568542
110 78 0.3116355689777223
110 50 0.017027246414452718
110 52 0.0016537219968351946
110 46 0.14959855520385057
110 91 0.28306703650958387
110 85 0.28515568756297877
110 84 0.006910565423933868
110 90 0.2880162899172853
110 47 0.13006679284843708
110 53 0.016835808606629976
138 76 0.058015909706534224
138 62 0.10240892131826138
138 89 0.08660554336421089
138 88 0.26049131578410356
138 63 0.0683536231986496
138 77 0.05691518442494804
138 49 0.0325200524179039
138 61 0.010105485194221109
138 75 0.0007047714480988565
138 74 0.04383201846477097
138 60 0.005371918670871889
138 48 0.04425965968643826
138 64 0.06160857033654808
138 70 0.2480800259329022
138 58 0.08910867954947777
138 59 0.06029191517369953
138 71 0.053985694546160895
138 65 0.0005387192400612972
138 73 0.0018288947395405097
138 67 0.29923586249063844
138 66 0.31361983437573626
138 72 0.09271878892236798
138 57 0.22721025184451082
138 94 0.36868715551902576
138 80 0.059396765288484143
138 81 0.15333470164563398
138 95 0.06466386232990504
138 56 0.2154919132613162
138 68 0.5552996788280125
138 54 0.07156556274463047
138 83 0.04270425947302843
138 82 0.05342199916951745
138 55 0.07043371106318373
138 69 0.26587820743257906
138 51 0.016251895580548348
138 79 0.08280691483881955
138 86 0.019440393853096316
138 92 0.38145481020418215
138 93 0.31663039779282454
138 87 0.2584161213965537
138 78 0.27837195760061556
138 50 0.03219682594690945
138 52 0.0014614471516412875
138 46 0.14936223697717502
138 91 0.3140669560506545
138 85 0.31774703950931166
138 84 0.010464898926358907
138 90 0.32215336137881023
138 47 0.13619338607149395
138 53 0.07882544450392813
140 76 0.07274689316555634
140 62 0.046461994293473904
140 89 0.04987815592087841
140 88 0.14503474835427935
140 63 0.045635097372507316
140 77 0.012353463902976786
140 49 0.04775802422836756
140 61 0.030108871609492896
140 75 0.00043499893468762485
140 74 0.023806306916589456
140 60 0.0024103810351470967
140 48 0.01680091027396291
140 64 0.021309158734400452
140 70 0.18907505986844086
140 58 0.08567223537224988
140 59 0.05195406053709917
140 71 0.022861606798398687
140 65 0.00030432093878651756
140 73 0.0005779289947785982
140 67 0.1664553417208521
140 66 0.22338495765436778
140 72 0.009221956644796137
140 57 0.18378860924956783
140 94 0.20763640081696233
140 80 0.025063802891183054
140 81 0.09455913679902722
140 95 0.029202245434599802
140 56 0.08800454539792182
140 68 0.32079410928828556
140 54 0.02527568929581671
140 83 0.007728095117682382
140 82 0.06593469963464287
140 55 0.05019889797151554
140 69 0.21648447655232061
140 51 0.006339595695388778
140 79 0.0391944088732311
140 86 0.007882053684306112
140 92 0.2148732844388172
140 93 0.17852080093184997
140 87 0.1446859597476113
140 78 0.23630657670310257
140 50 0.04795709070340305
140 52 0.000852071348501876
140 46 0.05395657324717806
140 91 0.17756618113558154
140 85 0.18049286191984332
140 84 0.01439363921800077
140 90 0.1816304515598356
140 47 0.0524078669154157
140 53 0.005859661617523604
135 76 0.06800667211262448
135 62 0.2145612373347089
135 89 0.08188047693437563
135 88 0.2789186318059489
135 63 0.11172078780352185
135 77 0.17503720694026778
135 49 0.2998287015189653
135 61 0.004251864594165461
135 75 0.26851545892446854
135 74 0.15053392392140508
135 60 0.005385921155235757
135 48 0.3412906584845194
135 64 0.09813252178701891
135 70 0.22927073063161937
135 58 0.15118400106718585
135 59 0.01804402842058539
135 71 0.23720536597850256
135 65 0.0005972100640683486
135 73 0.17398493431445552
135 67 0.33784531261906314
135 66 0.19444280201338496
135 72 0.03363856617776083
135 57 0.3164775181224537
135 94 0.3973338556463307
135 80 0.2596089247628205
135 81 0.26817841699245937
135 95 0.10879421104146644
135 56 0.3278255460611801
135 68 0.5591499937047484
135 54 0.1412210986582307
135 83 0.4165251773662021
135 82 0.04743740564088976
135 55 0.1062085100574551
135 69 0.2838088221391779
135 51 0.11859794800064932
135 79 0.1862127251307626
135 86 0.08053051834980637
135 92 0.4107435400960979
135 93 0.34580796677360515
135 87 0.2922608509773613
135 78 0.31834135032982624
135 50 0.10832496685914556
135 52 0.0050874260329533405
135 46 0.3397201559189935
135 91 0.35376645303124965
135 85 0.3551166116141505
135 84 0.09811190898407182
135 90 0.36047950740098966
135 47 0.2482372250669389
135 53 0.22783659796234879
121 76 0.08795567897710639
121 62 0.09672376155567335
121 89 0.08113972211693683
121 88 0.32040731822235113
121 63 0.13556402223761893
121 77 0.04668539075387258
121 49 0.13175464424164696
121 61 0.004224381712416875
121 75 0.001240442661985447
121 74 0.06044274461356257
121 60 0.048633395986268035
121 48 0.10948430822581875
121 64 0.10826463629968053
121 70 0.1984698632787385
121 58 0.08249829358118443
121 59 0.012946015908736674
121 71 0.3243048895963634
121 65 0.04422625995633947
121 73 0.0018792416467647843
121 67 0.3513820985759702
121 66 0.19491117876304656
121 72 0.03230036086371277
121 57 0.36837509316590145
121 94 0.41604184412204337
121 80 0.35542656078518237
121 81 0.1199330701583165
121 95 0.08425880269134114
121 56 0.18721246949737705
121 68 0.46130069092312465
121 54 0.12847529551981118
121 83 0.2682939449098856
121 82 0.042985677853826676
121 55 0.15486460670742172
121 69 0.3807096844011662
121 51 0.08454853355172577
121 79 0.0793213958749556
121 86 0.11230851504479797
121 92 0.5289900459005991
121 93 0.3600697606265549
121 87 0.22937495089335197
121 78 0.47706527017878253
121 50 0.12777593126449316
121 52 0.0008956577701712265
121 46 0.14949141828858392
121 91 0.34982364622826234
121 85 0.3525608080602955
121 84 0.009012378623772854
121 90 0.3586530963026048
121 47 0.20288575863795755
121 53 0.029798697352119916
109 76 0.045519838913083005
109 62 0.10412733011583042
109 89 0.06713826547049655
109 88 0.2186274586470603
109 63 0.04957884904870567
109 77 0.14148229368964538
109 49 0.043289765465198485
109 61 0.0035281270602709747
109 75 0.00018458694037670753
109 74 0.06596448368858146
109 60 0.0019150841920144435
109 48 0.05078408105885067
109 64 0.0893147853576719
109 70 0.2691065611575612
109 58 0.3946893887291283
109 59 0.020694056903318964
109 71 0.028581233691433006
109 65 0.00010100856195732755
109 73 0.0007095610707746058
109 67 0.2285578279562037
109 66 0.1730670959000322
109 72 0.04830996117003217
109 57 0.2530333418455546
109 94 0.30737014976445765
109 80 0.030974506988360018
109 81 0.23815538169243336
109 95 0.058703726898937394
109 56 0.13948348273291605
109 68 0.4457989691510642
109 54 0.05700424521493644
109 83 0.012484576476249815
109 82 0.04004669959668826
109 55 0.12376070495367761
109 69 0.334382730653595
109 51 0.006087562557101217
109 79 0.1422769656720117
109 86 0.008420517779579417
109 92 0.32244325061351736
109 93 0.2730437058925139
109 87 0.20426941078149563
109 78 0.32799367151208814
109 50 0.013402772140489655
109 52 0.002506542265651973
109 46 0.14906299049359176
109 91 0.2785757548311344
109 85 0.2808673152608995
109 84 0.3913049641350788
109 90 0.28340732808538815
109 47 0.07809855440150495
109 53 0.015003083695850461
108 76 0.06807201010857673
108 62 0.20514245020578614
108 89 0.15087007206192693
108 88 0.45834431699512646
108 63 0.15096128553244506
108 77 0.07661908462667276
108 49 0.06282473219511202
108 61 0.013238668421877015
108 75 0.0005543111928460187
108 74 0.05328945032791725
108 60 0.006400196646164341
108 48 0.10834087972686232
108 64 0.1419643547059681
108 70 0.478175629539641
108 58 0.704813738073084
108 59 0.08497527806417927
108 71 0.09404163571424426
108 65 0.00036846571293869257
108 73 0.0022751003165489003
108 67 0.47490800694426494
108 66 0.37917484025403003
108 72 0.06050764244401638
108 57 0.5186700796215782
108 94 0.6152348404894683
108 80 0.10307402333650073
108 81 0.3809836459622714
108 95 0.10304956938859025
108 56 0.3874193618024526
108 68 0.9451231430922213
108 54 0.21220057019327543
108 83 0.035946853238072035
108 82 0.08865779659368342
108 55 0.2589303882463574
108 69 0.5808132604206554
108 51 0.022927801998197522
108 79 0.19252659959623197
108 86 0.032310793575867386
108 92 0.6459991041193854
108 93 0.5384715607137124
108 87 0.4155304569431699
108 78 0.5094755676766186
108 50 0.04896934158953116
108 52 0.0019158537565979739
108 46 0.25559859240708716
108 91 0.5285420187579294
108 85 0.5359907403884067
108 84 0.017761593644440826
108 90 0.541754224895573
108 47 0.23543101794521717
108 53 0.02041659849645297
120 76 0.009574762791932728
120 62 0.1347689478598681
120 89 0.055950872124510304
120 88 0.16662355401505563
120 63 0.033833261750970955
120 77 0.22299918786867023
120 49 0.019411263781517918
120 61 0.003603711690454592
120 75 0.03360129631600445
120 74 0.01191715542179253
120 60 0.004209895015599402
120 48 0.02430344109365333
120 64 0.030819161347674345
120 70 0.11599146283164653
120 58 0.05035276960320395
120 59 0.012115527727767056
120 71 0.03539729279137881
120 65 0.0008650714184071928
120 73 0.0011731574374810594
120 67 0.1576985120088985
120 66 0.12394037014828081
120 72 0.005446511949382005
120 57 0.08980947738354565
120 94 0.2386187926621172
120 80 0.03891168092388504
120 81 0.08253415051363547
120 95 0.03205709436500469
120 56 0.10433268051116115
120 68 0.22365356337500972
120 54 0.036429441720432276
120 83 0.02687298016828238
120 82 0.01663215237298915
120 55 0.21852110375918055
120 69 0.14180921144155276
120 51 0.04225691744250028
120 79 0.03779347785833219
120 86 0.012612098432881608
120 92 0.24621453897257367
120 93 0.2050233089392525
120 87 0.18416498026387368
120 78 0.18940715031676636
120 50 0.0725182197915517
120 52 0.00048171762034410204
120 46 0.06699725550314553
120 91 0.2056950840743918
120 85 0.20710223161957056
120 84 0.07634430106538855
120 90 0.21146326638204044
120 47 0.09439789396580395
120 53 0.3196869602315202
134 76 0.05550124362528905
134 62 0.13837128701892745
134 89 0.040926344174622806
134 88 0.13252762672523327
134 63 0.07739514155157469
134 77 0.018240500759215017
134 49 0.26902164216449204
134 61 0.004138671005592148
134 75 0.2761097947423099
134 74 0.09213178387802937
134 60 0.004500662277914569
134 48 0.2576791230149223
134 64 0.06575629841588088
134 70 0.135478997087441
134 58 0.10332934571423258
134 59 0.0152836859498027
134 71 0.36453058194397886
134 65 0.0009017001910938682
134 73 0.17846756607189335
134 67 0.268558234110518
134 66 0.1080309339227124
134 72 0.010058774217553218
134 57 0.2879024484443033
134 94 0.1881229626353329
134 80 0.3997487757435666
134 81 0.09727105339219133
134 95 0.04440612649423942
134 56 0.12004191596573958
134 68 0.397010065852448
134 54 0.10313384308374754
134 83 0.25446024931660194
134 82 0.032358128184759
134 55 0.18912137447465321
134 69 0.1854233812908706
134 51 0.1142093767951287
134 79 0.047723414682786375
134 86 0.12714116627484928
134 92 0.18628758385153008
134 93 0.16044906870861214
134 87 0.16695891377031927
134 78 0.18081807843863063
134 50 0.14718811040557206
134 52 0.39883655601267043
134 46 0.1871469897479551
134 91 0.16171751913251095
134 85 0.15776845123053543
134 84 0.05844376175776465
134 90 0.16322008641375058
134 47 0.18720585114249863
134 53 0.3205453573376571
122 76 0.035568151202278186
122 62 0.0922775649943291
122 89 0.08542884512357395
122 88 0.26132834859325427
122 63 0.0820076250988863
122 77 0.02106229625841395
122 49 0.2231572416648937
122 61 0.006118241732761598
122 75 0.0023212065099148804
122 74 0.042508612222436654
122 60 0.007694096171517312
122 48 0.11255510089865109
122 64 0.07111285467460628
122 70 0.18886871732882352
122 58 0.10876754483001966
122 59 0.013558353908997955
122 71 0.5249717229885544
122 65 0.0015806302282111162
122 73 0.002976347130295348
122 67 0.4475399963054366
122 66 0.19541059239949388
122 72 0.010185479317090546
122 57 0.44580931859495343
122 94 0.37409164616191587
122 80 0.5781013535046814
122 81 0.13822898527277688
122 95 0.07739222706695448
122 56 0.1588637995494873
122 68 0.5800545623928876
122 54 0.0824954916407006
122 83 0.2584910633876886
122 82 0.038695485080498984
122 55 0.08121324610181567
122 69 0.3076355842759233
122 51 0.11090352335958517
122 79 0.06325319459948184
122 86 0.19283086502184524
122 92 0.38103752733884055
122 93 0.32026002933163233
122 87 0.2283353016972326
122 78 0.3296048303751408
122 50 0.21801208206685935
122 52 0.0014383787332131193
122 46 0.1270867690959496
122 91 0.32350532858640335
122 85 0.7469723097455555
122 84 0.013677716813446678
122 90 0.3317439462619831
122 47 0.11728429016851903
122 53 0.027117461029528542
136 76 0.025198453216138797
136 62 0.09683433141386331
136 89 0.028341998764567874
136 88 0.12637942519437104
136 63 0.05443618751580778
136 77 0.23684739990785048
136 49 0.13949445865124277
136 61 0.04221355293410692
136 75 0.0002153432184917592
136 74 0.09438184209307005
136 60 0.001602332851212973
136 48 0.1577397908805945
136 64 0.04927959899108118
136 70 0.13727138187717866
136 58 0.09776052000025104
136 59 0.013884876200563445
136 71 0.03676640891510875
136 65 0.00012920140336003527
136 73 0.0009816257044551746
136 67 0.12090124621760383
136 66 0.07694691221198262
136 72 0.03736411128389522
136 57 0.17218251662578474
136 94 0.18248539612104953
136 80 0.0405074057977559
136 81 0.2916311195874509
136 95 0.06663818066628219
136 56 0.19595443167727697
136 68 0.2965166492594892
136 54 0.1003698580178744
136 83 0.01146807261690544
136 82 0.028387260993275862
136 55 0.051948730225987186
136 69 0.11084591210472952
136 51 0.009479522128827411
136 79 0.34961124725096243
136 86 0.01347473087746126
136 92 0.1913690758694688
136 93 0.16471352828196337
136 87 0.12325656104952316
136 78 0.16183400766976608
136 50 0.018920890454481726
136 52 0.001986640788167765
136 46 0.1684589199430127
136 91 0.18114692893366158
136 85 0.17757694805996627
136 84 0.025435607549435066
136 90 0.17955922184005058
136 47 0.21835417525870682
136 53 0.02051842192475324
137 76 0.08486456771422356
137 62 0.10125473766800899
137 89 0.1088765419524379
137 88 0.32205678418640915
137 63 0.06491795526459962
137 77 0.03546450608462723
137 49 0.031223566509417405
137 61 0.019359429457145333
137 75 0.0004940017188504731
137 74 0.033190325671303464
137 60 0.0047789906344960775
137 48 0.04679390305493039
137 64 0.060796308928699264
137 70 0.2928121455859063
137 58 0.12485222873251324
137 59 0.14698648033991077
137 71 0.04349386818244709
137 65 0.00039619072679852874
137 73 0.0011361765194015938
137 67 0.3592720874481739
137 66 0.3952556305886673
137 72 0.02520638739832927
137 57 0.28144107104384425
137 94 0.45280217810684265
137 80 0.04784053438338144
137 81 0.17600144821841404
137 95 0.06729071653014818
137 56 0.24194880875384292
137 68 0.6427259996750274
137 54 0.07240362470597093
137 83 0.015669427551167264
137 82 0.05866904031525581
137 55 0.08580614648147597
137 69 0.34926068667372173
137 51 0.011508869758586698
137 79 0.1478149310851519
137 86 0.015612086238947054
137 92 0.47490433585489644
137 93 0.39374976037396225
137 87 0.3118551536641727
137 78 0.3820599214589279
137 50 0.027494384060779767
137 52 0.0020196321131697725
137 46 0.1301640209706015
137 91 0.3930965762612494
137 85 0.39467595591055127
137 84 0.010656503433043696
137 90 0.3994028354969189
137 47 0.13006927393851597
137 53 0.01045477397953698
123 76 0.029176986420976617
123 62 0.08258723675827712
123 89 0.07326716753537535
123 88 0.22848192837314346
123 63 0.08550135450392822
123 77 0.021626165316034618
123 49 0.1777171782469249
123 61 0.005882374073378466
123 75 0.0026175796677261054
123 74 0.03584425663222572
123 60 0.0076338680295376105
123 48 0.0972949924461115
123 64 0.07294325870219436
123 70 0.1688764966765546
123 58 0.10126863429529057
123 59 0.01042289136559238
123 71 0.41058850302486527
123 65 0.0018377672768470354
123 73 0.003616464927057389
123 67 0.36998131985626226
123 66 0.17213678947779895
123 72 0.010142990281348074
123 57 0.4030816607623232
123 94 0.715028773684461
123 80 0.4521663255636079
123 81 0.12330621054514085
123 95 0.06506318642171416
123 56 0.177942867759953
123 68 0.4921961699754128
123 54 0.08352444995473336
123 83 0.195606169847867
123 82 0.03744300099660049
123 55 0.07541796861059864
123 69 0.2587487887315819
123 51 0.09012628953302228
123 79 0.05540895966806994
123 86 0.15078365028700952
123 92 0.33023794951175867
123 93 0.2809561808683136
123 87 0.19989296277672525
123 78 0.314113059406396
123 50 0.1757277315508593
123 52 0.0011997150197912143
123 46 0.12350089845122174
123 91 0.2863207424288896
123 85 0.28031348934918376
123 84 0.015117033159794457
123 90 0.28891252320525573
123 47 0.1113748047085676
123 53 0.03163925701268479
127 76 0.11155843502289398
127 62 0.15215586534860387
127 89 0.15022383239955128
127 88 0.4590485925268204
127 63 0.14155082001921865
127 77 0.09710453120397505
127 49 0.17975058927676188
127 61 0.016261852585701897
127 75 0.0020898846914813862
127 74 0.07398288308148773
127 60 0.010001129663474356
127 48 0.13366138707032055
127 64 0.12699177599374883
127 70 0.38422489319239395
127 58 0.21444608235267845
127 59 0.09088233298822257
127 71 0.38489285725392786
127 65 0.0013232377761046854
127 73 0.0035600256069042713
127 67 0.5748626589681856
127 66 0.3861756422363467
127 72 0.06741061821662711
127 57 0.5332274997397864
127 94 0.6390856819445383
127 80 0.4238069599209009
127 81 0.3140571442345166
127 95 0.12737509695355972
127 56 0.37646167728709745
127 68 1.0
127 54 0.20570258831372024
127 83 0.05906482843762692
127 82 0.08036408504294106
127 55 0.15892498139210817
127 69 0.48595174084407355
127 51 0.21698193465323262
127 79 0.2095558737844297
127 86 0.14100349069181561
127 92 0.6631783148635744
127 93 0.5527340831483513
127 87 0.4861513073843343
127 78 0.4942774659466044
127 50 0.3438742165780151
127 52 0.0026611937911106
127 46 0.298334372777328
127 91 0.5708789688968144
127 85 0.5545696417431393
127 84 0.02084236782315864
127 90 0.5645020034272192
127 47 0.21910617232306367
127 53 0.034324863447102574
133 76 0.009502179475841532
133 62 0.25686662536060406
133 89 0.0459407740080261
133 88 0.19271565320760653
133 63 0.11040348774573638
133 77 0.21665214400494198
133 49 0.3983077135165337
133 61 0.04439904365160177
133 75 0.0008971971935571865
133 74 0.1168559368026586
133 60 0.003191608814952951
133 48 0.28203727871222517
133 64 0.0975807365502902
133 70 0.18849151078737267
133 58 0.1683677764002639
133 59 0.0006979901133691013
133 71 0.2973974825538243
133 65 0.0005972733316946532
133 73 0.037775890532387196
133 67 0.2888996908548965
133 66 0.11455560980597848
133 72 0.009240739366973116
133 57 0.3848610354480806
133 94 0.27285591023838396
133 80 0.3275771748514247
133 81 0.2343931225086148
133 95 0.07979347499110455
133 56 0.207778042499305
133 68 0.42903375520309883
133 54 0.16014604554585266
133 83 0.08674706308055193
133 82 0.16894678308963887
133 55 0.10500522793570963
133 69 0.1611317766088302
133 51 0.06377743368544393
133 79 0.3428458266045205
133 86 0.10943055346568442
133 92 0.2782582340477521
133 93 0.2398427674349269
133 87 0.17370587214072591
133 78 0.20366784443366182
133 50 0.12558820466004772
133 52 0.0030781478972594922
133 46 0.14248603302000862
133 91 0.25842745928187016
133 85 0.2530333904874544
133 84 0.10193457001704913
133 90 0.2579026044597862
133 47 0.3210787998359113
133 53 0.3365690411003743
132 76 0.06463110267027383
132 62 0.12745623722793314
132 89 0.17247873869064428
132 88 0.5215562656488165
132 63 0.15676152559524634
132 77 0.07697325361935531
132 49 0.06828248061665783
132 61 0.008200558897660554
132 75 0.0006642022968956773
132 74 0.06479313542085562
132 60 0.00793341952831167
132 48 0.09975733999581549
132 64 0.14063942910898142
132 70 0.3995868878274993
132 58 0.20534806028367691
132 59 0.04510186740424224
132 71 0.10792099943616827
132 65 0.0004847042736666751
132 73 0.004145279372319205
132 67 0.49907408200917713
132 66 0.3929882455564393
132 72 0.0558312408727399
132 57 0.35271022732775625
132 94 0.7996518778611912
132 80 0.11870366865972204
132 81 0.3168317447999748
132 95 0.11600599622318833
132 56 0.3982055561308324
132 68 0.8577146897881505
132 54 0.20881579051621874
132 83 0.19025432816040638
132 82 0.06698535711969293
132 55 0.16189946095549426
132 69 0.4844060565822771
132 51 0.030511667980444357
132 79 0.15976641260316413
132 86 0.038735248447745854
132 92 0.8375731996320613
132 93 0.6973147754379833
132 87 0.4674041342142554
132 78 0.4797715761892838
132 50 0.058759243010311824
132 52 0.006256938672571488
132 46 0.3977183009903521
132 91 0.6753236369097912
132 85 0.6891899789338168
132 84 0.05310479876402026
132 90 0.6960765559932892
132 47 0.2120174891918583
132 53 0.03788132576915042
126 76 0.04082948893004788
126 62 0.08560867464961922
126 89 0.09344168626056593
126 88 0.28014355406487
126 63 0.07097100287214743
126 77 0.02075031411438913
126 49 0.15845083236903687
126 61 0.008546689728720802
126 75 0.0019861173043749236
126 74 0.047373685448252184
126 60 0.015844861705085145
126 48 0.08614423551657518
126 64 0.06180249590620447
126 70 0.196758946243085
126 58 0.09632839871872624
126 59 0.015116300327455257
126 71 0.368858305802399
126 65 0.0009695957150835655
126 73 0.0021942797939238923
126 67 0.4098114824584733
126 66 0.20947014438759531
126 72 0.009656777704556085
126 57 0.3609707993969406
126 94 0.5250336664128401
126 80 0.4061665859485921
126 81 0.140828137271256
126 95 0.07158647268900654
126 56 0.16895908191584041
126 68 0.5235637753081517
126 54 0.0718517059675204
126 83 0.30041901750649413
126 82 0.03415617220620287
126 55 0.08032352165771645
126 69 0.32352711323213157
126 51 0.07855416961483803
126 79 0.06495529512872796
126 86 0.13529154795397993
126 92 0.5437298362237105
126 93 0.46182114866205637
126 87 0.27778630062425325
126 78 0.3552847466809066
126 50 0.1547710018626371
126 52 0.0010458068289094513
126 46 0.12246121041176004
126 91 0.44481857962937754
126 85 0.4440544723748804
126 84 0.013195479138160188
126 90 0.8455066826127238
126 47 0.10465314590270525
126 53 0.025554812573517896
118 76 0.06878103586818718
118 62 0.2133997449616611
118 89 0.03282375769787339
118 88 0.10677518488754972
118 63 0.0949715791157029
118 77 0.011831815483381525
118 49 0.30210162250462214
118 61 0.002071477866122884
118 75 0.0008202004112873584
118 74 0.09714391606070799
118 60 0.0027848322043357854
118 48 0.17257163950606194
118 64 0.05590271254206597
118 70 0.1393118430383983
118 58 0.3577896705193584
118 59 0.10096717457165827
118 71 0.20811966107105057
118 65 0.0004385087175307889
118 73 0.027438595386143586
118 67 0.19611869898258183
118 66 0.07989665417592391
118 72 0.007497711777765259
118 57 0.332911860575298
118 94 0.13745751940195947
118 80 0.22905014860363287
118 81 0.27370367905459725
118 95 0.03016099700326838
118 56 0.2674737279731525
118 68 0.3108261739180119
118 54 0.06561946396378054
118 83 0.14207074738704045
118 82 0.049920454312898876
118 55 0.1319480185165779
118 69 0.17527003006435676
118 51 0.12112326892791389
118 79 0.1565688374148909
118 86 0.07586127519390061
118 92 0.1415766149332422
118 93 0.12126710496206314
118 87 0.13820232195235005
118 78 0.12381355840662718
118 50 0.23902192162231364
118 52 0.002408845903031559
118 46 0.18860690456096985
118 91 0.1297309183480767
118 85 0.11889080402452767
118 84 0.09615711157572569
118 90 0.12194956528930775
118 47 0.3260393993401479
118 53 0.2365880244156222
130 76 0.013332622969506491
130 62 0.06304817506596562
130 89 0.08147602791562136
130 88 0.24500237461112392
130 63 0.06183215658679084
130 77 0.012215274531643755
130 49 0.022606742368390345
130 61 0.003318237550901326
130 75 0.0002723436513888955
130 74 0.018644548138914613
130 60 0.004437920498163772
130 48 0.03971213153934712
130 64 0.058841872038871756
130 70 0.18845779405662844
130 58 0.09499377325144312
130 59 0.017202179054015942
130 71 0.03509880159168206
130 65 0.00017695478430634903
130 73 0.001272019111259265
130 67 0.2241895988151556
130 66 0.1794222936619444
130 72 0.008479161819413994
130 57 0.13095169827680572
130 94 0.341049758326499
130 80 0.03854407493808254
130 81 0.15425425491394668
130 95 0.04535260973404173
130 56 0.19520964584547335
130 68 0.3503834037545637
130 54 0.11949917320526099
130 83 0.16903454821747615
130 82 0.025524696988882475
130 55 0.0823840756166264
130 69 0.2132130522125511
130 51 0.0095298688578275
130 79 0.07471432508129486
130 86 0.012359556405575678
130 92 0.35730615097573204
130 93 0.2939261597954328
130 87 0.22503084532842202
130 78 0.20904944049401175
130 50 0.018794532312319506
130 52 0.002825858785579116
130 46 0.2619403585524096
130 91 0.28750829360105074
130 85 0.2968108412185786
130 84 0.04217428425634562
130 90 0.29958946538595965
130 47 0.08900515262600511
130 53 0.011709268813252988
124 76 0.03885380693202835
124 62 0.08016895254938909
124 89 0.08655402469142913
124 88 0.26246621749282567
124 63 0.0706544856571323
124 77 0.019220068711218036
124 49 0.14077182823757958
124 61 0.005805554359405524
124 75 0.0017867649453541523
124 74 0.0445607664331715
124 60 0.006156762773099733
124 48 0.08064970707914673
124 64 0.06180249590620447
124 70 0.18638235040833265
124 58 0.09632839871872624
124 59 0.015116300327455257
124 71 0.3242398231151383
124 65 0.0009695957150835655
124 73 0.0021942797939238923
124 67 0.37476174316049243
124 66 0.1953033208885865
124 72 0.009499666353585956
124 57 0.3292143006321274
124 94 0.37115186981997206
124 80 0.35702128064487676
124 81 0.1336744357933593
124 95 0.06552800672638222
124 56 0.1581236445218752
124 68 0.48248772104949955
124 54 0.0718517059675204
124 83 0.2661366126843505
124 82 0.03364982251432794
124 55 0.07650660551196985
124 69 0.2986607192384232
124 51 0.07419249848295746
124 79 0.06143334688611994
124 86 0.11887186297140921
124 92 0.38265811635182695
124 93 0.31830702786552323
124 87 0.2314968721797468
124 78 0.3256604637938796
124 50 0.1430794403989665
124 52 0.0010458068289094513
124 46 0.11986241712934387
124 91 0.9933639665386957
124 85 0.32125511658634415
124 84 0.012277281562202258
124 90 0.3277036233622921
124 47 0.1038744691965052
124 53 0.023585152521430744
125 76 0.040302501886780945
125 62 0.08549180755505151
125 89 0.09284557615979704
125 88 0.28240730364280614
125 63 0.07565500709117669
125 77 0.018786634034370614
125 49 0.15045902533590982
125 61 0.005614727263575675
125 75 0.0035600029310792203
125 74 0.047641814207744035
125 60 0.006268945278298799
125 48 0.08653340443864665
125 64 0.06606624264762126
125 70 0.19985744502218744
125 58 0.10297408333260011
125 59 0.016159172064565713
125 71 0.3434208868983312
125 65 0.0035096116677115208
125 73 0.0045605943812589145
125 67 0.45784588005076343
125 66 0.20943285687998797
125 72 0.00997440582202691
125 57 0.3511444084189986
125 94 0.3981693376658555
125 80 0.3781351565866602
125 81 0.14298506297155927
125 95 0.07192170010907956
125 56 0.2653364359656277
125 68 0.6214198813058435
125 54 0.07680874649949504
125 83 0.2908194368400989
125 82 0.035856755362733875
125 55 0.08070352503308145
125 69 0.3210143169782578
125 51 0.07394848524871102
125 79 0.06575432625601824
125 86 0.12590912461667494
125 92 0.4105088372789909
125 93 0.3519841590406997
125 87 0.24557225204620436
125 78 0.3501590220326293
125 50 0.1455911324372821
125 52 0.0015183659356562962
125 46 0.12675847236187088
125 91 0.3403898708326516
125 85 0.3446287089848626
125 84 0.011576607711252879
125 90 0.3515258355025298
125 47 0.11080463981418678
125 53 0.023187212232545287
131 76 0.022115735643176176
131 62 0.12327019715293232
131 89 0.1344618566078875
131 88 0.5099668532797181
131 63 0.09999038108377095
131 77 0.01756216653892817
131 49 0.03595500461035957
131 61 0.005425495323922974
131 75 0.0003907555334383417
131 74 0.029070201417968955
131 60 0.0055799298367607
131 48 0.06733310715637551
131 64 0.09656626998551644
131 70 0.36219130989601406
131 58 0.4892776293754625
131 59 0.10903785304672811
131 71 0.055957576607523346
131 65 0.00028999741074897667
131 73 0.00152060478196675
131 67 0.3815797700924244
131 66 0.29531328267684687
131 72 0.014563925593477717
131 57 0.4099667189785613
131 94 0.5570304370953324
131 80 0.061349941858666185
131 81 0.27336446031792716
131 95 0.07379677960145556
131 56 0.1883207139006926
131 68 0.6341005095757236
131 54 0.15655000448166162
131 83 0.02211659097100961
131 82 0.048192287651587576
131 55 0.13585201700856006
131 69 0.42456996649673207
131 51 0.014185671139522515
131 79 0.10944655721302621
131 86 0.01929046291079528
131 92 0.5835492397359944
131 93 0.4807040260776769
131 87 0.3851672826968521
131 78 0.36487346565526113
131 50 0.02885454296186621
131 52 0.0008196181206472919
131 46 0.19953136158401924
131 91 0.47008972985418085
131 85 0.4847155960579802
131 84 0.010134270228138093
131 90 0.48924914755269644
131 47 0.15229321939679127
131 53 0.013532185969088145
119 76 0.00482260272825738
119 62 0.10266797504531354
119 89 0.01656456467089784
119 88 0.07846609772544608
119 63 0.023218476971070642
119 77 0.16472255620900753
119 49 0.040661163812914985
119 61 0.03528480073740971
119 75 0.00018034737133629242
119 74 0.08329788236611177
119 60 0.0004182633216990861
119 48 0.03711182244880247
119 64 0.022688919607262686
119 70 0.14197321243663494
119 58 0.3718973677475461
119 59 0.047085435441271126
119 71 0.012911978031165644
119 65 0.0
119 73 0.0003679206515045108
119 67 0.08037174384004753
119 66 0.03716939471312937
119 72 0.004348395650403819
119 57 0.13888456392745707
119 94 0.11490239599611339
119 80 0.013993558459921951
119 81 0.10288791911120676
119 95 0.03737181117831763
119 56 0.0638783271677758
119 68 0.17709887075025801
119 54 0.02722755054541995
119 83 0.005743193035119221
119 82 0.01309137140733288
119 55 0.09005275808628847
119 69 0.12202905755435497
119 51 0.0025245002767457225
119 79 0.19648553236813038
119 86 0.0038429200548275866
119 92 0.12075712557900177
119 93 0.1064999629158731
119 87 0.06897073357527386
119 78 0.11675367635507182
119 50 0.005652008391902719
119 52 0.0017149468476723717
119 46 0.03325574729072485
119 91 0.11953629403437258
119 85 0.11632589510354469
119 84 0.020733777658761415
119 90 0.11730751601586747
119 47 0.03306291614385362
119 53 0.012996127520750078
