114 76 0.08232545366301297
114 62 0.16961356140605643
114 89 0.08168679743001386
114 88 0.205795380463884
114 63 0.05211200329669437
114 77 0.033876463019300765
114 49 0.03709056627598724
114 61 0.026779306610229398
114 75 0.027884497745384512
114 74 0.14923292600687957
114 60 0.0266872162869769
114 48 0.04182403534977838
114 64 0.05058605115259
114 70 0.2361465349827958
114 58 0.4441875216184446
114 59 0.02924365348774427
114 71 0.0453405714518751
114 65 0.02423291436862185
114 73 0.026492690827313856
114 67 0.19348236177455586
114 66 0.14694941550376564
114 72 0.029829176255450812
114 57 0.22058909611079355
114 94 0.2678002959617386
114 80 0.04719786267754958
114 81 0.16124916301638187
114 95 0.05986141351613214
114 56 0.1220281003686173
114 68 0.31991501173466896
114 54 0.05590459570327365
114 83 0.03748539883350564
114 82 0.039657958259690776
114 55 0.1490429011171408
114 69 0.24143158940188414
114 51 0.02974335967439587
114 79 0.06323204491180585
114 86 0.029903531789752955
114 92 0.27524282659446553
114 93 0.23573648932568203
114 87 0.19753078123919685
114 78 0.18555486051365783
114 50 0.03762120452780397
114 52 0.02596845005642004
114 46 0.09634707640355031
114 91 0.2362120230722905
114 85 0.2348793054945958
114 84 0.0358059198498174
114 90 0.23772112257745853
114 47 0.06958402716760248
114 53 0.03186667358618531
100 76 0.026837576614927514
100 62 0.083053106155671
100 89 0.031158339984519598
100 88 0.06821716800845609
100 63 0.18172798919584748
100 77 0.03491659010563762
100 49 0.17618947194467785
100 61 0.024640182392154833
100 75 0.02343673119746438
100 74 0.030150845433364437
100 60 0.024490287014353684
100 48 0.07700415619597137
100 64 0.11524902573596219
100 70 0.06535309758959451
100 58 0.10834964529161899
100 59 0.021704461744728384
100 71 0.4061836256331877
100 65 0.021119038484831362
100 73 0.021657241904533303
100 67 0.20587375167008104
100 66 0.05816540695424255
100 72 0.024803475442860934
100 57 0.28699082148114563
100 94 0.08249322452540356
100 80 0.44473730717515464
100 81 0.06148850702947202
100 95 0.05148090816267853
100 56 0.11355268937859574
100 68 0.27449982826620734
100 54 0.038366419553316045
100 83 0.05842478374839058
100 82 0.031867773292591425
100 55 0.16648317212940894
100 69 0.09593752723189718
100 51 0.09953844223390851
100 79 0.03276162799341306
100 86 0.16255655737433972
100 92 0.07662802924435688
100 93 0.07521388042315934
100 87 0.07361354730298925
100 78 0.08935572680689481
100 50 0.17709057719587476
100 52 0.027095990798159927
100 46 0.13684304977491382
100 91 0.08054820005693619
100 85 0.0737424776027262
100 84 0.032470357395583405
100 90 0.07508404020078263
100 47 0.04583427324995008
100 53 0.03523708983590808
128 76 0.033289841971948675
128 62 0.04112093745083854
128 89 0.10342568151151857
128 88 0.28907345886764135
128 63 0.02981366253092088
128 77 0.06734702919723645
128 49 0.02386079436740153
128 61 0.012883355281471318
128 75 0.012543213924062407
128 74 0.03503207365396804
128 60 0.01277183978093456
128 48 0.02409747980333385
128 64 0.0260089749561893
128 70 0.1934346030930112
128 58 0.0674305027681899
128 59 0.01479561001110355
128 71 0.03301495862333477
128 65 0.008952327945287955
128 73 0.011778271764704515
128 67 0.25104628613352153
128 66 0.20073415612414236
128 72 0.047269742725691344
128 57 0.15488096257410144
128 94 0.4114489606147622
128 80 0.03521450991081608
128 81 0.17086194474060662
128 95 0.0776454725695713
128 56 0.17395708400376134
128 68 0.5265166973229897
128 54 0.07509521572576328
128 83 0.021555069153551182
128 82 0.023069780423151526
128 55 0.07862041044329654
128 69 0.24210566778771442
128 51 0.015739243891584653
128 79 0.09800845759937638
128 86 0.01787904466723647
128 92 0.4237140183530603
128 93 0.35135578552949065
128 87 0.27718406372112736
128 78 0.24387685926399302
128 50 0.023945826070722445
128 52 0.013242462805408223
128 46 0.11411328171417214
128 91 0.348383173755874
128 85 0.35711774817531217
128 84 0.01834844636708159
128 90 0.36063117875896716
128 47 0.05611620479236182
128 53 0.01971125312649477
129 76 0.041088368246478976
129 62 0.1619016724661078
129 89 0.14186046154741744
129 88 0.3642470899129873
129 63 0.07237355788718072
129 77 0.04635355685903585
129 49 0.05364763312285434
129 61 0.03739944205825389
129 75 0.036301318604637714
129 74 0.05588406723059071
129 60 0.037179502922450106
129 48 0.05809610887392386
129 64 0.06637364572263352
129 70 0.3192418459225411
129 58 0.4924015445914375
129 59 0.03987156873067771
129 71 0.0644039357734183
129 65 0.03612656415103667
129 73 0.036304149760836124
129 67 0.3326809247373197
129 66 0.2576948721618699
129 72 0.03957574564586326
129 57 0.38639524775591083
129 94 0.4999515090420812
129 80 0.06722016495328445
129 81 0.25414813237264033
129 95 0.09214035048516317
129 56 0.20157301517215948
129 68 0.5215210156661678
129 54 0.12279341516345568
129 83 0.05058164727123404
129 82 0.18415092709917022
129 55 0.1277198125650062
129 69 0.3638219661719113
129 51 0.03962551365894139
129 79 0.11844239383720312
129 86 0.0444135863024256
129 92 0.511995275747702
129 93 0.43012875838325093
129 87 0.34978119539682173
129 78 0.30601692760000737
129 50 0.05238506131713805
129 52 0.03585023280374111
129 46 0.16900171192404279
129 91 0.42520166608912796
129 85 0.43372707136496935
129 84 0.046213720325118376
129 90 0.43821554219088216
129 47 0.10313367573228813
129 53 0.04390563743612799
101 76 0.014951554367534411
101 62 0.03213893801608031
101 89 0.017002482902320093
101 88 0.07476699310226706
101 63 0.020689689563454808
101 77 0.01793952394651112
101 49 0.09051501215725649
101 61 0.011706803529775961
101 75 0.010179333472886548
101 74 0.014783598784373506
101 60 0.011249291562220029
101 48 0.034877857134106516
101 64 0.01993650964244345
101 70 0.042017409766166164
101 58 0.06776966563458728
101 59 0.011248012043015884
101 71 0.1673568751896282
101 65 0.009364743191105668
101 73 0.009323485462355993
101 67 0.09881538954609001
101 66 0.03863393712821442
101 72 0.011617285687030063
101 57 0.1353903671620861
101 94 0.11049017795794276
101 80 0.18324642076601688
101 81 0.03926640040995752
101 95 0.02529086565347083
101 56 0.07107570235667626
101 68 0.14000704863655142
101 54 0.022015032593018888
101 83 0.026470715613117188
101 82 0.016939703643307602
101 55 0.07464358829289897
101 69 0.05575516096611226
101 51 0.04199963149094432
101 79 0.017854458460143025
101 86 0.06714871008029374
101 92 0.11009879459376998
101 93 0.10272971318965081
101 87 0.04792408491464499
101 78 0.05181017288269564
101 50 0.10741151605493382
101 52 0.013630801661766237
101 46 0.03161040370071133
101 91 0.0994658135945083
101 85 0.090971700366727
101 84 0.042376105954114854
101 90 0.09242202640287409
101 47 0.02788523668817393
101 53 0.018838775133964897
115 76 0.03977744058281295
115 62 0.03908224207509953
115 89 0.016824926969517512
115 88 0.04221520395014691
115 63 0.01282976545735541
115 77 0.03659357013285543
115 49 0.022282754332472385
115 61 0.01054223296730418
115 75 0.009214486608452269
115 74 0.0797781674462657
115 60 0.009253849890448612
115 48 0.018257432701509715
115 64 0.081162250916293
115 70 0.05354736257563923
115 58 0.04070040691770106
115 59 0.008181744548281134
115 71 0.025030900945598816
115 65 0.0050948548620324274
115 73 0.009108011069262428
115 67 0.04559584047585684
115 66 0.15286157639095077
115 72 0.06853193139360082
115 57 0.04610446630597942
115 94 0.1266389895140346
115 80 0.027153368230739466
115 81 0.06588087151693608
115 95 0.015676699642858047
115 56 0.18603508520538897
115 68 0.0884466778960151
115 54 0.01889856202303422
115 83 0.15852314576073623
115 82 0.03075038033168065
115 55 0.13513193437236362
115 69 0.03530281832246028
115 51 0.013961020905791793
115 79 0.029052516188157754
115 86 0.014699068728719886
115 92 0.1264313159734925
115 93 0.11711635848795991
115 87 0.0458038629311983
115 78 0.03640578154737387
115 50 0.01812329922195058
115 52 0.6534994258348674
115 46 0.4525822763363934
115 91 0.11223388977590774
115 85 0.10602259136242426
115 84 0.046068202911050946
115 90 0.10733176515392706
115 47 0.20157776691891485
115 53 0.17966891146041547
103 76 0.06225724519365565
103 62 0.16718991480134868
103 89 0.0658843569746402
103 88 0.11289866011444422
103 63 0.06868898263070497
103 77 0.06401966191816114
103 49 0.0653796948663329
103 61 0.053996565403725674
103 75 0.05185659734149729
103 74 0.06044503114772992
103 60 0.05280800904752289
103 48 0.06492366965203547
103 64 0.07131450849735
103 70 0.21542820606550891
103 58 0.7323574420503393
103 59 0.05337962143446433
103 71 0.0779797286308713
103 65 0.052716553500782706
103 73 0.05097299598328979
103 67 0.14094306882986757
103 66 0.2912904783869723
103 72 0.054604340306306176
103 57 0.31727355157126547
103 94 0.12780758452572263
103 80 0.08129999565238358
103 81 0.1759152619939484
103 95 0.06160047188166638
103 56 0.11922462860091725
103 68 0.3292698703653134
103 54 0.0756236783723636
103 83 0.061216147877980964
103 82 0.06526141826100543
103 55 0.0986701377844179
103 69 0.23559198765501854
103 51 0.05926327989307098
103 79 0.06668865805854259
103 86 0.061367938643377376
103 92 0.12530113904254225
103 93 0.12069347747028064
103 87 0.11933360478823271
103 78 0.14213274347804386
103 50 0.06853513807411765
103 52 0.05863364827556328
103 46 0.09037511416895533
103 91 0.12778618540561473
103 85 0.11447940562740182
103 84 0.05709839877558279
103 90 0.11878812109325393
103 47 0.08163863917587433
103 53 0.0640954026720911
117 76 0.1350615517164408
117 62 0.23593027289017904
117 89 0.0385402943687307
117 88 0.12162479860037967
117 63 0.03494590330801464
117 77 0.32068130361502617
117 49 0.16175152251707134
117 61 0.08637711394730599
117 75 0.5930584008692943
117 74 0.2925030863105754
117 60 0.026835028603209618
117 48 0.3731316428356476
117 64 0.1250194773041331
117 70 0.22030746527894024
117 58 0.5751566409305404
117 59 0.028300387490059892
117 71 0.07929023410812774
117 65 0.022319577575854094
117 73 0.34171737339192065
117 67 0.12806947884683073
117 66 0.06665868727907304
117 72 0.10803636335981973
117 57 0.21805452680628717
117 94 0.17598284911937945
117 80 0.08137283512504247
117 81 0.21152562939451627
117 95 0.08646056610252578
117 56 0.2566739084416676
117 68 0.2543339219515716
117 54 0.04374934226274661
117 83 0.5834935996222246
117 82 0.05859240367417663
117 55 0.15049083628463272
117 69 0.22475142058633546
117 51 0.11094357851330916
117 79 0.352965080981536
117 86 0.031724169334704316
117 92 0.1787351803851171
117 93 0.16508286330553745
117 87 0.21617625720470057
117 78 0.23403806676933284
117 50 0.03700306823845026
117 52 0.059243825175889914
117 46 0.2851526909582466
117 91 0.1951733610510041
117 85 0.1860147542994009
117 84 0.11169932336516443
117 90 0.18739595240084173
117 47 0.05292500925942312
117 53 0.06159026847483724
116 76 0.12844993856000758
116 62 0.17510866566045974
116 89 0.12027749274412393
116 88 0.2729071103082275
116 63 0.07111008311534209
116 77 0.07053910413860695
116 49 0.06629755670152444
116 61 0.11131790311682883
116 75 0.05356458279144925
116 74 0.06590162774928882
116 60 0.05093947455909063
116 48 0.06830021295709213
116 64 0.073367079901488
116 70 0.36273491187650064
116 58 0.5971163024898684
116 59 0.0928472049135298
116 71 0.07009802651827172
116 65 0.04771281563836345
116 73 0.052577619502786985
116 67 0.26395798983876095
116 66 0.2544006759590796
116 72 0.05683635992121143
116 57 0.3800872769632988
116 94 0.3561795456542908
116 80 0.07244660087545718
116 81 0.21715441054193435
116 95 0.09276813603209885
116 56 0.2838965009854242
116 68 0.453130622317318
116 54 0.07853671932105513
116 83 0.2419827676583012
116 82 0.24596284942069702
116 55 0.20438294243899963
116 69 0.32466692652529444
116 51 0.05458673149897199
116 79 0.10352130523549971
116 86 0.05641541310592968
116 92 0.3664541682701607
116 93 0.3151813509423271
116 87 0.2631202984607257
116 78 0.2549670144724179
116 50 0.06501345929778601
116 52 0.06592479636857343
116 46 0.2825207852393688
116 91 0.3167219357457184
116 85 0.3164671504345883
116 84 0.10308672162794119
116 90 0.3203293634583966
116 47 0.09849292429023312
116 53 0.0628137846111112
102 76 0.033516730255776436
102 62 0.1047013755817961
102 89 0.038039316464244965
102 88 0.06569874050389884
102 63 0.043925561537377436
102 77 0.03740928894857247
102 49 0.04219204756805667
102 61 0.031131428099513178
102 75 0.031507253868520574
102 74 0.03829485119279835
102 60 0.03062470900353345
102 48 0.04076543120796351
102 64 0.04451492235097712
102 70 0.1322407627592778
102 58 0.4656467309211026
102 59 0.03133895859479002
102 71 0.055858825788516836
102 65 0.030616103623908625
102 73 0.03063319551842862
102 67 0.08541269351299394
102 66 0.056307956197063566
102 72 0.03314186119759871
102 57 0.200815515317032
102 94 0.07381582928849738
102 80 0.05838640850239912
102 81 0.10739829121074825
102 95 0.03829657889529978
102 56 0.07058699190199064
102 68 0.1846273849732489
102 54 0.04731543211919015
102 83 0.0375776737747381
102 82 0.0394627665292413
102 55 0.05853328107241368
102 69 0.1446719101203207
102 51 0.036261320345147674
102 79 0.039232331109499044
102 86 0.038750941444227596
102 92 0.07041802054726656
102 93 0.06792467045112698
102 87 0.06953700520362863
102 78 0.08374968027184215
102 50 0.04288408954963986
102 52 0.03318055587961882
102 46 0.05601011098740362
102 91 0.07097179286232651
102 85 0.06682404627257096
102 84 0.03624021232420488
102 90 0.0666267797145287
102 47 0.04997749191299464
102 53 0.036934916567226916
106 76 0.04502184508549986
106 62 0.08978209014729076
106 89 0.022479017547238203
106 88 0.05283195542509066
106 63 0.027048187649293107
106 77 0.019288944738518027
106 49 0.022720628802037277
106 61 0.015160383315513143
106 75 0.014775990658428814
106 74 0.020044257484810077
106 60 0.01434630577496876
106 48 0.023137368081441345
106 64 0.026813728060352524
106 70 0.12060312729459698
106 58 0.4621435718729983
106 59 0.0153703750875442
106 71 0.030880597155969275
106 65 0.013101076033051814
106 73 0.013908208177036016
106 67 0.06869194044679444
106 66 0.042811846457994504
106 72 0.07110940464476628
106 57 0.18381761314489609
106 94 0.05889477525911517
106 80 0.0325823818624405
106 81 0.09475321739305395
106 95 0.02177916181174394
106 56 0.0718237228976902
106 68 0.1703221267842995
106 54 0.029753816609289066
106 83 0.020426586755862647
106 82 0.056489769691698985
106 55 0.12025218886725944
106 69 0.13499424700640267
106 51 0.017912332689674654
106 79 0.022197982960503793
106 86 0.019424968554477617
106 92 0.057411260126138064
106 93 0.054385460063870794
106 87 0.05643757921787443
106 78 0.07103869006963165
106 50 0.02420263871153132
106 52 0.01429873195620572
106 46 0.038604945912732905
106 91 0.05797339534130089
106 85 0.050755341452673366
106 84 0.020648510065563827
106 90 0.0524186098790755
106 47 0.03288057467196111
106 53 0.019372273248340538
112 76 0.05273409103147271
112 62 0.1388146224944927
112 89 0.057772704669420055
112 88 0.10730188105673552
112 63 0.06348630420466626
112 77 0.05334393325021486
112 49 0.057882102522870044
112 61 0.046434412218420554
112 75 0.046850973003505575
112 74 0.05530079599534034
112 60 0.044213932084858895
112 48 0.0590963531830548
112 64 0.06491383265590919
112 70 0.18471135184838633
112 58 0.5846282238501981
112 59 0.04864390205577385
112 71 0.0695682236799458
112 65 0.04227455837237269
112 73 0.04511752093663336
112 67 0.1212961653909441
112 66 0.08915960502230809
112 72 0.05048255033521941
112 57 0.25492659397469286
112 94 0.11344855064733125
112 80 0.07168087523894372
112 81 0.15280098373388798
112 95 0.059949692537583144
112 56 0.14109609282597868
112 68 0.2522816258864767
112 54 0.06960427682986087
112 83 0.05694108058149083
112 82 0.05692348880835235
112 55 0.25313198568238515
112 69 0.20365572945961272
112 51 0.04910857316875562
112 79 0.06086718089975078
112 86 0.050093771910556445
112 92 0.11390463267664483
112 93 0.10827389403071812
112 87 0.11281251061089721
112 78 0.12847145603018464
112 50 0.05859664506229968
112 52 0.04912670324267246
112 46 0.08774413004382986
112 91 0.1123394808379479
112 85 0.10417095624712636
112 84 0.05842134336786779
112 90 0.10472904677033426
112 47 0.07319282487855225
112 53 0.05120530451529132
113 76 0.06562498382848496
113 62 0.1471993005938685
113 89 0.137788778126671
113 88 0.341283930176655
113 63 0.06979321817839333
113 77 0.10264317012846107
113 49 0.05895349173782981
113 61 0.04383486864364096
113 75 0.043814325410139146
113 74 0.06958678228693517
113 60 0.04293265830679295
113 48 0.06157741642730302
113 64 0.06830010142381021
113 70 0.2943365947247777
113 58 0.46173179000215403
113 59 0.04618977351511544
113 71 0.06846485247746587
113 65 0.039240994858154105
113 73 0.04271628836206458
113 67 0.3138916089881213
113 66 0.24719863135735193
113 72 0.0785282888625344
113 57 0.3111405952567906
113 94 0.462774163527456
113 80 0.071274679707818
113 81 0.24075331402623273
113 95 0.11202901059283372
113 56 0.32640255625434245
113 68 0.561942494132919
113 54 0.07390833126060306
113 83 0.1918101618254501
113 82 0.05833313846523441
113 55 0.18234850675448214
113 69 0.36151394783424534
113 51 0.046630178380315954
113 79 0.12139104053576619
113 86 0.048884224373601695
113 92 0.47530248043602646
113 93 0.40229218871107614
113 87 0.3205506992836306
113 78 0.31044295266436656
113 50 0.05767851508857105
113 52 0.05106190294463417
113 46 0.25823135404227704
113 91 0.4006127313378366
113 85 0.4064727031213394
113 84 0.08429994524182376
113 90 0.4103911136736983
113 47 0.10150040654940082
113 53 0.05370134673435083
107 76 0.0181625702102632
107 62 0.025321146852207113
107 89 0.01944102896378136
107 88 0.04456738335939531
107 63 0.01314083227370448
107 77 0.016721285656711216
107 49 0.021107986630280712
107 61 0.012684212916859353
107 75 0.01122208978352035
107 74 0.009980973717583316
107 60 0.013704458120943105
107 48 0.016798772918352425
107 64 0.016286026208289936
107 70 0.029286187235887745
107 58 0.03780432733746565
107 59 0.009685534350165295
107 71 0.029724442669434276
107 65 0.014874496081589916
107 73 0.012064393788675326
107 67 0.09965172515164916
107 66 0.1708273997499003
107 72 0.009444582926722456
107 57 0.11041338085914129
107 94 0.04407681274715422
107 80 0.03251355901447278
107 81 0.026872126874606717
107 95 0.016254601194598248
107 56 0.4913368688324039
107 68 0.42304938048965196
107 54 0.01736663806366115
107 83 0.019323099696361992
107 82 0.010825978400320749
107 55 0.03091725004653262
107 69 0.034652696289395477
107 51 0.016426877079262853
107 79 0.019811245790541193
107 86 0.02085072473160944
107 92 0.04328221632058234
107 93 0.04824411622075846
107 87 0.04070491414124683
107 78 0.03269371769052379
107 50 0.022999376327890633
107 52 0.017074463979115675
107 46 0.025534218493257002
107 91 0.04899274030809124
107 85 0.0371041501433791
107 84 0.011278106698213775
107 90 0.039359073653411056
107 47 0.021288852429372326
107 53 0.019816408298501342
139 76 0.06679129952672329
139 62 0.030368174426824032
139 89 0.04996515480529659
139 88 0.13558714434898225
139 63 0.02158874093751982
139 77 0.0229691730296082
139 49 0.02167907692950101
139 61 0.04713878479320581
139 75 0.010952277349726841
139 74 0.027807506595132078
139 60 0.011567775681532999
139 48 0.01976371861015072
139 64 0.02057076577433957
139 70 0.1483953184891364
139 58 0.05861266689440803
139 59 0.07390967734632115
139 71 0.02863388323732749
139 65 0.008965207871485512
139 73 0.010719443277900947
139 67 0.12360117408923582
139 66 0.21502493947223988
139 72 0.01382090680408661
139 57 0.1244585582730896
139 94 0.2428177147585804
139 80 0.030769090537074675
139 81 0.08577427434309079
139 95 0.034434928938487805
139 56 0.08995994449186841
139 68 0.2120631650241322
139 54 0.057173112356766434
139 83 0.03287769306970628
139 82 0.0699763609345004
139 55 0.049237222967485464
139 69 0.10917093714636782
139 51 0.0154205096880691
139 79 0.05013797045297963
139 86 0.017599716745106075
139 92 0.24810099973857977
139 93 0.21324481203305096
139 87 0.1374960318907847
139 78 0.10966918360256976
139 50 0.021686529458086468
139 52 0.01996512045796517
139 46 0.06974254258118545
139 91 0.20877598109561957
139 85 0.20446491051979232
139 84 0.014000484812428549
139 90 0.20758008141945947
139 47 0.03901293489926552
139 53 0.021713506673473895
111 76 0.07112525612060107
111 62 0.17231347106009248
111 89 0.11452127566001162
111 88 0.2537049516636676
111 63 0.0832772910273015
111 77 0.06512965818198052
111 49 0.07190726419289416
111 61 0.06045524933560935
111 75 0.05803365439948718
111 74 0.07295729083852243
111 60 0.05696758294617077
111 48 0.07523363832035207
111 64 0.08314934537890158
111 70 0.32301725265194164
111 58 0.5335114515038841
111 59 0.06634046022211994
111 71 0.08057698302831387
111 65 0.05444890134202893
111 73 0.05659577204280988
111 67 0.2666997140943147
111 66 0.2298082107365223
111 72 0.06340550285686504
111 57 0.31295189090423087
111 94 0.3139487595378446
111 80 0.08253334901003787
111 81 0.21336582122392667
111 95 0.09525062103478708
111 56 0.21499987112284397
111 68 0.5050783130409613
111 54 0.08955281287338161
111 83 0.07225049204082357
111 82 0.07339732818463413
111 55 0.2554503197046011
111 69 0.4184060698780057
111 51 0.05997016231048127
111 79 0.13087977508042545
111 86 0.06131222408255475
111 92 0.32482245848746516
111 93 0.2831238696230498
111 87 0.2636676111570414
111 78 0.39022146291510046
111 50 0.07320859386657498
111 52 0.06205849265580324
111 46 0.13871933647837348
111 91 0.28417417769638054
111 85 0.2812276109819276
111 84 0.07335667169774765
111 90 0.28370458374489993
111 47 0.10505998128795072
111 53 0.06317391637152146
105 76 0.05053306571286738
105 62 0.07218813341374206
105 89 0.04057033014114772
105 88 0.07556825096030054
105 63 0.04498114924110866
105 77 0.04332795028864887
105 49 0.15400434269690172
105 61 0.03495772599850182
105 75 0.03302387482233429
105 74 0.051639395355645615
105 60 0.0354076696192471
105 48 0.07548878116161553
105 64 0.0413917008856534
105 70 0.06767444437937184
105 58 0.09044819709000777
105 59 0.03383084296624915
105 71 0.3349828905933804
105 65 0.0317905089697673
105 73 0.03200020431484252
105 67 0.19875936587066595
105 66 0.13766778863057616
105 72 0.03327537167265966
105 57 0.2914257813803248
105 94 0.09032103688002793
105 80 0.36547161690681107
105 81 0.06242263867119517
105 95 0.056640023012971746
105 56 0.27484417028143854
105 68 0.37686776088164176
105 54 0.04323013028678312
105 83 0.1827641068578652
105 82 0.03999595433820524
105 55 0.05334450890770018
105 69 0.12160081728745221
105 51 0.09311817314274015
105 79 0.04183556422688142
105 86 0.14364391017703726
105 92 0.0826355958886353
105 93 0.08316537147241856
105 87 0.07764871161607256
105 78 0.13343103500351863
105 50 0.1552243511265615
105 52 0.03366858448459144
105 46 0.05444233670868155
105 91 0.08627757451777358
105 85 0.08210825439204107
105 84 0.03946994838696133
105 90 0.08099068998481457
105 47 0.05209017255219074
105 53 0.04488355493587476
104 76 0.041166112319250395
104 62 0.1604434280645901
104 89 0.04752707532100241
104 88 0.08674931174700382
104 63 0.05306576591751161
104 77 0.041817224366598224
104 49 0.044977400519455646
104 61 0.0365869979318956
104 75 0.03663437208256114
104 74 0.04446477283112617
104 60 0.03549483086784498
104 48 0.04780046061223012
104 64 0.05571436960933543
104 70 0.20686451442225035
104 58 0.7968194509275784
104 59 0.0354851710431367
104 71 0.05297954367713695
104 65 0.03640813499325038
104 73 0.035598967271096946
104 67 0.11311179286558215
104 66 0.07333336500322195
104 72 0.038860634508295536
104 57 0.3109178063777217
104 94 0.09399001668132084
104 80 0.05497988914889866
104 81 0.1650492088553373
104 95 0.043868914650115456
104 56 0.1083049477329709
104 68 0.27647500164065664
104 54 0.06028975274921482
104 83 0.04363468511798248
104 82 0.04837925273279739
104 55 0.14495212798585203
104 69 0.22890066316359592
104 51 0.04030797431497492
104 79 0.046713190120127465
104 86 0.04158298488843165
104 92 0.09284850068812714
104 93 0.08872838234301786
104 87 0.09265927863640289
104 78 0.12042994331158727
104 50 0.04721160213324074
104 52 0.03700141647279796
104 46 0.07126773530050717
104 91 0.09400535332178328
104 85 0.08297290315197609
104 84 0.04340129634155289
104 90 0.08645870678424751
104 47 0.06140348138064884
104 53 0.04158752307914991
110 76 0.03727461242868993
110 62 0.13446855119301215
110 89 0.1706242119463693
110 88 0.26416478730146603
110 63 0.03733376066380517
110 77 0.21587113442944666
110 49 0.06101275764688155
110 61 0.019897122828949357
110 75 0.020845762790111272
110 74 0.06119630625096538
110 60 0.0831948565128193
110 48 0.06933962808369813
110 64 0.035206898538407944
110 70 0.19284710570776525
110 58 0.3541831753569107
110 59 0.020867492589945108
110 71 0.18151322742057963
110 65 0.01752307038541588
110 73 0.019474611752886395
110 67 0.17070400117693368
110 66 0.11388297520540774
110 72 0.12449576497664017
110 57 0.23917215173742318
110 94 0.2582428883456588
110 80 0.18483659521208617
110 81 0.2179980220955321
110 95 0.08441798081557852
110 56 0.16064885483539257
110 68 0.36332036176194843
110 54 0.07356088760072053
110 83 0.029940733827714033
110 82 0.1338718448771573
110 55 0.12503839367156488
110 69 0.3773058441787112
110 51 0.022739367307321526
110 79 0.1551471588926195
110 86 0.023532541042778105
110 92 0.2659496799111213
110 93 0.32800109858003035
110 87 0.21190912884457241
110 78 0.271719815929683
110 50 0.030644539862025907
110 52 0.02373414739141136
110 46 0.13750887421846691
110 91 0.24678204225076866
110 85 0.24389563225375138
110 84 0.027537532624549332
110 90 0.24594296264618165
110 47 0.10186995076564503
110 53 0.03734525762509151
138 76 0.05764276415178607
138 62 0.0982151833026396
138 89 0.06823051801108385
138 88 0.17759128337195362
138 63 0.037995800631531934
138 77 0.06891822993922359
138 49 0.03302815893592845
138 61 0.022143679574571473
138 75 0.020577799786451037
138 74 0.053019193039701165
138 60 0.021646250528201502
138 48 0.03265983298885293
138 64 0.03572507282604902
138 70 0.16611148503796244
138 58 0.06617497754964488
138 59 0.025584431089975962
138 71 0.04345537746841456
138 65 0.017542264600590135
138 73 0.020041419543648506
138 67 0.19300083120009556
138 66 0.2331609692668664
138 72 0.11048588428099043
138 57 0.16824626933194073
138 94 0.2396961251655612
138 80 0.04622154072254579
138 81 0.11496068137217505
138 95 0.0635426879620458
138 56 0.1690021732437259
138 68 0.37681151885193076
138 54 0.039039568270492986
138 83 0.05396963551203157
138 82 0.05046081171895096
138 55 0.055557989231869304
138 69 0.15968668970707067
138 51 0.0256207299059317
138 79 0.0653435223749714
138 86 0.0272679832444645
138 92 0.24303142567195907
138 93 0.20816929260236577
138 87 0.19223658690507575
138 78 0.16200663885421163
138 50 0.03434505629105432
138 52 0.020866194572888352
138 46 0.10691973152494363
138 91 0.21112196436158856
138 85 0.20481804846905283
138 84 0.023471517600868755
138 90 0.20912161396668943
138 47 0.09481236451101109
138 53 0.10052709619107249
140 76 0.08427107186432867
140 62 0.05394467021456846
140 89 0.04779735132198423
140 88 0.12097256096068085
140 63 0.05102434166683803
140 77 0.02353779128413122
140 49 0.06566897240333677
140 61 0.04422520860666439
140 75 0.016096126004191275
140 74 0.03561338653539385
140 60 0.016668777399449164
140 48 0.023480099403947907
140 64 0.023928417210927103
140 70 0.1646401753615362
140 58 0.09012859431340586
140 59 0.0361521369844007
140 71 0.03509163713936281
140 65 0.014345742779691584
140 73 0.015312420168032609
140 67 0.1296066999625059
140 66 0.20048531231255232
140 72 0.018229643993953673
140 57 0.18320372638950105
140 94 0.16340525279802043
140 80 0.037232931814137116
140 81 0.08915500667892436
140 95 0.035321816510419574
140 56 0.07227807062091005
140 68 0.2509688297840124
140 54 0.02610060998456
140 83 0.02232323611060605
140 82 0.07668331764080397
140 55 0.05588775733195181
140 69 0.17894246106743056
140 51 0.02040190566097186
140 79 0.03751314541452236
140 86 0.022970496159340367
140 92 0.16630609662831827
140 93 0.14297151963438628
140 87 0.12742780276413465
140 78 0.1952818606712698
140 50 0.0672742040980307
140 52 0.01802219410252648
140 46 0.05119604344045349
140 91 0.14526355759493564
140 85 0.14382956720625378
140 84 0.03234032254155832
140 90 0.1457752837417794
140 47 0.04572488170856692
140 53 0.022971580515457474
135 76 0.08064813557202656
135 62 0.207523999410835
135 89 0.06013041886373148
135 88 0.17876368599771794
135 63 0.03652044389944262
135 77 0.21973111097399134
135 49 0.3150763396329307
135 61 0.0212682397487301
135 75 0.327535389004517
135 74 0.17194344943062168
135 60 0.020639846131895512
135 48 0.33994729787238653
135 64 0.03593936499196239
135 70 0.14293576550559614
135 58 0.09832736736145567
135 59 0.02080674180643584
135 71 0.2127966891914116
135 65 0.016124095060071036
135 73 0.2164098504345932
135 67 0.23401772165163975
135 66 0.1160046360282096
135 72 0.04740082589581067
135 57 0.23473011518164386
135 94 0.25998204256360263
135 80 0.2307914731040443
135 81 0.2219683553460126
135 95 0.10976536338312004
135 56 0.299173568220876
135 68 0.3849942580247152
135 54 0.07171299005968093
135 83 0.4718093312676645
135 82 0.03304633250365546
135 55 0.07564778296995817
135 69 0.17984633950128084
135 51 0.1319180451548512
135 79 0.19012715918991813
135 86 0.08250040698095673
135 92 0.2610297557926061
135 93 0.22734676944291718
135 87 0.23066048584917517
135 78 0.22818396552062584
135 50 0.10257376986818076
135 52 0.03877438838378017
135 46 0.2918331748181442
135 91 0.2429955448590856
135 85 0.23991277741744238
135 84 0.12258906081590962
135 90 0.24272738196077437
135 47 0.17696067278682429
135 53 0.2637356550510479
121 76 0.10574071092364104
121 62 0.09849711019374843
121 89 0.07696494147670829
121 88 0.30100622530955057
121 63 0.12107297733927012
121 77 0.06737455874692724
121 49 0.1392615922409836
121 61 0.016590205679997916
121 75 0.014339101294414833
121 74 0.07539166060594849
121 60 0.06704313286606325
121 48 0.1025467374140605
121 64 0.09094315136658979
121 70 0.16524527044288118
121 58 0.05683876994682592
121 59 0.012896367744273843
121 71 0.3521893263404971
121 65 0.06518832070570153
121 73 0.012588747106175385
121 67 0.3280326542758104
121 66 0.1702190185669746
121 72 0.04465894073049334
121 57 0.3642320859954026
121 94 0.3827308948042911
121 80 0.38435367763977524
121 81 0.09863903009597122
121 95 0.0909928452380267
121 56 0.17609260832905255
121 68 0.3979503371472289
121 54 0.10671623110859976
121 83 0.3071481055807852
121 82 0.04248339610236168
121 55 0.1649372301394844
121 69 0.3655642922758533
121 51 0.09878673532010838
121 79 0.0759510834840226
121 86 0.1250599108983842
121 92 0.5050734262342609
121 93 0.33499966477842025
121 87 0.2156619816699334
121 78 0.48034040113791504
121 50 0.14024436464953788
121 52 0.014454122704085387
121 46 0.12443282242682908
121 91 0.3253270116038445
121 85 0.32530699423979287
121 84 0.02180584830985255
121 90 0.3297197737190104
121 47 0.1835681067730775
121 53 0.045141186892390564
109 76 0.06493119396579942
109 62 0.11601974081988647
109 89 0.06639236326108419
109 88 0.19229037210847522
109 63 0.03984852065666945
109 77 0.1833642143731172
109 49 0.0679857619575028
109 61 0.027600625733136153
109 75 0.026377227440511755
109 74 0.09092406565911423
109 60 0.025314607810156042
109 48 0.05629252546267956
109 64 0.08966799402162684
109 70 0.24501938355741537
109 58 0.38452971595222823
109 59 0.0268833408485582
109 71 0.05007901912710826
109 65 0.022476745823965694
109 73 0.02432183017217676
109 67 0.19888383213765676
109 66 0.14852744808007357
109 72 0.07187050761583101
109 57 0.23976799993979475
109 94 0.2619774394863037
109 80 0.0519565402300866
109 81 0.2346465351565093
109 95 0.07935479287015446
109 56 0.13057661750038732
109 68 0.37717019563115933
109 54 0.04615747012291732
109 83 0.03591659626432202
109 82 0.04607290771391165
109 55 0.12398467518736588
109 69 0.2913797957955512
109 51 0.030505625731654454
109 79 0.16133961459388818
109 86 0.031123531157485992
109 92 0.2702639625725049
109 93 0.2363382352432683
109 87 0.19986978770753575
109 78 0.29379695978914927
109 50 0.039543584090278736
109 52 0.032849947788668524
109 46 0.15115748831166279
109 91 0.25255642388159005
109 85 0.24679158281684382
109 84 0.4819032610093357
109 90 0.24879424412772314
109 47 0.05844246777065244
109 53 0.04376751049848383
108 76 0.09402507195072995
108 62 0.19611329616981976
108 89 0.13016056914348925
108 88 0.284422395230735
108 63 0.0973619677798228
108 77 0.12583296581817005
108 49 0.08276113586141359
108 61 0.06742782288971028
108 75 0.06561979954913534
108 74 0.09199935255430301
108 60 0.06512601234492604
108 48 0.08715756748067863
108 64 0.09658371840355817
108 70 0.30595305516659166
108 58 0.6030044212270529
108 59 0.07231500180270509
108 71 0.09198269677621701
108 65 0.06341315038703244
108 73 0.06481798171255923
108 67 0.2720850531565535
108 66 0.21997826008070354
108 72 0.1066835194023672
108 57 0.3671974128092619
108 94 0.3578954121074235
108 80 0.09479756725251208
108 81 0.2866936718420837
108 95 0.12267073296219064
108 56 0.30045183044524304
108 68 0.5664426594543515
108 54 0.1532644119337627
108 83 0.08136454742805285
108 82 0.08689699557682573
108 55 0.2289140135504082
108 69 0.35484592870449677
108 51 0.069810878780739
108 79 0.18328566801838697
108 86 0.07237668136133871
108 92 0.36589985795120566
108 93 0.3190913252796389
108 87 0.2890395960805917
108 78 0.2880576891595905
108 50 0.08327425082419382
108 52 0.07164667896225188
108 46 0.17895326487260219
108 91 0.32170975365026205
108 85 0.31518860113023794
108 84 0.0772095072096737
108 90 0.3200915889867826
108 47 0.1237766260552361
108 53 0.07483551405275707
120 76 0.005887158111846133
120 62 0.1443562431876261
120 89 0.04991699953548165
120 88 0.14851570509116002
120 63 0.017830301819420413
120 77 0.25729617974811936
120 49 0.015165919775616127
120 61 0.004639345323992461
120 75 0.04175383576201713
120 74 0.014685626545605415
120 60 0.0061042223525038936
120 48 0.012671295883359981
120 64 0.01378453665263693
120 70 0.0916928940714655
120 58 0.03703003315163281
120 59 0.003788695147263446
120 71 0.03063319865904078
120 65 0.003916721014041669
120 73 0.0033353916806588557
120 67 0.13383297576278577
120 66 0.10324456458070899
120 72 0.004159222284713576
120 57 0.0713690912644103
120 94 0.21411279526713178
120 80 0.03327298259786683
120 81 0.06608614951065946
120 95 0.029745814430114523
120 56 0.0945653629124219
120 68 0.17748698557727888
120 54 0.015924854281584813
120 83 0.029486834530096026
120 82 0.01099509143382589
120 55 0.2377908080565699
120 69 0.1141441770813796
120 51 0.04643732898421801
120 79 0.031151848798512627
120 86 0.01141903272139963
120 92 0.21694053485104842
120 93 0.18343936404782957
120 87 0.1819203124857559
120 78 0.1691671199252958
120 50 0.07810544907174576
120 52 0.002803857878596383
120 46 0.048496000175158205
120 91 0.18338843585775216
120 85 0.18621292673799716
120 84 0.0883436254085408
120 90 0.18828865039235537
120 47 0.07705840695957014
120 53 0.36776065544041525
134 76 0.06565071736955147
134 62 0.13382205407581246
134 89 0.02379516785388476
134 88 0.056830638829706265
134 63 0.028461545273583966
134 77 0.03700052566614141
134 49 0.2916859680515085
134 61 0.01974268579315888
134 75 0.33270016438937183
134 74 0.10858754646456797
134 60 0.01942382910864872
134 48 0.26794842189052537
134 64 0.028454488361785102
134 70 0.07303321006681002
134 58 0.07949313727726795
134 59 0.015033766945863627
134 71 0.37985138947197217
134 65 0.015401664665638096
134 73 0.21768835595475006
134 67 0.19942624561161099
134 66 0.05056658277449744
134 72 0.02084971235557538
134 57 0.25156703136542324
134 94 0.0793013423739927
134 80 0.4144175810493643
134 81 0.06295585397376283
134 95 0.039684875187001714
134 56 0.08561836102587844
134 68 0.2710935077067783
134 54 0.0642530719461023
134 83 0.2867942631433048
134 82 0.02846216452151236
134 55 0.18989472270707508
134 69 0.11005584424844786
134 51 0.12933058230227085
134 79 0.04149274218357139
134 86 0.1411027749827957
134 92 0.06920258296234555
134 93 0.0677642282349327
134 87 0.12094700553851612
134 78 0.10770665686914119
134 50 0.15422454940204416
134 52 0.48224404997500186
134 46 0.14965875454235594
134 91 0.07253190619770591
134 85 0.067497598885428
134 84 0.07803535989841463
134 90 0.06936500918380914
134 47 0.1564020955699058
134 53 0.3689312330183453
122 76 0.047815694031521666
122 62 0.0806590121862687
122 89 0.08082033935382216
122 88 0.19873663270024422
122 63 0.04372568504365179
122 77 0.03372792062863787
122 49 0.23422474926531123
122 61 0.02271068861659098
122 75 0.021440649185379274
122 74 0.06188801153048609
122 60 0.024687628178604523
122 48 0.09371310642264868
122 64 0.03229137558519048
122 70 0.1335160763202911
122 58 0.06670714090625504
122 59 0.021415300085868588
122 71 0.5532787020265926
122 65 0.01878033719285828
122 73 0.019510349365329832
122 67 0.40165531339062616
122 66 0.1484129286371636
122 72 0.019490715148898483
122 57 0.4163006617700906
122 94 0.2848048185369927
122 80 0.6068539275309502
122 81 0.10194693896767221
122 95 0.0781828999665876
122 56 0.12653971054186114
122 68 0.4731254678884638
122 54 0.03505194731996317
122 83 0.2969427964258923
122 82 0.030734052559672334
122 55 0.06583242636582734
122 69 0.24831645757470314
122 51 0.12800379432914907
122 79 0.056002138561485434
122 86 0.22003925310531136
122 92 0.2849492291815404
122 93 0.24302427906771495
122 87 0.18809152477095248
122 78 0.2795118895343838
122 50 0.23559140017462188
122 52 0.020181157052669166
122 46 0.0787720492748987
122 91 0.24150500006894673
122 85 0.7263388755327346
122 84 0.030980944842523783
122 90 0.25774806595551114
122 47 0.05441538159693171
122 53 0.03423954898051203
136 76 0.023966029676293216
136 62 0.08818754684351897
136 89 0.00969335739442391
136 88 0.07448561933265313
136 63 0.012958075229045019
136 77 0.2748359733432375
136 49 0.1414066967970511
136 61 0.04916166347288095
136 75 0.0034432818587930014
136 74 0.10234686701154175
136 60 0.002708914981315591
136 48 0.14585924244278747
136 64 0.011686182241895202
136 70 0.09436833162556543
136 58 0.07151749124093301
136 59 0.003846836489990596
136 71 0.016999098748414668
136 65 0.0
136 73 0.0031726321966647625
136 67 0.06357781164058932
136 66 0.029547925862931923
136 72 0.03974348652619418
136 57 0.1304703340925073
136 94 0.11679094175136812
136 80 0.01869369802780356
136 81 0.2881868589454688
136 95 0.06480925393247325
136 56 0.18235021904199775
136 68 0.21902882818235114
136 54 0.062016622116695036
136 83 0.011371514554602294
136 82 0.010828931223622357
136 55 0.03218879983923571
136 69 0.053433523799699345
136 51 0.005968996607474172
136 79 0.378652462737763
136 86 0.008041669573776819
136 92 0.11700997277797662
136 93 0.10721074824277199
136 87 0.08950987205163452
136 78 0.11589969917882058
136 50 0.011273197067922361
136 52 0.010616118356396295
136 46 0.144942644166119
136 91 0.1308671983973346
136 85 0.12070138373066522
136 84 0.03145737848783797
136 90 0.12261130481754604
136 47 0.17985369333385628
136 53 0.02457796625573841
137 76 0.057423368945496614
137 62 0.08082348979718464
137 89 0.06498172832337276
137 88 0.16341366734658616
137 63 0.038614700895850826
137 77 0.0316139597484074
137 49 0.03394473404707876
137 61 0.025874289258330352
137 75 0.021069446616449827
137 74 0.03158838255583063
137 60 0.024034272705519277
137 48 0.03323491623046057
137 64 0.03539178828843638
137 70 0.12027328349399483
137 58 0.08112156090816852
137 59 0.03253934363321942
137 71 0.03901628934671858
137 65 0.020927215272713212
137 73 0.02128863370370565
137 67 0.14790681547176043
137 66 0.2137652801961488
137 72 0.024476231648728614
137 57 0.15714762379011238
137 94 0.2178843261545647
137 80 0.04096511263972635
137 81 0.09692473703550523
137 95 0.048884109774041076
137 56 0.1288604812687146
137 68 0.2797370289390475
137 54 0.03824673196434468
137 83 0.031081483472223267
137 82 0.03356492491994613
137 55 0.05900355925924569
137 69 0.13828661079445392
137 51 0.025227869653664678
137 79 0.10441314215134802
137 86 0.027764417971134214
137 92 0.2240895146276145
137 93 0.1912700825365175
137 87 0.15536049411484265
137 78 0.13869044825382656
137 50 0.034401514500911404
137 52 0.02959389687061509
137 46 0.07368727694291194
137 91 0.19181424717925816
137 85 0.1926980780180148
137 84 0.025448491449804905
137 90 0.19450309901814566
137 47 0.05557836392597361
137 53 0.02995526473149794
123 76 0.04170189509283265
123 62 0.0703170090875062
123 89 0.061291191198635395
123 88 0.1634278966631964
123 63 0.03593381322700599
123 77 0.03956637677134142
123 49 0.18000419431015519
123 61 0.025826080096317344
123 75 0.023542691707835073
123 74 0.04987947885556161
123 60 0.02628862164373537
123 48 0.07843759544891829
123 64 0.033801977742065115
123 70 0.11246318067104086
123 58 0.0735592081081132
123 59 0.019514928981531413
123 71 0.42005111848333765
123 65 0.02162486271094545
123 73 0.021448331859753644
123 67 0.3090089052652799
123 66 0.12261759718090111
123 72 0.025101785853643144
123 57 0.3729062390365462
123 94 0.6585309490610892
123 80 0.4598909608195614
123 81 0.08528092804575532
123 95 0.06588702370460074
123 56 0.14779941513115258
123 68 0.3717648937602678
123 54 0.03629039676032522
123 83 0.22076672596147034
123 82 0.03594481935014941
123 55 0.05609201011284966
123 69 0.1963753947276955
123 51 0.10175227598306744
123 79 0.04710491234502519
123 86 0.1656141130046019
123 92 0.22809435238746167
123 93 0.2002102839405892
123 87 0.15936925260239115
123 78 0.2641622179670209
123 50 0.18188270422209066
123 52 0.02205270286784758
123 46 0.06872383907820473
123 91 0.20562935143806554
123 85 0.19820991599033544
123 84 0.032690702932614696
123 90 0.20330639580279453
123 47 0.05749093968687863
123 53 0.03969231287488614
127 76 0.11762385374008834
127 62 0.12289148308262098
127 89 0.1147443030705899
127 88 0.2842918142883893
127 63 0.06622344403868133
127 77 0.12389577896413291
127 49 0.18262146528228237
127 61 0.04550057323144448
127 75 0.04305951701344196
127 74 0.09509476992658533
127 60 0.04508614957884369
127 48 0.09814119880093866
127 64 0.062172247015313806
127 70 0.2123938367102538
127 58 0.12132769712267939
127 59 0.0471320949447422
127 71 0.38417926056574936
127 65 0.03737507530905532
127 73 0.04115637131654844
127 67 0.3709267556156056
127 66 0.21277664468155622
127 72 0.09309307213033965
127 57 0.3899704663189306
127 94 0.383468723419042
127 80 0.4185120324119489
127 81 0.21886639374771
127 95 0.12944953697659323
127 56 0.2747343841572964
127 68 0.6473961337078417
127 54 0.13192413681629891
127 83 0.07893651959682002
127 82 0.06080754794790434
127 55 0.11691134639548047
127 69 0.27849334090528854
127 51 0.25990898441469534
127 79 0.18320879994534606
127 86 0.16727778557599698
127 92 0.386119257002195
127 93 0.332927387632974
127 87 0.3544159359754063
127 78 0.27970624133410893
127 50 0.37939626457317355
127 52 0.04693458465705101
127 46 0.2092436635182235
127 91 0.33863135614528117
127 85 0.33119114584488574
127 84 0.05350392143285669
127 90 0.3365986505264692
127 47 0.09717660059941997
127 53 0.05955174834983784
133 76 0.010495773364473882
133 62 0.24513322511796787
133 89 0.016614904917615067
133 88 0.08881853588037406
133 63 0.026144408326144106
133 77 0.2544363669168418
133 49 0.4090528579802861
133 61 0.05945784110466436
133 75 0.009613518370020932
133 74 0.12759034978120234
133 60 0.010399438825693288
133 48 0.24771460764042008
133 64 0.022527342409351878
133 70 0.10841893731695953
133 58 0.08796237007794988
133 59 0.007989984053157873
133 71 0.27165589803471685
133 65 0.007739767684472307
133 73 0.050113608305105695
133 67 0.19836944651676713
133 66 0.03948030377562359
133 72 0.011019251184779533
133 57 0.2965019734098951
133 94 0.14293559079155235
133 80 0.2983469143265316
133 81 0.1788186335679488
133 95 0.06818282272757756
133 56 0.15988857511711305
133 68 0.2754598226576389
133 54 0.0771585494975627
133 83 0.0919360355473077
133 82 0.1538241647047593
133 55 0.0614302843571146
133 69 0.05911914179933746
133 51 0.06045781112860782
133 79 0.35481565969217643
133 86 0.10562468467975634
133 92 0.13769990319743122
133 93 0.12764131100647316
133 87 0.10574647173428603
133 78 0.1257269783237884
133 50 0.11464168423425777
133 52 0.01691535094252966
133 46 0.06322826133054169
133 91 0.15226854608827628
133 85 0.14401360478458602
133 84 0.12028523277689024
133 90 0.14604861038879427
133 47 0.2234929212573943
133 53 0.3823605712072103
132 76 0.07125774880943488
132 62 0.08889218657004322
132 89 0.14254345963395754
132 88 0.37310792435171375
132 63 0.05660422075779285
132 77 0.10719811459713119
132 49 0.048813243210229035
132 61 0.031570900367570195
132 75 0.031393692080768226
132 74 0.07342208448994494
132 60 0.03071537982301127
132 48 0.05050013985104786
132 64 0.055188211447759955
132 70 0.25536471596670596
132 58 0.10076432826967041
132 59 0.03505920138841215
132 71 0.053480499183234206
132 65 0.02575229388760164
132 73 0.03126900020497578
132 67 0.32388024235818724
132 66 0.2667178790322169
132 72 0.07461884000074698
132 57 0.20659730483690464
132 94 0.6031006682208011
132 80 0.056176898259614264
132 81 0.22749787628785395
132 95 0.11238786880064847
132 56 0.3277040680850472
132 68 0.5586217059824363
132 54 0.11381103223809938
132 83 0.20994523795803277
132 82 0.04819479152321696
132 55 0.11416083988722434
132 69 0.3099394619733965
132 51 0.03508138665106442
132 79 0.14283774402597885
132 86 0.037183001847812286
132 92 0.6208818501747616
132 93 0.5249370874324135
132 87 0.3602028484874763
132 78 0.31361203362619855
132 50 0.04454917823916499
132 52 0.05177205050094791
132 46 0.30731861119307813
132 91 0.5125224292751793
132 85 0.5158686355729958
132 84 0.07541470092918007
132 90 0.5214223625052422
132 47 0.09847054239576801
132 53 0.04844813383906135
126 76 0.04886369510817688
126 62 0.07341416475744332
126 89 0.08313706453170241
126 88 0.2272642923624773
126 63 0.03173811735202066
126 77 0.028911871680911402
126 49 0.15676130844877043
126 61 0.01954461543985951
126 75 0.016005570310425918
126 74 0.05944806942384251
126 60 0.02084811336264837
126 48 0.06562133063509074
126 64 0.02839320443148932
126 70 0.14595490245736606
126 58 0.06256524647104916
126 59 0.016212614783128146
126 71 0.368039504533474
126 65 0.015043366085683199
126 73 0.01467654346131926
126 67 0.35980693719836376
126 66 0.16326765624432577
126 72 0.017553038146585057
126 57 0.32251672966739764
126 94 0.4639201666257259
126 80 0.4033769867151699
126 81 0.10328570563215382
126 95 0.06918760307121405
126 56 0.1382797207243434
126 68 0.4156731251520766
126 54 0.0304941894768834
126 83 0.3413489245981127
126 82 0.025896282577588733
126 55 0.060396252646267745
126 69 0.2712747256916004
126 51 0.08596152778061403
126 79 0.05526862023124564
126 86 0.14335532510320942
126 92 0.4724933808774265
126 93 0.40770004512287583
126 87 0.24676314494765494
126 78 0.3110065202433079
126 50 0.15819195953819276
126 52 0.015446028636159626
126 46 0.0781228057350565
126 91 0.3909517688348555
126 85 0.3941313075366132
126 84 0.020058950705820366
126 90 0.8044596880258852
126 47 0.051413780582389296
126 53 0.028162469039360982
118 76 0.09243624308733872
118 62 0.23454180304804656
118 89 0.029657401389968516
118 88 0.06812815396498267
118 63 0.07157616865511957
118 77 0.03822609917195054
118 49 0.34207252464212234
118 61 0.022212835070759468
118 75 0.022539461895103682
118 74 0.1250891668501032
118 60 0.021899292079551547
118 48 0.17788164121863062
118 64 0.03485631628740987
118 70 0.11012444026248455
118 58 0.36145631639643905
118 59 0.13361061159232743
118 71 0.22336356028323684
118 65 0.01737474681984494
118 73 0.050584680705367785
118 67 0.165862179772114
118 66 0.05460522037997316
118 72 0.024057934921105834
118 57 0.32421404597725495
118 94 0.08019475500264822
118 80 0.24369919315545596
118 81 0.2774969569211273
118 95 0.042190792617333606
118 56 0.2802655441276166
118 68 0.2461448739523449
118 54 0.038021415711026504
118 83 0.17546546931351586
118 82 0.053417477013044126
118 55 0.13412886274962857
118 69 0.1341032448346224
118 51 0.1496732774830445
118 79 0.17756545325295975
118 86 0.0945969166384986
118 92 0.07449280866466004
118 93 0.07280609536031656
118 87 0.13093512660551843
118 78 0.08809434570568841
118 50 0.27612506033752937
118 52 0.030236077997232033
118 46 0.18352620860537813
118 91 0.07931070028051035
118 85 0.06881060665969371
118 84 0.13196379957086446
118 90 0.07114224857218876
118 47 0.32119186376541214
118 53 0.2884977140849543
130 76 0.01325244527117797
130 62 0.052815564254756
130 89 0.06987404553431836
130 88 0.19668886344845055
130 63 0.024472055677224325
130 77 0.02299786139731061
130 49 0.02023835051859295
130 61 0.010281452843861685
130 75 0.010021644405121863
130 74 0.020442364054034975
130 60 0.010176431737252856
130 48 0.020557181322282347
130 64 0.023401449353925102
130 70 0.1393849820122154
130 58 0.05880986055403438
130 59 0.011516750640789025
130 71 0.02611129934607692
130 65 0.007217338133613638
130 73 0.00958969151417191
130 67 0.17156491048249173
130 66 0.1382757393847217
130 72 0.01111208218297871
130 57 0.08802330654102755
130 94 0.2771685667989601
130 80 0.02802181375552916
130 81 0.11911613065974581
130 95 0.04350976224450882
130 56 0.1797543233698796
130 68 0.2553638044332457
130 54 0.08380636141161595
130 83 0.19297337135991116
130 82 0.017919311891973697
130 55 0.06516125213547827
130 69 0.15165958516801745
130 51 0.01227994087059682
130 79 0.0707488883966928
130 86 0.014050006432636528
130 92 0.28425520936468557
130 93 0.23757546928403236
130 87 0.19732381753280895
130 78 0.1518507472125476
130 50 0.018551570650701135
130 52 0.018291855611839145
130 46 0.24335593085515722
130 91 0.23607491167799158
130 85 0.2416446041664494
130 84 0.05437375173258814
130 90 0.24372608487100828
130 47 0.04552954904850168
130 53 0.0183205417106298
124 76 0.043446203890075016
124 62 0.06800370742053938
124 89 0.07694267033160168
124 88 0.2133924561099558
124 63 0.03055211830376195
124 77 0.02859610823165898
124 49 0.14096452044685248
124 61 0.016756763147287163
124 75 0.016754353254529328
124 74 0.056854669030707586
124 60 0.017694775049105382
124 48 0.062381377037374466
124 64 0.028677157561876374
124 70 0.1371458757983604
124 58 0.06074244187766362
124 59 0.015035946443921477
124 71 0.3268572600111038
124 65 0.011611162601055339
124 73 0.014925889724661204
124 67 0.32480590724099634
124 66 0.1498629831415826
124 72 0.016926915085246394
124 57 0.2908409955537711
124 94 0.30033517034074214
124 80 0.3581539961317206
124 81 0.09902301310827757
124 95 0.06974900629764527
124 56 0.12729283901380922
124 68 0.379421257646394
124 54 0.031667544482381016
124 83 0.30371172687769604
124 82 0.026755571708053566
124 55 0.05620016168547143
124 69 0.2453441944037849
124 51 0.07972770292571188
124 79 0.05262194560366042
124 86 0.129970156438816
124 92 0.3020758517008744
124 93 0.2564151198986216
124 87 0.20218658261696967
124 78 0.28034294263081955
124 50 0.1422533517724882
124 52 0.016111422451713375
124 46 0.07785426776155274
124 91 1.0
124 85 0.2566283368138657
124 84 0.02299589958541548
124 90 0.2607759318438657
124 47 0.05395452691387334
124 53 0.027731913141523262
125 76 0.05261534670324669
125 62 0.07856980537813774
125 89 0.08856865897133993
125 88 0.23341219661623183
125 63 0.03554171605604299
125 77 0.028223754805654824
125 49 0.15443061193161967
125 61 0.02181485948330239
125 75 0.02086726217696573
125 74 0.06158381751098145
125 60 0.023367557518787593
125 48 0.06911132679480561
125 64 0.033155027191922856
125 70 0.14780355943958456
125 58 0.06826248193708878
125 59 0.01947294357565689
125 71 0.35350805979334926
125 65 0.02089961188724701
125 73 0.02025034247051266
125 67 0.4186222146666738
125 66 0.16524254006402117
125 72 0.019710810585681277
125 57 0.31962726705721634
125 94 0.3231387058620482
125 80 0.38743513002262825
125 81 0.10784143318492584
125 95 0.07483568508770805
125 56 0.2655103270061675
125 68 0.5379841547457382
125 54 0.036047212388612776
125 83 0.33414283375292
125 82 0.02842488541137604
125 55 0.06761807826513022
125 69 0.26892790053577376
125 51 0.08701137067717017
125 79 0.05955665188471032
125 86 0.14374361007277708
125 92 0.32811228166345374
125 93 0.2806644323130783
125 87 0.21529551893407917
125 78 0.3056960748593649
125 50 0.15571055603848027
125 52 0.01764109588845697
125 46 0.08274005355661201
125 91 0.2795313690692417
125 85 0.27992682379638134
125 84 0.02540795170532352
125 90 0.28331015738219306
125 47 0.05624034266137869
125 53 0.029673920975707008
131 76 0.03185898194697841
131 62 0.11673741795410163
131 89 0.12756122634809539
131 88 0.4573449229325952
131 63 0.06071277188848123
131 77 0.03350957950568348
131 49 0.041358997587503846
131 61 0.02856729441046768
131 75 0.027965347427868242
131 74 0.04803900262338465
131 60 0.02910447392920841
131 48 0.046267270451380835
131 64 0.05631011018753894
131 70 0.2916960186918418
131 58 0.44744080629589245
131 59 0.1247230052388342
131 71 0.05178528638916595
131 65 0.028327160788854097
131 73 0.027504597521405452
131 67 0.3038708162442695
131 66 0.2347000004461789
131 72 0.03038378637211714
131 57 0.35753563348004347
131 94 0.4606480438036355
131 80 0.0541803879476226
131 81 0.23172151759146437
131 95 0.0821093401685081
131 56 0.14470497148479028
131 68 0.47772917255970354
131 54 0.10971178896490066
131 83 0.03876481037601155
131 82 0.04539305019866112
131 55 0.1122997425894659
131 69 0.3332501860512782
131 51 0.031589089527534114
131 79 0.10339032035185322
131 86 0.03443227462468676
131 92 0.47381421113301425
131 93 0.3970934929004211
131 87 0.35315820156277544
131 78 0.27906563674815
131 50 0.041660972140885724
131 52 0.025026144774910802
131 46 0.14943950879038265
131 91 0.39350625621562757
131 85 0.39920399169652027
131 84 0.03508763772278373
131 90 0.4037726183764216
131 47 0.08883665434069594
131 53 0.03354003846472241
119 76 0.02488936843111847
119 62 0.1289026012986221
119 89 0.02687879805298271
119 88 0.09023249855091581
119 63 0.024490016892353944
119 77 0.2250849933879347
119 49 0.06644002553612682
119 61 0.05879051964416479
119 75 0.02203765402257432
119 74 0.11346198781242431
119 60 0.017678137640919384
119 48 0.052044692655183245
119 64 0.027480517363360685
119 70 0.1576946641797126
119 58 0.4136992722440624
119 59 0.0719383859845818
119 71 0.030316578673130645
119 65 0.013332579416340903
119 73 0.020909678427802433
119 67 0.0940642105741678
119 66 0.0496162945313148
119 72 0.022524812747354656
119 57 0.1612451223431964
119 94 0.12898030306368044
119 80 0.03193470828869795
119 81 0.11806744046063884
119 95 0.0625891043902546
119 56 0.08805637277186432
119 68 0.18895151992916137
119 54 0.029666661622564122
119 83 0.03321412556825404
119 82 0.02609998104607368
119 55 0.10724862903698008
119 69 0.12148056431211925
119 51 0.021819395837048616
119 79 0.24797690762307395
119 86 0.022288336842670925
119 92 0.13048571968147474
119 93 0.12081600032038961
119 87 0.09727410984855295
119 78 0.12660854389278728
119 50 0.026236552654970713
119 52 0.037089793480586886
119 46 0.05344754419498758
119 91 0.1436707035152194
119 85 0.13418418689079661
119 84 0.047144129974764803
119 90 0.13586525973327926
119 47 0.03619144404806017
119 53 0.0411431599489859
