114 76 0.05491841781564635
114 62 0.12039682227022713
114 89 0.043194208965927454
114 88 0.18890394315844805
114 63 0.05687877014130238
114 77 0.0021515126005242635
114 49 0.002989416640476389
114 61 0.0
114 75 0.0
114 74 0.11964152800607084
114 60 0.0
114 48 0.03366879057068169
114 64 0.07130058452290079
114 70 0.2296937948586089
114 58 0.45836275582002034
114 59 0.0
114 71 0.021968082967122333
114 65 0.0
114 73 0.0
114 67 0.1828138585463543
114 66 0.14147835573066203
114 72 0.0
114 57 0.23832132652550803
114 94 0.24432263386184466
114 80 0.02666260236940609
114 81 0.17924458069935773
114 95 0.0214753657818648
114 56 0.11745237073090176
114 68 0.39307290601514583
114 54 0.09339253635347619
114 83 0.008332994808269684
114 82 0.011150111588917377
114 55 0.12384483401758575
114 69 0.2708229541581298
114 51 0.0
114 79 0.03444715350360314
114 86 0.0
114 92 0.25752552201635937
114 93 0.21462951898478377
114 87 0.15517792589943458
114 78 0.209891586079533
114 50 0.0017165632240442458
114 52 0.0
114 46 0.13278448715345748
114 91 0.21074350963349286
114 85 0.21295987493571855
114 84 0.006261331261997891
114 90 0.21309058802794406
114 47 0.09033826425165943
114 53 0.0
100 76 0.0
100 62 0.05406543035595626
100 89 0.010600058827575587
100 88 0.10721640786314462
100 63 0.1573239195711935
100 77 0.01594392108557946
100 49 0.14888199873507058
100 61 0.0
100 75 0.0
100 74 0.0
100 60 0.0
100 48 0.04641993391822521
100 64 0.08644817402944488
100 70 0.1252364785077579
100 58 0.25966169562763775
100 59 0.0
100 71 0.37662310368165336
100 65 0.0
100 73 0.0
100 67 0.14557776705742825
100 66 0.08880274267554651
100 72 0.0
100 57 0.20860555217016746
100 94 0.18634867958021833
100 80 0.4147598051118222
100 81 0.08812059487747363
100 95 0.021787604580384534
100 56 0.07344026869781527
100 68 0.2821967677003477
100 54 0.03623756810660416
100 83 0.02848663547039884
100 82 0.0002034827278994955
100 55 0.12465650998038355
100 69 0.15635564199621105
100 51 0.07399383122510873
100 79 0.012675244376684422
100 86 0.13873138923379846
100 92 0.16141871856512363
100 93 0.14688873729963825
100 87 0.09272605737443339
100 78 0.1260873396917086
100 50 0.1467575523820072
100 52 0.0
100 46 0.09147871678349045
100 91 0.15824616628168012
100 85 0.1576426953384234
100 84 0.012621788640888379
100 90 0.15320097114236955
100 47 0.04899312638051939
100 53 0.014827576546595458
128 76 0.01725264537227804
128 62 0.0318551087979813
128 89 0.08685763788250132
128 88 0.2447110512836626
128 63 0.03849648229984877
128 77 0.04813459147141007
128 49 0.007819905265193355
128 61 0.0
128 75 0.0
128 74 0.016744258571495398
128 60 0.0
128 48 0.021722625263167733
128 64 0.039353420630323
128 70 0.15005361912580778
128 58 0.13540457580087473
128 59 0.0
128 71 0.029883169744729952
128 65 0.0
128 73 0.0
128 67 0.2058479117992566
128 66 0.1628331733560238
128 72 0.03619039752295448
128 57 0.1256162893839417
128 94 0.36413749782568966
128 80 0.03575035021211628
128 81 0.12896649549730274
128 95 0.06031051678317273
128 56 0.1411353180639755
128 68 0.46685492919284993
128 54 0.053252703147015065
128 83 0.0020371239333172864
128 82 0.0029925065539063572
128 55 0.058014062709534006
128 69 0.19805832559170328
128 51 0.0
128 79 0.07811071141431959
128 86 0.0
128 92 0.3808217224860614
128 93 0.3071917762010038
128 87 0.227058157843453
128 78 0.20269954501917842
128 50 0.00415683195629904
128 52 0.0
128 46 0.08681149706552228
128 91 0.3006095310601237
128 85 0.3160938327391312
128 84 0.0
128 90 0.3184306960664836
128 47 0.06879149735599298
128 53 0.0
129 76 0.005184986287225496
129 62 0.12189681544936107
129 89 0.09488010709807013
129 88 0.2806900380257777
129 63 0.11343340084329524
129 77 0.0208201069024014
129 49 0.04018156692890975
129 61 0.0
129 75 0.0
129 74 0.012800154368743988
129 60 0.0
129 48 0.0810123158250087
129 64 0.12289149852012224
129 70 0.30420868740178436
129 58 0.5264079170110483
129 59 0.0
129 71 0.07340233672391042
129 65 0.0
129 73 0.0
129 67 0.2768393857583184
129 66 0.21289762132601686
129 72 0.0
129 57 0.3451372525003909
129 94 0.3977704855255468
129 80 0.08339052845606443
129 81 0.23842622654600043
129 95 0.04717264314206696
129 56 0.1801732214010814
129 68 0.5448423698728914
129 54 0.1546500137901534
129 83 0.023727980554333207
129 82 0.13728875159538387
129 55 0.1686970095251989
129 69 0.3543485258947299
129 51 0.0
129 79 0.0697700287556967
129 86 0.00705364940355159
129 92 0.415995722375365
129 93 0.3355650618201943
129 87 0.24803002774287392
129 78 0.2885795127185863
129 50 0.028308458518202073
129 52 0.0
129 46 0.2029116680166645
129 91 0.3283748579516835
129 85 0.3452893428197903
129 84 0.016128038757264353
129 90 0.34784204685570574
129 47 0.1773229960431158
129 53 0.0012565505785663567
101 76 0.0
101 62 0.01878523767884152
101 89 0.0
101 88 0.05051364789972139
101 63 0.0
101 77 0.0
101 49 0.07545288581767812
101 61 0.0
101 75 0.0
101 74 0.0
101 60 0.0
101 48 0.017978495266721496
101 64 0.0
101 70 0.06611097601256173
101 58 0.14277436729120369
101 59 0.0
101 71 0.14586657315813417
101 65 0.0
101 73 0.0
101 67 0.0753806887654096
101 66 0.04443727111223881
101 72 0.0
101 57 0.0996831561976138
101 94 0.0935851118448296
101 80 0.1606369626929085
101 81 0.0403505604041644
101 95 0.008438365003097303
101 56 0.039270362661689734
101 68 0.16257538030859137
101 54 0.0034311077492550496
101 83 0.011032907583875415
101 82 0.0
101 55 0.04827961363746027
101 69 0.084343196092944
101 51 0.028657898281171643
101 79 0.0
101 86 0.05373083100633801
101 92 0.08479963058371152
101 93 0.07350409252205334
101 87 0.043185292101647836
101 78 0.06760767040879093
101 50 0.09191307392002596
101 52 0.0
101 46 0.027458267225004884
101 91 0.07933923803994872
101 85 0.07810978522301239
101 84 0.02920343955280144
101 90 0.07631616199040353
101 47 0.014057516392556105
101 53 0.0
115 76 0.028042874353327495
115 62 0.02795896783172977
115 89 0.0
115 88 0.05655766525383108
115 63 0.001127595167915052
115 77 0.05761973916724021
115 49 0.03299850507825019
115 61 0.0
115 75 0.0
115 74 0.07629267270160871
115 60 0.0
115 48 0.012537293823812926
115 64 0.06869713898964672
115 70 0.06122476223503302
115 58 0.021559398415913242
115 59 0.0
115 71 0.02273599143880499
115 65 0.0
115 73 0.0
115 67 0.07332066714267825
115 66 0.1216487508016327
115 72 0.06059825198559246
115 57 0.0458022402092186
115 94 0.11082765923293547
115 80 0.028055967417232507
115 81 0.040273524412107464
115 95 0.0
115 56 0.15473112056171695
115 68 0.13256027402485318
115 54 0.0
115 83 0.14752639697276848
115 82 0.018509457204396555
115 55 0.11711582909303908
115 69 0.04699203462552268
115 51 0.0
115 79 0.02944484678897346
115 86 0.0
115 92 0.11405031414477022
115 93 0.09630368914784798
115 87 0.04649244577728088
115 78 0.05400642904217446
115 50 0.0
115 52 0.6599105373089266
115 46 0.4404261721876301
115 91 0.10141050073300333
115 85 0.098772115888172
115 84 0.03390116963372907
115 90 0.09855420048426648
115 47 0.18330490381205305
115 53 0.16131417367974743
103 76 0.010008021501600739
103 62 0.14081727866274055
103 89 0.03681827742669913
103 88 0.19594562717709413
103 63 0.04849935333088411
103 77 0.02302423787402494
103 49 0.034526645277825896
103 61 0.0
103 75 0.0
103 74 0.004672427606936827
103 60 0.0
103 48 0.0382752422828421
103 64 0.06447771134247443
103 70 0.3082185390867593
103 58 0.7531388311514169
103 59 0.0
103 71 0.08634088021254074
103 65 0.0
103 73 0.0
103 67 0.2344124251515996
103 66 0.20351854233804556
103 72 0.0
103 57 0.3814670885764774
103 94 0.2722712823871239
103 80 0.09782934731029763
103 81 0.20840024637604282
103 95 0.02049396434611521
103 56 0.16495418798985975
103 68 0.5397381514095302
103 54 0.08430279508344342
103 83 0.015958722946729884
103 82 0.02234700713788853
103 55 0.1719937936190662
103 69 0.352262618306369
103 51 0.006318735558678429
103 79 0.038507429912986675
103 86 0.011518139127726493
103 92 0.2778257380380721
103 93 0.23682669277252638
103 87 0.1667831513451718
103 78 0.2544634744604088
103 50 0.03800056650950237
103 52 0.0
103 46 0.13389790590224127
103 91 0.2460340180986001
103 85 0.23975800303711747
103 84 0.012353270436820912
103 90 0.23880268271356697
103 47 0.09573348075329505
103 53 0.016932820221553208
117 76 0.10850599833892259
117 62 0.19341242855188662
117 89 0.021391054162786624
117 88 0.12398015045918762
117 63 0.022267436978178907
117 77 0.28601005790790124
117 49 0.13011834191053867
117 61 0.06151125646846263
117 75 0.6087427999406362
117 74 0.2806390917785696
117 60 0.0
117 48 0.3601611225148739
117 64 0.09101540580308376
117 70 0.18939510196169956
117 58 0.45708052206571237
117 59 0.0
117 71 0.039832503482719085
117 65 0.0
117 73 0.3376955089173537
117 67 0.13076563349426729
117 66 0.09718739326269331
117 72 0.08028535942752224
117 57 0.19404621132501948
117 94 0.1756180945435907
117 80 0.040210432618445986
117 81 0.15169031965786414
117 95 0.05088181334692083
117 56 0.20287167636113132
117 68 0.3014856136220012
117 54 0.044169201347889334
117 83 0.582098646945713
117 82 0.024522793575244436
117 55 0.10780938004180785
117 69 0.2018620273973959
117 51 0.08608328756994386
117 79 0.32443437767171107
117 86 0.0
117 92 0.18707253715223005
117 93 0.15532104259581286
117 87 0.1448456173422054
117 78 0.17180647778222843
117 50 0.0
117 52 0.055609619578956805
117 46 0.2266611758997813
117 91 0.15807245117970437
117 85 0.15468435989076013
117 84 0.07650752564634933
117 90 0.15647890937801112
117 47 0.06492536094026441
117 53 0.02175397561823455
116 76 0.06907461445656937
116 62 0.12156189649770058
116 89 0.05457168908237395
116 88 0.22253538788503457
116 63 0.0583779331077877
116 77 0.0396721395821827
116 49 0.026105836263571464
116 61 0.06239690874895743
116 75 0.0
116 74 0.016270879429209267
116 60 0.0
116 48 0.04656144796357417
116 64 0.07182720035725115
116 70 0.29634875471843364
116 58 0.5796321289625572
116 59 0.03894900614444961
116 71 0.033483599866959535
116 65 0.0
116 73 0.0
116 67 0.228400644513995
116 66 0.18778152833271752
116 72 0.0
116 57 0.30701630004154495
116 94 0.299885036421645
116 80 0.03930587060323651
116 81 0.20536363572754257
116 95 0.027132039512579954
116 56 0.1877752347025916
116 68 0.49375756996397097
116 54 0.0919177159302042
116 83 0.18734000378753796
116 82 0.1945198041914676
116 55 0.15592760341359468
116 69 0.33139362758168966
116 51 0.0
116 79 0.06533163226745115
116 86 0.0
116 92 0.3158455153592192
116 93 0.26395582980383037
116 87 0.18997575354499316
116 78 0.26078064249831057
116 50 0.012168293114689518
116 52 0.018812507691119633
116 46 0.1900535638869708
116 91 0.2636333376447879
116 85 0.2640972329703583
116 84 0.04305022950406017
116 90 0.26437317459176213
116 47 0.10588593424836498
116 53 0.009533703160465215
102 76 0.0
102 62 0.05954877221044893
102 89 0.0
102 88 0.05435674295166516
102 63 0.002476403846828984
102 77 0.0
102 49 0.006024170496905887
102 61 0.0
102 75 0.0
102 74 0.0
102 60 0.0
102 48 0.0021454532668609
102 64 0.012975576852183715
102 70 0.13039792037851206
102 58 0.4426554354056707
102 59 0.0
102 71 0.04682418132303064
102 65 0.0
102 73 0.0
102 67 0.08773482842232903
102 66 0.03882562837310517
102 72 0.0
102 57 0.20018369490533483
102 94 0.08261688603594922
102 80 0.05457349017192893
102 81 0.08635239746294182
102 95 0.0
102 56 0.05646198827911146
102 68 0.24482191458481678
102 54 0.022885908765395306
102 83 0.0
102 82 0.0
102 55 0.05785698875665101
102 69 0.15577932505867598
102 51 0.0
102 79 0.0
102 86 0.0
102 92 0.07762653409093587
102 93 0.06070334919008658
102 87 0.04227593219299377
102 78 0.08933218585370621
102 50 0.007124449515834866
102 52 0.0
102 46 0.03641306545354166
102 91 0.06525053497350537
102 85 0.06881929540868985
102 84 0.0
102 90 0.0604536353055239
102 47 0.017935842252345298
102 53 0.0
106 76 0.02817990011691373
106 62 0.05675835276237137
106 89 0.006189431131661913
106 88 0.08259032178219128
106 63 0.00882853610939903
106 77 0.0
106 49 0.0
106 61 0.0
106 75 0.0
106 74 0.0
106 60 0.0
106 48 0.0029904368317619917
106 64 0.02075584010476987
106 70 0.14084003112962978
106 58 0.37774448352323964
106 59 0.0
106 71 0.0052729309117985484
106 65 0.0
106 73 0.0
106 67 0.09297404223333063
106 66 0.0619035391841676
106 72 0.05911219789093665
106 57 0.1670900698870607
106 94 0.1082894625060476
106 80 0.008567819263408993
106 81 0.09126999058328794
106 95 0.0
106 56 0.0574081341056375
106 68 0.24132457463492546
106 54 0.032247995218880145
106 83 0.0
106 82 0.03611109763959049
106 55 0.08645781038148093
106 69 0.16785992196529953
106 51 0.0
106 79 0.005978007842591046
106 86 0.0
106 92 0.11601098004121876
106 93 0.09386081919495064
106 87 0.06820778026914116
106 78 0.11480824119221891
106 50 0.0
106 52 0.0
106 46 0.05491676186230242
106 91 0.09401954398456147
106 85 0.09156124022828896
106 84 0.0
106 90 0.09274566672689684
106 47 0.02826329534985461
106 53 0.0
112 76 0.0
112 62 0.12868170985461916
112 89 0.03684398559307639
112 88 0.1748820589181516
112 63 0.04071037322499002
112 77 0.004778188715073392
112 49 0.017833837115021497
112 61 0.0
112 75 0.0
112 74 0.0018664573476693397
112 60 0.0
112 48 0.03332445872012466
112 64 0.06482167491157936
112 70 0.2866016664365651
112 58 0.7532927153416173
112 59 0.0
112 71 0.05316318149914469
112 65 0.0
112 73 0.0
112 67 0.1998327371873099
112 66 0.1345873716342222
112 72 0.0
112 57 0.3482327392161037
112 94 0.22002476236758473
112 80 0.0609304545787388
112 81 0.19756188281411718
112 95 0.010931428188857062
112 56 0.1301741150227141
112 68 0.4764700858193084
112 54 0.08638713677087176
112 83 0.013856753127651292
112 82 0.015074201698506207
112 55 0.1791134314859228
112 69 0.3401306853313511
112 51 0.0
112 79 0.03647414892871231
112 86 0.0
112 92 0.23394125950982775
112 93 0.19459731148347317
112 87 0.14789262424040078
112 78 0.2367034792158455
112 50 0.018174120751350123
112 52 0.0
112 46 0.12869039365657783
112 91 0.1959472152547742
112 85 0.19011601735409228
112 84 0.023530976264167086
112 90 0.19225303516134545
112 47 0.07496335826456979
112 53 0.0
113 76 0.01666112989724563
113 62 0.1324282032666816
113 89 0.08387968083164624
113 88 0.28753166151102744
113 63 0.09668507949269411
113 77 0.04919795423398661
113 49 0.0419629984558423
113 61 0.0
113 75 0.0
113 74 0.025004568591346178
113 60 0.0
113 48 0.07232509865521684
113 64 0.11062100083129164
113 70 0.32699671562297433
113 58 0.5559492205300937
113 59 0.0
113 71 0.06448094567613992
113 65 0.0
113 73 0.0
113 67 0.28705888713665983
113 66 0.22952192497720597
113 72 0.03494959185399859
113 57 0.33729381040183565
113 94 0.3845892397724965
113 80 0.07337599522527036
113 81 0.24923095362465214
113 95 0.058242740902160084
113 56 0.24948581627983768
113 68 0.5690609104349768
113 54 0.13865090543599862
113 83 0.14397593320758612
113 82 0.03325245696133344
113 55 0.1814866179390393
113 69 0.3720904871391656
113 51 0.0
113 79 0.08136093612183777
113 86 0.004660777455726961
113 92 0.40166102726966524
113 93 0.33816266440905546
113 87 0.24178724566016513
113 78 0.30813935870022546
113 50 0.02773701311910194
113 52 0.02157538183721113
113 46 0.2210156518619254
113 91 0.3366533144933029
113 85 0.3405613204726124
113 84 0.033085282600277884
113 90 0.33919570362245727
113 47 0.15604226310632832
113 53 0.020068366972891875
107 76 0.0
107 62 0.0
107 89 0.0
107 88 0.020146399232701978
107 63 0.0
107 77 0.0
107 49 0.0054357317000934685
107 61 0.0
107 75 0.0
107 74 0.0
107 60 0.0
107 48 0.0
107 64 0.0
107 70 0.006682274210970368
107 58 0.0
107 59 0.0
107 71 0.0377175740658033
107 65 0.0
107 73 0.0
107 67 0.06056626464493589
107 66 0.14444533185524477
107 72 0.0
107 57 0.06026432603474448
107 94 0.039081675489837604
107 80 0.0446603471033428
107 81 0.0
107 95 0.0
107 56 0.4509176918080107
107 68 0.361975860547594
107 54 0.0
107 83 0.0
107 82 0.0
107 55 0.0
107 69 0.012666010937884942
107 51 0.0
107 79 0.0
107 86 0.0
107 92 0.0369881901920313
107 93 0.06208752941341969
107 87 0.01405835274033998
107 78 0.01864321066743488
107 50 0.008110706660658384
107 52 0.0
107 46 0.0
107 91 0.036845157249697724
107 85 0.032914041641268675
107 84 0.0
107 90 0.03163495439544145
107 47 0.0
107 53 0.0
139 76 0.051941004809432464
139 62 0.01671586001823655
139 89 0.0328283655277572
139 88 0.09249001050534249
139 63 0.00415301963066278
139 77 0.00684355823944649
139 49 0.007519243787612734
139 61 0.03753573625183035
139 75 0.0
139 74 0.013845926365314898
139 60 0.0
139 48 0.0005498509220122627
139 64 0.0026583362008621714
139 70 0.11066757472557082
139 58 0.0879472515256741
139 59 0.06456293605969578
139 71 0.02914996084166755
139 65 0.0
139 73 0.0
139 67 0.08814309307334972
139 66 0.18363571141291837
139 72 0.0
139 57 0.08721518924320636
139 94 0.19559808521624486
139 80 0.035120136057735694
139 81 0.0487436609863441
139 95 0.016321659190135174
139 56 0.05678305911535784
139 68 0.17924007161673677
139 54 0.03750924524236148
139 83 0.015779807285116743
139 82 0.05324778834247416
139 55 0.023665483172316225
139 69 0.08592032325619443
139 51 0.0
139 79 0.029522412173023517
139 86 0.0
139 92 0.20456009109691514
139 93 0.1711224938016207
139 87 0.09063656888328227
139 78 0.07895390949619073
139 50 0.002304759243403398
139 52 0.0023002196031687433
139 46 0.04408287875637821
139 91 0.16147375379961557
139 85 0.16475905023396356
139 84 0.0
139 90 0.16597710431304763
139 47 0.02723695357305187
139 53 0.0033901147059465647
111 76 0.021604868284126215
111 62 0.165038118149256
111 89 0.08012560563173879
111 88 0.30925533320804055
111 63 0.08351918257247509
111 77 0.026419823584327318
111 49 0.026145680878196173
111 61 0.0
111 75 0.0
111 74 0.01942018747444193
111 60 0.0
111 48 0.061816856296210546
111 64 0.10677306835340497
111 70 0.41112213041734463
111 58 0.8282997045508996
111 59 0.005299840752117049
111 71 0.05311315584522745
111 65 0.0
111 73 0.0
111 67 0.321260795870389
111 66 0.2578603430004651
111 72 0.0
111 57 0.43783462711392057
111 94 0.40411786594011123
111 80 0.0607003455621081
111 81 0.2961349431540858
111 95 0.03698139397657585
111 56 0.22000837889893415
111 68 0.6928255704537797
111 54 0.1363991947110113
111 83 0.033457710984280485
111 82 0.04233962990206094
111 55 0.22050503328420534
111 69 0.4874150665704579
111 51 0.0
111 79 0.07895517549709694
111 86 0.0
111 92 0.42601873075188007
111 93 0.35693884926837405
111 87 0.26650450550971183
111 78 0.38699000720186344
111 50 0.02174530263431529
111 52 0.0
111 46 0.2114961267464806
111 91 0.35347037532675285
111 85 0.35373802733423415
111 84 0.033790902812408714
111 90 0.3550547948888604
111 47 0.14245881959730722
111 53 0.0
105 76 0.013182516664171626
105 62 0.037178354234276755
105 89 0.0013102220339858694
105 88 0.08166882876095541
105 63 0.005861729992765838
105 77 0.014074683788316222
105 49 0.10959579420299007
105 61 0.0
105 75 0.0
105 74 0.013902879938871751
105 60 0.0
105 48 0.034170884108501734
105 64 0.0016145990544357142
105 70 0.08633405399376255
105 58 0.15738034061610712
105 59 0.0
105 71 0.27724176538384143
105 65 0.0
105 73 0.0
105 67 0.16291404281467975
105 66 0.08393705406493039
105 72 0.0
105 57 0.20505904970467526
105 94 0.17446844268299322
105 80 0.3053151531475238
105 81 0.053857828826657766
105 95 0.01603840523404703
105 56 0.21374534694014297
105 68 0.33495350095885
105 54 0.007028510742908903
105 83 0.15214424025267795
105 82 0.0
105 55 0.0337837601540556
105 69 0.11624715897825513
105 51 0.054468725353883383
105 79 0.0031842550488217214
105 86 0.10212367454186222
105 92 0.1352879441113809
105 93 0.12431352761547416
105 87 0.07464766169331068
105 78 0.10216661234707802
105 50 0.1080319356621068
105 52 0.0
105 46 0.035151338079856737
105 91 0.14109601489978446
105 85 0.14871460104039042
105 84 0.001534429363185555
105 90 0.13158865520673177
105 47 0.03333770786265884
105 53 0.017692126789417485
104 76 0.0
104 62 0.12493116248098861
104 89 0.026032693402772082
104 88 0.14863680809931257
104 63 0.03682816024956274
104 77 0.0
104 49 0.0013763894421966738
104 61 0.0
104 75 0.0
104 74 0.0
104 60 0.0
104 48 0.025131683383147085
104 64 0.059266370570499494
104 70 0.2733099526577511
104 58 0.7729275804767198
104 59 0.0
104 71 0.017786910158410295
104 65 0.0
104 73 0.0
104 67 0.16059870502807153
104 66 0.10992334417661125
104 72 0.0
104 57 0.32518950333732954
104 94 0.18402179830094825
104 80 0.022189881069773827
104 81 0.18777106472285626
104 95 0.0032333972662268867
104 56 0.11430673640540515
104 68 0.42312081518873423
104 54 0.07965535961977165
104 83 0.004219092588732751
104 82 0.0112767255524958
104 55 0.15048886763372663
104 69 0.3126680861251422
104 51 0.0
104 79 0.02469903685579211
104 86 0.0
104 92 0.19594217041857198
104 93 0.16137146092773536
104 87 0.1219356115641138
104 78 0.20191785406703394
104 50 0.0010326703990591601
104 52 0.0
104 46 0.11192798230121545
104 91 0.1631837408560293
104 85 0.15809800364489865
104 84 0.011492142428866356
104 90 0.1599255480560472
104 47 0.06858442351350215
104 53 0.0
110 76 0.013083005647657533
110 62 0.0975379871428969
110 89 0.15089595837669173
110 88 0.20848864603923334
110 63 0.029187501631360753
110 77 0.2019367077324568
110 49 0.03351899753349069
110 61 0.0
110 75 0.0
110 74 0.03585507509431719
110 60 0.0686261154835244
110 48 0.04172773656099403
110 64 0.03582707360859015
110 70 0.1566078292855531
110 58 0.3149437306893657
110 59 0.0
110 71 0.1536082851007745
110 65 0.0
110 73 0.0
110 67 0.12591190394565804
110 66 0.09648074321877907
110 72 0.1100656565619979
110 57 0.16937669468617078
110 94 0.1932153813278057
110 80 0.15506571411860753
110 81 0.16615653469878922
110 95 0.05879228081388815
110 56 0.11388330266048508
110 68 0.27686188153561525
110 54 0.049114509213107775
110 83 0.009297414906725504
110 82 0.11356401467749434
110 55 0.08611593906730143
110 69 0.3269124459418766
110 51 0.0
110 79 0.13177882155988638
110 86 0.0
110 92 0.20206821535111086
110 93 0.2731157389594611
110 87 0.14717525971507145
110 78 0.22130913757257076
110 50 0.0
110 52 0.0
110 46 0.09130728668519052
110 91 0.18227064386151515
110 85 0.1844784073496719
110 84 0.0014516319225763574
110 90 0.1858422454894043
110 47 0.062458024397443024
110 53 0.010346399122481975
138 76 0.029590237257009558
138 62 0.06315208476367748
138 89 0.03785093828433255
138 88 0.13345338902346482
138 63 0.028536946718539416
138 77 0.041952314051887436
138 49 0.015334080565371458
138 61 0.0
138 75 0.0
138 74 0.02782801996267622
138 60 0.0
138 48 0.01511861834217268
138 64 0.025388391580496654
138 70 0.1237384424151827
138 58 0.0956344403053329
138 59 0.0
138 71 0.05262331108845443
138 65 0.0
138 73 0.0
138 67 0.15315821287126663
138 66 0.1781060870190811
138 72 0.09502126339059425
138 57 0.12931166071980238
138 94 0.21613541646045165
138 80 0.060908277041509085
138 81 0.08266915100543405
138 95 0.03374560634388945
138 56 0.12284890093044953
138 68 0.282370655421741
138 54 0.03560946239682752
138 83 0.027183756700456356
138 82 0.018649532578186204
138 55 0.04640361432456384
138 69 0.14419033902478018
138 51 0.0
138 79 0.03403919090095778
138 86 0.0
138 92 0.20369802123553782
138 93 0.17113880275581778
138 87 0.11660740969794824
138 78 0.1427034646257385
138 50 0.017072900126704614
138 52 0.0
138 46 0.07368382485804331
138 91 0.17177611593787237
138 85 0.17499669453275996
138 84 0.0
138 90 0.17329561161019047
138 47 0.057649041325782205
138 53 0.07618167143507139
140 76 0.06332730893277247
140 62 0.02838713587805846
140 89 0.024849978971602835
140 88 0.07654715409828404
140 63 0.0275874203635431
140 77 0.0013207036909606146
140 49 0.043241576397478124
140 61 0.028413301775653155
140 75 0.0
140 74 0.01563365568296747
140 60 0.0
140 48 0.0
140 64 0.0
140 70 0.11569878253768415
140 58 0.19121539220912662
140 59 0.017735972624805814
140 71 0.026163064860450627
140 65 0.0
140 73 0.0
140 67 0.09754578073637445
140 66 0.16108164155919363
140 72 0.0
140 57 0.12257085128790918
140 94 0.1292971547878834
140 80 0.03172384850783976
140 81 0.06059800990402679
140 95 0.012354952223058005
140 56 0.057203016149123834
140 68 0.21812166240048175
140 54 0.0005717773333081266
140 83 0.0
140 82 0.056644361263639295
140 55 0.03744371265181217
140 69 0.12742687084350623
140 51 0.0
140 79 0.012462439495298738
140 86 0.0
140 92 0.12426159626875533
140 93 0.10282545473909199
140 87 0.0729355383907439
140 78 0.15005963049405946
140 50 0.04262454807935486
140 52 0.0
140 46 0.032826648273385564
140 91 0.104764687549734
140 85 0.11280394409439429
140 84 0.011830169021746148
140 90 0.10397950475853716
140 47 0.016065180999945326
140 53 0.0
135 76 0.06104220267571718
135 62 0.17869320929881466
135 89 0.031034395959362304
135 88 0.15110044089262997
135 63 0.05144161723624858
135 77 0.19029558665168858
135 49 0.3009824762559485
135 61 0.0
135 75 0.3318136652916525
135 74 0.15841805479486917
135 60 0.0
135 48 0.3298686760004219
135 64 0.04910323051923726
135 70 0.14367754339720562
135 58 0.15630087435182857
135 59 0.0
135 71 0.1815201725300907
135 65 0.0
135 73 0.2117049387198242
135 67 0.17315970491463945
135 66 0.12418820090246574
135 72 0.02586179302212794
135 57 0.16473408007316326
135 94 0.2485447785598885
135 80 0.19790829351286232
135 81 0.17706414259942743
135 95 0.0867401162825959
135 56 0.26068779145697096
135 68 0.29875463530284857
135 54 0.06028120027115458
135 83 0.47266826714096283
135 82 0.008074566709951422
135 55 0.08000639808018009
135 69 0.15437226771755638
135 51 0.11583335430408156
135 79 0.16134807210905033
135 86 0.058866336222991734
135 92 0.232415263277421
135 93 0.1988881146665441
135 87 0.16463604055286263
135 78 0.17760315564764567
135 50 0.07467274022463621
135 52 0.04343142581976962
135 46 0.24714229381373387
135 91 0.204013370156583
135 85 0.20612072363362666
135 84 0.10325180017188088
135 90 0.20414901295570492
135 47 0.13504737573136008
135 53 0.2460004384681812
121 76 0.09305576811683916
121 62 0.06922643666415268
121 89 0.05884420317072332
121 88 0.2600563694688649
121 63 0.09267014280007423
121 77 0.039828598324514214
121 49 0.11978290772367885
121 61 0.0
121 75 0.0
121 74 0.0581542191699006
121 60 0.053549304843927226
121 48 0.08263611004223828
121 64 0.06789528809053996
121 70 0.12899676605295982
121 58 0.0755536319299171
121 59 0.0
121 71 0.32528138559652864
121 65 0.05326859137529666
121 73 0.0
121 67 0.28661875399485953
121 66 0.13035415245011187
121 72 0.029945466702514405
121 57 0.31475594381544403
121 94 0.3263585458793473
121 80 0.35617553438882227
121 81 0.0700988115542181
121 95 0.07512783505777164
121 56 0.14565699136151997
121 68 0.33144439950578125
121 54 0.08211732844731608
121 83 0.3096537042852406
121 82 0.018293409998943765
121 55 0.13090588988843838
121 69 0.3337897748410578
121 51 0.08359538075353429
121 79 0.05809973738627508
121 86 0.11161624196448522
121 92 0.46628155976195546
121 93 0.2837215183570041
121 87 0.16628805996740853
121 78 0.45928146795983354
121 50 0.11807368589944937
121 52 0.0
121 46 0.09096607593811702
121 91 0.2694215509802215
121 85 0.27638411790867223
121 84 0.0008712949477502896
121 90 0.2784274096230554
121 47 0.1527209774807215
121 53 0.04189739925462155
109 76 0.03530331072541926
109 62 0.08254229162672057
109 89 0.032268890518623174
109 88 0.1509081075496056
109 63 0.027494802850900155
109 77 0.16209979774698913
109 49 0.032843180186530235
109 61 0.0
109 75 0.0
109 74 0.06268836190547747
109 60 0.0
109 48 0.02507492490516179
109 64 0.05158412602850099
109 70 0.2062102988259954
109 58 0.4463002366845806
109 59 0.0
109 71 0.030859174275485332
109 65 0.0
109 73 0.0
109 67 0.15918275008638855
109 66 0.11851968658669346
109 72 0.045502737282884086
109 57 0.22408364878275233
109 94 0.20138384996270964
109 80 0.036427555074135955
109 81 0.17038783939619773
109 95 0.044881406216382355
109 56 0.10776143645289918
109 68 0.3553386485201194
109 54 0.06591804962505717
109 83 0.016059590445565125
109 82 0.013898601705882405
109 55 0.11581129540795532
109 69 0.24635800324249585
109 51 0.0
109 79 0.13263767038660856
109 86 0.0
109 92 0.21283319223963182
109 93 0.17815071874608512
109 87 0.12792364908524684
109 78 0.23197012719938825
109 50 0.008571437812644717
109 52 0.008211990132745178
109 46 0.12272892035954554
109 91 0.17859566334217947
109 85 0.180758913420835
109 84 0.4765767850107427
109 90 0.18209525355820766
109 47 0.06653645431861109
109 53 0.010137792764294953
108 76 0.026623989568145864
108 62 0.20090687466854695
108 89 0.09487743080824661
108 88 0.3670330360105677
108 63 0.12302203376014209
108 77 0.05198581050507922
108 49 0.05050549072262009
108 61 0.0
108 75 0.0
108 74 0.03140159291706174
108 60 0.0
108 48 0.09392834112960288
108 64 0.14648869778251028
108 70 0.46983340347614905
108 58 0.9368218876394725
108 59 0.004999796367092399
108 71 0.08269506458168388
108 65 0.0
108 73 0.0
108 67 0.37775574919500493
108 66 0.2993406035444763
108 72 0.03908596895123252
108 57 0.5129974833214204
108 94 0.4793170085586025
108 80 0.09334797525680995
108 81 0.3483620915930032
108 95 0.050517781767696626
108 56 0.2629673347600505
108 68 0.7906692750084522
108 54 0.1838880302393341
108 83 0.05147494929945028
108 82 0.056747775587752056
108 55 0.26168414017260094
108 69 0.5418367587252356
108 51 0.005310381164666436
108 79 0.1026582340666011
108 86 0.011135284331486237
108 92 0.5023798095806529
108 93 0.42186573689171436
108 87 0.31222597405779046
108 78 0.42776090385754095
108 50 0.039352455599251136
108 52 0.008972738821318618
108 46 0.26876302334279634
108 91 0.4212521011935842
108 85 0.4217186670729644
108 84 0.039615571530754894
108 90 0.422413751765524
108 47 0.19874303324248238
108 53 0.01262760758432134
120 76 0.0
120 62 0.13731583917762197
120 89 0.041823975292207334
120 88 0.11783406977361416
120 63 0.0075201823094315084
120 77 0.2645444804080416
120 49 0.00793390400780554
120 61 0.0
120 75 0.040366674312399695
120 74 0.0036819906565061095
120 60 0.0
120 48 0.0011827735133893846
120 64 0.004166654460014449
120 70 0.06725327337301215
120 58 0.038702243819208657
120 59 0.0
120 71 0.051604569482699494
120 65 0.0
120 73 0.0
120 67 0.09912056310685201
120 66 0.07840796486322693
120 72 0.0
120 57 0.07226046043252787
120 94 0.17534068486446913
120 80 0.05976210992655527
120 81 0.038937084017065526
120 95 0.020794110816112744
120 56 0.07317978763379353
120 68 0.14235870723458835
120 54 0.01142465918969987
120 83 0.02051116828786676
120 82 0.0
120 55 0.23213123362969595
120 69 0.08522928405171906
120 51 0.03995820933554884
120 79 0.020975018213400802
120 86 0.0
120 92 0.18337452756358766
120 93 0.14791999380849458
120 87 0.150043966222502
120 78 0.14645210225409244
120 50 0.06604344468721826
120 52 0.0
120 46 0.027343810493506107
120 91 0.14475048949257208
120 85 0.1522065413335854
120 84 0.08798367873538852
120 90 0.15333179544418735
120 47 0.05919391090683197
120 53 0.38466493413763053
134 76 0.05002386139348314
134 62 0.10524865572675025
134 89 0.006563004849433188
134 88 0.09626754511213682
134 63 0.02243132283592434
134 77 0.03205474774521824
134 49 0.2768782656534877
134 61 0.0
134 75 0.3407399503352811
134 74 0.09383071393003348
134 60 0.0
134 48 0.2581292618501197
134 64 0.02142358434957007
134 70 0.0973541990162792
134 58 0.13811464906625087
134 59 0.0
134 71 0.35051068151821496
134 65 0.0
134 73 0.2174001189544782
134 67 0.1440621492630937
134 66 0.08418992220870493
134 72 0.0
134 57 0.18179290022712596
134 94 0.19934516431285898
134 80 0.38395711007528244
134 81 0.06072072275633256
134 95 0.018987183152435583
134 56 0.07159417259699088
134 68 0.24353745895805684
134 54 0.036413393113342366
134 83 0.2789873226860641
134 82 0.0
134 55 0.16383919924843565
134 69 0.11296431465932191
134 51 0.11266777659105384
134 79 0.018722877669214016
134 86 0.12089985783684826
134 92 0.1560367591699339
134 93 0.1403595728319545
134 87 0.0837757374117144
134 78 0.10232932056074463
134 50 0.12789439590752583
134 52 0.48938487253232454
134 46 0.10940406895153314
134 91 0.14973536709205915
134 85 0.1501544936340523
134 84 0.05574770490722841
134 90 0.146601165387514
134 47 0.12324532394302182
134 53 0.36223539650707043
122 76 0.024908557670971915
122 62 0.0451272726874687
122 89 0.0508654602984355
122 88 0.14330737707253768
122 63 0.0342598042603967
122 77 0.029363757511153984
122 49 0.20708285298971596
122 61 0.0
122 75 0.0
122 74 0.030747656056419076
122 60 0.0
122 48 0.06456638433828182
122 64 0.028209955952276967
122 70 0.10799761368869024
122 58 0.10952771228242257
122 59 0.0
122 71 0.5238523627763904
122 65 0.0
122 73 0.0
122 67 0.347763666248014
122 66 0.12034201026392505
122 72 0.0
122 57 0.35001307451652636
122 94 0.24774585440751007
122 80 0.5768974387619
122 81 0.08948761635715183
122 95 0.05559417158111521
122 56 0.08202900413831464
122 68 0.3924380437600806
122 54 0.03893160126556027
122 83 0.28747876290874813
122 82 0.007022808729500077
122 55 0.06961698477158712
122 69 0.2017254587944487
122 51 0.10291945167260574
122 79 0.02550938663143975
122 86 0.1929641738144826
122 92 0.22301633659553016
122 93 0.19374215088668578
122 87 0.12550343638622852
122 78 0.2375691206368743
122 50 0.20412791944802688
122 52 0.0
122 46 0.07356310172150447
122 91 0.20933448668650234
122 85 0.6893371965737461
122 84 0.012968072680151765
122 90 0.20392491930449314
122 47 0.07127766486066374
122 53 0.039259158206632276
136 76 0.018206162193142583
136 62 0.07669695618086532
136 89 0.0
136 88 0.05265284984643283
136 63 0.007490630349676883
136 77 0.28101283089980417
136 49 0.13959552186371021
136 61 0.049512227186850846
136 75 0.0
136 74 0.10366712172101288
136 60 0.0
136 48 0.1450113246113221
136 64 0.004877927246268204
136 70 0.06885222449246944
136 58 0.056518017885052826
136 59 0.0
136 71 0.0007428141763471674
136 65 0.0
136 73 0.0
136 67 0.05412371185649188
136 66 0.039097385803638654
136 72 0.03819056341330289
136 57 0.09244464377522528
136 94 0.08371825541484675
136 80 0.0038116051267613887
136 81 0.2808111307677307
136 95 0.05902931706056079
136 56 0.16623321209878272
136 68 0.17062964617687498
136 54 0.052363636048038655
136 83 0.0031800820782172112
136 82 0.0
136 55 0.017518008658794958
136 69 0.05253417961045289
136 51 0.0
136 79 0.39394476160756586
136 86 0.0
136 92 0.08824367450370621
136 93 0.07283614959133784
136 87 0.05410435050522044
136 78 0.09133988084354189
136 50 0.0
136 52 0.0019951962968317305
136 46 0.12708352358999492
136 91 0.09503397104203043
136 85 0.0899362266959467
136 84 0.0254297955457482
136 90 0.09060111999090605
136 47 0.17160623866702618
136 53 0.014397931607759165
137 76 0.024354994648516405
137 62 0.04099975853633228
137 89 0.03213390387888268
137 88 0.1528153695099092
137 63 0.03032992739237296
137 77 0.012369284881910678
137 49 0.009815651980212114
137 61 0.0
137 75 0.0
137 74 0.0028289212828879473
137 60 0.0
137 48 0.01769436393265314
137 64 0.029990230558791915
137 70 0.15657421876141459
137 58 0.1560099307249378
137 59 0.008001153363063132
137 71 0.0304887854629471
137 65 0.0
137 73 0.0
137 67 0.16643063846963105
137 66 0.15120480865025332
137 72 0.0
137 57 0.1542419011660623
137 94 0.22357271254801941
137 80 0.03654308804540411
137 81 0.10654477286700573
137 95 0.01597638563870088
137 56 0.10477824193406671
137 68 0.3196692747223932
137 54 0.041509430394846225
137 83 0.0013455105460400962
137 82 0.011159765017302606
137 55 0.05931152402379242
137 69 0.18007498427652024
137 51 0.0
137 79 0.06952849200534962
137 86 0.0
137 92 0.23206268427143978
137 93 0.19289487237797828
137 87 0.13350652298175075
137 78 0.17286730138150852
137 50 0.0040983595095280545
137 52 0.0
137 46 0.08594760682997303
137 91 0.19365284266955562
137 85 0.1956982869516123
137 84 0.0
137 90 0.19492430312466072
137 47 0.06831500396643156
137 53 0.0
123 76 0.01767632253576415
123 62 0.03838280867650254
123 89 0.03609660157934688
123 88 0.12337271535782557
123 63 0.03011590433274037
123 77 0.025068979712701334
123 49 0.14695605218997976
123 61 0.0
123 75 0.0
123 74 0.02182003040286034
123 60 0.0
123 48 0.04581944284400046
123 64 0.021858470137822918
123 70 0.09284807286112062
123 58 0.08339659254873412
123 59 0.0
123 71 0.3717510844214347
123 65 0.0
123 73 0.0
123 67 0.24678999129618828
123 66 0.10793284291831111
123 72 0.0
123 57 0.29603318873182344
123 94 0.6093407070390424
123 80 0.4093944471740963
123 81 0.07527151277367786
123 95 0.039452324817732615
123 56 0.10685216053010177
123 68 0.31292917186030045
123 54 0.030863195923362084
123 83 0.20400889535565203
123 82 0.00423675956848743
123 55 0.058353387595846275
123 69 0.14315418501654908
123 51 0.07303664254671373
123 79 0.01810269995329067
123 86 0.13693675158747043
123 92 0.1887933523925201
123 93 0.18165800999379134
123 87 0.11133015197834856
123 78 0.21869059069785207
123 50 0.14485908780349835
123 52 0.0
123 46 0.06275483065302594
123 91 0.19951780485170353
123 85 0.19379241606665168
123 84 0.008456347830356745
123 90 0.18608043984770695
123 47 0.061381284495097055
123 53 0.03828182848124342
127 76 0.07190539020337834
127 62 0.09378796061072098
127 89 0.061655133497557225
127 88 0.26678988925126595
127 63 0.08147995037490151
127 77 0.06833583632644617
127 49 0.12550482067031132
127 61 0.0
127 75 0.0
127 74 0.043345177537636635
127 60 0.0
127 48 0.06963561943056804
127 64 0.0805991427464389
127 70 0.24839185182475887
127 58 0.2712023630556829
127 59 0.0
127 71 0.3174864354956263
127 65 0.0
127 73 0.0
127 67 0.3162396672128074
127 66 0.23523151627098027
127 72 0.05137887340721599
127 57 0.316395541950281
127 94 0.4007032164484425
127 80 0.34963498209371174
127 81 0.19156175247769247
127 95 0.0733345414013106
127 56 0.2001077312799459
127 68 0.5449783004763372
127 54 0.10147368113214547
127 83 0.03641783147206211
127 82 0.034631906696829064
127 55 0.13290204877626832
127 69 0.29481807721498376
127 51 0.2222164581520799
127 79 0.13121363864871635
127 86 0.11694804123441405
127 92 0.38700466162285474
127 93 0.3357312259084468
127 87 0.2402964727737955
127 78 0.27854871111539814
127 50 0.33506377028342765
127 52 0.005473754514099857
127 46 0.1724381628559839
127 91 0.3961992256583748
127 85 0.35000424145143094
127 84 0.02841974101409813
127 90 0.3442402116040891
127 47 0.14432530063858934
127 53 0.04376655517654452
133 76 0.0
133 62 0.23543403416246667
133 89 0.005406756503772689
133 88 0.09404561035419598
133 63 0.036648797313389825
133 77 0.24789245496109935
133 49 0.4160377863010203
133 61 0.05331342710548695
133 75 0.0
133 74 0.12288673453127472
133 60 0.0
133 48 0.2436793394928487
133 64 0.031139770616294103
133 70 0.07915649714863573
133 58 0.09666743710084126
133 59 0.0
133 71 0.25410944143560527
133 65 0.0
133 73 0.04394020451528193
133 67 0.15838859691147733
133 66 0.07045022768763368
133 72 0.0
133 57 0.2466683243217238
133 94 0.17546416701336592
133 80 0.2798404595380105
133 81 0.1507485609829015
133 95 0.05880081148522521
133 56 0.13148805827083243
133 68 0.21195294605212606
133 54 0.05638374704676505
133 83 0.07765892260286458
133 82 0.14280869625683185
133 55 0.04561496053614274
133 69 0.08895640424213758
133 51 0.04992399812568572
133 79 0.35992288767347597
133 86 0.09360274365319925
133 92 0.1450705265870476
133 93 0.125751716587227
133 87 0.07516314844384822
133 78 0.09236172788402251
133 50 0.09901803500023873
133 52 0.012315323634663575
133 46 0.08055279288811446
133 91 0.131531567215215
133 85 0.13294380287987678
133 84 0.11370377474424778
133 90 0.13101486075322036
133 47 0.20327361824624848
133 53 0.3911627163831927
132 76 0.036411327060445337
132 62 0.08761261330565245
132 89 0.10203504418022355
132 88 0.28747158612458446
132 63 0.08771574122177728
132 77 0.06184763015830694
132 49 0.053655241279855104
132 61 0.0
132 75 0.0
132 74 0.036696298463193354
132 60 0.0
132 48 0.0660083068713837
132 64 0.0874167491182077
132 70 0.22836523332033598
132 58 0.23009986539707156
132 59 0.0
132 71 0.07093876644023211
132 65 0.0
132 73 0.0
132 67 0.244236702325415
132 66 0.19958947346883998
132 72 0.042514267025657165
132 57 0.21730805228508326
132 94 0.5178560211198135
132 80 0.08081198883064154
132 81 0.16981574857775206
132 95 0.07084910889273555
132 56 0.2686147281473203
132 68 0.44505077120392145
132 54 0.10520559707989449
132 83 0.17513884840847496
132 82 0.021940904123505703
132 55 0.11878285146045822
132 69 0.24963969664447955
132 51 0.0
132 79 0.09175968958412647
132 86 0.007307445531441678
132 92 0.541583394020654
132 93 0.446371103866436
132 87 0.2667340458691472
132 78 0.23811903633992143
132 50 0.02815883448995693
132 52 0.05427455664128441
132 46 0.23532544325266697
132 91 0.4275100932890135
132 85 0.44171067392215735
132 84 0.0402464367813961
132 90 0.4449762152528568
132 47 0.1446044982633259
132 53 0.04595308656652615
126 76 0.03194206557898454
126 62 0.04358294090245166
126 89 0.06522850058280662
126 88 0.18377353264969878
126 63 0.026544533034330554
126 77 0.018895262593052783
126 49 0.13277874531830783
126 61 0.0
126 75 0.0
126 74 0.039429968572559114
126 60 0.00913497021809935
126 48 0.041399098855386327
126 64 0.021976281416018664
126 70 0.10488792972829926
126 58 0.09341290155150048
126 59 0.0
126 71 0.33588710246779513
126 65 0.0
126 73 0.0
126 67 0.31771543422477
126 66 0.12228474089431171
126 72 0.0
126 57 0.2628048407027697
126 94 0.41341657720649194
126 80 0.3698988930771318
126 81 0.07615472106863994
126 95 0.05186144151952195
126 56 0.10519179248256351
126 68 0.3462501866159203
126 54 0.031831729836646644
126 83 0.3432495597202203
126 82 0.0016417907730656017
126 55 0.055825624122986695
126 69 0.2347945920540198
126 51 0.06599057075293172
126 79 0.03271255250602919
126 86 0.12372603776973876
126 92 0.43235869410909344
126 93 0.36352295099491694
126 87 0.19800853149834535
126 78 0.280199649194456
126 50 0.1308840816003805
126 52 0.0
126 46 0.06053961889474899
126 91 0.3412913093229841
126 85 0.34672207470990357
126 84 0.003866520635274845
126 90 0.7898842933242091
126 47 0.0530963453900575
126 53 0.024759173830979232
118 76 0.07415815219677199
118 62 0.20431758958608826
118 89 0.013193531628960892
118 88 0.1096089342686997
118 63 0.040128063149698544
118 77 0.02540933706840269
118 49 0.3308498295335302
118 61 0.0
118 75 0.0
118 74 0.10424389391854
118 60 0.0
118 48 0.1555500404582843
118 64 0.029157755244514985
118 70 0.1395876642803637
118 58 0.29738227305472387
118 59 0.1235821018541162
118 71 0.18613115137747727
118 65 0.0
118 73 0.032185505630902764
118 67 0.13431784234434296
118 66 0.08554751706507965
118 72 0.0
118 57 0.25175485476260673
118 94 0.1663683144077563
118 80 0.2049787156334832
118 81 0.23466779566160345
118 95 0.010767666366352235
118 56 0.24581092653603037
118 68 0.27469436369003725
118 54 0.03992132061509979
118 83 0.15501144872895184
118 82 0.023764259646539117
118 55 0.09050001626586231
118 69 0.16121899108608057
118 51 0.13027770823122753
118 79 0.15461925433878937
118 86 0.0685625309702468
118 92 0.1620843133763351
118 93 0.13855295339364193
118 87 0.09476385685820984
118 78 0.12481159547792711
118 50 0.2584368685830368
118 52 0.008871988583546778
118 46 0.13807940485454667
118 91 0.16863644056007915
118 85 0.1428551417739608
118 84 0.10895201600781504
118 90 0.14195590381673714
118 47 0.2971708547805268
118 53 0.2751645853063369
130 76 0.0
130 62 0.030751088690021834
130 89 0.0546499038833172
130 88 0.1539695962021082
130 63 0.029255080178799256
130 77 0.017436923120054147
130 49 0.006344988450414146
130 61 0.0
130 75 0.0
130 74 0.004811126490762319
130 60 0.0
130 48 0.01853738686190661
130 64 0.03267359180799216
130 70 0.1074450591170036
130 58 0.1210978190652517
130 59 0.0
130 71 0.007828471493031008
130 65 0.0
130 73 0.0
130 67 0.12951732131639418
130 66 0.10245290442920302
130 72 0.0
130 57 0.09352670868376611
130 94 0.2291114488216437
130 80 0.011462897739489969
130 81 0.08319870449977786
130 95 0.027170926472198577
130 56 0.1506904618830059
130 68 0.20557928304834566
130 54 0.0624422390294641
130 83 0.1876085085993061
130 82 0.0
130 55 0.050559436481390455
130 69 0.11862091467040564
130 51 0.0
130 79 0.04914643058592878
130 86 0.0
130 92 0.23960898589823837
130 93 0.1932818051745859
130 87 0.15088414236148717
130 78 0.11397578816465521
130 50 0.0
130 52 0.011122771761033323
130 46 0.21764198499708431
130 91 0.18914032639327072
130 85 0.1988828846654952
130 84 0.0431119311883553
130 90 0.20035321426852934
130 47 0.057773521490595524
130 53 0.0021820650123457463
124 76 0.028099156238814142
124 62 0.03833953263719799
124 89 0.05738094252444824
124 88 0.16166397234749152
124 63 0.025847396603037615
124 77 0.015524861967866566
124 49 0.11680430311142899
124 61 0.0
124 75 0.0
124 74 0.03468619913362221
124 60 0.0
124 48 0.03641842585311598
124 64 0.021976281416018664
124 70 0.09226899612091216
124 58 0.09341290155150048
124 59 0.0
124 71 0.29547695178031236
124 65 0.0
124 73 0.0
124 67 0.2794914938637583
124 66 0.1075728190312425
124 72 0.0
124 57 0.23118712410641096
124 94 0.24056091488462833
124 80 0.3253968270598359
124 81 0.0733763524266883
124 95 0.045622057359557315
124 56 0.09253630153314713
124 68 0.30459326643673595
124 54 0.031831729836646644
124 83 0.3019536411517597
124 82 0.0005265439541425748
124 55 0.05272545704547915
124 69 0.20654675289675783
124 51 0.0580513290003112
124 79 0.028776946862261968
124 86 0.10884071531017889
124 92 0.25158304903012335
124 93 0.20294074400248135
124 87 0.14157948100039927
124 78 0.2464891852816194
124 50 0.11513758397899218
124 52 0.0
124 46 0.06429603902694214
124 91 1.0
124 85 0.20882172818552702
124 84 0.0018441693982509666
124 90 0.21036553508084793
124 47 0.05504843193125361
124 53 0.02042095235538975
125 76 0.03062205846772144
125 62 0.04178187416245835
125 89 0.06253293024113821
125 88 0.17617908421430573
125 63 0.031021790185399044
125 77 0.016366469959436754
125 49 0.12729165846691545
125 61 0.0
125 75 0.0
125 74 0.037800523576775845
125 60 0.0
125 48 0.03968827947353188
125 64 0.025629668716959084
125 70 0.10055343192368286
125 58 0.10199469266290756
125 59 0.0
125 71 0.32200655480118595
125 65 0.0
125 73 0.0
125 67 0.37246578502654815
125 66 0.11723131918680457
125 72 0.0
125 57 0.251944420366326
125 94 0.262159843450036
125 80 0.3546128068313064
125 81 0.08091218976023751
125 95 0.049718265417248615
125 56 0.21136288233701817
125 68 0.4565904646957586
125 54 0.03616504333591452
125 83 0.32906475821925785
125 82 0.00421187840634453
125 55 0.05693077197935623
125 69 0.2250916963401829
125 51 0.06326350783163173
125 79 0.03136070499232497
125 86 0.118613054412397
125 92 0.2741716075533365
125 93 0.22116191943666424
125 87 0.15429129288356286
125 78 0.2686203877157163
125 50 0.1254752918013479
125 52 0.0
125 46 0.06649688556971378
125 91 0.21642304918576527
125 85 0.2275709318628879
125 84 0.001362285354580245
125 90 0.2292533505308938
125 47 0.06141301880258024
125 53 0.021773161267071156
131 76 0.0
131 62 0.07772277486977786
131 89 0.09010769014838768
131 88 0.38531364655391015
131 63 0.06784002425326445
131 77 0.0065042086243944225
131 49 0.010438647973095003
131 61 0.0
131 75 0.0
131 74 0.007932667109898664
131 60 0.0
131 48 0.040764909406644276
131 64 0.07950692408374542
131 70 0.21889446792011502
131 58 0.3835919395778774
131 59 0.10101557639118444
131 71 0.03442211079607758
131 65 0.0
131 73 0.0
131 67 0.2293146783083843
131 66 0.16892608972963158
131 72 0.0
131 57 0.26294479000724047
131 94 0.3777628499392652
131 80 0.04059169280912731
131 81 0.17175121137533284
131 95 0.04479988526290666
131 56 0.11982579291842692
131 68 0.39064026033205107
131 54 0.1029869121988466
131 83 0.006796461978556059
131 82 0.016792475437450605
131 55 0.11630985104653921
131 69 0.2541084066291433
131 51 0.0
131 79 0.06311155558957447
131 86 0.0
131 92 0.3950713674480719
131 93 0.3186863246672456
131 87 0.2686499994338086
131 78 0.2059596824726061
131 50 0.007339840023757094
131 52 0.0
131 46 0.14003742584586024
131 91 0.31185778407951387
131 85 0.32792147970687635
131 84 0.0009752058980290468
131 90 0.33034578414058746
131 47 0.10588327853560385
131 53 0.0
119 76 0.0
119 62 0.09423992340156852
119 89 0.011928253780745551
119 88 0.0879433767090052
119 63 0.00558567298100629
119 77 0.19934423275753263
119 49 0.04038930736866312
119 61 0.04287231825464683
119 75 0.0
119 74 0.09554382999944974
119 60 0.0
119 48 0.025185972716452752
119 64 0.012961704125230039
119 70 0.14518042243848778
119 58 0.3608118661725068
119 59 0.05689913110990083
119 71 0.0
119 65 0.0
119 73 0.0
119 67 0.09189404232895987
119 66 0.061562363733396144
119 72 0.0
119 57 0.15640662775022868
119 94 0.12501051332324709
119 80 0.0
119 81 0.08792037859139022
119 95 0.03546377395657926
119 56 0.08844312443242949
119 68 0.23305055008088899
119 54 0.021595868777975057
119 83 0.038284285397216115
119 82 0.0
119 55 0.08076117927713014
119 69 0.15749981421222164
119 51 0.0
119 79 0.226125341780675
119 86 0.0
119 92 0.13365910197157338
119 93 0.10973227793174917
119 87 0.07537339683968682
119 78 0.11259059231604784
119 50 0.0
119 52 0.018382512224604873
119 46 0.08706565601662304
119 91 0.11271312690281035
119 85 0.11014062622874302
119 84 0.022019495985780527
119 90 0.11150463368872236
119 47 0.03292227834987558
119 53 0.012467076137920405
