114 76 0.057771594631399574
114 62 0.13885067365231615
114 89 0.05621897397335532
114 88 0.16331870025692935
114 63 0.01948328605956931
114 77 0.007347020131664231
114 49 0.00753283295525306
114 61 0.0020417678450280613
114 75 0.0018217155842279592
114 74 0.11985736223048302
114 60 0.0018898091111076987
114 48 0.014336262493836807
114 64 0.02268145425514441
114 70 0.20528780425905493
114 58 0.409333656361746
114 59 0.003224665546938621
114 71 0.011741524416277405
114 65 0.00022363087601182108
114 73 0.0013491206839714581
114 67 0.15800227785858736
114 66 0.11447180371096004
114 72 0.0034525107128864363
114 57 0.17678935140730662
114 94 0.23151591247344688
114 80 0.012782576689495603
114 81 0.12080087555517842
114 95 0.029542465553989483
114 56 0.09088047244917032
114 68 0.2816765857341105
114 54 0.02758054502508764
114 83 0.008717819898963253
114 82 0.009342541106204985
114 55 0.11911388927121645
114 69 0.21340042708679335
114 51 0.003779874022798363
114 79 0.03490066881045102
114 86 0.004090707159844054
114 92 0.24225423037709268
114 93 0.19827294989035205
114 87 0.1416074633729274
114 78 0.15449248533100834
114 50 0.007250566160912922
114 52 0.0028782969168591327
114 46 0.06193913399725099
114 91 0.19432981740398353
114 85 0.20207004908637344
114 84 0.008258409710320658
114 90 0.20319300175423677
114 47 0.036349105197648446
114 53 0.0038623374369561314
100 76 0.004698710137228987
100 62 0.057187697598065905
100 89 0.009220561915469022
100 88 0.030646113963372523
100 63 0.15928538608485382
100 77 0.010405611858761113
100 49 0.15565050123124996
100 61 0.0026481210478861567
100 75 0.002342474976541095
100 74 0.005539865230909616
100 60 0.0028363289223331534
100 48 0.05515921496921821
100 64 0.09393276744487965
100 70 0.03464222813408002
100 58 0.0644522397387661
100 59 0.0016120928326148753
100 71 0.3848805057766521
100 65 0.001188707501826411
100 73 0.0017123863504844156
100 67 0.17452077371417515
100 66 0.026562716631474678
100 72 0.002456918640610456
100 57 0.2456466721069623
100 94 0.04819441322397518
100 80 0.4237842323023483
100 81 0.026411444167778172
100 95 0.028495049539017506
100 56 0.08460439810794107
100 68 0.23516820214463785
100 54 0.014905912220252462
100 83 0.035796273476255316
100 82 0.006915026831944032
100 55 0.14140732137014916
100 69 0.06676243508023239
100 51 0.07859693678220145
100 79 0.009680753140197673
100 86 0.14165298042339006
100 92 0.042665968166664285
100 93 0.03944381298313409
100 87 0.027432747264182197
100 78 0.06064114220400438
100 50 0.15480559053816215
100 52 0.0053332408695948436
100 46 0.10912991716574287
100 91 0.0419624259116305
100 85 0.041828600754364585
100 84 0.009668898845753837
100 90 0.04084360811186731
100 47 0.017734573005159834
100 53 0.010158052328079717
128 76 0.021772424831333903
128 62 0.023467119575398
128 89 0.09310761821328932
128 88 0.267168352034996
128 63 0.015406846938881627
128 77 0.053419197650553425
128 49 0.008604037637263737
128 61 0.002292044496822493
128 75 0.0014870684622747127
128 74 0.0215004610598543
128 60 0.0024314784609473367
128 48 0.011687091943262909
128 64 0.015596880789101542
128 70 0.17571000828669497
128 58 0.0368970959691461
128 59 0.0034792978164782523
128 71 0.013496766726819195
128 65 0.0006070987023964192
128 73 0.0011525968560708172
128 67 0.2305868236446364
128 66 0.18438522061938933
128 72 0.036978481112290164
128 57 0.12196892105833637
128 94 0.39208844807849164
128 80 0.014797867231374065
128 81 0.1497952092244223
128 95 0.06467104483664224
128 56 0.15697415561198907
128 68 0.5028603944747374
128 54 0.06539026546404936
128 83 0.007321653406804532
128 82 0.007533518171592507
128 55 0.06320508132296945
128 69 0.225738651431623
128 51 0.004167309524120463
128 79 0.08534570451394853
128 86 0.004910115482582647
128 92 0.4092872928682114
128 93 0.3326931800692905
128 87 0.2453043523871317
128 78 0.22742632382045738
128 50 0.007791717894089556
128 52 0.0038362258970239538
128 46 0.09807988529861132
128 91 0.3262573034465514
128 85 0.3419404829983236
128 84 0.004718053355372301
128 90 0.34353901797425546
128 47 0.04111939764851215
128 53 0.005902797577558877
129 76 0.008019720445939585
129 62 0.12245594060998993
129 89 0.11060311169837037
129 88 0.32075198937076466
129 63 0.03202478856665969
129 77 0.011486950307754928
129 49 0.015780529745005642
129 61 0.0027044412164407144
129 75 0.002487775750337304
129 74 0.017571402478104042
129 60 0.0024689650515065664
129 48 0.02483511879086353
129 64 0.03412220754462593
129 70 0.28893050227091766
129 58 0.45399264572341513
129 59 0.004227915635264132
129 71 0.023147536875984795
129 65 0.0004989035586064478
129 73 0.0019507020602710923
129 67 0.29556085269423366
129 66 0.22152333383473183
129 72 0.004740561975210125
129 57 0.3344124770464405
129 94 0.46202223728610525
129 80 0.025362509020532734
129 81 0.20752493155441357
129 95 0.05816859126549949
129 56 0.1616823128606823
129 68 0.4870599384260935
129 54 0.0921904357899966
129 83 0.012131797674687167
129 82 0.14585376728250932
129 55 0.0917650704187036
129 69 0.33732503190295504
129 51 0.006792812694077013
129 79 0.08489892776385631
129 86 0.00843411344731558
129 92 0.48301481539128255
129 93 0.3935177660034569
129 87 0.29138237365106423
129 78 0.27501459618952
129 50 0.013147560224180899
129 52 0.004606373227680274
129 46 0.13047250807428168
129 91 0.3858252542943691
129 85 0.4029983103462087
129 84 0.0104464416230505
129 90 0.4050530171523341
129 47 0.06694162610589696
129 53 0.007148554182849529
101 76 0.0032215398492755065
101 62 0.01662411541791213
101 89 0.00552206184386804
101 88 0.048162972377828066
101 63 0.0057857688901503945
101 77 0.006025245942594001
101 49 0.07961139175348306
101 61 0.0015591022517142256
101 75 0.0011011879495593513
101 74 0.0033066100999314257
101 60 0.0014460628597190994
101 48 0.023145948178771872
101 64 0.006466713361947887
101 70 0.021530611480019682
101 58 0.038531414101992414
101 59 0.002050056704618927
101 71 0.15372633286341497
101 65 0.0006023510854493014
101 73 0.0008333654798660384
101 67 0.07601431694397515
101 66 0.01672427076182703
101 72 0.0015947151079371003
101 57 0.10503052209097234
101 94 0.08483784198972169
101 80 0.16925963233970454
101 81 0.015818005581507102
101 95 0.012655317306207836
101 56 0.05174560689037132
101 68 0.10710548024170886
101 54 0.007630781966312769
101 83 0.015429893761591151
101 82 0.003956998443974721
101 55 0.058505347891338134
101 69 0.03534121707475238
101 51 0.03167489772187347
101 79 0.006007795561643867
101 86 0.05655787478039924
101 92 0.0855110671115532
101 93 0.07747056183453288
101 87 0.01644663305638626
101 78 0.03185884880453249
101 50 0.09542635889993627
101 52 0.003699199797590036
101 46 0.012959022590696492
101 91 0.07169694788942932
101 85 0.06889067483202886
101 84 0.03238443355542367
101 90 0.06882338132952776
101 47 0.009987284501774135
101 53 0.0055920508258789775
115 76 0.030863368941489375
115 62 0.029082651343980248
115 89 0.005659579708311435
115 88 0.01941207813722462
115 63 0.0071199571504595854
115 77 0.019647602664259772
115 49 0.01418762060404899
115 61 0.001442476701926959
115 75 0.0018816577901672321
115 74 0.07980570723584506
115 60 0.0012622317699339525
115 48 0.009650161353402908
115 64 0.0719569187777357
115 70 0.037910452996668724
115 58 0.011650894908844023
115 59 0.0015791019625302494
115 71 0.011911815087497085
115 65 0.0005034807853044471
115 73 0.0021130929686377226
115 67 0.023129425905316914
115 66 0.1355522408164871
115 72 0.059989114750030235
115 57 0.01702696504414103
115 94 0.10288252289577608
115 80 0.013091568031560752
115 81 0.04951952264362706
115 95 0.0062504843893405465
115 56 0.16807473455974736
115 68 0.054443079896706215
115 54 0.006854142698145188
115 83 0.15361942776432014
115 82 0.020864102218590835
115 55 0.12359938182752825
115 69 0.01729081275156623
115 51 0.0034142627425928634
115 79 0.013399564634253125
115 86 0.004605684773209301
115 92 0.1068702452180391
115 93 0.09602324591935554
115 87 0.017180024391444934
115 78 0.018846318358626254
115 50 0.006738772153619996
115 52 0.6482328933409615
115 46 0.44224019383075186
115 91 0.08833142534100746
115 85 0.08458296149189962
115 84 0.0385953228922846
115 90 0.08494723276248516
115 47 0.1893516685048683
115 53 0.17060244733226476
103 76 0.00908927226657838
103 62 0.1138234731996093
103 89 0.015034689781054489
103 88 0.05032262343156818
103 63 0.01762507435114924
103 77 0.011975736349913599
103 49 0.014526499558898023
103 61 0.004354137817160736
103 75 0.002074736107831182
103 74 0.007906055907880016
103 60 0.002744405566841135
103 48 0.015357784957687234
103 64 0.021168420219986925
103 70 0.1666041859237201
103 58 0.6745888923908865
103 59 0.003926523285128158
103 71 0.026016776292573138
103 65 0.0012217831127495915
103 73 0.0015211041271335768
103 67 0.08253393971498231
103 66 0.2372181161655988
103 72 0.0038764182465572117
103 57 0.2460516066217986
103 94 0.06724853001587505
103 80 0.028564448112204807
103 81 0.1135506860112603
103 95 0.011414625236641204
103 56 0.06272795893393283
103 68 0.27293338088675856
103 54 0.02556481242261302
103 83 0.010408894305776017
103 82 0.01182555428931649
103 55 0.04501108701290965
103 69 0.1908706745399329
103 51 0.00827113963396793
103 79 0.015409274671428233
103 86 0.009424154552236913
103 92 0.06848028095487348
103 93 0.05938837066205221
103 87 0.04385557980986646
103 78 0.09039062896305723
103 50 0.015296873112676163
103 52 0.006680808382387049
103 46 0.036562978248341954
103 91 0.06143017859585383
103 85 0.06003841531049397
103 84 0.009609352497599657
103 90 0.05982656436063953
103 47 0.028099670686326433
103 53 0.01062490921494802
117 76 0.10819026707131253
117 62 0.20943298697369456
117 89 0.011613563043240169
117 88 0.08156756081229151
117 63 0.011807908884420362
117 77 0.28850521221046876
117 49 0.1355323548873743
117 61 0.059528948460645596
117 75 0.5781441008210682
117 74 0.27450166372487167
117 60 0.00045534321284294854
117 48 0.3529117585802879
117 64 0.10014356651068881
117 70 0.18894289203637885
117 58 0.5309659925112163
117 59 0.0023462881877741038
117 71 0.046426948014298766
117 65 0.0
117 73 0.3218508972120842
117 67 0.08974747781214158
117 66 0.028422088977373028
117 72 0.07870202583645636
117 57 0.17232228349275086
117 94 0.13556706050533804
117 80 0.047549336762885266
117 81 0.17631214447599702
117 95 0.05623857111170612
117 56 0.224148498802574
117 68 0.20856068979301956
117 54 0.016664823859249236
117 83 0.5660137991143375
117 82 0.030229122156309934
117 55 0.12212575904322458
117 69 0.19416488361560075
117 51 0.0841358351858118
117 79 0.3244328882412275
117 86 0.0039502489737420765
117 92 0.14221949835017536
117 93 0.12649462049317808
117 87 0.16647034826117824
117 78 0.20198333208014368
117 50 0.006555360819641642
117 52 0.019201840406720738
117 46 0.2501669124884154
117 91 0.15306481479430373
117 85 0.14635173346075636
117 84 0.08425953460272391
117 90 0.14752727458418813
117 47 0.021267690580049306
117 53 0.028532225601617014
116 76 0.0750539923503877
116 62 0.11762993686740374
116 89 0.06973114795444678
116 88 0.2009515918935445
116 63 0.019815739050055375
116 77 0.01566755960857555
116 49 0.012659108753704781
116 61 0.06271522009618428
116 75 0.003933328917885531
116 74 0.01500060884075527
116 60 0.0018684546524470325
116 48 0.017195326252347404
116 64 0.02279823609466486
116 70 0.30284424343047683
116 58 0.5154624840005002
116 59 0.04183092485325517
116 71 0.014295194774956985
116 65 0.0002586796177921902
116 73 0.0029835591702475905
116 67 0.19724174771473568
116 66 0.19045434357033586
116 72 0.004503047423726217
116 57 0.3001117065837441
116 94 0.28873842112119047
116 80 0.015586336139149531
116 81 0.14613273060286505
116 95 0.03762093836208326
116 56 0.2207112178423976
116 68 0.3751601421978614
116 54 0.027253490214431395
116 83 0.1917255059207558
116 82 0.1957151543512572
116 55 0.14855990412914444
116 69 0.26541395747754776
116 51 0.00483095759971279
116 79 0.04712084084493761
116 86 0.005497265251294486
116 92 0.3021455570379402
116 93 0.24709068945507082
116 87 0.17575021172638253
116 78 0.19240162843105174
116 50 0.009568332098023699
116 52 0.011041746966684654
116 46 0.22330304966579004
116 91 0.24312615620500888
116 85 0.25238709898385436
116 84 0.05277049020115382
116 90 0.25383041117950356
116 47 0.04228501240617046
116 53 0.008984087870700083
102 76 0.002308451398583475
102 62 0.06519860017038692
102 89 0.005869201805013907
102 88 0.018924003646632062
102 63 0.007419067713435784
102 77 0.0024732768162127883
102 49 0.00820581715878127
102 61 0.0009731384965263878
102 75 0.0006836269185439003
102 74 0.0027036675720262665
102 60 0.0002020914007926644
102 48 0.007345676419444974
102 64 0.009747354591708918
102 70 0.09024022080648264
102 58 0.4033892022079115
102 59 0.0007986979478789291
102 71 0.017253589758720253
102 65 0.0
102 73 0.00045355649510227247
102 67 0.04043677031800856
102 66 0.015479838067135931
102 72 0.0009828141851218608
102 57 0.1433774260115119
102 94 0.025190946794221084
102 80 0.01897206930938332
102 81 0.06204955040225257
102 95 0.004297353387491834
102 56 0.03087810760181159
102 68 0.13026013022707328
102 54 0.01194506061494463
102 83 0.004298603728338582
102 82 0.004750573872026834
102 55 0.01970021491339781
102 69 0.10450854702933483
102 51 0.004122436234797744
102 79 0.005504370660317115
102 86 0.006322896266705666
102 92 0.02408429097041348
102 93 0.02033142116598778
102 87 0.016244974245557348
102 78 0.042823041834567144
102 50 0.008449814014619833
102 52 0.000727989792012107
102 46 0.01494483034931253
102 91 0.021339800872389847
102 85 0.022131205880070212
102 84 0.004108068041753635
102 90 0.020276044846304936
102 47 0.010847338451205113
102 53 0.0016687413423865094
106 76 0.03028162627865931
106 62 0.07208285548038133
106 89 0.008242465204032198
106 88 0.025185055929919264
106 63 0.00882771067878689
106 77 0.004183351705216942
106 49 0.005052822527418996
106 61 0.0011615422598724306
106 75 0.001369678158341922
106 74 0.0038697354497918834
106 60 0.00021557728674270749
106 48 0.007533059191927358
106 64 0.011472698562254802
106 70 0.10257987618774958
106 58 0.4439173859555423
106 59 0.002383274872274063
106 71 0.008039222964404943
106 65 0.0
106 73 0.0009738186636831792
106 67 0.044196205648044225
106 66 0.02059757418710939
106 72 0.05748465952564909
106 57 0.15299554694011847
106 94 0.03088407356680671
106 80 0.008769894352572083
106 81 0.06977267394516083
106 95 0.005012756064018409
106 56 0.0522398996644393
106 68 0.14220456698225653
106 54 0.014021188232976087
106 83 0.005039674335647337
106 82 0.03970806552487985
106 55 0.1034405171616428
106 69 0.1188019986449472
106 51 0.002564460873949584
106 79 0.008195580171329722
106 86 0.0029292906118312673
106 92 0.03259639014148605
106 93 0.027684390994152944
106 87 0.021995596849287452
106 78 0.051444247879342715
106 50 0.0050596750506086835
106 52 0.0015769592935250404
106 46 0.019048192921402238
106 91 0.027719589656439877
106 85 0.027174438493046377
106 84 0.006226573510846989
106 90 0.027437095816016596
106 47 0.013137544881811458
106 53 0.001616723971787054
112 76 0.006623135237244615
112 62 0.09075101769389576
112 89 0.015040390800211911
112 88 0.04565158604968162
112 63 0.01589779733928988
112 77 0.0079295093932336
112 49 0.01082471788645907
112 61 0.001984586620047399
112 75 0.002771593534096478
112 74 0.007283806542892388
112 60 0.00036876131271279533
112 48 0.014259903781677796
112 64 0.021244697262392323
112 70 0.1372149040604554
112 58 0.5398611929502014
112 59 0.0037385216809499577
112 71 0.018659320564745632
112 65 0.0
112 73 0.0019440450114378421
112 67 0.06849197199182541
112 66 0.036715873530281926
112 72 0.0033009527309950104
112 57 0.19707503931757925
112 94 0.05566239014229774
112 80 0.020381783846564097
112 81 0.09487302808656503
112 95 0.009294046078015927
112 56 0.08926601082351854
112 68 0.1972828453136715
112 54 0.026027034104092323
112 83 0.009942763426154286
112 82 0.01021274369327134
112 55 0.20978342648575898
112 69 0.15968234761645936
112 51 0.005479378704105184
112 79 0.01495837616417306
112 86 0.006805366412754532
112 92 0.05874849965504549
112 93 0.050023622192553775
112 87 0.039666434021024904
112 78 0.07916074624776993
112 50 0.010900178870381416
112 52 0.003191034444732871
112 46 0.03540816515745937
112 91 0.05032297560220315
112 85 0.04902985455830311
112 84 0.012088110185822717
112 90 0.04950375764731078
112 47 0.023493707566568253
112 53 0.0028157574224650372
113 76 0.025782171743427867
113 62 0.10524474691636203
113 89 0.10122540610384885
113 88 0.29309437219620477
113 63 0.028310696341127428
113 77 0.06153814896968531
113 49 0.016175578349937075
113 61 0.0036907136307953864
113 75 0.004053657791534451
113 74 0.027636749014700215
113 60 0.0032839365221204037
113 48 0.022908649559923194
113 64 0.03140111334566244
113 70 0.25966164230809563
113 58 0.4222385349611866
113 59 0.005680468523944479
113 71 0.02116913746282402
113 65 0.0006477155530556916
113 73 0.0031123892218711813
113 67 0.2714739746675038
113 66 0.2057967150482551
113 72 0.03825608813037325
113 57 0.25609692744347434
113 94 0.4231858634105582
113 80 0.023141695409651553
113 81 0.19278710865090387
113 95 0.06969384362426558
113 56 0.2856456105663854
113 68 0.5241486633124515
113 54 0.03761699902133441
113 83 0.15297886502642766
113 82 0.014243936738357277
113 55 0.1444637414493762
113 69 0.3312013220326052
113 51 0.006758878901979168
113 79 0.08021645346114009
113 86 0.007903472381141474
113 92 0.44213896797180596
113 93 0.3611221808266728
113 87 0.2553123709738537
113 78 0.2752759539969234
113 50 0.013020837021915754
113 52 0.011654439377542541
113 46 0.21825654990111387
113 91 0.35480368696601505
113 85 0.3697467785693046
113 84 0.044130695985797205
113 90 0.37156833437055437
113 47 0.059816815731147964
113 53 0.011320245157467532
107 76 0.0027566885383922962
107 62 0.004227894281677441
107 89 0.0027352087605500286
107 88 0.011337549519106802
107 63 0.002512538524182595
107 77 0.0057783625538571776
107 49 0.00807532551638368
107 61 0.001972008101459574
107 75 0.0019097712805202088
107 74 0.0021160129302627284
107 60 0.0016111158072242143
107 48 0.0034661304819250532
107 64 0.0012878821371800492
107 70 0.00835175762868473
107 58 0.0019467131353315265
107 59 0.001269372528316895
107 71 0.015234116970551548
107 65 0.002297428844219518
107 73 0.0018211702373030214
107 67 0.07244307890345301
107 66 0.15062700456280817
107 72 0.0012544782698099138
107 57 0.07577176060257368
107 94 0.01553661883851705
107 80 0.016773739886936243
107 81 0.005828072588937
107 95 0.004517347153739901
107 56 0.47127089439332537
107 68 0.39351629519761033
107 54 0.0013784129528661843
107 83 0.0040412071362743995
107 82 0.003125422717011203
107 55 0.0057017295243958765
107 69 0.0096787055413642
107 51 0.004390200110051312
107 79 0.0030209718717914835
107 86 0.005535247842940433
107 92 0.01507236947847182
107 93 0.020638375689882943
107 87 0.009987469969483811
107 78 0.011004203815564564
107 50 0.008668525485297049
107 52 0.0030708964715886605
107 46 0.004813158909389659
107 91 0.015040650625698732
107 85 0.014168890070518636
107 84 0.0022454210423978327
107 90 0.01388524086794743
107 47 0.005222531777838116
107 53 0.0066343426947326894
139 76 0.05417414758795194
139 62 0.014179872606655666
139 89 0.03781631645746207
139 88 0.10973188853334459
139 63 0.007790872476288541
139 77 0.008387523825411317
139 49 0.008537363226555753
139 61 0.037850736926534845
139 75 0.0008834391380457968
139 74 0.017250372579999812
139 60 0.0017238122832133884
139 48 0.0069918371217633085
139 64 0.007459412863707424
139 70 0.12843445809225792
139 58 0.026373003706684245
139 59 0.06358248072455602
139 71 0.01333417099978787
139 65 0.0005609715316786945
139 73 0.0008378413557516562
139 67 0.09965513797877641
139 66 0.195840931879823
139 72 0.00242516420587785
139 57 0.09107117457561995
139 94 0.21680255028754236
139 80 0.014658111524386674
139 81 0.062157323914134505
139 95 0.02113850679867854
139 56 0.07161007666030157
139 68 0.1796472784791494
139 54 0.043774942187784306
139 83 0.02105224154306526
139 82 0.05550764588889815
139 55 0.03321329024892054
139 69 0.0888981598472793
139 51 0.0038711933155689826
139 79 0.036148876852134824
139 86 0.004869335647139886
139 92 0.22590425618038892
139 93 0.18993633961791767
139 87 0.10548805512569177
139 78 0.08882901699972957
139 50 0.007381003965207397
139 52 0.007379997258794901
139 46 0.05156617514190304
139 91 0.18142238799724253
139 85 0.1845671696031221
139 84 0.0035464960481817187
139 90 0.18539420364580267
139 47 0.020088975218439317
139 53 0.0076216913870083836
111 76 0.01166097826469148
111 62 0.11304898347601722
111 89 0.06297175076370992
111 88 0.1834494965401917
111 63 0.025391039238191
111 77 0.012728738291049008
111 49 0.01266794465852826
111 61 0.004209731245974083
111 75 0.002997176750071065
111 74 0.014551190294637625
111 60 0.0018396306275800106
111 48 0.02057835147018698
111 64 0.030547799404442938
111 70 0.2698573316881835
111 58 0.47414926711269023
111 59 0.008045190465662239
111 71 0.01864822692208129
111 65 0.00024116817873075236
111 73 0.0022148865310232108
111 67 0.20886474338762331
111 66 0.16997009440714517
111 72 0.005628746168659229
111 57 0.24315401879838086
111 94 0.257193129230432
111 80 0.020330755084230115
111 81 0.14247559725500747
111 95 0.03412945774886819
111 56 0.15387055438532388
111 68 0.4509177957774788
111 54 0.037117661737152044
111 83 0.014289453680319905
111 82 0.01625909979050469
111 55 0.20102972955832316
111 69 0.3714975908394943
111 51 0.005889735380748995
111 79 0.0754621944284431
111 86 0.006658836577353208
111 92 0.2694131678651364
111 93 0.2215986453658855
111 87 0.17847914787718527
111 78 0.33951287178324463
111 50 0.01169212085607818
111 52 0.0060362601437327496
111 46 0.07792728025535504
111 91 0.21792450824691667
111 85 0.22481761830188868
111 84 0.014363341991426248
111 90 0.22614096175045179
111 47 0.047366552206121404
111 53 0.005892578311273308
105 76 0.01720197705014262
105 62 0.034402637641494746
105 89 0.007160456315077224
105 88 0.024980706491285434
105 63 0.008169794503082917
105 77 0.009991091527552454
105 49 0.12400041823469339
105 61 0.0030187847961826025
105 75 0.0017983976130437757
105 74 0.01735311987713048
105 60 0.003357850478096683
105 48 0.04280212102483432
105 64 0.007227954681129467
105 70 0.026015262516621313
105 58 0.041770421214213135
105 59 0.0027387382227405666
105 71 0.30600557269464873
105 65 0.0014429712611749163
105 73 0.001239249398810649
105 67 0.156195949345737
105 66 0.09721798154278262
105 72 0.002413005797927928
105 57 0.24156929629501364
105 94 0.0455598628965848
105 80 0.3369852831919898
105 81 0.018813364912510094
105 95 0.023139044727895602
105 56 0.23931803219853703
105 68 0.33238923729924597
105 54 0.008428538721222206
105 83 0.15095503682618197
105 82 0.006628673670992277
105 55 0.014361758042127457
105 69 0.0815077968710669
105 51 0.06307294537853567
105 79 0.007576040140171589
105 86 0.11260607896508716
105 92 0.036871231833742205
105 93 0.03443755539931333
105 87 0.023423698987416017
105 78 0.09503245845829064
105 50 0.12456749035548809
105 52 0.0037048131213527485
105 46 0.014665030855903843
105 91 0.038159224230650476
105 85 0.03984871483463609
105 84 0.007210176324674369
105 90 0.03605088095360689
105 47 0.014262841899250964
105 53 0.010793292335946544
104 76 0.005283765009089295
104 62 0.1218125334351753
104 89 0.012642888660660143
104 88 0.039831463544097175
104 63 0.015036881386696371
104 77 0.0056745131956273676
104 49 0.007175129538218514
104 61 0.00190727004816299
104 75 0.001942179169348912
104 74 0.005943515624313528
104 60 0.00028997158028160053
104 48 0.012443081513486207
104 64 0.020012758118656604
104 70 0.1727551799839342
104 58 0.7550946861031483
104 59 0.0019617509104508657
104 71 0.010814311408038402
104 65 0.0
104 73 0.0013687182712153467
104 67 0.06976507967165452
104 66 0.03124640165229345
104 72 0.0023683746237310177
104 57 0.2570721491350343
104 94 0.04767840618731994
104 80 0.011790710158027337
104 81 0.1181680997976725
104 95 0.007586937872773522
104 56 0.06996882089029564
104 68 0.23429137497479977
104 54 0.02453420143999853
104 83 0.007805524754254112
104 82 0.009370618901461389
104 55 0.10668532453510499
104 69 0.198186717712734
104 51 0.0036376259697174923
104 79 0.012347138220423298
104 86 0.003938902194788513
104 92 0.05032185686400095
104 93 0.04265548835678085
104 87 0.03391023093888261
104 78 0.08285658302764565
104 50 0.007098906721665105
104 52 0.002236100117492673
104 46 0.031690948345525535
104 91 0.0430573778746174
104 85 0.04192956950256928
104 84 0.009418389548383421
104 90 0.04233484405798124
104 47 0.022079120906200192
104 53 0.0027540407509721865
110 76 0.017806123641846514
110 62 0.1115348523115555
110 89 0.15363161882426707
110 88 0.2311708058048645
110 63 0.013342496010529017
110 77 0.19949013969193413
110 49 0.03975569664390289
110 61 0.0017665181905720945
110 75 0.002389331504566619
110 74 0.04034016669645868
110 60 0.0658062050848541
110 48 0.05063244670513609
110 64 0.014814881340692546
110 70 0.16872526884829087
110 58 0.32559304833419167
110 59 0.00250640771499884
110 71 0.15534153916796772
110 65 0.0002804006563252026
110 73 0.0017966804022983285
110 67 0.13942892449650607
110 66 0.08638432053362943
110 72 0.10682383610702902
110 57 0.20314893979283405
110 94 0.2265925587731026
110 80 0.15763801107185454
110 81 0.18781502230206024
110 95 0.06260236947871453
110 56 0.13303794242810893
110 68 0.3267538403805782
110 54 0.05318339132857065
110 83 0.0089316888064698
110 82 0.11460874710708137
110 55 0.09996745693974829
110 69 0.3557062316988103
110 51 0.003254850456577113
110 79 0.13669068288204958
110 86 0.0037950365902620214
110 92 0.23683199484385983
110 93 0.2974417272637421
110 87 0.16814621056790977
110 78 0.2470871881693053
110 50 0.006367399239783092
110 52 0.006557893214730742
110 46 0.11174341478424885
110 91 0.2114053296331403
110 85 0.2135889965640193
110 84 0.007191815240955982
110 90 0.21485553285378892
110 47 0.07906471947282759
110 53 0.015464517688628443
138 76 0.03469232740389992
138 62 0.07236681649581361
138 89 0.04676919270111952
138 88 0.13685086744950187
138 63 0.013198229555795346
138 77 0.04884259307467404
138 49 0.010270374190011838
138 61 0.003066839093579826
138 75 0.0012665110629333787
138 74 0.0318469710445152
138 60 0.002874481909062046
138 48 0.010222593487019191
138 64 0.012500008885492492
138 70 0.13323948687687018
138 58 0.028077707568346474
138 59 0.004425496957244146
138 71 0.0185395994026563
138 65 0.0008297511801887703
138 73 0.0009934718437295542
138 67 0.15757208893967778
138 66 0.20201176732975995
138 72 0.0929284213489844
138 57 0.12293434043725823
138 94 0.20417800971227812
138 80 0.02037686577645534
138 81 0.07810775115229247
138 95 0.040286458869318725
138 56 0.14098187297093934
138 68 0.3333283551804349
138 54 0.014766624079986981
138 83 0.03291883114061686
138 82 0.024723252424497133
138 55 0.03072435149925845
138 69 0.12873272168189706
138 51 0.005737250744747999
138 79 0.04328543956434622
138 86 0.006746282555708638
138 92 0.20826418193011126
138 93 0.17083907305092821
138 87 0.1424792089904252
138 78 0.130509376827746
138 50 0.01065597320493157
138 52 0.00431830995820752
138 46 0.08013803434646008
138 91 0.16828020491226633
138 85 0.17534643711098805
138 84 0.004330212836671357
138 90 0.17592784509181406
138 47 0.06605846150856723
138 53 0.0797159038930893
140 76 0.06518631405737144
140 62 0.032655704497914675
140 89 0.03117312253253933
140 88 0.0897508653107514
140 63 0.0320460456110105
140 77 0.007162780717616779
140 49 0.04796823914041405
140 61 0.029453491056737183
140 75 0.001516238707674436
140 74 0.018818489123855406
140 60 0.0015549969238637246
140 48 0.0060172315989193564
140 64 0.005865565469125006
140 70 0.13903779355944587
140 58 0.04927365090759409
140 59 0.019860237743873438
140 71 0.0126717997143269
140 65 0.00046872403904775484
140 73 0.0010548241585276036
140 67 0.10010725747598774
140 66 0.17506340686875427
140 72 0.0023277676810678632
140 57 0.14351319695670595
140 94 0.13361276106689118
140 80 0.013904953943953219
140 81 0.05881756204928778
140 95 0.017427951565011146
140 56 0.04758223669197247
140 68 0.21278500423127766
140 54 0.006996699502417644
140 83 0.005960269832011811
140 82 0.05888629588125613
140 55 0.033200588332046324
140 69 0.15431193082748426
140 51 0.0037111976087271514
140 79 0.020075605637634636
140 86 0.0046935472734490336
140 92 0.13698949995397636
140 93 0.11240571672511306
140 87 0.09050851909231597
140 78 0.17092966571242454
140 50 0.047398721209002105
140 52 0.0033393259750982424
140 46 0.028890667882589913
140 91 0.11106301935098478
140 85 0.11701605210840126
140 84 0.015455208013498173
140 90 0.11568852005100236
140 47 0.024216887855247907
140 53 0.0049586686872758745
135 76 0.06368180047805144
135 62 0.18900064120003252
135 89 0.04168128834105185
135 88 0.14841568242874245
135 63 0.018277548068820412
135 77 0.19819522893715452
135 49 0.30238814802590924
135 61 0.0023956294879876605
135 75 0.3163490912502964
135 74 0.15906094103398216
135 60 0.0025598125927198817
135 48 0.3281097905986512
135 64 0.017758989596951366
135 70 0.11908267420974791
135 58 0.05993218467324267
135 59 0.0026280223579949885
135 71 0.19559446269205255
135 65 0.0007440644134233676
135 73 0.2025538601856121
135 67 0.20772979590323415
135 66 0.08917829649793431
135 72 0.02783350874246958
135 57 0.19657522245943834
135 94 0.2333858835856868
135 80 0.2134623169485358
135 81 0.19625001376081286
135 95 0.0920560578186389
135 56 0.27772868905267467
135 68 0.35317670460971284
135 54 0.05361772681221458
135 83 0.4621793886053014
135 82 0.00866051112331162
135 55 0.0565147067541655
135 69 0.15748890121891287
135 51 0.11628727001132533
135 79 0.17025164717431712
135 86 0.0649740182514052
135 92 0.23766225431598417
135 93 0.20072874441714617
135 87 0.1902143652325584
135 78 0.20630740897234834
135 50 0.08421995216491739
135 52 0.016501215441676167
135 46 0.27043665522788024
135 91 0.21380170153382702
135 85 0.21622750535601243
135 84 0.1066778728915127
135 90 0.21700010418740534
135 47 0.15575319266884458
135 53 0.24702418534336645
121 76 0.0951015792244996
121 62 0.08003458272504166
121 89 0.06440983192330105
121 88 0.28206724727165844
121 63 0.1035815898425319
121 77 0.05154469530346402
121 49 0.12863265384643552
121 61 0.003732038001148283
121 75 0.0019559179346581024
121 74 0.060897937678017676
121 60 0.0575106689838394
121 48 0.09071368092760886
121 64 0.07762434594146791
121 70 0.14806069704490962
121 58 0.02362460610771215
121 59 0.0013613313897090917
121 71 0.3411991532125277
121 65 0.0538849298087324
121 73 0.000966594221726555
121 67 0.3080375509253057
121 66 0.15230107366906037
121 72 0.03213881540166198
121 57 0.3352421013648834
121 94 0.36279543044720697
121 80 0.37369748936724423
121 81 0.07398466668893902
121 95 0.0801540483255545
121 56 0.15993442245902278
121 68 0.37485858694194796
121 54 0.09373259701965408
121 83 0.29921794548541847
121 82 0.02519128996528673
121 55 0.14771617074671778
121 69 0.35125414637071384
121 51 0.08932456335382319
121 79 0.06440199244798818
121 86 0.11739611513220687
121 92 0.49657910371370717
121 93 0.3151261432948528
121 87 0.18481113098206728
121 78 0.46928238479472517
121 50 0.12906165220856397
121 52 0.0024953456045808814
121 46 0.10643642595604996
121 91 0.2986425252683595
121 85 0.30993631060276244
121 84 0.007063120251095831
121 90 0.31093975703970456
121 47 0.16883555008414713
121 53 0.03022993142932301
109 76 0.0390655748205189
109 62 0.08816851022529769
109 89 0.0436414272150932
109 88 0.15267059088437268
109 63 0.012967124697245078
109 77 0.1627086071134214
109 49 0.040812832026657565
109 61 0.0016868801998400074
109 75 0.0022156496309025248
109 74 0.06629723366548951
109 60 0.0008688511125208298
109 48 0.03170975961557514
109 64 0.0664943521957134
109 70 0.21618941238232553
109 58 0.3497045419411712
109 59 0.00263111215934142
109 71 0.013713204587299618
109 65 0.00015557635083486565
109 73 0.0017430424062006705
109 67 0.16569021408382711
109 66 0.11708482412043278
109 72 0.04612085780562686
109 57 0.19946166075100047
109 94 0.22974547219019875
109 80 0.014948043554151011
109 81 0.19929277550314495
109 95 0.05057912588365398
109 56 0.1003256278814948
109 68 0.34016877679963
109 54 0.02148782830307132
109 83 0.010431262588864856
109 82 0.021029898309928477
109 55 0.09588849863193724
109 69 0.2647913087509047
109 51 0.004591813830287297
109 79 0.13906067608389971
109 86 0.004893641836562532
109 92 0.2404500930011547
109 93 0.20208697764451486
109 87 0.15133818105287014
109 78 0.2671191659654604
109 50 0.008770696798698047
109 52 0.008690986014228741
109 46 0.1222786184066673
109 91 0.2141232712579732
109 85 0.21601242482498156
109 84 0.4629878608232699
109 90 0.21737001873897766
109 47 0.028681647985467837
109 53 0.015872520007209595
108 76 0.03031427963242632
108 62 0.13156653550356637
108 89 0.07206265829729515
108 88 0.21265813365822894
108 63 0.034151154918512935
108 77 0.0662645915673559
108 49 0.018069953520471402
108 61 0.004729705881703183
108 75 0.004164866402273565
108 74 0.026969882525984715
108 60 0.0028728395188244993
108 48 0.027699364595822937
108 64 0.039355100590449006
108 70 0.2522341993041685
108 58 0.5412691678773188
108 59 0.007978652900827748
108 71 0.025208283596091452
108 65 0.000567521702278917
108 73 0.0031010715392167515
108 67 0.21072952897475583
108 66 0.15602528707440153
108 72 0.042996212307793144
108 57 0.2894325434501136
108 94 0.2982668308451626
108 80 0.02757066319757641
108 81 0.2135807574817712
108 95 0.057436665918189016
108 56 0.23866659520935732
108 68 0.5149250362376608
108 54 0.0980971603376774
108 83 0.01828493975627417
108 82 0.019454236828739327
108 55 0.17029348160175017
108 69 0.3074887456092948
108 51 0.008047527897783582
108 79 0.12360075387910333
108 86 0.00933925302733439
108 92 0.31186240062247883
108 93 0.2565789557861453
108 87 0.19801136632689914
108 78 0.23339885679790887
108 50 0.01559666678470513
108 52 0.008859688938579607
108 46 0.11636320275406069
108 91 0.2530968873491851
108 85 0.261071573457063
108 84 0.01565501512990075
108 90 0.2624136254812255
108 47 0.06120001510348968
108 53 0.009670189249258318
120 76 0.0035158270434177546
120 62 0.1373121531805209
120 89 0.0453709173968214
120 88 0.13238836923795078
120 63 0.008537571352284765
120 77 0.25556232861774286
120 49 0.008629317892806548
120 61 0.00206813927621792
120 75 0.03928522277636473
120 74 0.006883630117054854
120 60 0.0030861696050950432
120 48 0.007132193449229718
120 64 0.0077938961234130105
120 70 0.08037582604339963
120 58 0.015452476422778597
120 59 0.0013632240620969904
120 71 0.0183136842080195
120 65 0.0013324083808279596
120 73 0.0008354265098055175
120 67 0.11736156034859069
120 66 0.09184969263873687
120 72 0.0018210777361051395
120 57 0.04632147785497117
120 94 0.19683396034724807
120 80 0.02012269281895722
120 81 0.05185733293507325
120 95 0.024969086846420657
120 56 0.08253705757587562
120 68 0.15266734668955464
120 54 0.009403424527788501
120 83 0.02396244621982714
120 82 0.0042701864314159815
120 55 0.2310589487536757
120 69 0.10163727344996887
120 51 0.043141076435097354
120 79 0.025539261009758854
120 86 0.006571455576350027
120 92 0.2034356378231374
120 93 0.16704423285652936
120 87 0.1594261006438363
120 78 0.15883551310047875
120 50 0.07207665199832797
120 52 0.0013950605408095534
120 46 0.037743876313951964
120 91 0.16498225834431696
120 85 0.17249985149364355
120 84 0.08629206198303545
120 90 0.172646619689019
120 47 0.06836088929367098
120 53 0.3688749013125281
134 76 0.05153054888815595
134 62 0.11579210982519264
134 89 0.008325308565572287
134 88 0.0282181043037371
134 63 0.011844252060395133
134 77 0.013978333852258953
134 49 0.2788808286781175
134 61 0.00232498682206754
134 75 0.3230705008482225
134 74 0.09483241256667195
134 60 0.002572637997620447
134 48 0.2553308892905951
134 64 0.011620776907322342
134 70 0.04858428484127598
134 58 0.03749807930561613
134 59 0.0012916783267789
134 71 0.3613276890712468
134 65 0.001006408494070174
134 73 0.2066262720610528
134 67 0.17319811532837825
134 66 0.025539781838486778
134 72 0.0026457533833379454
134 57 0.2117006752199321
134 94 0.05107650163715318
134 80 0.39595611622046645
134 81 0.03695025696543251
134 95 0.025944854638348502
134 56 0.06433667224745004
134 68 0.23787049568593932
134 54 0.047216709838844885
134 83 0.27464732027788613
134 82 0.006316225814236201
134 55 0.1734748605826103
134 69 0.0867439260310805
134 51 0.11494468828794217
134 79 0.022955637898891046
134 86 0.125407365956346
134 92 0.041472469837526546
134 93 0.037995911519995804
134 87 0.08396601269395253
134 78 0.0856702235904309
134 50 0.13718024866515244
134 52 0.4724835434636908
134 46 0.1282790044290571
134 91 0.04007507896852311
134 85 0.040168024082158325
134 84 0.0614026237791173
134 90 0.03938004130233434
134 47 0.13492123231428266
134 53 0.35558424612661543
122 76 0.02860749236361311
122 62 0.058905163862301685
122 89 0.05870578421226178
122 88 0.1722096330443783
122 63 0.014467325142098864
122 77 0.013381582351132404
122 49 0.21985749029398466
122 61 0.0040711247164441355
122 75 0.002433726765492236
122 74 0.034814092582165154
122 60 0.00501654690732263
122 48 0.07594733985425693
122 64 0.013125716386423153
122 70 0.10781462225280003
122 58 0.03115866668998775
122 59 0.0014257214651379885
122 71 0.5471140117523178
122 65 0.0018314838566565045
122 73 0.0015516716586451151
122 67 0.3805821196843415
122 66 0.1233226122618753
122 72 0.0028837525814942727
122 57 0.38454700561742017
122 94 0.2625495123185747
122 80 0.602495559791728
122 81 0.07129192194624355
122 95 0.06309493600650218
122 56 0.10218749193226744
122 68 0.4496856967646874
122 54 0.0155033385175838
122 83 0.2806660927608834
122 82 0.008427274248011554
122 55 0.04053593000167157
122 69 0.2285828331266493
122 51 0.11146589983711032
122 79 0.03419298739171159
122 86 0.20132588280301017
122 92 0.2637260034247094
122 93 0.2191809766181988
122 87 0.15236260974565397
122 78 0.26131136559888846
122 50 0.2196730766463164
122 52 0.003712202802041306
122 46 0.0533568872001754
122 91 0.21901009463398607
122 85 0.7268307139034221
122 84 0.009745690473471652
122 90 0.22763482788222678
122 47 0.03379982254530542
122 53 0.015575977241357217
136 76 0.020240116064661307
136 62 0.08165321979919275
136 89 0.005852830630811268
136 88 0.056541991289345235
136 63 0.008531017937069202
136 77 0.27344085821209496
136 49 0.1390486398317391
136 61 0.04760259300752241
136 75 0.0022172940596803803
136 74 0.10219063925332221
136 60 0.0007492306005918298
136 48 0.14497595477416056
136 64 0.007951627317504456
136 70 0.08284791249494808
136 58 0.046576579429595935
136 59 0.0016601336625944318
136 71 0.007034628474265822
136 65 0.0001989997923739356
136 73 0.0017229299300801776
136 67 0.047146078421851076
136 66 0.015540102743150111
136 72 0.03760554898605701
136 57 0.10608742090746409
136 94 0.09767942399178078
136 80 0.007715160712220989
136 81 0.27757658549053116
136 95 0.060133244391783414
136 56 0.17192379407375885
136 68 0.19252027345415668
136 54 0.05850737671804767
136 83 0.0075751147460765555
136 82 0.004890442522455921
136 55 0.023781193766548317
136 69 0.03943946161258093
136 51 0.0021175947612114415
136 79 0.38045163970084905
136 86 0.0029428934376593274
136 92 0.10199309753803501
136 93 0.09109068215223497
136 87 0.06688562558938614
136 78 0.10346184213057989
136 50 0.004305989563303844
136 52 0.007312355572983112
136 46 0.13646722402827813
136 91 0.11219810967750506
136 85 0.10747754014041816
136 84 0.02766831679360815
136 90 0.1081949437223101
136 47 0.17575795921823645
136 53 0.019156849458263014
137 76 0.03144664291607635
137 62 0.05408340168416618
137 89 0.04300108997271737
137 88 0.12598211456990543
137 63 0.01359583928884335
137 77 0.009612903846105511
137 49 0.00904661257974397
137 61 0.003788608890940834
137 75 0.0010768722908446188
137 74 0.008777732838532754
137 60 0.0024866322342266822
137 48 0.010793788442757773
137 64 0.013520508433754644
137 70 0.09023288664626498
137 58 0.04146652038642053
137 59 0.008644231047522516
137 71 0.013631067507393221
137 65 0.0006102245821098251
137 73 0.00090767610905651
137 67 0.11546679674332501
137 66 0.181908045267907
137 72 0.003599368935650729
137 57 0.1135504671435508
137 94 0.18326511355010217
137 80 0.014973664038819126
137 81 0.05865859268687655
137 95 0.024214663389017815
137 56 0.09718940829002012
137 68 0.24041138547173543
137 54 0.016074995516957527
137 83 0.007168281862815859
137 82 0.009344681841539887
137 55 0.031538076784392174
137 69 0.10844562462385039
137 51 0.003932744830826895
137 79 0.07950664050180198
137 86 0.00497065799501295
137 92 0.19095835441861275
137 93 0.15662988689110338
137 87 0.11111230845812807
137 78 0.10829176025257826
137 50 0.007778751098467845
137 52 0.005806704207219807
137 46 0.044991590822050835
137 91 0.15450561553168587
137 85 0.16035183414751175
137 84 0.004114610456350351
137 90 0.1609940412711362
137 47 0.029046538119450266
137 53 0.006705621997189104
123 76 0.02139961417327238
123 62 0.04520666335104238
123 89 0.043636127411879555
123 88 0.1299626179219212
123 63 0.013548377733429762
123 77 0.012429176405622577
123 49 0.16307120241874912
123 61 0.0038754634584256403
123 75 0.002482391867421843
123 74 0.026409865819282702
123 60 0.004711101642056306
123 48 0.057358216271778596
123 64 0.011717216776807315
123 70 0.08209938834273271
123 58 0.02536385378810481
123 59 0.001121180546684572
123 71 0.4041446360070029
123 65 0.0018958729801511337
123 73 0.0016982023862031487
123 67 0.283106380632527
123 66 0.0945071458632276
123 72 0.002659159057981725
123 57 0.3315509110943032
123 94 0.6528520869532785
123 80 0.44506315442859223
123 81 0.055196281316004084
123 95 0.047364326773868565
123 56 0.1236585197791974
123 68 0.33842536143701096
123 54 0.013714096424206748
123 83 0.2025752496355334
123 82 0.007809442567316194
123 55 0.03274564898311694
123 69 0.16920895815956782
123 51 0.08364002948595266
123 79 0.025891211454677945
123 86 0.14869419592513983
123 92 0.1977182524274259
123 93 0.16733106822737304
123 87 0.11539849514638342
123 78 0.24054922354987565
123 50 0.16437176319221544
123 52 0.0029129666183344144
123 46 0.042199078549647225
123 91 0.16871659197897335
123 85 0.17350456681089543
123 84 0.008745174550855758
123 90 0.1727085731412407
123 47 0.028375500610362855
123 53 0.015359245506942648
127 76 0.07874190475578328
127 62 0.08024147291930166
127 89 0.07789962638289033
127 88 0.22955180472557732
127 63 0.024938820995388356
127 77 0.08266911503850329
127 49 0.14358771357418368
127 61 0.005550416987867346
127 75 0.0031159883067028576
127 74 0.05137186953594417
127 60 0.005432905748608094
127 48 0.0591485056745693
127 64 0.024743493911761227
127 70 0.16916061723227202
127 58 0.06701148745527935
127 59 0.006665271310800344
127 71 0.34627231502929806
127 65 0.0016486228195649738
127 73 0.0022633761876131864
127 67 0.3286614271679361
127 66 0.16784168119597323
127 72 0.05359898170895656
127 57 0.33189249581302194
127 94 0.33905046642873304
127 80 0.38128027397351194
127 81 0.16767118788733873
127 95 0.08497258855617894
127 56 0.2339453644197585
127 68 0.6053365115250405
127 54 0.09568753220605077
127 83 0.037551293582429306
127 82 0.014549842233652355
127 55 0.07596143416088755
127 69 0.23992466680586852
127 51 0.22448962824826618
127 79 0.14451331930454658
127 86 0.1274879495396804
127 92 0.3471612841655579
127 93 0.28659053222040465
127 87 0.28585802509936153
127 78 0.24024604366751273
127 50 0.34345333306013415
127 52 0.008083757420389928
127 46 0.16684955322654213
127 91 0.29560152564388475
127 85 0.2957041625580449
127 84 0.013172238127368521
127 90 0.2959874563977985
127 47 0.05235832505591977
127 53 0.016575533417340055
133 76 0.0032037621124726134
133 62 0.23659427838631716
133 89 0.008068900003692855
133 88 0.06863826447684095
133 63 0.01499710602814891
133 77 0.24556356846550462
133 49 0.40870251558047077
133 61 0.05159303039555952
133 75 0.002411904683865901
133 74 0.12167712695227717
133 60 0.0017543142021395897
133 48 0.24459929253736562
133 64 0.013775429371867251
133 70 0.09421387286700342
133 58 0.05756625143346709
133 59 0.0006870029007063072
133 71 0.264607331191251
133 65 0.0006666306165133418
133 73 0.04331120176013868
133 67 0.1819419287183615
133 66 0.02249287991120394
133 72 0.0022102981078840345
133 57 0.26917677755345537
133 94 0.12357131591706275
133 80 0.2913866591062756
133 81 0.16152517289565763
133 95 0.06266361229107265
133 56 0.14575701559280524
133 68 0.2511304079606864
133 54 0.06901345045483712
133 83 0.08336897666418275
133 82 0.1427596824662548
133 55 0.050029667209557205
133 69 0.04361234327483325
133 51 0.05376734114811438
133 79 0.3512484398923714
133 86 0.09771951206514384
133 92 0.12039549892805337
133 93 0.10858498947713047
133 87 0.07837950578680918
133 78 0.11166808326541525
133 50 0.10640052641540665
133 52 0.00960093744991064
133 46 0.04795234546077014
133 91 0.1323669785254895
133 85 0.12751295625022796
133 84 0.11331028903063846
133 90 0.1277591479368405
133 47 0.2163068901087163
133 53 0.3790714356056505
132 76 0.043210458917515904
132 62 0.05650731195852734
132 89 0.11456989641821494
132 88 0.33049721593152426
132 63 0.02632166419618441
132 77 0.07381457639898094
132 49 0.018768439285826777
132 61 0.0031344096468815114
132 75 0.0032176000694209284
132 74 0.046621483935130284
132 60 0.0033201671255577853
132 48 0.021507843666394133
132 64 0.02625535998431046
132 70 0.2234480197957124
132 58 0.05789663565561961
132 59 0.004887603677858024
132 71 0.022601217812353164
132 65 0.0007465557440861081
132 73 0.0029371014755244923
132 67 0.28866750539448927
132 66 0.2311989409594478
132 72 0.04520556982248231
132 57 0.15754705225206747
132 94 0.5696617451105445
132 80 0.024790694462193938
132 81 0.18714504865645476
132 95 0.08039185638783575
132 56 0.29653219501042544
132 68 0.5218684412376474
132 54 0.08507353506883363
132 83 0.18383175671974739
132 82 0.011735497261097946
132 55 0.08427701660786635
132 69 0.2812515929248468
132 51 0.006847356478110661
132 79 0.10971821696931637
132 86 0.008490395041496526
132 92 0.5950281122529633
132 93 0.49304837195245144
132 87 0.3025988945608024
132 78 0.28297763388784714
132 50 0.01311437973830265
132 52 0.01890577808658693
132 46 0.2733579002219163
132 91 0.475097934519777
132 85 0.4897123752150693
132 84 0.04794754787766516
132 90 0.4922338059873985
132 47 0.06125067101083843
132 53 0.01706041659257969
126 76 0.03452802430930857
126 62 0.05533418505054787
126 89 0.07086208634052994
126 88 0.20470746418481334
126 63 0.0127563937431395
126 77 0.011060098617065639
126 49 0.14492684706360756
126 61 0.0046016285466520535
126 75 0.0019022019953451874
126 74 0.04180512184463445
126 60 0.008895665222823687
126 48 0.051761333956618555
126 64 0.011743342496708845
126 70 0.12546329545681573
126 58 0.027585061192533317
126 59 0.0015895464888272953
126 71 0.3594472709134938
126 65 0.0011572279577306416
126 73 0.0011286351456235022
126 67 0.3424905864266836
126 66 0.14404585582753893
126 72 0.0025243613976946855
126 57 0.2927735288472476
126 94 0.4449550534742882
126 80 0.39582277723151027
126 81 0.0809226720974805
126 95 0.05768737480973594
126 56 0.1203553514393434
126 68 0.3936684669327385
126 54 0.01392887760747831
126 83 0.331403696955073
126 82 0.007233984691459944
126 55 0.04262462022183017
126 69 0.25470031993235887
126 51 0.07342727628661674
126 79 0.0397461470509383
126 86 0.13224232761468568
126 92 0.4592189273017955
126 93 0.38950365191252423
126 87 0.21628969842871326
126 78 0.29639480535331364
126 50 0.14478514349996593
126 52 0.00291366810032917
126 46 0.058989054232609514
126 91 0.3694999592450291
126 85 0.37487346182914905
126 84 0.007727338724510188
126 90 0.8122413716982149
126 47 0.03290891387059647
126 53 0.012360474140324387
118 76 0.07462903702807291
118 62 0.21326669716955438
118 89 0.00979568804107378
118 88 0.031176678402413074
118 63 0.04975073587964122
118 77 0.012504653737484717
118 49 0.3259178470387845
118 61 0.0019530587903633934
118 75 0.0031437194459261047
118 74 0.10502372367530206
118 60 0.0015339010290960908
118 48 0.15931120507136043
118 64 0.013335899479341884
118 70 0.08376891112580238
118 58 0.3245505688332522
118 59 0.1176787117161379
118 71 0.19714400263108234
118 65 0.00048942974882972
118 73 0.03261598939058971
118 67 0.13547507143063045
118 66 0.025840840816036367
118 72 0.0024517338904456593
118 57 0.28518398137491263
118 94 0.04376358595496812
118 80 0.21703325957039205
118 81 0.2490096935340417
118 95 0.017834538080079176
118 56 0.25717722790710673
118 68 0.20798672751629593
118 54 0.01572281776357115
118 83 0.15734524717279624
118 82 0.029674748439447618
118 55 0.10976654343548115
118 69 0.10831914279152555
118 51 0.1298683967637341
118 79 0.1584274406727027
118 86 0.07286119553348615
118 92 0.042813569855330594
118 93 0.03759527726717314
118 87 0.08589147393485864
118 78 0.060924022243029105
118 50 0.25678180161442044
118 52 0.008837346659195555
118 46 0.15710406199581944
118 91 0.044266563509107675
118 85 0.03854932657645177
118 84 0.11282542981677401
118 90 0.038349912400194155
118 47 0.29981947944617
118 53 0.26849818994336155
130 76 0.004357544483440931
130 62 0.04005046184399865
130 89 0.06140747262333198
130 88 0.17676242218260096
130 63 0.013357482166598017
130 77 0.010736698606672548
130 49 0.008276961450916165
130 61 0.0014899854304260968
130 75 0.0021488552978901343
130 74 0.011120263452473064
130 60 0.0018328957214246294
130 48 0.010980736426495483
130 64 0.014115568138265963
130 70 0.12572350958136638
130 58 0.03372444285054256
130 59 0.002759434719219536
130 71 0.008605937276012485
130 65 0.0002725509508468976
130 73 0.0017549525423640744
130 67 0.15252452666646998
130 66 0.12236648747801289
130 72 0.0025045737784804845
130 57 0.058221740477539315
130 94 0.25832647092151695
130 80 0.00941190427316227
130 81 0.10170552370189248
130 95 0.03255492159062767
130 56 0.16477131727705757
130 68 0.22903740478855864
130 54 0.07536424042113332
130 83 0.1867090106173594
130 82 0.005545639148963735
130 55 0.053199685433919223
130 69 0.13801006460086973
130 51 0.002639894049877023
130 79 0.05893371096401055
130 86 0.003349823887480702
130 92 0.2700161491342457
130 93 0.2197730661111993
130 87 0.1691781922127909
130 78 0.13806797119859046
130 50 0.005239301863470283
130 52 0.009336478251303529
130 46 0.23265968981518406
130 91 0.21565938319502148
130 85 0.22557960352446488
130 84 0.04595867918970179
130 90 0.22673256183757243
130 47 0.03163275263676828
130 53 0.00735379540620322
124 76 0.03157897855995935
124 62 0.049794211604537224
124 89 0.06320194824773262
124 88 0.18412086554892199
124 63 0.012601797414026936
124 77 0.010312681697071807
124 49 0.1274234689353332
124 61 0.003121932519910303
124 75 0.0018048324323561016
124 74 0.03793184490321721
124 60 0.0035681396543321697
124 48 0.046312648510696164
124 64 0.011743342496708845
124 70 0.11354787931856009
124 58 0.027585061192533317
124 59 0.0015895464888272953
124 71 0.3152197751979462
124 65 0.0011572279577306416
124 73 0.0011286351456235022
124 67 0.30447432942546776
124 66 0.1290725909496112
124 72 0.002447623587017514
124 57 0.2598614058144617
124 94 0.27439692281551736
124 80 0.3471123101343081
124 81 0.07342912288587658
124 95 0.05129486560309931
124 56 0.10818413858370865
124 68 0.35069904864037293
124 54 0.01392887760747831
124 83 0.2920296516976636
124 82 0.00698666859016224
124 55 0.039124928057299724
124 69 0.22706873518549467
124 51 0.0672959618048996
124 79 0.03587144887484009
124 86 0.11595899210277386
124 92 0.2807706264273945
124 93 0.23073996642195613
124 87 0.1629361644942564
124 78 0.26344834572530895
124 50 0.1308750180840157
124 52 0.00291366810032917
124 46 0.055166855494665115
124 91 1.0
124 85 0.23879719150798967
124 84 0.007278863987878956
124 90 0.23902271437695924
124 47 0.03162567314369115
124 53 0.011398434165222904
125 76 0.03339736934711053
125 62 0.05387897136305711
125 89 0.06849397888407319
125 88 0.20055553794863085
125 63 0.013749266140819824
125 77 0.010499315905539763
125 49 0.13859784395306107
125 61 0.003160914084794894
125 75 0.0033437285976384012
125 74 0.04107256983534135
125 60 0.0037210650041927945
125 48 0.050481961965967
125 64 0.012553514279733197
125 70 0.12310831417535911
125 58 0.029488151238442603
125 59 0.0016992091094494982
125 71 0.3403217343680532
125 65 0.0031884681658922998
125 73 0.002954177775151945
125 67 0.3969160466540276
125 66 0.14130050909960107
125 72 0.0025625995220137365
125 57 0.2832554504937192
125 94 0.29725438386584957
125 80 0.3747524837722682
125 81 0.07961534762783642
125 95 0.05702171845397674
125 56 0.24008495941789085
125 68 0.5114839448619134
125 54 0.014889829194297904
125 83 0.31942791211182775
125 82 0.00780392494385157
125 55 0.041903729002549565
125 69 0.24640093568131116
125 51 0.07000366189633389
125 79 0.038790255622306855
125 86 0.12519800961917854
125 92 0.30424020008894676
125 93 0.25831800178613407
125 87 0.1753269769976758
125 78 0.2859600866325953
125 50 0.1381247575780471
125 52 0.003430622014228793
125 46 0.058711103512780353
125 91 0.24779868692440915
125 85 0.2586759831316938
125 84 0.007172001828815999
125 90 0.2589406779599593
125 47 0.034163734160060105
125 53 0.011698298760667344
131 76 0.00618208814921524
131 62 0.08144956036317831
131 89 0.10037034762020838
131 88 0.41360730533536605
131 63 0.021914043615929454
131 77 0.008312269969181899
131 49 0.009184767593925197
131 61 0.0023707235051015907
131 75 0.0016348492417080085
131 74 0.014524743361254921
131 60 0.0024226901201277046
131 48 0.0159098912324062
131 64 0.02450128451305361
131 70 0.2592170605899051
131 58 0.40570362282371863
131 59 0.09897154731126966
131 71 0.014503318089075831
131 65 0.0004466625208954106
131 73 0.0012435152117957343
131 67 0.26537339190053133
131 66 0.19936289667016016
131 72 0.0034855821148331717
131 57 0.30604852765842366
131 94 0.42016212354544535
131 80 0.01587147888022454
131 81 0.18530579659537028
131 95 0.052145353265360544
131 56 0.10846521183842699
131 68 0.43478829537390007
131 54 0.07816712033381724
131 83 0.008377079802230528
131 82 0.010593786485653678
131 55 0.07775926965213145
131 69 0.3024126834388393
131 51 0.004433580387137467
131 79 0.07477392415116238
131 86 0.0052008893519994576
131 92 0.43912186951037246
131 93 0.3571823841710391
131 87 0.29566778151117934
131 78 0.24632550280293788
131 50 0.008497578814099183
131 52 0.0034419494147973906
131 46 0.11257578120101447
131 91 0.350150453887039
131 85 0.36631508107106214
131 84 0.00708616344715704
131 90 0.36816775120650624
131 47 0.050055570379843796
131 53 0.005211323413094146
119 76 0.005437189555662886
119 62 0.11098955760988473
119 89 0.009515101197722697
119 88 0.05927249849230713
119 63 0.008108576355919592
119 77 0.20349148286192392
119 49 0.04793387904921082
119 61 0.04194151984023043
119 75 0.006123552102110269
119 74 0.09854188114704851
119 60 0.0002545051895184308
119 48 0.034542568973063015
119 64 0.009744278188632632
119 70 0.1366934550235149
119 58 0.38677738059452216
119 59 0.05587337014763689
119 71 0.006068238132927867
119 65 0.0
119 73 0.004328670384568203
119 67 0.06480107961003295
119 66 0.020521915435242455
119 72 0.0022406903717979987
119 57 0.12687979490770096
119 94 0.09714793861201919
119 80 0.0065411820886409205
119 81 0.0908839567944668
119 95 0.03995900376362641
119 56 0.061981200393409895
119 68 0.15252775532736793
119 54 0.011658982542545382
119 83 0.01535979035035244
119 82 0.006164369375490794
119 55 0.08844756031261668
119 69 0.10023956975581035
119 51 0.0025004517433268175
119 79 0.22900941934095687
119 86 0.0031427561380315966
119 92 0.10193205387573347
119 93 0.0905736725982836
119 87 0.05671952344382545
119 78 0.10270454157349435
119 50 0.00537461720779743
119 52 0.010946391570417477
119 46 0.026177501903387815
119 91 0.10932842026387184
119 85 0.10460271076484218
119 84 0.03164290944999852
119 90 0.10544715450018692
119 47 0.014170716635388048
119 53 0.018023761687109674
