114 76 0.11524527085556757
114 62 0.22713156738800028
114 89 0.1304130849962003
114 88 0.3102499321273519
114 63 0.12237098464347813
114 77 0.07954973659922898
114 49 0.08709719122359365
114 61 0.06288397894254834
114 75 0.06547922224298706
114 74 0.18034689350145477
114 60 0.06266772965601873
114 48 0.0982124666821371
114 64 0.11878769759673473
114 70 0.331800214031711
114 58 0.5887595759404891
114 59 0.06867083292679563
114 71 0.10647010327495669
114 65 0.05690446354913814
114 73 0.062210939079351574
114 67 0.28732541966651326
114 66 0.22995180748927618
114 72 0.07004577522574151
114 57 0.34119551331924014
114 94 0.37142003660037587
114 80 0.11083145078949165
114 81 0.2666206744030787
114 95 0.11003828871543576
114 56 0.19901214515351082
114 68 0.4678612791592527
114 54 0.13127686501238575
114 83 0.0880243489948609
114 82 0.09312601884748777
114 55 0.22195183444898509
114 69 0.34573323475624546
114 51 0.06984425813067566
114 79 0.11768769763092927
114 86 0.07022037914366146
114 92 0.37710145421135255
114 93 0.33638613354940905
114 87 0.3123362073049527
114 78 0.2830786618882608
114 50 0.08834325203984388
114 52 0.060979901021587665
114 46 0.18754915151152382
114 91 0.3421562903114882
114 85 0.3280797218691169
114 84 0.08408054557299158
114 90 0.33310085487645974
114 47 0.14913415717539952
114 53 0.07483028817472356
100 76 0.06302081033261246
100 62 0.13714440320443733
100 89 0.0731669577554654
100 88 0.16018962025422462
100 63 0.203082241425398
100 77 0.08199219452940569
100 49 0.20207784346939825
100 61 0.0578608226583783
100 75 0.0550348421097859
100 74 0.07080112853286048
100 60 0.057508833791809544
100 48 0.11483136690947757
100 64 0.14773364779481463
100 70 0.1534641233423341
100 58 0.2544299190460807
100 59 0.0509670745094456
100 71 0.4183927367301853
100 65 0.04959236587775229
100 73 0.05085619145038367
100 67 0.27900662050907304
100 66 0.1365857704731684
100 72 0.0582442723462859
100 57 0.37735993462102324
100 94 0.19371308859718223
100 80 0.45470925374397053
100 81 0.1443891747284109
100 95 0.0899150431117311
100 56 0.1738483762343
100 68 0.3943204648899028
100 54 0.09009318853573775
100 83 0.09669729651347417
100 82 0.07483287053861765
100 55 0.21372497844912366
100 69 0.1871972794967494
100 51 0.1285470885492413
100 79 0.07693184722245346
100 86 0.18449506529921086
100 92 0.17994025937813157
100 93 0.1766195122808244
100 87 0.1728615615730417
100 78 0.17084920131338188
100 50 0.20721402985558535
100 52 0.06362762634519108
100 46 0.19128980189823955
100 91 0.18914572322443104
100 85 0.1731643196082562
100 84 0.07624787678187799
100 90 0.1763146175377052
100 47 0.1076294287917044
100 53 0.08274480170414565
128 76 0.05364527961901466
128 62 0.08216460127744121
128 89 0.1193876052908021
128 88 0.33092166593079875
128 63 0.07000934542788113
128 77 0.08971659444644373
128 49 0.05603064009054698
128 61 0.030253085116100087
128 75 0.029454354877557654
128 74 0.05845918044773235
128 60 0.02999122103987184
128 48 0.056586432000539616
128 64 0.06107506281874851
128 70 0.24090776820079432
128 58 0.15834234910849473
128 59 0.03474349959550446
128 71 0.07752672588116456
128 65 0.021022127652223416
128 73 0.027658094528421023
128 67 0.2968742413969173
128 66 0.23988095951778488
128 72 0.059550766401930244
128 57 0.23194253796834333
128 94 0.4485069092365008
128 80 0.08269177884008613
128 81 0.21788012587361427
128 95 0.09659000988932023
128 56 0.20784862191428566
128 68 0.5726859301821843
128 54 0.10579773758835115
128 83 0.05061626630165711
128 82 0.05417315718639748
128 55 0.11897035576120091
128 69 0.28695354594954137
128 51 0.03695936925685675
128 79 0.11910163819949618
128 86 0.041984114254023236
128 92 0.4535892394941126
128 93 0.38835023102765875
128 87 0.32809856977203905
128 78 0.2845145992010927
128 50 0.05623031411194382
128 52 0.031096352281379663
128 46 0.15929212028737957
128 91 0.39072739308804016
128 85 0.3892251859780197
128 84 0.04308637754404354
128 90 0.3941533673078203
128 47 0.10308848268352136
128 53 0.0462865616566884
129 76 0.09648495090639465
129 62 0.24644762993719502
129 89 0.19823631036790282
129 88 0.4753144069812499
129 63 0.16994978086685547
129 77 0.10884882629195458
129 49 0.12597699711636645
129 61 0.0878225026915346
129 75 0.08524385593497008
129 74 0.11935402808914716
129 60 0.08730603495075885
129 48 0.1364230426218853
129 64 0.15586060538131807
129 70 0.4255649725016938
129 58 0.6573215421621779
129 59 0.0936276254258414
129 71 0.1512352728149381
129 65 0.08483349223361233
129 73 0.0852505041417126
129 67 0.43794386669490204
129 66 0.35225671449985047
129 72 0.09293296469743108
129 57 0.5282767217876871
129 94 0.6085174979915021
129 80 0.15784842748028136
129 81 0.3736180966627952
129 95 0.14930456030392247
129 56 0.299882194558475
129 68 0.6819362302666008
129 54 0.21128848965659128
129 83 0.11877735626913867
129 82 0.23725452014064485
129 55 0.22820354099211868
129 69 0.47395577785386267
129 51 0.09304983145324269
129 79 0.18365656355981
129 86 0.10429332866811235
129 92 0.610889431654855
129 93 0.5329909034828383
129 87 0.46875904416919084
129 78 0.4102914076565137
129 50 0.1230121877581664
129 52 0.08418460259365956
129 46 0.2781454628829733
129 91 0.5316427895722542
129 85 0.5276162090557616
129 84 0.10852045790728153
129 90 0.5345271630719928
129 47 0.21084686047590612
129 53 0.1031005477542124
101 76 0.035109692856918645
101 62 0.06702999852770136
101 89 0.039925745366092835
101 88 0.1301263530424912
101 63 0.0485841557353536
101 77 0.042126133529567567
101 49 0.10528375608138159
101 61 0.02749027065434828
101 75 0.023903419198824744
101 74 0.03471529446907021
101 60 0.02641592719383601
101 48 0.056342412523173874
101 64 0.04681551583058696
101 70 0.0986665543441202
101 58 0.15913878162480477
101 59 0.026412922588083476
101 71 0.18562370172490197
101 65 0.021990573624744575
101 73 0.02189369097637467
101 67 0.15286439658692175
101 66 0.0907213814083738
101 72 0.027280062144466072
101 57 0.20306948823008833
101 94 0.17305086907323858
101 80 0.20193793591170728
101 81 0.09220655084423479
101 95 0.04739251587487597
101 56 0.11107406081129828
101 68 0.23183956608985393
101 54 0.051696366382769005
101 83 0.04647458708313834
101 82 0.039778325208460225
101 55 0.10664442718715535
101 69 0.11617515546944804
101 51 0.05788378353560322
101 79 0.041926380177796096
101 86 0.08129509485116056
101 92 0.16817284197948884
101 93 0.15922843455748628
101 87 0.11253678784432367
101 78 0.1065657505649537
101 50 0.1215602863372943
101 52 0.03200826134688406
101 46 0.07422850746709392
101 91 0.16223755651990762
101 85 0.14611771334546764
101 84 0.05799227261976991
101 90 0.14902435389418578
101 47 0.0654809574508286
101 53 0.044237782406775755
115 76 0.05353990604741357
115 62 0.06759187496922682
115 89 0.03950880314641583
115 88 0.09913102063824215
115 63 0.03012724386784535
115 77 0.08593012982599639
115 49 0.05232503868079755
115 61 0.02475559078404818
115 75 0.021637736566000765
115 74 0.0788773030827915
115 60 0.021730170617120792
115 48 0.04287265649769231
115 64 0.09292551368521026
115 70 0.0993682950169691
115 58 0.09557392836259046
115 59 0.019212620377963313
115 71 0.058778319800663004
115 65 0.01196389251307195
115 73 0.021387707479670698
115 67 0.10706953372931488
115 66 0.18601426542311733
115 72 0.07478026249199647
115 57 0.10826390431017395
115 94 0.18949544978268806
115 80 0.06376236177037
115 81 0.09744927350067352
115 95 0.036812500957496
115 56 0.21688230422561983
115 68 0.18024265309545787
115 54 0.044378175790667385
115 83 0.1625204098468085
115 82 0.045895313285284095
115 55 0.15082513557101204
115 69 0.08289914732722138
115 51 0.03278369217823371
115 79 0.06822199853024975
115 86 0.03451679843192104
115 92 0.18406479300623835
115 93 0.1726289160177533
115 87 0.10755801836006623
115 78 0.08548915898134603
115 50 0.04255768019801223
115 52 0.5964163328819002
115 46 0.43664288509792737
115 91 0.17449022232099934
115 85 0.16468199887130666
115 84 0.05998371687795048
115 90 0.16713313769249472
115 47 0.2127586576291241
115 53 0.19257437448612127
103 76 0.14619434897106187
103 62 0.27823887502662337
103 89 0.154711642722446
103 88 0.26511205344528144
103 63 0.1612975496417215
103 77 0.1503329093081493
103 49 0.1535265798732168
103 61 0.12679637046766482
103 75 0.12177123264309211
103 74 0.14193885305542592
103 60 0.12400536642998224
103 48 0.15245572765174092
103 64 0.167462889010447
103 70 0.3678668238100211
103 58 0.9635809944696546
103 59 0.1253476439514621
103 71 0.18311436082128593
103 65 0.12379060774488662
103 73 0.11969633316896232
103 67 0.2952037900556575
103 66 0.39468838192659206
103 72 0.12822356590375183
103 57 0.5115725927651888
103 94 0.30012164134763486
103 80 0.19091111241397535
103 81 0.3217735460296156
103 95 0.1446520939858119
103 56 0.25085328387546446
103 68 0.5521509282427502
103 54 0.17758181223815744
103 83 0.1437496127189653
103 82 0.15324883916592125
103 55 0.2317002063198899
103 69 0.39331915240853865
103 51 0.13916382896331958
103 79 0.15660032689040207
103 86 0.1441060523920979
103 92 0.29423593014237315
103 93 0.28341607966970206
103 87 0.28022278544640106
103 78 0.2928473532679758
103 50 0.16093628719390424
103 52 0.13768530892718803
103 46 0.21222158060508375
103 91 0.300071391285606
103 85 0.26882400794048816
103 84 0.13408018954775466
103 90 0.27894186411084093
103 47 0.19170632539354054
103 53 0.15051076604075792
117 76 0.1628998832400958
117 62 0.2790570586679746
117 89 0.09050148664406157
117 88 0.2143156229489824
117 63 0.08206102867914138
117 77 0.3464321201311114
117 49 0.19484925319796095
117 61 0.11538690310331344
117 75 0.5272286480565482
117 74 0.28789872117882886
117 60 0.06301482701431567
117 48 0.3641819706431386
117 64 0.16418398921087815
117 70 0.3057944675287062
117 58 0.700799342032194
117 59 0.06645582713897068
117 71 0.12956451496634802
117 65 0.05241150813630277
117 73 0.32235189661698516
117 67 0.21936836332196452
117 66 0.15652994859822097
117 72 0.13955791816358956
117 57 0.3271621628167075
117 94 0.2777043474990919
117 80 0.13391766510223688
117 81 0.28106287612414366
117 95 0.13069403858805045
117 56 0.3143203100573805
117 68 0.3936088033390991
117 54 0.10273353069380935
117 83 0.5426465079548025
117 82 0.10272603644795841
117 55 0.2154331072462604
117 69 0.3125188249233408
117 51 0.13814220096412033
117 79 0.36761657043210927
117 86 0.07449565537486172
117 92 0.27795703998877164
117 93 0.2590123786195061
117 87 0.3017142781544594
117 78 0.3053294626492309
117 50 0.08689172568148465
117 52 0.13911814480714102
117 46 0.34737510438646363
117 91 0.2904669207452359
117 85 0.2779638286310194
117 84 0.15353008621450315
117 90 0.28003289275279725
117 47 0.12428010987157048
117 53 0.11919910143622875
116 76 0.20343126247659354
116 62 0.28463676081797307
116 89 0.2048583197378567
116 88 0.42227370576715534
116 63 0.16698285113625544
116 77 0.16564206100780823
116 49 0.1556819308371702
116 61 0.17269454690235564
116 75 0.1257819758125189
116 74 0.1479223296117299
116 60 0.11961761714527465
116 48 0.16038462891808977
116 64 0.17228279935519766
116 70 0.5040518694754379
116 58 0.8282089443191043
116 59 0.16265541372175107
116 71 0.16460630917924574
116 65 0.11204067893029153
116 73 0.12346435872240367
116 67 0.40882599764662947
116 66 0.38303019552232787
116 72 0.13346486197261434
116 57 0.552498466087866
116 94 0.5111452852236648
116 80 0.17012130262444003
116 81 0.36839017575313926
116 95 0.17926913538614767
116 56 0.39970683106145777
116 68 0.673222647261908
116 54 0.18442230323153985
116 83 0.3019024716463935
116 82 0.30104157665287035
116 55 0.31817814674040146
116 69 0.48292326784608497
116 51 0.12818221636898908
116 79 0.20418448080322743
116 86 0.1324763819102515
116 92 0.5203701753853134
116 93 0.46573579775061513
116 87 0.4264469142749885
116 78 0.4058667521704146
116 50 0.1526665744176719
116 52 0.154806603732212
116 46 0.3932373849733244
116 91 0.4752326835064801
116 85 0.4608038659543605
116 84 0.1808697212152565
116 90 0.4677859535861865
116 47 0.21326141965066228
116 53 0.147501231689026
102 76 0.07870500122741138
102 62 0.17771782992348278
102 89 0.08932507515384265
102 88 0.15427577250342334
102 63 0.1031473341322791
102 77 0.08784562545764886
102 49 0.09907664412039713
102 61 0.07310376245191674
102 75 0.07398628790667576
102 74 0.08992512954372356
102 60 0.07191386932192782
102 48 0.09572662037060656
102 64 0.1045312890468475
102 70 0.22829621038473205
102 58 0.6428676672177815
102 59 0.07359109184714245
102 71 0.13116938671215733
102 65 0.07189366190883105
102 73 0.07193379761326604
102 67 0.17925842393590535
102 66 0.13222404834192195
102 72 0.07782472235000173
102 57 0.33244898407022916
102 94 0.17333656625864802
102 80 0.13710473300281176
102 81 0.19778305870955745
102 95 0.0899291865870705
102 56 0.14840646503015298
102 68 0.32919464562751954
102 54 0.11110753091359703
102 83 0.08824103180692307
102 82 0.09266766371357785
102 55 0.13744962362057347
102 69 0.24443962171656686
102 51 0.08514993081046607
102 79 0.09212654828091914
102 86 0.09099613448736257
102 92 0.16535772885093275
102 93 0.15950276863018714
102 87 0.16328890193454682
102 78 0.17228449318430997
102 50 0.10070171806389554
102 52 0.07791558637440493
102 46 0.13152463919869795
102 91 0.16665811377523443
102 85 0.15691824959557035
102 84 0.08510036431631395
102 90 0.15645502228865926
102 47 0.11735866035671191
102 53 0.08673168986276432
106 76 0.06566017516422334
106 62 0.13013945767098473
106 89 0.052785909906634815
106 88 0.12406159803913759
106 63 0.0635153735430379
106 77 0.04529488430808057
106 49 0.05335326877369609
106 61 0.035600071318109716
106 75 0.03469742883727239
106 74 0.04706853257777566
106 60 0.03368842977853223
106 48 0.05433186857286226
106 64 0.06296480843437337
106 70 0.18583007683321123
106 58 0.5516970303806076
106 59 0.03609318035796305
106 71 0.07251475363247585
106 65 0.030764343579846698
106 73 0.03265967572884165
106 67 0.13607135977383408
106 66 0.10053207464781011
106 72 0.08294538728257625
106 57 0.26692562469535286
106 94 0.13829849521965099
106 80 0.076510936028237
106 81 0.1580729524910697
106 95 0.0511424874695193
106 56 0.11936686678354798
106 68 0.2763928472531212
106 54 0.06986881342193842
106 83 0.047966329753032166
106 82 0.08131424836050775
106 55 0.1594685276491598
106 69 0.2041740604148321
106 51 0.04206228219662578
106 79 0.052125975977367706
106 86 0.04561429955295568
106 92 0.13481486004787788
106 93 0.12770958468845925
106 87 0.13252843304574544
106 78 0.1379483586744041
106 50 0.05683336933409208
106 52 0.03357671549627478
106 46 0.09065330335801974
106 91 0.13613488298751814
106 85 0.11918523020729076
106 84 0.048487456791055455
106 90 0.12309096750751353
106 47 0.07721116141598264
106 53 0.045490558838913564
112 76 0.12383178990567495
112 62 0.24238698104597056
112 89 0.13566361507277225
112 88 0.25196952733235306
112 63 0.14908046256961296
112 77 0.12526383987619238
112 49 0.13592050642596665
112 61 0.10903869329601598
112 75 0.1100168739494155
112 74 0.1298590042487805
112 60 0.10382449458678193
112 48 0.13877184660655473
112 64 0.1524326281194688
112 70 0.3328807832448501
112 58 0.8201961651306476
112 59 0.1142270842587914
112 71 0.16336221010625984
112 65 0.09927039849039052
112 73 0.10594632929873864
112 67 0.25869376348880757
112 66 0.20936728520846423
112 72 0.11854465384228625
112 57 0.42800181556490735
112 94 0.26640332305110426
112 80 0.16832320249051475
112 81 0.29207313335662255
112 95 0.14077568392699197
112 56 0.250486864663291
112 68 0.46442376947958397
112 54 0.1634468712049606
112 83 0.13371077019913077
112 82 0.13366946066458207
112 55 0.33977857249080384
112 69 0.3613631024252524
112 51 0.1153182390414476
112 79 0.14293015789027738
112 86 0.11763171256917365
112 92 0.26747430868732147
112 93 0.2542520376406845
112 87 0.2649097545715352
112 78 0.2717790456897953
112 50 0.1375984168609549
112 52 0.11536081263018845
112 46 0.2060434239884606
112 91 0.2637989717303548
112 85 0.24461739485693818
112 84 0.1371867681121015
112 90 0.2459279199284137
112 47 0.17187360843205635
112 53 0.12024184710056567
113 76 0.13041655729003504
113 62 0.24144240005214984
113 89 0.20431363263485142
113 88 0.46545143572657366
113 63 0.16389054900272543
113 77 0.17494620916651432
113 49 0.13843637503352302
113 61 0.10293436633206704
113 75 0.10288612608889203
113 74 0.14041773256997142
113 60 0.100815768690617
113 48 0.14459795446951343
113 64 0.16038436701225847
113 70 0.41891528523355503
113 58 0.6431503774099421
113 59 0.10846422528266977
113 71 0.16077124042685612
113 65 0.09214689275794039
113 73 0.10030768223243763
113 67 0.43362076338809985
113 66 0.3569269647631857
113 72 0.13471700197288553
113 57 0.4672068872287394
113 94 0.5867788773401119
113 80 0.1673693618404318
113 81 0.3680395588997949
113 95 0.18027009448096365
113 56 0.41179101807902085
113 68 0.7289545599683935
113 54 0.17355378219148296
113 83 0.2457334468731614
113 82 0.13697964268796148
113 55 0.2811819767825924
113 69 0.48372584512846806
113 51 0.10949839732724756
113 79 0.20153394376860062
113 86 0.11479141640501454
113 92 0.5932926132472198
113 93 0.522933593548719
113 87 0.45850360106844273
113 78 0.42684063711403425
113 50 0.13544243624596689
113 52 0.11990510718863356
113 46 0.3611687308230139
113 91 0.5280265520897749
113 85 0.5205288425605864
113 84 0.15092054447938852
113 90 0.5265219121134788
113 47 0.2106445292828335
113 53 0.12610312904589802
107 76 0.042649897522308106
107 62 0.05945988403027386
107 89 0.04565201309256128
107 88 0.10465447957588948
107 63 0.030857700388386616
107 77 0.03926542947632955
107 49 0.0495664135781298
107 61 0.02978545298338303
107 75 0.026352051153135936
107 74 0.02343762481299197
107 60 0.032181223675419285
107 48 0.03944738741124881
107 64 0.03824334005529098
107 70 0.06877071196255832
107 58 0.08877326656838595
107 59 0.022743865141394842
107 71 0.0697998366466181
107 65 0.03492874225572454
107 73 0.028329974931907614
107 67 0.1552602302370839
107 66 0.195793776625663
107 72 0.02217805571031098
107 57 0.17360227100088252
107 94 0.10350250680456247
107 80 0.07634932413195596
107 81 0.06310194229893827
107 95 0.038169546886258454
107 56 0.5127324991356914
107 68 0.47882042216890847
107 54 0.04078086554642063
107 83 0.04537508801466261
107 82 0.025421890404667885
107 55 0.0726008230603335
107 69 0.08137251107661267
107 51 0.038574090336962574
107 79 0.046521367459236684
107 86 0.04896230339506083
107 92 0.10163661140690941
107 93 0.11328829505126937
107 87 0.09558451236144644
107 78 0.07677237819216742
107 50 0.0540078321573258
107 52 0.040094773510971626
107 46 0.0599602253118483
107 91 0.11504623680939323
107 85 0.08712908927246692
107 84 0.026483591769003362
107 90 0.09242416896163784
107 47 0.04999112812608472
107 53 0.046533490216804085
139 76 0.08300028913701893
139 62 0.06587009889811442
139 89 0.07065979142901249
139 88 0.18690295787498998
139 63 0.050695335404709774
139 77 0.05393690785742389
139 49 0.05090746511740851
139 61 0.057330668642851884
139 75 0.025718469423330198
139 74 0.04561459890559308
139 60 0.02716380124987164
139 48 0.046409762694618856
139 64 0.04830489529148391
139 70 0.19113766922953634
139 58 0.1376360398124229
139 59 0.08177212141604079
139 71 0.06723895195448028
139 65 0.021052372685060827
139 73 0.025171721403192487
139 67 0.17963888136146883
139 66 0.24386542843059256
139 72 0.03245467200047358
139 57 0.19430496837220143
139 94 0.292123155928954
139 80 0.07225291041238864
139 81 0.13212213614779733
139 95 0.0576577285041763
139 56 0.1305219772553972
139 68 0.29707226686546834
139 54 0.08093124107505582
139 83 0.05477129479488371
139 82 0.08862177978824348
139 55 0.08376212411994495
139 69 0.16125415011168237
139 51 0.03621090794552148
139 79 0.07576545583947032
139 86 0.04132818796627516
139 92 0.29178883950162626
139 93 0.2574744864610564
139 87 0.19402037980447298
139 78 0.16019551027718387
139 50 0.05092496537077426
139 52 0.046882700614232775
139 46 0.11103459802485824
139 91 0.2606976126561941
139 85 0.24590373923986186
139 84 0.032876362519181995
139 90 0.2514872516318938
139 47 0.08076957824128998
139 53 0.05098831408510213
111 76 0.16701848084680324
111 62 0.29955137595821896
111 89 0.21103140203550572
111 88 0.4326568612239171
111 63 0.19555425730675738
111 77 0.152939436157267
111 49 0.16885481588963075
111 61 0.14196284771371875
111 75 0.13627638513323084
111 74 0.16622406904148707
111 60 0.1337730038546431
111 48 0.1766659083734892
111 64 0.195253811459638
111 70 0.4990401982771046
111 58 0.8245202983010202
111 59 0.15578267818380404
111 71 0.18921331226967156
111 65 0.12785855941950067
111 73 0.1328999062290082
111 67 0.4288100714103823
111 66 0.3796861941622609
111 72 0.14889072239718676
111 57 0.5246778052889138
111 94 0.49452504182218454
111 80 0.19380731012739266
111 81 0.3954160749172574
111 95 0.19488809029536183
111 56 0.3565496892010128
111 68 0.7474665424660076
111 54 0.21029062779484387
111 83 0.16966079391870503
111 82 0.17235382928991907
111 55 0.38048317057082987
111 69 0.5950884800401547
111 51 0.1408237516677522
111 79 0.23018987183112313
111 86 0.14397522177274857
111 92 0.5089388956418777
111 93 0.46009562880828003
111 87 0.44924042179581
111 78 0.5435754534089472
111 50 0.1719106376473833
111 52 0.1457276322413489
111 46 0.28926425019090973
111 91 0.4669490839750286
111 85 0.4497095242984774
111 84 0.17225835849590382
111 90 0.45396849900153974
111 47 0.2332565219068593
111 53 0.14834690399741668
105 76 0.09992257053761469
105 62 0.14038546396317392
105 89 0.0952684781357875
105 88 0.17745165591022377
105 63 0.10562609715253195
105 77 0.10174400529603007
105 49 0.2058326286865843
105 61 0.08208879107905888
105 75 0.07754766316973116
105 74 0.10149639487612709
105 60 0.08314536231834062
105 48 0.12868657480541026
105 64 0.09719724579782206
105 70 0.158915180189002
105 58 0.21239319613402294
105 59 0.0794426102087958
105 71 0.3924808367639888
105 65 0.07465143611538139
105 73 0.07514384907647789
105 67 0.29578049685614094
105 66 0.21494252155665403
105 72 0.07813823569164799
105 57 0.3985660885458257
105 94 0.21209459467719355
105 80 0.42416532372247795
105 81 0.14658273094488297
105 95 0.11020308627922437
105 56 0.3415298967977477
105 68 0.5055489410081858
105 54 0.10151430140462572
105 83 0.2128788890545988
105 82 0.09391971147714855
105 55 0.125265191652537
105 69 0.2117597806044012
105 51 0.1412283594467289
105 79 0.09823953914056613
105 86 0.19212656156559524
105 92 0.19404740934483203
105 93 0.1952914444178753
105 87 0.18233705664044275
105 78 0.21439931853338337
105 50 0.2109207228587944
105 52 0.0790615899272653
105 46 0.12784314414862935
105 91 0.2025996138793761
105 85 0.19280909006905617
105 84 0.09268452836941862
105 90 0.1901847914763459
105 47 0.12231972102796901
105 53 0.10539692324879452
104 76 0.09666751189298868
104 62 0.2450112151362099
104 89 0.11160451789088532
104 88 0.20370736153024233
104 63 0.12461063891969251
104 77 0.09819647292512462
104 49 0.10561729429079511
104 61 0.0859146967846259
104 75 0.08602594220020889
104 74 0.10441352642527588
104 60 0.08335003700246149
104 48 0.11224648951274196
104 64 0.13083017033654332
104 70 0.3267771584951829
104 58 1.0
104 59 0.08332735350948008
104 71 0.12440816924312428
104 65 0.08549468541423935
104 73 0.08359457325892898
104 67 0.2244128192220644
104 66 0.17220362900984654
104 72 0.09125371906307203
104 57 0.46115720631773893
104 94 0.2207102041820713
104 80 0.12910544107151578
104 81 0.2823756022650966
104 95 0.10301431419574379
104 56 0.19731433716864882
104 68 0.4474783736276436
104 54 0.14157422361656244
104 83 0.1024642893134437
104 82 0.11360562670220005
104 55 0.24003848910223752
104 69 0.3532974519219253
104 51 0.0946524062378616
104 79 0.10969332800914568
104 86 0.09764642468724709
104 92 0.218029661749686
104 93 0.20835467505097532
104 87 0.2175853247961836
104 78 0.2356645366902807
104 50 0.11086371419552153
104 52 0.08688784695534583
104 46 0.16735305477283483
104 91 0.22074621814576068
104 85 0.19483948447783722
104 84 0.10191623871915295
104 90 0.20302495415410882
104 47 0.1441895149243685
104 53 0.09765708140415576
110 76 0.06893013710726792
110 62 0.17709987171338026
110 89 0.18614621921750094
110 88 0.323925347398812
110 63 0.08766826765156437
110 77 0.21983518274639938
110 49 0.09562028158263959
110 61 0.04672302652209093
110 75 0.048950651613734825
110 74 0.09273025025587643
110 60 0.09779950909916853
110 48 0.1035038739807338
110 64 0.08267390558484443
110 70 0.26086340664655805
110 58 0.4558426331412702
110 59 0.049001678187912456
110 71 0.2078602011194986
110 65 0.041148204662788596
110 73 0.0457308732151796
110 67 0.24282956942772901
110 66 0.1796521943995169
110 72 0.13587172066286585
110 57 0.32083973711627367
110 94 0.3317323470433906
110 80 0.2135923043683932
110 81 0.2756958912762544
110 95 0.1146517937503297
110 56 0.2153402084364093
110 68 0.4627921842701671
110 54 0.11924372706838468
110 83 0.07030773809607269
110 82 0.15291553299968008
110 55 0.18186324432901993
110 69 0.4212513834238477
110 51 0.053397271099404564
110 79 0.17698009327412345
110 86 0.05525982569068674
110 92 0.3372441845404135
110 93 0.38195167795537627
110 87 0.2883821808444804
110 78 0.32344025641688
110 50 0.07196043674452858
110 52 0.055733243825317746
110 46 0.19510133119598042
110 91 0.32037904464268074
110 85 0.3104624591002578
110 84 0.06466446823647164
110 90 0.3133311845883042
110 47 0.1504216949646776
110 53 0.07298647934079346
138 76 0.093292017327562
138 62 0.14085275995436702
138 89 0.10641081375100564
138 88 0.2654215261487091
138 63 0.0892228899573468
138 77 0.10219506724758182
138 49 0.07755772325504197
138 61 0.051998459121640805
138 75 0.04832141277178814
138 74 0.08494003442942755
138 60 0.0508303811675464
138 48 0.0766928091093172
138 64 0.08389069814287671
138 70 0.24066468287426213
138 58 0.15539408675973557
138 59 0.060078136052431425
138 71 0.10204323365939812
138 65 0.041193277100264464
138 73 0.047061868438377036
138 67 0.27691265014491917
138 66 0.29431410127789465
138 72 0.12436090518711827
138 57 0.2631069616016688
138 94 0.3372707712824291
138 80 0.10853882200140534
138 81 0.19005666528319126
138 95 0.10123898594431717
138 56 0.22220993043820184
138 68 0.4863885836754738
138 54 0.09167389674346983
138 83 0.08808779835836018
138 82 0.09198080948913943
138 55 0.10997855183461304
138 69 0.23923325805320164
138 51 0.06016337403157079
138 79 0.1050503902699558
138 86 0.06403150421735262
138 92 0.33476659266833975
138 93 0.29851759469574685
138 87 0.28564279633765666
138 78 0.24149997187745575
138 50 0.0806501015139175
138 52 0.04899863014494199
138 46 0.1650993362849085
138 91 0.3095289889229885
138 85 0.28513308821021854
138 84 0.05511652859596025
138 90 0.29379111449910666
138 47 0.1525613702298952
138 53 0.12775836915821048
140 76 0.1078596705811074
140 62 0.09723964548768727
140 89 0.0769116298621784
140 88 0.18454024339169667
140 63 0.08059770841946468
140 77 0.05527215446646466
140 49 0.09273220396015623
140 61 0.06345767767703588
140 75 0.037797410643841234
140 74 0.06140310704536392
140 60 0.03914212799612185
140 48 0.05513668064589852
140 64 0.05618943410004801
140 70 0.22213180149443784
140 58 0.2116426952130572
140 59 0.05967949333698233
140 71 0.08240324527627355
140 65 0.033687107735968835
140 73 0.035957088860478575
140 67 0.19620741462636024
140 66 0.24178665292026424
140 72 0.04280740221287324
140 57 0.26489481099174
140 94 0.23560772408138334
140 80 0.0874314982926107
140 81 0.15119941393249123
140 95 0.06537954759409957
140 56 0.12739909138695715
140 68 0.3514085841293576
140 54 0.06129024296804576
140 83 0.05242009921842675
140 82 0.09954257741576708
140 55 0.1040126314719073
140 69 0.23904382079706274
140 51 0.04790837285840535
140 79 0.07037248501469315
140 86 0.05394001487073935
140 92 0.23563360809712908
140 93 0.21078611432190542
140 87 0.19554223409564214
140 78 0.2452370084390856
140 50 0.09737884567075016
140 52 0.0423202620940486
140 46 0.09795799339416748
140 91 0.21884554016091962
140 85 0.20918027916001253
140 84 0.05912436243454766
140 90 0.2127987985556484
140 47 0.08655536425731625
140 53 0.053942561188619176
135 76 0.1026007650531465
135 62 0.23327791950274973
135 89 0.09708053933157522
135 88 0.2566194163531651
135 63 0.08575841258966148
135 77 0.24544870229986326
135 49 0.31198508499749433
135 61 0.04994272480503062
135 75 0.29741115623002823
135 74 0.17855042966945517
135 60 0.04846711187958011
135 48 0.32932223819751216
135 64 0.08439390549790604
135 70 0.21430000283200756
135 58 0.20310588138336624
135 59 0.04885902135790049
135 71 0.24164050420996108
135 65 0.037863088428056746
135 73 0.20721336925459877
135 67 0.30335789483499864
135 66 0.18969412519287732
135 72 0.0745420682688858
135 57 0.3198768270727458
135 94 0.35165094476126013
135 80 0.2605985018836031
135 81 0.2695125291518404
135 95 0.13444171091751755
135 56 0.33192598233936504
135 68 0.48111555567829684
135 54 0.11798823698377708
135 83 0.43595600111642685
135 82 0.07760039897726653
135 55 0.12945899839019695
135 69 0.24655509224604927
135 51 0.1451013924629899
135 79 0.21708455745391933
135 86 0.11004360914972537
135 92 0.342251252909037
135 93 0.3077045894036055
135 87 0.3075918573695694
135 78 0.28334193432433324
135 50 0.1347095771810235
135 52 0.09105119330104139
135 46 0.3339457791084758
135 91 0.3264251811069817
135 85 0.31622843685436136
135 84 0.14108114553796705
135 90 0.3210106699573568
135 47 0.22355656179772243
135 53 0.26958963171722317
121 76 0.11601235896376937
121 62 0.13287928810843752
121 89 0.09707652646502317
121 88 0.33712713376991704
121 63 0.15256426918667337
121 77 0.1015893168536592
121 49 0.15673091539647516
121 61 0.038957623504524586
121 75 0.03367151199906779
121 74 0.09436300492050362
121 60 0.0813052388812067
121 48 0.12332510681276365
121 64 0.11703325835436526
121 70 0.20464784752464402
121 58 0.13347052126776407
121 59 0.030283641375408038
121 71 0.36459078519046495
121 65 0.0773487844057233
121 73 0.029561277275021364
121 67 0.3628294417851451
121 66 0.21439764778531703
121 72 0.06229800386326674
121 57 0.4078332770283678
121 94 0.43477809442030496
121 80 0.3961999376060653
121 81 0.15374653876215313
121 95 0.10686792118925156
121 56 0.20643516336035206
121 68 0.4632866309158284
121 54 0.13385355540821844
121 83 0.2810404588792054
121 82 0.07375427622553234
121 55 0.2012104238805516
121 69 0.383902475612464
121 51 0.11313202478881847
121 79 0.09575411178743766
121 86 0.13499210131758987
121 92 0.5231473125753299
121 93 0.3833083936256605
121 87 0.27002334968345065
121 78 0.47502003767586304
121 50 0.16146857804627107
121 52 0.03394160875732016
121 46 0.16287651743801582
121 91 0.38092408667168204
121 85 0.37097886409298864
121 84 0.05120515351272728
121 90 0.37843627493046605
121 47 0.21394695714388481
121 53 0.08475503999193734
109 76 0.1022850333360787
109 62 0.177307330538266
109 89 0.11003002823387141
109 88 0.281893012309102
109 63 0.09357350324031674
109 77 0.20013492736081054
109 49 0.11295526598558624
109 61 0.06481262538518082
109 75 0.06193980445701128
109 74 0.1243907805221961
109 60 0.05944452885365761
109 48 0.10307225511276101
109 64 0.13722738686726438
109 70 0.32830745090241553
109 58 0.534681491087655
109 59 0.06312827529224849
109 71 0.11759706963621097
109 65 0.052780575377233796
109 73 0.057113258332356365
109 67 0.280484914966018
109 66 0.22202233194041546
109 72 0.10408029511814056
109 57 0.3472240516372827
109 94 0.3460401200335531
109 80 0.12200592156140543
109 81 0.30877507015766276
109 95 0.1225384254078277
109 56 0.2015764514659849
109 68 0.5013374619526889
109 54 0.10838836947862276
109 83 0.08434043928198304
109 82 0.08843108206234036
109 55 0.19549391172489217
109 69 0.377219253773982
109 51 0.07163423437580212
109 79 0.1903004372085463
109 86 0.07308521861344608
109 92 0.35316705192233694
109 93 0.3198224486830835
109 87 0.2940059206257919
109 78 0.36012645618756967
109 50 0.0928574419584163
109 52 0.0771392424409288
109 46 0.22176427588057257
109 91 0.33916309728571603
109 85 0.32255057446725666
109 84 0.45410239341757863
109 90 0.3253534987415778
109 47 0.12657936605358114
109 53 0.08836396982313699
108 76 0.1943032013349448
108 62 0.33948609860469897
108 89 0.23896736676374916
108 88 0.4800273827780219
108 63 0.22862832188988708
108 77 0.22158002105795999
108 49 0.19434220611158606
108 61 0.15833605613667215
108 75 0.15409040096228035
108 74 0.19619707907809422
108 60 0.15293087489226087
108 48 0.2046660400103553
108 64 0.22680081313092648
108 70 0.5052464452079496
108 58 0.9226854316317135
108 59 0.1698122776955921
108 71 0.21599655477804575
108 65 0.14890868055917356
108 73 0.15220754803091482
108 67 0.4575600865939992
108 66 0.3915544316188332
108 72 0.19495155562336314
108 57 0.6073410177741905
108 94 0.5608766168706891
108 80 0.22260651889450767
108 81 0.4777146039018694
108 95 0.22861161240482789
108 56 0.4435385165076329
108 68 0.8276683080341181
108 54 0.2837129000935137
108 83 0.19106269484891147
108 82 0.20405415717285671
108 55 0.3783786260323095
108 69 0.560726693822122
108 51 0.1639320201641031
108 79 0.2884902639517004
108 86 0.1699571155034848
108 92 0.5668646088531907
108 93 0.5134722699694341
108 87 0.49463426797768856
108 78 0.47757904177219673
108 50 0.19554711820973053
108 52 0.16824290175776116
108 46 0.34487554791063113
108 91 0.5246740577880387
108 85 0.4974737669793593
108 84 0.1813057035495848
108 90 0.5071931280831785
108 47 0.27516583180072074
108 53 0.17573102090891188
120 76 0.013824403003600272
120 62 0.14376892936627664
120 89 0.05775825311356564
120 88 0.18123223648544576
120 63 0.041869654822333346
120 77 0.22810543268686975
120 49 0.03561307220142637
120 61 0.010894251218204087
120 75 0.04066101231654368
120 74 0.029250792457479413
120 60 0.014334119828511904
120 48 0.029755120814055847
120 64 0.03236926650916713
120 70 0.11970653640397597
120 58 0.08695504550740236
120 59 0.008896728706531937
120 71 0.07193380498814755
120 65 0.009197362924876745
120 73 0.007832267775431556
120 67 0.17335755150078339
120 66 0.13097463780770885
120 72 0.009766811754169963
120 57 0.13221134594389122
120 94 0.2535159899816852
120 80 0.0781326255938539
120 81 0.0998312417108001
120 95 0.04028842148763395
120 56 0.11802642454947576
120 68 0.24427295090831413
120 54 0.03739522519689928
120 83 0.04008251756999484
120 82 0.02581900675247495
120 55 0.22838207996020077
120 69 0.14687202333386196
120 51 0.052239620391242886
120 79 0.043332929995711034
120 86 0.026814518525378
120 92 0.24873499518868397
120 93 0.22046987797526724
120 87 0.21388328511149216
120 78 0.18904216556885933
120 50 0.08952001926582709
120 52 0.006584104000967705
120 46 0.07641134265775595
120 91 0.22485615982733892
120 85 0.22088894307081353
120 84 0.08237064709991442
120 90 0.2241635214840507
120 47 0.09679884877008103
120 53 0.31673422007076135
134 76 0.08304741454248543
134 62 0.16462000415541636
134 89 0.05587653392364236
134 88 0.13345142753224798
134 63 0.06683426272780324
134 77 0.0868857551361727
134 49 0.29132645509439586
134 61 0.046360372796662414
134 75 0.2968493339141231
134 74 0.12159569561734361
134 60 0.04561162387174558
134 48 0.2622394388603244
134 64 0.06681769147375909
134 70 0.141105698093194
134 58 0.18666819284676248
134 59 0.03530274692361707
134 71 0.39368087179603206
134 65 0.036166655493022226
134 73 0.20211913660972433
134 67 0.26349519789735987
134 66 0.11874198136159052
134 72 0.048959926102992685
134 57 0.33229447729492473
134 94 0.18621781424531592
134 80 0.42730169232829385
134 81 0.1227428850072124
134 95 0.06619641360580422
134 56 0.13824221421375366
134 68 0.36929360483105506
134 54 0.09911451654856238
134 83 0.27684129968700366
134 82 0.06683571686454605
134 55 0.21299727369714583
134 69 0.17564249267917642
134 51 0.14352572459795285
134 79 0.07941213100772411
134 86 0.15946654297400448
134 92 0.16250360149772736
134 93 0.1591260133582348
134 87 0.19563737917164706
134 78 0.1681858989006215
134 50 0.18033582269185183
134 52 0.43669424029314796
134 46 0.19590074995915233
134 91 0.1703216191660928
134 85 0.1584999062433734
134 84 0.10399220055979062
134 90 0.16288501567095062
134 47 0.19205847821413122
134 53 0.35136958403739665
122 76 0.07687142533695614
122 62 0.12593540531339661
122 89 0.1174727353298234
122 88 0.2629488372717156
122 63 0.10267797809534042
122 77 0.07920092485804141
122 49 0.2556177654338614
122 61 0.05332992692913699
122 75 0.05034758186654972
122 74 0.10161541067279165
122 60 0.05797223629127948
122 48 0.12827023124242473
122 64 0.07582758627325284
122 70 0.19724818943342873
122 58 0.15664372887325756
122 59 0.05028805634324024
122 71 0.5544998290365128
122 65 0.04410055666335061
122 73 0.045814793359231665
122 67 0.4487867548573455
122 66 0.21294339966006753
122 72 0.04576868769747619
122 57 0.479979571773781
122 94 0.365630047775853
122 80 0.6048961484507668
122 81 0.1720741796987978
122 95 0.10455692671040014
122 56 0.1805292150592571
122 68 0.5531045525151563
122 54 0.082310044440132
122 83 0.28860067851763554
122 82 0.07217063317253228
122 55 0.12706201802508454
122 69 0.2963245918742623
122 51 0.1542686644923895
122 79 0.09524092387928294
122 86 0.24237853853552846
122 92 0.3520789543117425
122 93 0.3149290323994898
122 87 0.26326234784585206
122 78 0.3186221058350973
122 50 0.2630278085023988
122 52 0.04739000428978793
122 46 0.1394065718708321
122 91 0.3168413656570265
122 85 0.7256262154505307
122 84 0.07275039310963143
122 90 0.34014707930673616
122 47 0.11098120447202273
122 53 0.08040234605142571
136 76 0.03039526987086502
136 62 0.09804971963998753
136 89 0.02276223545088804
136 88 0.11752804302368762
136 63 0.030428544760303045
136 77 0.24588095137109056
136 49 0.13360184230331879
136 61 0.045054674959715185
136 75 0.008085618759781088
136 74 0.09295737794267056
136 60 0.006361156213698788
136 48 0.13635815917164823
136 64 0.02744184712151665
136 70 0.12371595770681507
136 58 0.12690241370663008
136 59 0.00903325796865831
136 71 0.03991779859338451
136 65 0.0
136 73 0.00745007102503964
136 67 0.10659630506205744
136 66 0.06938533453479559
136 72 0.039033881127248815
136 57 0.1749520038951915
136 94 0.16514873083482587
136 80 0.04389710795162036
136 81 0.27751864897829753
136 95 0.06826900869559063
136 56 0.1918776332063611
136 68 0.2717573369932383
136 54 0.07118742036059043
136 83 0.026702934926752325
136 82 0.025428824313788123
136 55 0.05591406529013379
136 69 0.09388138336000333
136 51 0.014016578637968818
136 79 0.32911817987051034
136 86 0.01888369207988208
136 92 0.16066411952847412
136 93 0.1482092287122388
136 87 0.13327324495606874
136 78 0.14230736544194644
136 50 0.026472062826438103
136 52 0.024929090692744932
136 46 0.15969253477451117
136 91 0.17220285873589075
136 85 0.1555783080703891
136 84 0.03771732413969836
136 90 0.15911800815112057
136 47 0.17837674227245612
136 53 0.037246145405797765
137 76 0.10021942223408542
137 62 0.13150554373138418
137 89 0.10690943405017456
137 88 0.2550275572233006
137 63 0.09067621030486077
137 77 0.07423685788600809
137 49 0.0797100526946259
137 61 0.06075878978332973
137 75 0.0494759127502529
137 74 0.07015510796791355
137 60 0.056438007178872124
137 48 0.07804323699685814
137 64 0.08310806929627654
137 70 0.20897134971733117
137 58 0.19049210654272067
137 59 0.07640987235472721
137 71 0.09161923246953087
137 65 0.04914192080062224
137 73 0.04999061450784861
137 67 0.23905390086515277
137 66 0.2870123106066534
137 72 0.05747582855650374
137 57 0.25956547245423023
137 94 0.320125069248997
137 80 0.0961955183571363
137 81 0.18507220871350144
137 95 0.09207858500432041
137 56 0.20128381533436163
137 68 0.4112499280075994
137 54 0.08981213451391011
137 83 0.0729864809652637
137 82 0.07881817339765868
137 55 0.12116352324799279
137 69 0.23163632449278604
137 51 0.05924084768723703
137 79 0.14634208161111367
137 86 0.06519724727980832
137 92 0.3259212408477882
137 93 0.2875792028499769
137 87 0.25210669663633906
137 78 0.23040313589106126
137 50 0.08078267839245515
137 52 0.06949328504752417
137 46 0.14424721091725864
137 91 0.2923189475214548
137 85 0.2862504434127521
137 84 0.05975891847169279
137 90 0.28925997905904444
137 47 0.11989837084937967
137 53 0.0703418600044872
123 76 0.07279640398716335
123 62 0.12007875909071014
123 89 0.09260969986325576
123 88 0.2391892467552068
123 63 0.08438086867526932
123 77 0.09291096442249064
123 49 0.2137736798757219
123 61 0.06064558356880803
123 75 0.05528366178984245
123 74 0.0861084206746166
123 60 0.061731737641101195
123 48 0.11905109050758113
123 64 0.07937482801502328
123 70 0.1815727134244498
123 58 0.17273396062966773
123 59 0.04582554735271546
123 71 0.4578830284530487
123 65 0.05078015764721652
123 73 0.05036562255522825
123 67 0.374779194607764
123 66 0.1917313183587905
123 72 0.05894477388887681
123 57 0.4548190785746835
123 94 0.6801232642626962
123 80 0.49792109390868056
123 81 0.15248521201604912
123 95 0.09863116496689653
123 56 0.19516247089675806
123 68 0.4770745120671731
123 54 0.0852182089293272
123 83 0.22838526808389972
123 82 0.08440671358701662
123 55 0.1121819784682765
123 69 0.25762188967380734
123 51 0.13510645134426247
123 79 0.08487778041190548
123 86 0.19422622673606854
123 92 0.310625790359792
123 93 0.28864869049291486
123 87 0.24762030068604657
123 78 0.3094158894666217
123 50 0.22116596821276938
123 52 0.05178482486317576
123 46 0.1290418927130719
123 91 0.3052627478208615
123 85 0.2786919653455663
123 84 0.0767652988463264
123 90 0.2892790375600769
123 47 0.12308083298020339
123 53 0.09320669139551087
127 76 0.17398479702674582
127 62 0.209181363175931
127 89 0.18179505548109992
127 88 0.42063641578175814
127 63 0.15550789723736744
127 77 0.19378731857770332
127 49 0.25041542051895854
127 61 0.10684582430028569
127 75 0.1011136621481926
127 74 0.16168347019463902
127 60 0.10587266212612073
127 48 0.17482797292709226
127 64 0.14599475367403672
127 70 0.33684470223998014
127 58 0.28490537346833894
127 59 0.11067701300717084
127 71 0.4507920785896929
127 65 0.08776528395298387
127 73 0.09664463777538317
127 67 0.4909605578037602
127 66 0.3353280760185189
127 72 0.14556205299690594
127 57 0.530852216701672
127 94 0.5330093541928068
127 80 0.4857098880882287
127 81 0.3352606539811237
127 95 0.19972249563478076
127 56 0.3606597826407192
127 68 0.7989441605663946
127 54 0.20963941861616442
127 83 0.15122242694791738
127 82 0.14279012598643603
127 55 0.21470167781109115
127 69 0.4007418215580836
127 51 0.29441582692103574
127 79 0.24367877166045673
127 86 0.22654952989543162
127 92 0.5223967996251749
127 93 0.4717925205270629
127 87 0.4906367618773464
127 78 0.3976560254802399
127 50 0.4145719775579715
127 52 0.11021321336691545
127 46 0.30750059707305877
127 91 0.4918291193132819
127 85 0.4587320573419222
127 84 0.12563952897280523
127 90 0.4690719154723079
127 47 0.2078310357658621
127 53 0.1398412193313728
133 76 0.024646492937394793
133 62 0.24092839479465644
133 89 0.039015623002451455
133 88 0.1467796965161448
133 63 0.061393091560430824
133 77 0.2450630079351685
133 49 0.3690971285904575
133 61 0.06382855865873531
133 75 0.022574755035415284
133 74 0.12491164668797405
133 60 0.024420277255402217
133 48 0.23526827456327148
133 64 0.05289938781163794
133 70 0.14919527797591353
133 58 0.16236823498368558
133 59 0.018762322574780832
133 71 0.276660157319932
133 65 0.018174756918637403
133 73 0.05521143378730922
133 67 0.24064663479442536
133 66 0.09270884520674721
133 72 0.025875739411477222
133 57 0.345583004208768
133 94 0.2181662053506654
133 80 0.3027567373492408
133 81 0.205598153330541
133 95 0.07651577626923758
133 56 0.18852738925512294
133 68 0.3455237271966195
133 54 0.10102902911346666
133 83 0.10548447083156831
133 82 0.15819296076849182
133 55 0.09434903202032784
133 69 0.11312846359550942
133 51 0.0709952437612258
133 79 0.3215105068146713
133 86 0.11496230397096051
133 92 0.20048887465758736
133 93 0.18823533993573505
133 87 0.1654954095864813
133 78 0.1639313881945495
133 50 0.12843773679185183
133 52 0.039721139458836624
133 46 0.11340897310393717
133 91 0.2120858599371844
133 85 0.20050486304181342
133 84 0.12081235135073125
133 90 0.20426572193309026
133 47 0.23583229690027793
133 53 0.3417807207118184
132 76 0.11556604810433733
132 62 0.1631184025154638
132 89 0.18966845014309494
132 88 0.4674641417535975
132 63 0.13291974575744808
132 77 0.17133878430802282
132 49 0.1146247362871233
132 61 0.07413574454363267
132 75 0.07371961867682479
132 74 0.12024328186442382
132 60 0.07212678528669622
132 48 0.11858595807615173
132 64 0.12959462980390232
132 70 0.34905842319345753
132 58 0.23661784785158
132 59 0.08232707866339314
132 71 0.12558452813676868
132 65 0.06047231655847515
132 73 0.07342681343710139
132 67 0.4167695139218678
132 66 0.3543757963412222
132 72 0.11478252139215116
132 57 0.33036193778253364
132 94 0.6800178783380686
132 80 0.13191629412338404
132 81 0.31883717359971064
132 95 0.16319114330658188
132 56 0.3876529689327596
132 68 0.6790734016943542
132 54 0.18438476445518967
132 83 0.24401654310354715
132 82 0.11317246930242869
132 55 0.19095612803772935
132 69 0.39704233357198665
132 51 0.08237917476915788
132 79 0.20496728422346988
132 86 0.08731425123327916
132 92 0.6880405642885176
132 93 0.5980971311710919
132 87 0.46664123008742003
132 78 0.39791531861285856
132 50 0.10461172976112063
132 52 0.12157269719114266
132 46 0.3871083784634511
132 91 0.5957580960871582
132 85 0.5834277403606389
132 84 0.11987540919022467
132 90 0.5918267677768416
132 47 0.1975337858947863
132 53 0.11376737540237707
126 76 0.0693333039507073
126 62 0.11043440409487394
126 89 0.10249396279916492
126 88 0.2724103163608038
126 63 0.07452840853161759
126 77 0.06789173283813196
126 49 0.17934896321435367
126 61 0.0458952579933814
126 75 0.03758476502075797
126 74 0.08354279986847801
126 60 0.04895617129936661
126 48 0.09523965759789846
126 64 0.06667378269231332
126 70 0.1936235463377401
126 58 0.14691760690017236
126 59 0.03807095312305209
126 71 0.38673321315623177
126 65 0.0353252879145049
126 73 0.03446390391670756
126 67 0.3932346983813222
126 66 0.20954599262847087
126 72 0.0412185758673069
126 57 0.38373143335959325
126 94 0.5016646029236341
126 80 0.42136146411211894
126 81 0.1562083510273901
126 95 0.08874047153025756
126 56 0.1751684706878599
126 68 0.4838554181302052
126 54 0.07160737941593813
126 83 0.3135908702687523
126 82 0.060810435161802914
126 55 0.10652355259353276
126 69 0.30322371049563934
126 51 0.10804306860227403
126 79 0.0832781932387805
126 86 0.1607382578125666
126 92 0.49486773961404146
126 93 0.4405772525782855
126 87 0.2979611638368277
126 78 0.33197377144277745
126 50 0.1854019785256631
126 52 0.03627083231241088
126 46 0.12501472270742686
126 91 0.4328536856342544
126 85 0.4325994176499061
126 84 0.04710303564441817
126 90 0.7661307698363594
126 47 0.09918926833634592
126 53 0.06613196285541148
118 76 0.11163588521371547
118 62 0.2602934713471736
118 89 0.0696424082834584
118 88 0.1599805947810547
118 63 0.11102993533300205
118 77 0.08976368396583143
118 49 0.33291791950939187
118 61 0.05216085215254884
118 75 0.052927847155185836
118 74 0.14554157672174653
118 60 0.05142458100319905
118 48 0.19657193626505054
118 64 0.08185065772371532
118 70 0.18921261973387357
118 58 0.4686146520468757
118 59 0.13806005046823727
118 71 0.2598988297774007
118 65 0.04079990677331008
118 73 0.07302849196833926
118 67 0.2402461238612004
118 66 0.12822563251939578
118 72 0.056493571510254886
118 57 0.4034261512241666
118 94 0.1883157528419008
118 80 0.28085725335655853
118 81 0.31801520032113795
118 95 0.08376602382945056
118 56 0.3086750344254646
118 68 0.3662734226873392
118 54 0.08928304006291128
118 83 0.19166388816316737
118 82 0.09165247402474018
118 55 0.18630761898577589
118 69 0.21568894549996454
118 51 0.16626019187920876
118 79 0.1971526906758207
118 86 0.12466456592442515
118 92 0.17492626973584352
118 93 0.17096547846307997
118 87 0.21986388365204823
118 78 0.16703273475655134
118 50 0.2810027649529858
118 52 0.07100127422107724
118 46 0.23466351822585343
118 91 0.18623978876485695
118 85 0.1615831508706551
118 84 0.1549915742359395
118 90 0.16705838303633389
118 47 0.33176447213355187
118 53 0.2862759256521848
130 76 0.03111979340987478
130 62 0.08421236674232084
130 89 0.08638822548293476
130 88 0.24298243741513154
130 63 0.057466022413725254
130 77 0.054004274751449644
130 49 0.04752430771889293
130 61 0.024143218999002347
130 75 0.023533128953408394
130 74 0.04116372071512808
130 60 0.02389660525531459
130 48 0.04827299586968256
130 64 0.05495199221608019
130 70 0.18379866729599023
130 58 0.13809909593706507
130 59 0.0270439827036191
130 71 0.06131534405054684
130 65 0.01694797202262277
130 73 0.02251880409078133
130 67 0.21874777897926745
130 66 0.17905281612552318
130 72 0.026093727973351633
130 57 0.16046957571131953
130 94 0.32514315254208703
130 80 0.06580167185738929
130 81 0.16435459348421677
130 95 0.06354384699616546
130 56 0.20787796408278317
130 68 0.33298415919127833
130 54 0.10802666829238722
130 83 0.18643540734676314
130 82 0.042078670970868204
130 55 0.09997874842089803
130 69 0.19780990063562084
130 51 0.028836129118719606
130 79 0.0962664790544741
130 86 0.032992650687792446
130 92 0.3268605726970566
130 93 0.28310605722061927
130 87 0.248859839842824
130 78 0.19454874514162648
130 50 0.043563360139589086
130 52 0.04295348941841706
130 46 0.26204866864905896
130 91 0.28547006666257724
130 85 0.28469864172750636
130 84 0.06639273259263638
130 90 0.28749616819948454
130 47 0.08886538668016174
130 53 0.04302085098451561
124 76 0.06207499497024667
124 62 0.10518360823586873
124 89 0.09910444879065113
124 88 0.2712677380931307
124 63 0.07174340964191164
124 77 0.06715024754194339
124 49 0.16496426658165336
124 61 0.03934873879433354
124 75 0.039343079811162335
124 74 0.08419679924733194
124 60 0.041551406755096415
124 48 0.09471219115858945
124 64 0.06734057003418983
124 70 0.19087741969428718
124 58 0.14263724194019778
124 59 0.035307864886974655
124 71 0.3474762361662751
124 65 0.027265683728508516
124 73 0.035049426365127145
124 67 0.3653846472019658
124 66 0.19898369166173707
124 72 0.039748294729048284
124 57 0.3542983147255925
124 94 0.36326673015867317
124 80 0.3784330880357119
124 81 0.1565848526419732
124 95 0.09892889206352727
124 56 0.16736020997977497
124 68 0.4579485508572386
124 54 0.07436268718143724
124 83 0.2839177167016252
124 82 0.06282824392631628
124 55 0.10091715397353151
124 69 0.28249092108194984
124 51 0.10469130293123083
124 79 0.08265817986041084
124 86 0.1504682698259366
124 92 0.3516848176012328
124 93 0.3136144261008771
124 87 0.2735065488116212
124 78 0.30789254869698685
124 50 0.1703602028080308
124 52 0.03783333022525087
124 46 0.1314144484582132
124 91 0.9265969619685644
124 85 0.30575450540013094
124 84 0.05399966796533326
124 90 0.3132992863472762
124 47 0.10774723196135598
124 53 0.06512091845432627
125 76 0.08001961196926788
125 62 0.12510149207227791
125 89 0.11908071002570245
125 88 0.29764353236106694
125 63 0.08346013422156796
125 77 0.06627587594820325
125 49 0.1816765765995181
125 61 0.05122631382317552
125 75 0.049001137125174815
125 74 0.09087450153284542
125 60 0.054872406382207306
125 48 0.10586713014656512
125 64 0.07785563913667948
125 70 0.20412668520203953
125 58 0.16029602779402466
125 59 0.045726955950879056
125 71 0.3723430836338205
125 65 0.04907710169474866
125 73 0.04755246758363349
125 67 0.45351159102825095
125 66 0.22136758735709228
125 72 0.04628552246894538
125 57 0.3923858452477892
125 94 0.3861089262912252
125 80 0.4056575230097091
125 81 0.17047385031464596
125 95 0.10505027938105091
125 56 0.32299887437535296
125 68 0.6142064658873732
125 54 0.08464715602147935
125 83 0.31683489604282167
125 82 0.0667481769289182
125 55 0.12494086744344302
125 69 0.31150678450877556
125 51 0.11438522503041268
125 79 0.09526931053502696
125 86 0.16891882788884902
125 92 0.3807117034559952
125 93 0.3446535657544592
125 87 0.28621781470859287
125 78 0.3359650867745395
125 50 0.18726438751021024
125 52 0.04142535572408937
125 46 0.13827193802554996
125 91 0.3487298082127395
125 85 0.333810225424443
125 84 0.05966372181572996
125 90 0.3393632893826469
125 47 0.11141337691693032
125 53 0.06968120007507678
131 76 0.0748122264345539
131 62 0.18752550467072823
131 89 0.1714430401345399
131 88 0.5261764793625869
131 63 0.14256756997287795
131 77 0.07868820961944288
131 49 0.0971204509225059
131 61 0.067082586054234
131 75 0.0656690759163781
131 74 0.10152929714079112
131 60 0.06834400727161376
131 48 0.10864620593583495
131 64 0.1322291064076014
131 70 0.37718249403156323
131 58 0.5768403180578934
131 59 0.1492712287271113
131 71 0.12160377810477922
131 65 0.06651869701017721
131 73 0.06458712902964595
131 67 0.3875572657041604
131 66 0.31097869101441855
131 72 0.07134812750115278
131 57 0.4657649274393855
131 94 0.5446674319702272
131 80 0.12722802813333392
131 81 0.3321810835509168
131 95 0.12912262971506394
131 56 0.22650103663593796
131 68 0.6064011732211907
131 54 0.184445830163061
131 83 0.09102870193307544
131 82 0.10659333545777043
131 55 0.19560073913624731
131 69 0.4212992012817467
131 51 0.07417845688002037
131 79 0.15306279115585608
131 86 0.0808549102468458
131 92 0.5509782595445942
131 93 0.4794118677004027
131 87 0.4473749933489083
131 78 0.36251123231783955
131 50 0.09782955671573802
131 52 0.05876715121658532
131 46 0.2381799259807596
131 91 0.48069589074294733
131 85 0.4712388007024878
131 84 0.08239385372511734
131 90 0.4785205162768941
131 47 0.17885028293257116
131 53 0.07875973426967708
119 76 0.05844596886305986
119 62 0.1687183769101075
119 89 0.06311760776207472
119 88 0.16220055009240442
119 63 0.05750819948314814
119 77 0.24515699427365473
119 49 0.09859769499570675
119 61 0.07710496252153277
119 75 0.05174948670886706
119 74 0.13060658353993582
119 60 0.04151233828923728
119 48 0.08640770552929845
119 64 0.06453058327312389
119 70 0.22286479830275413
119 58 0.5185607866498687
119 59 0.08803819586938345
119 71 0.07119030834663398
119 65 0.03130796683685491
119 73 0.04910074025020228
119 67 0.16417210618661138
119 66 0.11651048572417823
119 72 0.05289344758271089
119 57 0.24978235161754414
119 94 0.20840361384179024
119 80 0.07499004932397442
119 81 0.17981605675454368
119 95 0.0965571477741293
119 56 0.1531671881024575
119 68 0.30177789015158496
119 54 0.06966415344213692
119 83 0.07799441573410396
119 82 0.06128876607564142
119 55 0.1556928227749522
119 69 0.19700420629616638
119 51 0.051236966226451325
119 79 0.2608395635255393
119 86 0.05233814770034301
119 92 0.2076101231191299
119 93 0.19404371997560382
119 87 0.17838168459383333
119 78 0.19028315148137687
119 50 0.061609467664485246
119 52 0.08709537652202624
119 46 0.12550714223514317
119 91 0.22038668252204832
119 85 0.20438539413494602
119 84 0.07940162465687067
119 90 0.20751446787350075
119 47 0.08498584517305267
119 53 0.07889000349403896
