114 76 0.14663478734167235
114 62 0.16745252321969673
114 89 0.08256263124600204
114 88 0.25840483936285763
114 63 0.12437135781118813
114 77 0.019096383603121325
114 49 0.051999322171653484
114 61 0.00524457124079325
114 75 0.04345626442280574
114 74 0.23174198609128702
114 60 0.03229244724875657
114 48 0.08136980832914525
114 64 0.11931954159886876
114 70 0.2531346304617493
114 58 0.4421214236965111
114 59 0.09648853175513236
114 71 0.06762924763193771
114 65 0.016540339024034734
114 73 0.034666377844066995
114 67 0.25021001640516627
114 66 0.19988601143244372
114 72 0.09732718463535978
114 57 0.2586537765412209
114 94 0.32547206135140494
114 80 0.07382957359510242
114 81 0.21159500211990268
114 95 0.07348519494465966
114 56 0.15845570185805247
114 68 0.44859509736763736
114 54 0.14194997656722033
114 83 0.03872037452216971
114 82 0.05687947269065376
114 55 0.15513921699325017
114 69 0.304462089147803
114 51 0.03196560863414086
114 79 0.07023606062407092
114 86 0.03634895008376478
114 92 0.34246111705026994
114 93 0.2909555041684416
114 87 0.21609284950288152
114 78 0.26543834858800275
114 50 0.06971532837857053
114 52 0.027737663755367986
114 46 0.17310016848210633
114 91 0.28079765099406306
114 85 0.28385604038803086
114 84 0.0138242448839207
114 90 0.2869462414514262
114 47 0.1630390259810131
114 53 0.059636975602187184
100 76 0.052963385687325074
100 62 0.06668746970216496
100 89 0.05070253155236444
100 88 0.1594964404692254
100 63 0.261706163405916
100 77 0.02123375149109162
100 49 0.20511548612292152
100 61 0.026847408700791817
100 75 0.036858696411355404
100 74 0.05899657551958322
100 60 0.02962318852728127
100 48 0.09133007440989593
100 64 0.105994259032064
100 70 0.15534263116774194
100 58 0.1857134997647217
100 59 0.04294498128416584
100 71 0.4583026967772206
100 65 0.032139928358080896
100 73 0.0024209342986999255
100 67 0.208077529366869
100 66 0.13597388321918552
100 72 0.014239007060243877
100 57 0.2579255261884035
100 94 0.22113367609896586
100 80 0.4885556433357421
100 81 0.11454382733210847
100 95 0.05514992563391927
100 56 0.10962148387925869
100 68 0.3124470858536652
100 54 0.07574984429557066
100 83 0.05762154974729468
100 82 0.04004912514984134
100 55 0.2342455711871509
100 69 0.1900751231464981
100 51 0.12504786309545704
100 79 0.045870577519031966
100 86 0.20745601652120244
100 92 0.22053191910209205
100 93 0.19352643898091498
100 87 0.1419558824503482
100 78 0.1758097962388391
100 50 0.23859956418624467
100 52 0.018707490513299688
100 46 0.12167993321597632
100 91 0.1989829546448712
100 85 0.189249557671128
100 84 0.03839408951317565
100 90 0.19811461766818864
100 47 0.09905941306766625
100 53 0.024595254530673114
128 76 0.08597309939345041
128 62 0.0834262152961242
128 89 0.1421909643550088
128 88 0.29461131195105433
128 63 0.12101858014781353
128 77 0.058368527163190756
128 49 0.05139220697017391
128 61 0.05726900158157937
128 75 0.040898402022310765
128 74 0.02987700846785586
128 60 0.0505007697047337
128 48 0.0822920757092272
128 64 0.11147512294780179
128 70 0.22930537844803228
128 58 0.18645319608933392
128 59 0.05433377979911529
128 71 0.07981775048847309
128 65 0.01380720561301349
128 73 0.06691282614398134
128 67 0.28063807198501206
128 66 0.21918919514482604
128 72 0.07727062489386352
128 57 0.23351539462070423
128 94 0.4422611444981631
128 80 0.08774918889748105
128 81 0.2187968994539501
128 95 0.14954903690782756
128 56 0.23406287697478617
128 68 0.5224645340547113
128 54 0.13137313085748906
128 83 0.03124511625410123
128 82 0.06075011402735507
128 55 0.122070059697156
128 69 0.2670247107719741
128 51 0.0770117710057929
128 79 0.14807325969865637
128 86 0.031537108023676874
128 92 0.45355619653250034
128 93 0.3842283119548978
128 87 0.35349071361948814
128 78 0.2616037108080116
128 50 0.10037949883174983
128 52 0.11276924894948656
128 46 0.16353089203692014
128 91 0.3210554339000022
128 85 0.38757040381934516
128 84 0.04019909786473201
128 90 0.3940325985915827
128 47 0.16827090114583557
128 53 0.02127188262045321
129 76 0.04666093217002164
129 62 0.19616342454051244
129 89 0.15240858038290842
129 88 0.4978946932021274
129 63 0.28507937616019874
129 77 0.04155350099004894
129 49 0.12302138187208168
129 61 0.05210993031979967
129 75 0.015055029160707847
129 74 0.10985894106622834
129 60 0.008719354041824945
129 48 0.20454617773457212
129 64 0.26299907349004703
129 70 0.4525149435834135
129 58 0.542226458490465
129 59 0.04481656016159784
129 71 0.17997557597519642
129 65 0.06458795949715102
129 73 0.02491364184827173
129 67 0.49340245081200595
129 66 0.38426243468974197
129 72 0.03417313074212801
129 57 0.5294811241111499
129 94 0.6278370387750303
129 80 0.1977707586715195
129 81 0.3754621513755586
129 95 0.1127331644095433
129 56 0.31565212905503603
129 68 0.8425114264280349
129 54 0.31154505784823694
129 83 0.05960679816604415
129 82 0.3220889533608555
129 55 0.24443663746757294
129 69 0.5290443735343098
129 51 0.05670498353282884
129 79 0.1538788327494589
129 86 0.06326187438070903
129 92 0.6602520504147485
129 93 0.5557884201360005
129 87 0.41246552017432814
129 78 0.47193352963231083
129 50 0.08939557262245025
129 52 0.04070622804859163
129 46 0.3513521890109269
129 91 0.5416412140261686
129 85 0.5474670894968783
129 84 0.06255463898712596
129 90 0.5535252056083082
129 47 0.3979410137057837
129 53 0.08033895964860102
101 76 0.026313186654927934
101 62 0.09817490790872825
101 89 0.09952967852096616
101 88 0.11874968188761618
101 63 0.03511526924065245
101 77 0.10809018936446907
101 49 0.10793593728456508
101 61 0.051466950146431614
101 75 0.033016207167910414
101 74 0.01497214480227295
101 60 0.030139398564133876
101 48 0.0507146798627653
101 64 0.034078269870267824
101 70 0.12518986805724844
101 58 0.11266874310547766
101 59 0.053626719191086705
101 71 0.16884625280534382
101 65 0.045735617012919255
101 73 0.05134445272118433
101 67 0.14730267848662273
101 66 0.12199691616480071
101 72 0.011488248643863372
101 57 0.17661949341656336
101 94 0.16748142719600623
101 80 0.19361045370179053
101 81 0.10853789821058743
101 95 0.026095186922634808
101 56 0.12592854690889727
101 68 0.2539947946207279
101 54 0.035993971341562916
101 83 0.02843248012711483
101 82 0.07009144334026243
101 55 0.06135146105126377
101 69 0.15303533296391555
101 51 0.08629781949186222
101 79 0.14139025168755776
101 86 0.11790904184898653
101 92 0.1710976733237512
101 93 0.1467799587303756
101 87 0.11573593374284113
101 78 0.1565304110313857
101 50 0.11987133644009593
101 52 0.009299598677005347
101 46 0.08904697694818474
101 91 0.1627357927819287
101 85 0.144664067345256
101 84 0.06469056302773074
101 90 0.14926379711710974
101 47 0.05929706721978939
101 53 0.01095573601955313
115 76 0.01625800306580666
115 62 0.03151653776275183
115 89 0.07013760176569098
115 88 0.0900073240428251
115 63 0.03974063927203898
115 77 0.03264283482165943
115 49 0.024738298465110498
115 61 0.03646364478887229
115 75 0.051851796327430824
115 74 0.1763728617850214
115 60 0.029998601535649913
115 48 0.0248840573330565
115 64 0.12584174597440118
115 70 0.08467405401840733
115 58 0.041106887445040846
115 59 0.052964311551680215
115 71 0.047370737722648576
115 65 0.009185181685872623
115 73 0.0015578056569366117
115 67 0.10643427611707104
115 66 0.21498102888182108
115 72 0.16585372227814438
115 57 0.07873267200403097
115 94 0.12806698599116798
115 80 0.044645655192114234
115 81 0.05182294987629672
115 95 0.062222911121814245
115 56 0.23440854157701865
115 68 0.1719518198305928
115 54 0.0722476801315827
115 83 0.1526928290166018
115 82 0.06096508564442592
115 55 0.12749140189357108
115 69 0.0944896877779094
115 51 0.08400345184785854
115 79 0.048455402638125644
115 86 0.06113139970459462
115 92 0.13275081938077918
115 93 0.11570944251070336
115 87 0.08453316329232641
115 78 0.10040950115569891
115 50 0.022195807404471565
115 52 0.8893413782998372
115 46 0.5565727703176281
115 91 0.11414431510354088
115 85 0.1136898534950479
115 84 0.008997363073180317
115 90 0.11961349164314665
115 47 0.31767378596974166
115 53 0.2722314876651119
103 76 0.041733727414510535
103 62 0.14809997538824346
103 89 0.07087518561398426
103 88 0.21629907763292303
103 63 0.06877670057399637
103 77 0.06903439063993425
103 49 0.04098719543006299
103 61 0.04435956511925776
103 75 0.048986561774951504
103 74 0.039704779643620805
103 60 0.016777296654008747
103 48 0.05427749678313365
103 64 0.0635635642265408
103 70 0.2566961423595218
103 58 0.759724209464827
103 59 0.06244229850581778
103 71 0.07145269861587439
103 65 0.06279405190118538
103 73 0.057022034575134536
103 67 0.2530845525475601
103 66 0.24064428562528523
103 72 0.04410053149360536
103 57 0.280378003690663
103 94 0.2922194435024291
103 80 0.07841198035784949
103 81 0.17950042620830575
103 95 0.059653981975734294
103 56 0.16187477673487521
103 68 0.47513630744906366
103 54 0.07601133939871872
103 83 0.03906827939427264
103 82 0.09423909657307594
103 55 0.11592511519197773
103 69 0.30845837424905104
103 51 0.018290995842106125
103 79 0.0688070724500926
103 86 0.024347677041170704
103 92 0.30251258512698154
103 93 0.258922351637625
103 87 0.2004340052695576
103 78 0.2780864113384181
103 50 0.0392869183489572
103 52 0.030918074054080785
103 46 0.11187904848837998
103 91 0.2632021070029554
103 85 0.25409928361025713
103 84 0.06943756555405614
103 90 0.260569385977353
103 47 0.11618797559757052
103 53 0.04935756512275229
117 76 0.2141535174831331
117 62 0.2336087251338266
117 89 0.03812274895679314
117 88 0.11908189385487127
117 63 0.058481987039643885
117 77 0.38437612365629337
117 49 0.22026406757946057
117 61 0.0864303254673136
117 75 0.6744200335889546
117 74 0.4279529131218831
117 60 0.03460535074089202
117 48 0.45201233391482265
117 64 0.14047931186861032
117 70 0.16839838948887548
117 58 0.6335469683142267
117 59 0.03508818609705648
117 71 0.05786731249945373
117 65 0.024863521027299967
117 73 0.5099202400688202
117 67 0.11594289678183842
117 66 0.08842167455139022
117 72 0.14371154817000387
117 57 0.18044903869454904
117 94 0.1573642872344233
117 80 0.05598655944971481
117 81 0.1766456441419972
117 95 0.15078084317084314
117 56 0.2259125940302305
117 68 0.22099542222887997
117 54 0.07592090919236781
117 83 0.722717899403109
117 82 0.0727436121093253
117 55 0.0811898601228517
117 69 0.2268017339195415
117 51 0.146969687839095
117 79 0.4113191888205089
117 86 0.010478302694672523
117 92 0.15753201382978574
117 93 0.14107396956178345
117 87 0.24053681923866368
117 78 0.2621211560629815
117 50 0.015815298036605974
117 52 0.05447373138447517
117 46 0.34085418332036954
117 91 0.17351728073714562
117 85 0.15741327659925372
117 84 0.08801597070374595
117 90 0.17442939377838915
117 47 0.07748969043697265
117 53 0.04272668257947429
116 76 0.043804764487504366
116 62 0.18264508870108961
116 89 0.09368589001265859
116 88 0.2895917791911372
116 63 0.12505989562228562
116 77 0.027991238672800622
116 49 0.04731786661922219
116 61 0.11335433234117165
116 75 0.04379733798385867
116 74 0.03451835131003708
116 60 0.041092924088362806
116 48 0.08384145731379528
116 64 0.11690723289297944
116 70 0.40070784491291844
116 58 0.789914341761172
116 59 0.10854660350711909
116 71 0.0750356878541708
116 65 0.041130388486606204
116 73 0.033331944145830864
116 67 0.29955369357311024
116 66 0.2505769461103291
116 72 0.04702639893415557
116 57 0.4340241932722133
116 94 0.3754722519181879
116 80 0.08210425261936262
116 81 0.283847885820266
116 95 0.056006031244079574
116 56 0.2844723849069565
116 68 0.5379075903994827
116 54 0.13810620272413093
116 83 0.2746814158297287
116 82 0.45451995657257094
116 55 0.14269368702368745
116 69 0.35181742172633157
116 51 0.01850219034974457
116 79 0.0864255707453507
116 86 0.04998327351825217
116 92 0.39506310475958284
116 93 0.33417953024900376
116 87 0.2529532444520865
116 78 0.3206660555884413
116 50 0.05434688624209742
116 52 0.0036051829256814882
116 46 0.296958747771903
116 91 0.3258534498564756
116 85 0.32765113971807447
116 84 0.12261845218810251
116 90 0.33121811709157495
116 47 0.1740749153645501
116 53 0.02069975570777499
102 76 0.05131406163837632
102 62 0.08679852725526377
102 89 0.06220924817131862
102 88 0.07208565010442106
102 63 0.05981174713085015
102 77 0.05194916929437586
102 49 0.039848483204577
102 61 0.02170320576333512
102 75 0.03633933076104408
102 74 0.016452613205559408
102 60 0.05346678999948139
102 48 0.02813992773215372
102 64 0.03130739052826183
102 70 0.13333309261074544
102 58 0.3885823351809451
102 59 0.06208645007413727
102 71 0.05000377941491757
102 65 0.009290342718018263
102 73 0.030985607446508245
102 67 0.08472035364631042
102 66 0.05434351654042059
102 72 0.06290375719261601
102 57 0.13241120845160895
102 94 0.09366014990901375
102 80 0.05342238881483906
102 81 0.07815095672420931
102 95 0.015176497576604081
102 56 0.05373625675768212
102 68 0.17170066702491718
102 54 0.03755664554579584
102 83 0.06398584966591908
102 82 0.01943065514549533
102 55 0.051191370461886446
102 69 0.11934868863100129
102 51 0.026994606070825905
102 79 0.043570796198005385
102 86 0.05631010141960098
102 92 0.09538533377757533
102 93 0.08081012339637539
102 87 0.05950270738012918
102 78 0.08751564315873883
102 50 0.0355402426170249
102 52 0.030030350954855886
102 46 0.04653232263856828
102 91 0.07988746175419525
102 85 0.08108807207849406
102 84 0.018673007220609994
102 90 0.07954911803591426
102 47 0.07769492008217335
102 53 0.046127499599093
106 76 0.06711553800388073
106 62 0.05998662749984314
106 89 0.04756841692470348
106 88 0.1428296725713177
106 63 0.05010907281346695
106 77 0.01308056616878539
106 49 0.049927189826161594
106 61 0.0494289134918339
106 75 0.021922691288507865
106 74 0.026490687030034862
106 60 0.04728400591903352
106 48 0.05295722274945869
106 64 0.047709908836511106
106 70 0.16085071860015315
106 58 0.41587932196814414
106 59 0.0446237054267392
106 71 0.05470744125999377
106 65 0.02502687023951751
106 73 0.026808379465502324
106 67 0.1578377797039549
106 66 0.13086112416584644
106 72 0.16287037294815623
106 57 0.164152205238975
106 94 0.18496281706991735
106 80 0.05077560197081335
106 81 0.11124063918652122
106 95 0.08465620107998145
106 56 0.09988807752813847
106 68 0.2935687905986647
106 54 0.056899004595854036
106 83 0.028844292196140528
106 82 0.03509937142088941
106 55 0.13252784389471614
106 69 0.1974625084207523
106 51 0.052829040363129603
106 79 0.060968334277516606
106 86 0.058690509717574335
106 92 0.195248697035785
106 93 0.16547466719927806
106 87 0.12960066733225353
106 78 0.18056087377411675
106 50 0.019501208335167455
106 52 0.05856485335088818
106 46 0.07716607532876993
106 91 0.16135343350630552
106 85 0.16125067399144175
106 84 0.026337089558441912
106 90 0.16281464952685654
106 47 0.10135278243863105
106 53 0.06213880280206355
112 76 0.038540095236356486
112 62 0.12299112776772476
112 89 0.07540464382392639
112 88 0.22360884559669367
112 63 0.07780532246441269
112 77 0.026409735097824683
112 49 0.030275146718178686
112 61 0.03305062908789118
112 75 0.03918202944521931
112 74 0.028142116707509365
112 60 0.037778775682893534
112 48 0.054212128196801504
112 64 0.07564829494960026
112 70 0.26085800308620416
112 58 0.4891736476362628
112 59 0.05958102204694701
112 71 0.058399093156443635
112 65 0.050645093828730045
112 73 0.025597717391972072
112 67 0.245258068694297
112 66 0.19798085282466962
112 72 0.02185021978085183
112 57 0.27474320141753905
112 94 0.28541310080939086
112 80 0.06354890421261077
112 81 0.18615349584616708
112 95 0.04349260223923039
112 56 0.15474961967632955
112 68 0.46766512177284614
112 54 0.09070450706281079
112 83 0.06517760630240496
112 82 0.05282708475583142
112 55 0.25085496923801665
112 69 0.3244501543720206
112 51 0.031199585056337353
112 79 0.06606772131556857
112 86 0.05050555890140232
112 92 0.30126828125650096
112 93 0.2569085418911875
112 87 0.19918335487957095
112 78 0.28456285008594306
112 50 0.027555944288897738
112 52 0.045137972451285424
112 46 0.12176534923465815
112 91 0.24961204662489822
112 85 0.2488806145184517
112 84 0.011048230984203794
112 90 0.25129158623363135
112 47 0.11789375637378685
112 53 0.034419202609654004
113 76 0.049123213104284164
113 62 0.1484010169235866
113 89 0.1263736174983833
113 88 0.4010354337254556
113 63 0.19363517503607147
113 77 0.10900755598269105
113 49 0.0742645547498968
113 61 0.055852756268080464
113 75 0.037754135249939494
113 74 0.04758657265324234
113 60 0.014439257643757364
113 48 0.12997369010214885
113 64 0.18256754093761945
113 70 0.38182694570462195
113 58 0.42858339865804307
113 59 0.0624767973937648
113 71 0.11717573678396846
113 65 0.03494731615697856
113 73 0.047094744618057946
113 67 0.4059735048300842
113 66 0.3289276354782137
113 72 0.05413443904929864
113 57 0.39411227795964854
113 94 0.5163064420109379
113 80 0.12847907606264092
113 81 0.30460835045073165
113 95 0.1391689631968168
113 56 0.33258645240565365
113 68 0.7034964750433362
113 54 0.21585515807827937
113 83 0.21799251047384027
113 82 0.10901988783638494
113 55 0.19051588631168198
113 69 0.45017903604290654
113 51 0.029937293271847937
113 79 0.1337065115572457
113 86 0.039880142497566634
113 92 0.5418144096850581
113 93 0.4580551352090694
113 87 0.3445514217822194
113 78 0.413902810829446
113 50 0.07207381266636671
113 52 0.0455021866500204
113 46 0.2760275091300576
113 91 0.4480363075360586
113 85 0.4503266464167224
113 84 0.1026772189393948
113 90 0.45604558440534493
113 47 0.2619997780574844
113 53 0.031807802825865
107 76 0.04156708264404556
107 62 0.10770186310293017
107 89 0.03575263010145979
107 88 0.12252209091802653
107 63 0.042070930367103784
107 77 0.012580118366286336
107 49 0.0497434845139136
107 61 0.02345155834043061
107 75 0.01283177191536293
107 74 0.006140940391167207
107 60 0.05303769320954543
107 48 0.027919111975723873
107 64 0.04510797358065294
107 70 0.04625980452928409
107 58 0.004668494498668879
107 59 0.03463841134100741
107 71 0.027738668392283172
107 65 0.028191789894960365
107 73 0.04063037555934773
107 67 0.10988329964096732
107 66 0.1744678873685088
107 72 0.005265205389932512
107 57 0.08899093287110091
107 94 0.06754546432146852
107 80 0.031671937982464135
107 81 0.023392038405464152
107 95 0.05245465325758736
107 56 0.6369791177585941
107 68 0.4436121807803869
107 54 0.01946414935444772
107 83 0.07721669458928475
107 82 0.012663219994215977
107 55 0.07568502454522413
107 69 0.05449525440985152
107 51 0.00765389903069745
107 79 0.04278077058583728
107 86 0.036929042328691764
107 92 0.06816777873853079
107 93 0.07258176966375965
107 87 0.06373054808446849
107 78 0.06610775279303754
107 50 0.037792825219611706
107 52 0.0016615303822149208
107 46 0.05345161849623421
107 91 0.06387955747400687
107 85 0.05850674015405097
107 84 0.026847809071758225
107 90 0.06120606510449424
107 47 0.013831708027380013
107 53 0.008548283568260928
139 76 0.14051714352887593
139 62 0.04718891273646689
139 89 0.06731561956447266
139 88 0.18353857716976277
139 63 0.05603355016079212
139 77 0.029212589974642086
139 49 0.040286392606271995
139 61 0.11754127937450554
139 75 0.025957738842021322
139 74 0.10089893687094206
139 60 0.046814961238645175
139 48 0.03676182484874253
139 64 0.04957108272388977
139 70 0.1444849020673773
139 58 0.09520632383503835
139 59 0.09836388521912606
139 71 0.050576234966999103
139 65 0.04258860328792333
139 73 0.021258514153141048
139 67 0.17185426482658894
139 66 0.28376389919458
139 72 0.03229774621078879
139 57 0.17025774607195163
139 94 0.25266463076495754
139 80 0.05569312045354728
139 81 0.0922184808118403
139 95 0.032088571718089307
139 56 0.10131884594852525
139 68 0.28912132248804245
139 54 0.07040150976312795
139 83 0.04156193366663295
139 82 0.06920300301799008
139 55 0.06220605366960312
139 69 0.16603358530310278
139 51 0.04682683956129108
139 79 0.08634523045305476
139 86 0.060058801601291095
139 92 0.2633557029364991
139 93 0.23592624387273037
139 87 0.14781380764087348
139 78 0.17192227535202634
139 50 0.05610276272188171
139 52 0.09518225765702297
139 46 0.10803369420190187
139 91 0.20265012233752328
139 85 0.23540184731038288
139 84 0.027012897030035676
139 90 0.22972991435229662
139 47 0.0795315721523458
139 53 0.026700869401304034
111 76 0.0851162392004314
111 62 0.17057791356041105
111 89 0.15305504685424517
111 88 0.4607040989461729
111 63 0.15842144884852263
111 77 0.04650670048810017
111 49 0.058551177650950886
111 61 0.021419240186179273
111 75 0.05318650208478706
111 74 0.055803836729660355
111 60 0.038841448886275706
111 48 0.11102354052687496
111 64 0.15149890055387435
111 70 0.49015225140146124
111 58 0.5627633405260485
111 59 0.15405259442440938
111 71 0.09168482022602453
111 65 0.04473006069089869
111 73 0.04669140282332965
111 67 0.5005854393734956
111 66 0.43073401736759553
111 72 0.042587797462402904
111 57 0.4764244448565015
111 94 0.6043188410653286
111 80 0.10004468879688522
111 81 0.34855891934299166
111 95 0.09047281766760501
111 56 0.32018688907919807
111 68 0.9046996684241458
111 54 0.1811972145814893
111 83 0.05596650417598957
111 82 0.10867928687802036
111 55 0.2592036080709983
111 69 0.5963170596628808
111 51 0.037859854331359105
111 79 0.1474454286845276
111 86 0.029141887379560194
111 92 0.6366828436539509
111 93 0.5376855389733498
111 87 0.4211673350045141
111 78 0.5696614973523473
111 50 0.08272762502116976
111 52 0.04580722904320832
111 46 0.24845504269034033
111 91 0.5268513605547582
111 85 0.5274446523001097
111 84 0.02146721287603323
111 90 0.5329160389518658
111 47 0.25210398031897413
111 53 0.027172795347740475
105 76 0.03946516177761851
105 62 0.06803595984653998
105 89 0.059520640689426016
105 88 0.18648637659776207
105 63 0.06792940318103258
105 77 0.031074098696190697
105 49 0.15226284111590507
105 61 0.04066703296292022
105 75 0.029304756396737006
105 74 0.06389658053340412
105 60 0.04865066997634192
105 48 0.09197825834823192
105 64 0.05806198062375266
105 70 0.18424257154134946
105 58 0.14221911110169483
105 59 0.0781185865149078
105 71 0.3322871595729868
105 65 0.041937032827712134
105 73 0.030860274844054292
105 67 0.24621267329162191
105 66 0.190767162839207
105 72 0.03872116648965801
105 57 0.29623896336366234
105 94 0.2715879187431024
105 80 0.3507894505202049
105 81 0.11495606520536282
105 95 0.06230264848147106
105 56 0.31329947299098915
105 68 0.4086426513996563
105 54 0.06727207529458513
105 83 0.16869020787981404
105 82 0.04785319304201481
105 55 0.06519361739879574
105 69 0.22094206691467005
105 51 0.11085450308432959
105 79 0.06285348783488795
105 86 0.1844863592247779
105 92 0.2689312511904014
105 93 0.23203457276144301
105 87 0.18149592585759394
105 78 0.23009944841946822
105 50 0.13461598864100005
105 52 0.028944298395303575
105 46 0.09803211188279588
105 91 0.24351860533581568
105 85 0.23289015762380327
105 84 0.042333327606298696
105 90 0.23953068759505886
105 47 0.10721170251590152
105 53 0.025254506219878084
104 76 0.05441375607898803
104 62 0.1257799803948566
104 89 0.05083391173856877
104 88 0.15715722641877608
104 63 0.07271521056925334
104 77 0.010277386751202697
104 49 0.0599734006645012
104 61 0.03905130242629666
104 75 0.04735165787580971
104 74 0.030725950976308758
104 60 0.03716322873637459
104 48 0.05328028351509104
104 64 0.06998490426387642
104 70 0.19834012181174007
104 58 0.8213401635548113
104 59 0.04633347206955098
104 71 0.060463774019344774
104 65 0.011309597662503654
104 73 0.047377881508505124
104 67 0.15595029346834338
104 66 0.11632424296045048
104 72 0.09315640950053027
104 57 0.22364090601551068
104 94 0.19302694831678022
104 80 0.05593474547421297
104 81 0.15554482012859627
104 95 0.07946985594122362
104 56 0.10697867135212788
104 68 0.31762010329705537
104 54 0.08416513864740477
104 83 0.02590039491319969
104 82 0.04118537445390025
104 55 0.12053162738739992
104 69 0.23448093354149857
104 51 0.014771452884731556
104 79 0.04304059262854218
104 86 0.019397089815320845
104 92 0.20375993075326354
104 93 0.17397747219874138
104 87 0.12777990632380198
104 78 0.17926910905455679
104 50 0.04458946517775353
104 52 0.028894525875358595
104 46 0.10121026765751527
104 91 0.16754356593092767
104 85 0.1682243519211243
104 84 0.05042553260918013
104 90 0.16985573225596984
104 47 0.1038949928743942
104 53 0.06330465742156577
110 76 0.024758032438699326
110 62 0.2155410601423623
110 89 0.21527317374666802
110 88 0.38771463772609926
110 63 0.08570550469209157
110 77 0.34013080798637974
110 49 0.031206374653086122
110 61 0.043250731930354905
110 75 0.05535573044649052
110 74 0.05706934731210529
110 60 0.10689086738035813
110 48 0.0845997690058456
110 64 0.08005214329931296
110 70 0.18515996437370574
110 58 0.36302412963046177
110 59 0.02697458738427594
110 71 0.20786745708161236
110 65 0.07178458820447974
110 73 0.04111582385979673
110 67 0.18657251545648063
110 66 0.15219870832674
110 72 0.2059048805627528
110 57 0.20457361187531964
110 94 0.2363940115917612
110 80 0.21301837217900288
110 81 0.35770508442248405
110 95 0.08819857886852168
110 56 0.17550655101810497
110 68 0.3456070054874856
110 54 0.09528099540998204
110 83 0.019013921538832593
110 82 0.28276788417422966
110 55 0.10084508862244645
110 69 0.35427138434340033
110 51 0.07390591141670652
110 79 0.1951109325165028
110 86 0.01616432223470264
110 92 0.24816830892783204
110 93 0.3689816664218081
110 87 0.15850148529945943
110 78 0.25686354940410333
110 50 0.025252928048650383
110 52 0.026254587214951733
110 46 0.16888109345481797
110 91 0.2267931005214581
110 85 0.23928874312931536
110 84 0.009917624520765583
110 90 0.23375479721681378
110 47 0.12024573941417831
110 53 0.049792463302118506
138 76 0.05121007205104515
138 62 0.11860651718745631
138 89 0.08444844054272632
138 88 0.2639340273041485
138 63 0.10305567459268972
138 77 0.12434570724642219
138 49 0.048737594885948254
138 61 0.05287466539936128
138 75 0.02520281955381115
138 74 0.06120424609642783
138 60 0.03956132243191399
138 48 0.06982098514426355
138 64 0.09283123111672222
138 70 0.2470126716495632
138 58 0.15372123554864503
138 59 0.09083538815372261
138 71 0.08127614559900077
138 65 0.04772572466693714
138 73 0.030458671194483547
138 67 0.30142893689832323
138 66 0.2626517714646617
138 72 0.1661335492533819
138 57 0.2399483709797266
138 94 0.36431632247144385
138 80 0.08947848115966062
138 81 0.16539138978861814
138 95 0.056207221893608605
138 56 0.17590657786811784
138 68 0.4985393280733825
138 54 0.10792447177004413
138 83 0.04855104379098138
138 82 0.16188356051316163
138 55 0.0885931086298136
138 69 0.28573501317540406
138 51 0.02407761764895848
138 79 0.08335032839071571
138 86 0.05864701399420573
138 92 0.37478139726649295
138 93 0.31574484241697387
138 87 0.2486034256334341
138 78 0.301938013411577
138 50 0.04824763419176481
138 52 0.001657614865102408
138 46 0.1519193318052098
138 91 0.315365824039896
138 85 0.3126948356050484
138 84 0.08043121314995541
138 90 0.3181291416854623
138 47 0.14562460495644536
138 53 0.1355039156023303
140 76 0.16870774239592065
140 62 0.06432693154909835
140 89 0.05117623347532606
140 88 0.13369995330566745
140 63 0.08308512266563689
140 77 0.0500794610736969
140 49 0.119086542692821
140 61 0.0418102195140819
140 75 0.04509802623746634
140 74 0.016416152513104507
140 60 0.003096049974907089
140 48 0.06101747255252929
140 64 0.03429782951984607
140 70 0.19599807207400158
140 58 0.1293079775577415
140 59 0.1001226283435354
140 71 0.03710929602198994
140 65 0.005944334063932466
140 73 0.07339645723641575
140 67 0.1587679218024628
140 66 0.23318904110979072
140 72 0.01342133151487071
140 57 0.17572142031165713
140 94 0.18682260477133011
140 80 0.03743508868069455
140 81 0.1403835543382749
140 95 0.07454186814488373
140 56 0.0964445611660333
140 68 0.28111206774994624
140 54 0.054187860810326546
140 83 0.043956626276373104
140 82 0.13045828196945095
140 55 0.07368912652082185
140 69 0.21502875201695204
140 51 0.02793215809510359
140 79 0.04361904302527016
140 86 0.011390248532587952
140 92 0.1919569651464898
140 93 0.16260575407681832
140 87 0.12959692637625858
140 78 0.25807436703186337
140 50 0.11964837532659724
140 52 0.0007338966108202533
140 46 0.062087603360023544
140 91 0.16346096409498886
140 85 0.16248142783279035
140 84 0.07779370379315213
140 90 0.163388473598972
140 47 0.06098257141311862
140 53 0.06100033662544564
135 76 0.1393480312709709
135 62 0.29030887674841244
135 89 0.08561947563961234
135 88 0.2819300214872856
135 63 0.1687935023429893
135 77 0.26726521159799305
135 49 0.3404223228028569
135 61 0.05092631860069946
135 75 0.3966868673156103
135 74 0.22849713957148138
135 60 0.02247244008042676
135 48 0.3694932264578406
135 64 0.14819581976547158
135 70 0.2426286822708269
135 58 0.2047159135277251
135 59 0.026794210283441547
135 71 0.2175079707549676
135 65 0.021676461155006224
135 73 0.2948228744023091
135 67 0.2998681939069545
135 66 0.2230590110600515
135 72 0.044745442785281975
135 57 0.2802449081315824
135 94 0.3791417292894993
135 80 0.23613423072306
135 81 0.22219325539218623
135 95 0.13613705822395442
135 56 0.32498763474638015
135 68 0.48331725001795534
135 54 0.17016071989071868
135 83 0.6559902175803392
135 82 0.07134996545704264
135 55 0.11900564596221246
135 69 0.2785016437254952
135 51 0.13846079545755402
135 79 0.1653017146122457
135 86 0.10186719270388897
135 92 0.38926968085499114
135 93 0.3291474187218085
135 87 0.24118981175074228
135 78 0.26487094630222396
135 50 0.13379690416642276
135 52 0.007154030812460327
135 46 0.3444591356056417
135 91 0.32570940758282557
135 85 0.3252125521563947
135 84 0.18621953090652543
135 90 0.33177063352366876
135 47 0.2106302175032465
135 53 0.3164132308329281
121 76 0.09088516505264126
121 62 0.173791898491653
121 89 0.15931498719480744
121 88 0.33485415844936106
121 63 0.15631635962484802
121 77 0.1145679487356184
121 49 0.1305530338005962
121 61 0.055831318946397715
121 75 0.029872261725440594
121 74 0.09539532923468219
121 60 0.07357337570462728
121 48 0.1193102114845223
121 64 0.10836052410153924
121 70 0.14258780575902769
121 58 0.12449677902420639
121 59 0.0409374027597441
121 71 0.3775407123774792
121 65 0.1025543525347544
121 73 0.022544860602403086
121 67 0.3976928580371848
121 66 0.16899088598652384
121 72 0.0655524286243867
121 57 0.4388827657189347
121 94 0.5864674753647453
121 80 0.41544914560362023
121 81 0.1770598114269244
121 95 0.09302290986687672
121 56 0.23798357274513196
121 68 0.3987701875252042
121 54 0.11732214030784517
121 83 0.3828892230157698
121 82 0.09544217929364686
121 55 0.21665412130993733
121 69 0.3993866011305247
121 51 0.1347124114785452
121 79 0.1099179132825114
121 86 0.16158789226028478
121 92 0.4339956522624414
121 93 0.3347652534161044
121 87 0.2436578873431069
121 78 0.5241381383394633
121 50 0.14420127341869496
121 52 0.022039703742167877
121 46 0.18377339523582212
121 91 0.36811527871735306
121 85 0.29827385263308825
121 84 0.027139690453335627
121 90 0.3190025046371895
121 47 0.18973683899620733
121 53 0.038925373999633
109 76 0.08114960695231926
109 62 0.1488108596835956
109 89 0.061763373571612594
109 88 0.1849567901237599
109 63 0.09969319383099642
109 77 0.1654688200585141
109 49 0.11067760056894188
109 61 0.06817212395901458
109 75 0.03641628187026655
109 74 0.14874635745095566
109 60 0.00557648960227379
109 48 0.05138494547393753
109 64 0.0791581585906374
109 70 0.2639204675530994
109 58 0.43824975875721717
109 59 0.030811238316483774
109 71 0.04276696274203104
109 65 0.06852969881306076
109 73 0.000517873355086601
109 67 0.18548413121396823
109 66 0.15278194557849487
109 72 0.15661300373610204
109 57 0.28976534234693996
109 94 0.26733830480379434
109 80 0.04639479013601071
109 81 0.33054838000311554
109 95 0.09932857151198032
109 56 0.1205413127895066
109 68 0.3446844600115005
109 54 0.08585179553432591
109 83 0.03358885622282293
109 82 0.0431552165093879
109 55 0.1047889159189124
109 69 0.2970979650838431
109 51 0.008670081104201782
109 79 0.05325858459658388
109 86 0.03563097435088772
109 92 0.24700631324889682
109 93 0.22225828728481717
109 87 0.15830313520771244
109 78 0.3578403854907091
109 50 0.11773366686919735
109 52 0.04622325174579439
109 46 0.17766367498445435
109 91 0.24631167951812133
109 85 0.2420953423656978
109 84 0.7394524422086894
109 90 0.24938115729606689
109 47 0.10866292244586066
109 53 0.01172035199282298
108 76 0.0798491825103065
108 62 0.20632316122249136
108 89 0.17079624068244428
108 88 0.5326677826874237
108 63 0.22827594958258038
108 77 0.08478855171165241
108 49 0.0946747419734541
108 61 0.04866307136919466
108 75 0.06754189033879596
108 74 0.07937395118859894
108 60 0.03791728612695745
108 48 0.16367009118665266
108 64 0.2146380118861451
108 70 0.5409377970825147
108 58 0.6436072224057086
108 59 0.12825149946228145
108 71 0.14199467734704505
108 65 0.04075796427102826
108 73 0.059150960625344
108 67 0.5633685627587919
108 66 0.46671317736986273
108 72 0.06853815215354293
108 57 0.5664426340833488
108 94 0.6916466054829271
108 80 0.15568636199130986
108 81 0.4088256892744012
108 95 0.10452713208588162
108 56 0.3614085162554288
108 68 1.0
108 54 0.25558755576508924
108 83 0.05393208809534497
108 82 0.13383362065893983
108 55 0.2550662284706657
108 69 0.6454979945305933
108 51 0.04749469211017797
108 79 0.16924915332157958
108 86 0.04842039126338357
108 92 0.7272658627851393
108 93 0.6128797734079322
108 87 0.47100609220439293
108 78 0.6007282787865859
108 50 0.07367214036595901
108 52 0.02614729819149493
108 46 0.32209392312106755
108 91 0.6021735923701225
108 85 0.6032423025066539
108 84 0.03734922151074414
108 90 0.6104360979318272
108 47 0.34299797171903357
108 53 0.030390654837609513
120 76 0.024670550847609884
120 62 0.11416129157672121
120 89 0.08116659706234144
120 88 0.18220714141927263
120 63 0.050728214510814135
120 77 0.33552654625450895
120 49 0.028866724902970167
120 61 0.004904952304180948
120 75 0.10574133310669413
120 74 0.03139692242542774
120 60 0.031163185661167464
120 48 0.03628249931200195
120 64 0.05660096582563161
120 70 0.09304736047859566
120 58 0.0757692005103417
120 59 0.08013629174029137
120 71 0.06782726220541974
120 65 0.0007536026802385382
120 73 0.04262683947389803
120 67 0.1677034143174408
120 66 0.17417795776906853
120 72 0.051737514479648083
120 57 0.10515444205885685
120 94 0.23149334745532973
120 80 0.06740804347599078
120 81 0.0946518235516648
120 95 0.0226141909691685
120 56 0.10472049245725629
120 68 0.1901175689021341
120 54 0.057608872853165016
120 83 0.05728103880900527
120 82 0.04811587690415749
120 55 0.32348018982545684
120 69 0.11020663090788459
120 51 0.11771037948121923
120 79 0.05095074653967366
120 86 0.04290504966464011
120 92 0.21531435241284175
120 93 0.19947989424280588
120 87 0.1496060578536406
120 78 0.15438289952128734
120 50 0.09281747221886008
120 52 0.00017249837761450226
120 46 0.06877848497418956
120 91 0.18113554497917056
120 85 0.16971467846752397
120 84 0.089575320928655
120 90 0.16542827701750867
120 47 0.07435603353269304
120 53 0.5237330018910229
134 76 0.18853476132570646
134 62 0.08508326251351261
134 89 0.06148021628065815
134 88 0.20033341060136836
134 63 0.11676119999425091
134 77 0.03346962412691798
134 49 0.314628401642433
134 61 0.01633667438552376
134 75 0.44855411953718227
134 74 0.14139809859007704
134 60 0.0741291312251926
134 48 0.3190573795638033
134 64 0.09911853711236548
134 70 0.1786705440635554
134 58 0.15607339071779128
134 59 0.022609963526028162
134 71 0.43611612004758504
134 65 0.0008091261614603384
134 73 0.34080439918008965
134 67 0.23538525388394838
134 66 0.16320026190288975
134 72 0.08154674819008775
134 57 0.3111495540032058
134 94 0.28460723041590086
134 80 0.4699274987669997
134 81 0.12531202600136374
134 95 0.14203115553244083
134 56 0.12739378983397998
134 68 0.3713846267738458
134 54 0.11126021009510341
134 83 0.3638106656095689
134 82 0.04849214311514277
134 55 0.22387390327154916
134 69 0.20931603641826807
134 51 0.14618113599011795
134 79 0.056285080822986555
134 86 0.13488708947031858
134 92 0.2818250837054694
134 93 0.2426579425454542
134 87 0.17652819132060016
134 78 0.20066666870841318
134 50 0.11319357275891981
134 52 0.6760645592368225
134 46 0.14937695902256992
134 91 0.24458071467583886
134 85 0.23859454638746666
134 84 0.09078061873932577
134 90 0.24685837128579557
134 47 0.29560532182890153
134 53 0.5681899864484342
122 76 0.07658514101790696
122 62 0.08473885379877946
122 89 0.11145687296514649
122 88 0.22037612798760575
122 63 0.1294677453947706
122 77 0.09688181074928001
122 49 0.2746167917746682
122 61 0.02929613047868393
122 75 0.019080641750870514
122 74 0.14000847787565637
122 60 0.021407181045913687
122 48 0.09547956890253001
122 64 0.10723823725599252
122 70 0.18574362486347853
122 58 0.16431684864275964
122 59 0.04498255823870734
122 71 0.6351479115976317
122 65 0.00512204122194089
122 73 0.00395396591233009
122 67 0.47877788169843827
122 66 0.1818791191211359
122 72 0.018174925740898754
122 57 0.506322827316933
122 94 0.3058051739082485
122 80 0.6781882635831237
122 81 0.15108302856677644
122 95 0.048790684109307036
122 56 0.13997118492486826
122 68 0.44375227136759254
122 54 0.12449253172137782
122 83 0.35965385473509415
122 82 0.058098583374728535
122 55 0.09887629612025717
122 69 0.23659394108893395
122 51 0.19542950106654056
122 79 0.0641379785729079
122 86 0.3255702891832467
122 92 0.3043890990295129
122 93 0.26497472834149993
122 87 0.19212986697387924
122 78 0.28779711432999144
122 50 0.31342412710428574
122 52 0.06361409964462847
122 46 0.15289922311565166
122 91 0.2746066015108988
122 85 0.5853258383767612
122 84 0.11621806764973638
122 90 0.5322294933925235
122 47 0.1627808316954734
122 53 0.05085060967159437
136 76 0.015381436129219106
136 62 0.0820038547407336
136 89 0.09878218603691316
136 88 0.1416683543359811
136 63 0.10892772638861303
136 77 0.32928347624073545
136 49 0.24498365315506773
136 61 0.05790776756807102
136 75 0.0016246421554649837
136 74 0.015773174943228302
136 60 0.055062426261130545
136 48 0.21639959239736012
136 64 0.07414244198256642
136 70 0.12334960240715279
136 58 0.11234186222074166
136 59 0.10988079718492903
136 71 0.0551744061122062
136 65 0.06057554989105059
136 73 0.06992369549385255
136 67 0.14599040884314457
136 66 0.11608175453390777
136 72 0.09666499481516704
136 57 0.14742673755571656
136 94 0.18223769125359154
136 80 0.06084517133115798
136 81 0.5132355278197553
136 95 0.037498911309292365
136 56 0.3252245559203515
136 68 0.24031351268266393
136 54 0.08757063189227465
136 83 0.01682609145772225
136 82 0.060837229945071764
136 55 0.09285826803555185
136 69 0.14029892629531399
136 51 0.07595863376919389
136 79 0.7601151002821958
136 86 0.0529893861409884
136 92 0.19140509139334685
136 93 0.16007708958779238
136 87 0.12013519527953595
136 78 0.13309063601344956
136 50 0.09030033486782874
136 52 0.026855412401576254
136 46 0.17387187800160647
136 91 0.16290724089639144
136 85 0.1586704907235544
136 84 0.006909744298018897
136 90 0.16086244859381063
136 47 0.23635908457448718
136 53 0.012942956036114645
137 76 0.09830872499517218
137 62 0.10280476552124787
137 89 0.12519708867028861
137 88 0.37694916211652985
137 63 0.09784774022774786
137 77 0.08496055006720674
137 49 0.046772325352896965
137 61 0.04259403321730253
137 75 0.054714834541885776
137 74 0.05228716527697698
137 60 0.01882436845066421
137 48 0.07037451634622124
137 64 0.091599970069248
137 70 0.3801290778993913
137 58 0.18869870965290614
137 59 0.22225076759366014
137 71 0.0653721804546809
137 65 0.028408819675280902
137 73 0.07415477202612616
137 67 0.4509392044738534
137 66 0.4137339808582242
137 72 0.052479174734911246
137 57 0.33193797246302126
137 94 0.5211231149958279
137 80 0.07196104547752748
137 81 0.22965956877422145
137 95 0.08191270425252395
137 56 0.27907655744157644
137 68 0.7624775404218247
137 54 0.10919484241476202
137 83 0.05211623091782519
137 82 0.08837536410380631
137 55 0.11455599414281865
137 69 0.4488114755233714
137 51 0.08312417153862194
137 79 0.1596541821477292
137 86 0.02310776691800956
137 92 0.5470803885221903
137 93 0.45736497391774433
137 87 0.3752356274719375
137 78 0.4966539933694061
137 50 0.09142023886732799
137 52 0.06966440084698805
137 46 0.17199462718855935
137 91 0.45935194350673936
137 85 0.45474261560207363
137 84 0.048609211213560544
137 90 0.46085088083273007
137 47 0.18748072860534795
137 53 0.05283891826139575
123 76 0.07913273288032466
123 62 0.09293504375856664
123 89 0.06637429912075714
123 88 0.24231926044346647
123 63 0.12904894893113195
123 77 0.03222416864840641
123 49 0.18744806699223784
123 61 0.03849902835619261
123 75 0.018061419376476373
123 74 0.043546424065546624
123 60 0.054940991586120716
123 48 0.09091015528204241
123 64 0.11001284301533518
123 70 0.1844719657009033
123 58 0.1529496750325314
123 59 0.01984817746264783
123 71 0.3644652270181563
123 65 0.058644208113707685
123 73 0.00882187831257096
123 67 0.2636871821113891
123 66 0.17764446044232865
123 72 0.03257780841177997
123 57 0.44394080252160906
123 94 0.6795056218304482
123 80 0.40003131371208167
123 81 0.14527168166420812
123 95 0.13409299071504063
123 56 0.17949976951648622
123 68 0.4050656259125536
123 54 0.12605227133143584
123 83 0.26245664438507244
123 82 0.05620001371453773
123 55 0.09696492251736641
123 69 0.21665320275929084
123 51 0.11581912832978175
123 79 0.09680552803553884
123 86 0.2323348282059706
123 92 0.3260566731325036
123 93 0.2692537026025052
123 87 0.1935652178386581
123 78 0.28701149523030695
123 50 0.19623894321059587
123 52 0.06736721998508727
123 46 0.15884151893746967
123 91 0.28072976206024536
123 85 0.2637566377408863
123 84 0.022357344003781657
123 90 0.27560414176255543
123 47 0.1580174140808927
123 53 0.047402447034823936
127 76 0.17010851676986147
127 62 0.16180967702742108
127 89 0.15178221985558304
127 88 0.48292551563300345
127 63 0.21401115808433452
127 77 0.06309425440760598
127 49 0.26237244966801554
127 61 0.025131196126804742
127 75 0.002610227726059136
127 74 0.058597537785083004
127 60 0.048363812207361426
127 48 0.15421260432544542
127 64 0.19194192812485872
127 70 0.44263615437589554
127 58 0.32450895619381726
127 59 0.13720566934279727
127 71 0.4002143108826762
127 65 0.004172306069843576
127 73 0.0048387310452703974
127 67 0.5440089525892103
127 66 0.44351592336834367
127 72 0.10142766153395225
127 57 0.47674526416065877
127 94 0.6521941575434703
127 80 0.42076533405800787
127 81 0.32184013438184633
127 95 0.10471957213817001
127 56 0.3254595133114021
127 68 0.8950081416002933
127 54 0.22513174635197059
127 83 0.059617588432302
127 82 0.12126165321995912
127 55 0.18889393192382564
127 69 0.5183072982065343
127 51 0.26993687041463643
127 79 0.25190055240572856
127 86 0.24504745433885075
127 92 0.6742360893620708
127 93 0.5707166884589601
127 87 0.44259946520374416
127 78 0.5258248527006752
127 50 0.3971436491038882
127 52 0.030292584991160484
127 46 0.29356635438351264
127 91 0.603933626298093
127 85 0.5657738202433693
127 84 0.0328495029160958
127 90 0.5788017728393064
127 47 0.31406252773587867
127 53 0.05147340566906719
133 76 0.03159015057697011
133 62 0.32670805384747525
133 89 0.06908130636016024
133 88 0.23843529598794833
133 63 0.16679668182029292
133 77 0.33157748675869786
133 49 0.4557215842934941
133 61 0.08355316027781703
133 75 0.08523129640150512
133 74 0.18852355617815653
133 60 0.011221067402049006
133 48 0.29272228130339917
133 64 0.14735939978787513
133 70 0.1945289613260172
133 58 0.21666207954529426
133 59 0.054566143820716034
133 71 0.30933716849178017
133 65 0.03136925440443812
133 73 0.06485359412273614
133 67 0.24373256924439562
133 66 0.17309064840264468
133 72 0.06022990743890977
133 57 0.37879499448405174
133 94 0.3120220977092186
133 80 0.3329727557406456
133 81 0.20993666309027192
133 95 0.13217502169565173
133 56 0.15365184289776146
133 68 0.39066929887074586
133 54 0.1732672213366415
133 83 0.09781425298406482
133 82 0.2310669535409115
133 55 0.11569909249139008
133 69 0.2215946592633658
133 51 0.06293358984160885
133 79 0.39804241030593823
133 86 0.09770426102256247
133 92 0.31558227093504976
133 93 0.2671249908283162
133 87 0.19153032118290858
133 78 0.19525493009319506
133 50 0.13726031307670966
133 52 0.004108279927196173
133 46 0.18527402065216203
133 91 0.266075304560656
133 85 0.2646094017316253
133 84 0.14423299169897894
133 90 0.2711151031137541
133 47 0.3129130529340257
133 53 0.5371016581133737
132 76 0.0833626270984032
132 62 0.15341406054082551
132 89 0.1700134969225534
132 88 0.43917781504918085
132 63 0.2370682048668002
132 77 0.08360412357669067
132 49 0.10294783358340776
132 61 0.06782960403624706
132 75 0.03939072254049737
132 74 0.13424237078189463
132 60 0.06535514789546626
132 48 0.15065878963008247
132 64 0.21262963224061737
132 70 0.38965161897845935
132 58 0.31071778001041395
132 59 0.06780965536981774
132 71 0.16303361844334838
132 65 0.057261168148426966
132 73 0.005725884069259862
132 67 0.46032879521341086
132 66 0.36129555922423295
132 72 0.09747821083327643
132 57 0.4009953250819174
132 94 0.587544742219069
132 80 0.17937845580047634
132 81 0.2944923807069092
132 95 0.08867333810217871
132 56 0.40031963358020395
132 68 0.755511026738294
132 54 0.24471010166419774
132 83 0.240821200572358
132 82 0.10098159756610622
132 55 0.1785369780823523
132 69 0.44928149960748087
132 51 0.0456931987072028
132 79 0.1294432528230902
132 86 0.13017894302028118
132 92 0.6157097591902775
132 93 0.5583197617735668
132 87 0.3818606972085219
132 78 0.43559079526129674
132 50 0.08851209725858439
132 52 0.041262374584537576
132 46 0.36997368799886465
132 91 0.5004789437043746
132 85 0.522532003382376
132 84 0.059158434753273384
132 90 0.5285812399764099
132 47 0.29184907932261217
132 53 0.05686444540286949
126 76 0.0645431198470259
126 62 0.07592974131346644
126 89 0.1405598809801998
126 88 0.19942553849508382
126 63 0.10702321214561068
126 77 0.12472353247977376
126 49 0.17754856048152226
126 61 0.030261832444681308
126 75 0.049546728914210456
126 74 0.0918770706543194
126 60 0.038353128590556354
126 48 0.07941140192308711
126 64 0.09312519190043042
126 70 0.1694683400862605
126 58 0.14546105182331195
126 59 0.03916291553599835
126 71 0.38128437059618936
126 65 0.040345499844058344
126 73 0.0521603489481588
126 67 0.4393341874434271
126 66 0.18293784970093904
126 72 0.04307730545118439
126 57 0.3999034815682314
126 94 0.47783324810646555
126 80 0.4212196260498037
126 81 0.13867557804455202
126 95 0.044553481760296595
126 56 0.12695661645418901
126 68 0.4109203289319705
126 54 0.1083582200694693
126 83 0.4124068863702497
126 82 0.06478101445011733
126 55 0.09084312008545709
126 69 0.24949773241004627
126 51 0.136550584715299
126 79 0.09343823848336541
126 86 0.1740769845630007
126 92 0.5115485501392614
126 93 0.4528114564874983
126 87 0.22140630554610707
126 78 0.3405976057191692
126 50 0.19891399205540272
126 52 0.04781161437326903
126 46 0.1348223289286821
126 91 0.5213334703896229
126 85 0.6921731150125606
126 84 0.023074976472698905
126 90 0.6786524959138541
126 47 0.1395548138270803
126 53 0.05177927556511365
118 76 0.17994552796063676
118 62 0.2587218827747737
118 89 0.08555981294801189
118 88 0.16129674308806147
118 63 0.09434616392920982
118 77 0.01737746866025945
118 49 0.39943499592454745
118 61 0.002582325862382523
118 75 0.0063531304760765656
118 74 0.07277840001146506
118 60 0.02592128041770947
118 48 0.21848438249628385
118 64 0.08418204456558606
118 70 0.15094933926849996
118 58 0.3017188065246159
118 59 0.3078595454213775
118 71 0.228692518766344
118 65 0.055663062051262036
118 73 0.023235113331110904
118 67 0.1683909382931918
118 66 0.12055310125210243
118 72 0.010807646412306249
118 57 0.3375590317304949
118 94 0.20780635559472588
118 80 0.2516746354441839
118 81 0.4884325249996143
118 95 0.05558689260038796
118 56 0.3697223359895694
118 68 0.28852668181317853
118 54 0.0989111175191217
118 83 0.13962730392888456
118 82 0.06280904195381118
118 55 0.10006526642306177
118 69 0.1798026454225623
118 51 0.1813472620047757
118 79 0.263282323996916
118 86 0.08744480340215031
118 92 0.21405025913302797
118 93 0.18326422365335626
118 87 0.1919823375205521
118 78 0.15286961464254709
118 50 0.3271703730616214
118 52 0.0044719757452014175
118 46 0.19228619688246168
118 91 0.19609403882688342
118 85 0.17966212369736717
118 84 0.16241482015873918
118 90 0.1842987265969446
118 47 0.45346391619017434
118 53 0.38644075632595387
130 76 0.01965245769650735
130 62 0.0778341658730358
130 89 0.07527773659762672
130 88 0.27917869855362315
130 63 0.0931701528456319
130 77 0.06851244308876024
130 49 0.06828905783413247
130 61 0.04901202464717701
130 75 0.04956030553102077
130 74 0.02182270956740648
130 60 0.01747952433596983
130 48 0.05963966014107085
130 64 0.08863734992142593
130 70 0.1617032530812193
130 58 0.14343796869397213
130 59 0.035331572730948335
130 71 0.06962099292780961
130 65 0.025074607245255218
130 73 0.047919345583796805
130 67 0.18093849601661674
130 66 0.1687755323129414
130 72 0.05978343772119901
130 57 0.15818935267728063
130 94 0.28400118173002437
130 80 0.06721130734904363
130 81 0.13406536223337723
130 95 0.08892812321922086
130 56 0.19260648129016622
130 68 0.30124555014387455
130 54 0.1042461817753928
130 83 0.23096180997359303
130 82 0.05785796901203624
130 55 0.07871606037443957
130 69 0.18649038921481198
130 51 0.013888078193075123
130 79 0.11377970582567179
130 86 0.01817744122374325
130 92 0.28564884680717795
130 93 0.2565257282394389
130 87 0.1560919007509898
130 78 0.1769885336086254
130 50 0.043686148528775656
130 52 0.032269584924037004
130 46 0.2892794646652872
130 91 0.20402820991945309
130 85 0.2387394999240926
130 84 0.09183126874003533
130 90 0.22902719247962372
130 47 0.11883928666200388
130 53 0.06845350440352227
124 76 0.0822066694339085
124 62 0.1305711479168712
124 89 0.060494135112245245
124 88 0.38006775429362927
124 63 0.10654342163243677
124 77 0.028576903128533268
124 49 0.15172195561227778
124 61 0.049245809258349496
124 75 0.03263772968615471
124 74 0.03211613940881079
124 60 0.04722499354632284
124 48 0.0771716294945631
124 64 0.09312519190043042
124 70 0.16916619734148558
124 58 0.14546105182331195
124 59 0.0245743371908822
124 71 0.3287419843286161
124 65 0.030073308356432807
124 73 0.05561234722359126
124 67 0.3044072410702611
124 66 0.16397945554119198
124 72 0.1168508226838527
124 57 0.30013533052491315
124 94 0.2679550423225686
124 80 0.35728835142470006
124 81 0.13676342017032378
124 95 0.2706437749719952
124 56 0.128930869478302
124 68 0.35844064075041915
124 54 0.1083582200694693
124 83 0.3697221158482995
124 82 0.050450149365191724
124 55 0.08870949073218481
124 69 0.2589513211188441
124 51 0.05630310008704906
124 79 0.057384651479469875
124 86 0.07640648375585729
124 92 0.3429176498344106
124 93 0.2718855403745357
124 87 0.1772687051158123
124 78 0.290395163387123
124 50 0.1275574873384807
124 52 0.12408347739745476
124 46 0.13692871630155903
124 91 0.9815058799737115
124 85 0.23112180611769073
124 84 0.018052725450158694
124 90 0.2396449003867891
124 47 0.1465810158730285
124 53 0.07274654676918021
125 76 0.05223377440739635
125 62 0.12526525198489727
125 89 0.1391785946144671
125 88 0.2499281671950063
125 63 0.11412342875736557
125 77 0.03746925840577886
125 49 0.17759677375097999
125 61 0.02764575636807594
125 75 0.051589397703591486
125 74 0.05237458134504587
125 60 0.044416242781412874
125 48 0.08209286615314014
125 64 0.09958836401260185
125 70 0.1794642757361741
125 58 0.15553486860174562
125 59 0.029573852777313864
125 71 0.3545088610662227
125 65 0.03698877288201215
125 73 0.07070080706427304
125 67 0.4491375403004183
125 66 0.18019864379775957
125 72 0.01456192659076122
125 57 0.3823642099619182
125 94 0.28250373717071753
125 80 0.3930193782352177
125 81 0.14501311480477497
125 95 0.0476817525044259
125 56 0.34636354158497074
125 68 0.5748890299189862
125 54 0.11587231695846884
125 83 0.41684671053932265
125 82 0.05379551383083833
125 55 0.09267365176229742
125 69 0.2584143600900901
125 51 0.10425540345312967
125 79 0.0737611962196861
125 86 0.170275610746705
125 92 0.28652362353957034
125 93 0.26261584325229365
125 87 0.21684203965935553
125 78 0.3231594120515102
125 50 0.18619897312047926
125 52 0.001743894824915937
125 46 0.14341296953835947
125 91 0.37381644433376593
125 85 0.33859701500349326
125 84 0.06701010545150833
125 90 0.326421775365455
125 47 0.14964507162578003
125 53 0.034590471224161756
131 76 0.0697125692869571
131 62 0.139991121489444
131 89 0.18321192848437295
131 88 0.5559703261887962
131 63 0.15101204341179356
131 77 0.02606378315811693
131 49 0.05394444429875944
131 61 0.007666490896487355
131 75 0.008401011375682915
131 74 0.15735297989017302
131 60 0.09040043419654528
131 48 0.10150873214407287
131 64 0.14582162739945287
131 70 0.2884247100726326
131 58 0.7111767193603141
131 59 0.1977025261695558
131 71 0.08426520989395325
131 65 0.05263191602686801
131 73 0.0017472885651905329
131 67 0.333119060447576
131 66 0.24057206334215997
131 72 0.021518919581682533
131 57 0.5601576149811222
131 94 0.4568153534237269
131 80 0.09243919086033867
131 81 0.23928588498639802
131 95 0.056536995695585374
131 56 0.18747452241442086
131 68 0.5174042041837982
131 54 0.1738137655038289
131 83 0.03296757711250166
131 82 0.07249424832734766
131 55 0.1468055341701109
131 69 0.3323661581148919
131 51 0.037787078621523904
131 79 0.08818972448777279
131 86 0.12759259369149956
131 92 0.4848381293592543
131 93 0.43295553626752337
131 87 0.4902800961862287
131 78 0.3007393555035318
131 50 0.04318125678006644
131 52 0.006752636503118456
131 46 0.20495063321649093
131 91 0.500280125522195
131 85 0.4265318831038273
131 84 0.014804255986470921
131 90 0.42338771811709386
131 47 0.20470387628645614
131 53 0.01995496394083668
119 76 0.0067526001690925985
119 62 0.12627556909228183
119 89 0.06743151566050327
119 88 0.2339898015560492
119 63 0.03617782653938649
119 77 0.35955232387421304
119 49 0.02438825397091471
119 61 0.24048925145185873
119 75 0.04724332303742855
119 74 0.13909221410333922
119 60 0.0650010415811689
119 48 0.08347051092564022
119 64 0.04101720841145268
119 70 0.2303478117733935
119 58 0.4679959872832655
119 59 0.0012549705807489708
119 71 0.11658952301960072
119 65 0.043636413023358106
119 73 0.0
119 67 0.08555197123144856
119 66 0.05578526945126619
119 72 0.006033776527152049
119 57 0.09915723067433999
119 94 0.09237483661223499
119 80 0.11503683959567887
119 81 0.07161589393543351
119 95 0.012736219235268686
119 56 0.09822596124282315
119 68 0.14584842900221992
119 54 0.04071499115726454
119 83 0.009024438495632822
119 82 0.019286758122113765
119 55 0.16927880848952076
119 69 0.10851952380881769
119 51 0.053823199084226406
119 79 0.46105561013695884
119 86 0.18816574009084414
119 92 0.1051894426047188
119 93 0.1090049558745847
119 87 0.0961205628177248
119 78 0.08438777654075069
119 50 0.008009849222578427
119 52 0.002041880691662168
119 46 0.04985279306104057
119 91 0.12351007515202213
119 85 0.12564754379844278
119 84 0.06488634421288135
119 90 0.0962929018001463
119 47 0.0872960622251186
119 53 0.014472819056108907
