114 76 0.07463743870425801
114 62 0.15998247803145277
114 89 0.07841260061393712
114 88 0.20457978712226318
114 63 0.05465126554256611
114 77 0.020140305876779396
114 49 0.03261350297960784
114 61 0.021152375653141375
114 75 0.020579749789390644
114 74 0.14228316045286118
114 60 0.02183480141737755
114 48 0.03811838657024759
114 64 0.04558524854182967
114 70 0.22338263744925102
114 58 0.3910694338996038
114 59 0.029244457408091562
114 71 0.0383964052179588
114 65 0.021127156688587043
114 73 0.021227162305399117
114 67 0.18763703600229983
114 66 0.14252374350367533
114 72 0.02558139154918096
114 57 0.20560469622256536
114 94 0.26669937275970634
114 80 0.03964716728696768
114 81 0.15163686095761736
114 95 0.053047455546891636
114 56 0.11596416290637548
114 68 0.30525038363655194
114 54 0.051155245394059565
114 83 0.03044091078762394
114 82 0.04261818221188349
114 55 0.13641054338283456
114 69 0.23200716325665005
114 51 0.020136850166784695
114 79 0.05557826558386035
114 86 0.02372654725555369
114 92 0.27304401296206326
114 93 0.2317834788243211
114 87 0.19323667322527588
114 78 0.18102418558438477
114 50 0.03143697676866038
114 52 0.013701610134103315
114 46 0.08841273236683586
114 91 0.22835177266914417
114 85 0.22717833345435934
114 84 0.024844275631782084
114 90 0.23044524958517265
114 47 0.07072441800970164
114 53 0.022761736773617258
100 76 0.022613632105740397
100 62 0.07510536041762515
100 89 0.028999032428303886
100 88 0.06914174903809758
100 63 0.18283022451477385
100 77 0.018347471859279943
100 49 0.16754842155825891
100 61 0.020196302891290138
100 75 0.016083964101525836
100 74 0.022011380184133553
100 60 0.019289049533994684
100 48 0.07249553678140003
100 64 0.11114833527179134
100 70 0.05944453533356854
100 58 0.06929357595642888
100 59 0.026484445496111425
100 71 0.3845066892445879
100 65 0.01720631645070038
100 73 0.017035924555562645
100 67 0.19722536821043912
100 66 0.05732780925805482
100 72 0.020751549444756254
100 57 0.269847550980585
100 94 0.07924943188872571
100 80 0.42121663650362967
100 81 0.05758181512095034
100 95 0.04667474763781369
100 56 0.10854498028658485
100 68 0.26154036954324233
100 54 0.03457245343287341
100 83 0.050854968084881685
100 82 0.034412410576524666
100 55 0.15321439338298942
100 69 0.0926453825771279
100 51 0.08686731847062834
100 79 0.02719728246942202
100 86 0.15142602773209496
100 92 0.07671425488429184
100 93 0.0705824216277566
100 87 0.07098700447923914
100 78 0.09038460506243727
100 50 0.16564936814936734
100 52 0.014601192328161691
100 46 0.12972602378805115
100 91 0.07168969509859743
100 85 0.06406957701572545
100 84 0.01965793139138107
100 90 0.06623977012110964
100 47 0.04497818074901762
100 53 0.021366296878965282
128 76 0.04125289775325004
128 62 0.05426791767518334
128 89 0.11620933112495366
128 88 0.31350772526823634
128 63 0.0506837122595688
128 77 0.06660786485541195
128 49 0.03492715148198014
128 61 0.0227508827283482
128 75 0.018739685661652225
128 74 0.04186588146413303
128 60 0.02191301024174888
128 48 0.03805424621600681
128 64 0.04232772765071825
128 70 0.21056653795311553
128 58 0.07312312131050325
128 59 0.030496150708090572
128 71 0.03834508884195309
128 65 0.02004283890748601
128 73 0.02050883318100502
128 67 0.268386911562945
128 66 0.22039706402973247
128 72 0.05691913952041887
128 57 0.17619290992601006
128 94 0.43582924765970477
128 80 0.03994102453744035
128 81 0.1914089408964042
128 95 0.08668731719940115
128 56 0.18870514472181774
128 68 0.54859131818082
128 54 0.09281284824169034
128 83 0.02978462310825064
128 82 0.042861932526254726
128 55 0.0866724340002075
128 69 0.26191752618683295
128 51 0.02049003926334464
128 79 0.10675949771592702
128 86 0.026383481319791013
128 92 0.4472734170743501
128 93 0.37060936403061334
128 87 0.29844699547394904
128 78 0.2645770260287968
128 50 0.032944962720051596
128 52 0.015323531073686267
128 46 0.130212474939886
128 91 0.36491337400550694
128 85 0.37034393217021555
128 84 0.02287789842904067
128 90 0.37537252620177475
128 47 0.0783339163111152
128 53 0.023683925590255492
129 76 0.04843402007337115
129 62 0.18169769965858976
129 89 0.16134617480697036
129 88 0.40957919249667407
129 63 0.10985088948796794
129 77 0.049178139769823284
129 49 0.07331991669179504
129 61 0.04807697518475999
129 75 0.04340543101895021
129 74 0.06602911989641452
129 60 0.04808359447714085
129 48 0.08180070562639749
129 64 0.09083185193533361
129 70 0.3443074481274
129 58 0.4843458868953859
129 59 0.059255767808984505
129 71 0.079959745025272
129 65 0.049196662240066164
129 73 0.04735372137124157
129 67 0.36746815075750205
129 66 0.290204542403104
129 72 0.05217312183144633
129 57 0.4258324653708933
129 94 0.5519199826788233
129 80 0.0828441160265344
129 81 0.28596975956059584
129 95 0.10417408692803784
129 56 0.2265582974125815
129 68 0.5633356369185494
129 54 0.15022755639080723
129 83 0.06387670891579832
129 82 0.2183597795332241
129 55 0.14049119913786995
129 69 0.3941910677765082
129 51 0.04551443544774712
129 79 0.13257767045842475
129 86 0.05828764806814937
129 92 0.5580236487680579
129 93 0.4693714934518014
129 87 0.3912578832399214
129 78 0.3405884702798041
129 50 0.06761432287213504
129 52 0.03584911467115959
129 46 0.19855624738950645
129 91 0.46044918197781204
129 85 0.463550915237342
129 84 0.05127490261751995
129 90 0.4708093956406748
129 47 0.14420788970975396
129 53 0.051764118922364
101 76 0.02599359044638308
101 62 0.03656021795894279
101 89 0.026196957966491727
101 88 0.09097482025577065
101 63 0.028760659140848174
101 77 0.014860311543275634
101 49 0.09560435059281372
101 61 0.02095772884200965
101 75 0.013963265349807685
101 74 0.018366348970912008
101 60 0.0183243524477419
101 48 0.04101279281676122
101 64 0.024829097766468883
101 70 0.05381884453786047
101 58 0.050479534300244794
101 59 0.029766520276596375
101 71 0.16230375466597904
101 65 0.01543518037329554
101 73 0.015218638884577765
101 67 0.10872450030681782
101 66 0.057436611768350215
101 72 0.01813306105232139
101 57 0.13903644258760076
101 94 0.12499816957462422
101 80 0.17683141764867177
101 81 0.05151402651343068
101 95 0.03356259058927792
101 56 0.0816893747004874
101 68 0.1529484091106339
101 54 0.026854740684410947
101 83 0.0312866587739076
101 82 0.028209680146560223
101 55 0.07498353977167659
101 69 0.07103268363293172
101 51 0.04286082559088156
101 79 0.025722766496961202
101 86 0.06984654460093762
101 92 0.12871182531429567
101 93 0.11577613673831949
101 87 0.061558086190253436
101 78 0.07137760249513382
101 50 0.11140864719111121
101 52 0.015901162098514013
101 46 0.03684859666475385
101 91 0.11006975426395148
101 85 0.10150861435205384
101 84 0.04395387632172415
101 90 0.10312316935810364
101 47 0.036028439778129084
101 53 0.01822005965020819
115 76 0.03654323663109181
115 62 0.03390518938847545
115 89 0.014280787520699695
115 88 0.042987378667038056
115 63 0.018366096272597374
115 77 0.009152766883990457
115 49 0.015215291664413308
115 61 0.00882257330605539
115 75 0.004404149838897198
115 74 0.07646692034349356
115 60 0.0072899500753628305
115 48 0.014615258477355383
115 64 0.07919536732716194
115 70 0.052281910495798736
115 58 0.02835390034937134
115 59 0.013191896057372143
115 71 0.016399959006000622
115 65 0.004514721919854636
115 73 0.005554515790400491
115 67 0.04024987242670838
115 66 0.14920587063255303
115 72 0.06370379648545943
115 57 0.04421897271949431
115 94 0.12192892217127732
115 80 0.01739469714018671
115 81 0.06877775827526926
115 95 0.012237152650482738
115 56 0.17090363551282992
115 68 0.08125448697006935
115 54 0.017742811978841783
115 83 0.14781061495898049
115 82 0.03425129578305704
115 55 0.12375167308750298
115 69 0.03874956607375436
115 51 0.005961730367578605
115 79 0.013917889316054283
115 86 0.009607728203326837
115 92 0.12305665332235002
115 93 0.11079176383058753
115 87 0.044142489820329436
115 78 0.03956330486283398
115 50 0.013909581063406479
115 52 0.6160064820127048
115 46 0.43353771337579344
115 91 0.10295482749822613
115 85 0.09471966433465595
115 84 0.03857152102960505
115 90 0.09680887678620775
115 47 0.19453269892067532
115 53 0.15851461080882945
103 76 0.04503780020026675
103 62 0.13114631010171512
103 89 0.04650409062168773
103 88 0.09357497995990158
103 63 0.049588712897443876
103 77 0.029888850567980282
103 49 0.04336092344071123
103 61 0.03698918882326631
103 75 0.029881210747614906
103 74 0.03850265331928086
103 60 0.03418444501545914
103 48 0.04297450444647756
103 64 0.04431607376981167
103 70 0.1789709028296298
103 58 0.6034365992877806
103 59 0.048773785094088695
103 71 0.04621192782590697
103 65 0.03234245130726389
103 73 0.031159085521055827
103 67 0.11137050135787664
103 66 0.27442968073871765
103 72 0.03500208429802938
103 57 0.25776848198297764
103 94 0.10249190782247752
103 80 0.047352356049794445
103 81 0.14516544685022492
103 95 0.044602776428295465
103 56 0.09233730097490084
103 68 0.28096623966033896
103 54 0.047584472660218494
103 83 0.038423030519116205
103 82 0.048393450938430504
103 55 0.05855610241885795
103 69 0.20393644178171705
103 51 0.03263259941785526
103 79 0.046121048097453765
103 86 0.03670636056792942
103 92 0.10501143539346182
103 93 0.0955273071756112
103 87 0.094853355181234
103 78 0.12254584129367264
103 50 0.044999976746015094
103 52 0.030902322983352173
103 46 0.06034015027444148
103 91 0.09742249584931521
103 85 0.08878828049307952
103 84 0.03293300887511033
103 90 0.0908840249501914
103 47 0.05896076090001347
103 53 0.03391300087924634
117 76 0.1129639350478735
117 62 0.2086244226830125
117 89 0.02118181831271458
117 88 0.10149901849765197
117 63 0.03005105602168659
117 77 0.2745563209912
117 49 0.13903352022581805
117 61 0.06764031192832307
117 75 0.571213736607585
117 74 0.27428096713543154
117 60 0.010619644277613416
117 48 0.3533600409881036
117 64 0.10829836861324302
117 70 0.18686479806576545
117 58 0.4923849820947232
117 59 0.016112010575257088
117 71 0.05959126156885518
117 65 0.010513635672741897
117 73 0.32177062853247573
117 67 0.10196702052321191
117 66 0.04184839633218236
117 72 0.087719773049479
117 57 0.18169379506654806
117 94 0.14989217306516053
117 80 0.060821114177129085
117 81 0.18757209077513648
117 95 0.06403987575681311
117 56 0.22430196800114743
117 68 0.21179189238074983
117 54 0.02763978759190834
117 83 0.553947041177201
117 82 0.047515264365869156
117 55 0.12166956150941471
117 69 0.19683304652739386
117 51 0.08872593822128685
117 79 0.31888897034350006
117 86 0.012506285146288265
117 92 0.15281329395593346
117 93 0.13904686100176739
117 87 0.1904451698331313
117 78 0.21047245573883164
117 50 0.01798626644569791
117 52 0.008170817525024285
117 46 0.24658119720501845
117 91 0.16394535892211534
117 85 0.15349433076783353
117 84 0.08336164059475881
117 90 0.15569532894811985
117 47 0.03554369387104131
117 53 0.029053440561985652
116 76 0.1215190436689408
116 62 0.16060479684524773
116 89 0.11678605522764565
116 88 0.2782869836735022
116 63 0.07767661040698633
116 77 0.04184862553162691
116 49 0.06011541121690177
116 61 0.10672541004208079
116 75 0.04153667322869187
116 74 0.05663527924722425
116 60 0.04631332645167481
116 48 0.06277592082590945
116 64 0.06815496834285577
116 70 0.3487062737404131
116 58 0.509638326487017
116 59 0.09966400020729639
116 71 0.06251620796755726
116 65 0.044148681530883443
116 73 0.04348622652655086
116 67 0.2606039285445775
116 66 0.257067714916891
116 72 0.04956149125438375
116 57 0.36035698605357613
116 94 0.3595562156171293
116 80 0.06387288409456741
116 81 0.21075090246303102
116 95 0.08595552365224018
116 56 0.2736807249655693
116 68 0.4400078402286723
116 54 0.073821845253881
116 83 0.2282271459186873
116 82 0.2497609719477174
116 55 0.1858212525814271
116 69 0.3184858011948811
116 51 0.042184566439765855
116 79 0.08907559546264557
116 86 0.04841702400863564
116 92 0.3709169951504837
116 93 0.314974115602915
116 87 0.26200429221485777
116 78 0.25736387552872575
116 50 0.059565101701496814
116 52 0.04002004782475217
116 46 0.2678605244632116
116 91 0.31124163880125555
116 85 0.310060140407678
116 84 0.08745839352096677
116 90 0.3141289999844746
116 47 0.1008424993202669
116 53 0.046511323485058265
102 76 0.011266255168845093
102 62 0.07087963054703042
102 89 0.017182154527729268
102 88 0.04315862164950178
102 63 0.024205170472089504
102 77 0.00967991090909237
102 49 0.017387983988334577
102 61 0.009828895598515824
102 75 0.008727653751976011
102 74 0.014392469795705284
102 60 0.009539154988550111
102 48 0.018018297469198474
102 64 0.01957141305253221
102 70 0.09498858044138968
102 58 0.3617402481111871
102 59 0.01458781635307578
102 71 0.022737862199405684
102 65 0.009567871447942633
102 73 0.009262134333087674
102 67 0.05469272384531071
102 66 0.03365965168861247
102 72 0.01153792791490936
102 57 0.14694913258845743
102 94 0.0491997707681517
102 80 0.02377784198893118
102 81 0.07508308077821187
102 95 0.015390787597680144
102 56 0.04146161151227419
102 68 0.1351075379229271
102 54 0.022056156841324753
102 83 0.014071097425852552
102 82 0.020949801531842643
102 55 0.025835391391403964
102 69 0.10921160348365043
102 51 0.009815143836820098
102 79 0.016448527158045498
102 86 0.012832178238572092
102 92 0.047474743637618
102 93 0.043306957145781116
102 87 0.04459207160949244
102 78 0.05785588767666734
102 50 0.01689769810898896
102 52 0.006813444588781178
102 46 0.028921230144859852
102 91 0.043477515011106846
102 85 0.03978061946707484
102 84 0.0107871074139375
102 90 0.04048650098239995
102 47 0.028598876922895408
102 53 0.010899365602619643
106 76 0.04801125717469866
106 62 0.0864153718991461
106 89 0.026279499686727326
106 88 0.06286587357551397
106 63 0.03286160175154275
106 77 0.013067753813638117
106 49 0.024237702580122644
106 61 0.017746257450640346
106 75 0.013492647026293977
106 74 0.019293888481969224
106 60 0.016254016979005803
106 48 0.024948964048936068
106 64 0.027173887614523495
106 70 0.11963255464949427
106 58 0.4153906156408558
106 59 0.025573811942165958
106 71 0.027049729078218857
106 65 0.014886919098808224
106 73 0.014504079996453673
106 67 0.07308387211116558
106 66 0.053163868468345046
106 72 0.07269544884542815
106 57 0.1755531827214587
106 94 0.06880086206392191
106 80 0.02789843402265435
106 81 0.09639666676326633
106 95 0.024008797085440042
106 56 0.076462176795068
106 68 0.17109617083256903
106 54 0.030128445240013513
106 83 0.020483592281612117
106 82 0.06311811805498653
106 55 0.11511891112840233
106 69 0.13801612007727693
106 51 0.014684712954903131
106 79 0.024213293853988585
106 86 0.018288916104596722
106 92 0.06927719482503265
106 93 0.06255009143016646
106 87 0.0635242334255355
106 78 0.08023094049403032
106 50 0.02447621675976125
106 52 0.01256354049296017
106 46 0.039548591737418815
106 91 0.06311342638099744
106 85 0.05650868544955713
106 84 0.016815102346024735
106 90 0.058109005998420726
106 47 0.0390183693211453
106 53 0.01682461449840253
112 76 0.04276897202149081
112 62 0.11559032536155116
112 89 0.04938960893577457
112 88 0.10175348219631881
112 63 0.05783028512395387
112 77 0.027851346590975032
112 49 0.0439814089567203
112 61 0.03585752955517599
112 75 0.031095597960481947
112 74 0.04156899349564998
112 60 0.03406555068031225
112 48 0.04547367220267294
112 64 0.049506983827016765
112 70 0.16104296464212428
112 58 0.4821713832028155
112 59 0.04850135834793902
112 71 0.049374644669221535
112 65 0.03284846194414545
112 73 0.03186398984220637
112 67 0.10859827124253797
112 66 0.0860277683839672
112 72 0.038060601030159985
112 57 0.2185047469816295
112 94 0.10728320019081261
112 80 0.05023847944939443
112 81 0.1353866986958894
112 95 0.046954618908606305
112 56 0.12762766350972585
112 68 0.22591101969853433
112 54 0.0538709981690665
112 83 0.040338962696587904
112 82 0.05172462422151401
112 55 0.23105678052493747
112 69 0.18590396080159297
112 51 0.0313073754153686
112 79 0.04650576018660374
112 86 0.03484539676350959
112 92 0.11079234156637473
112 93 0.10139023417576792
112 87 0.10308287306480973
112 78 0.12176774024538868
112 50 0.044859309412197554
112 52 0.02915645885445571
112 46 0.06781178014296019
112 91 0.10115134191855742
112 85 0.09415779219208019
112 84 0.03615858916515263
112 90 0.09511971845359479
112 47 0.06517637710982005
112 53 0.033792699392066916
113 76 0.06053871999029453
113 62 0.14155847558437537
113 89 0.1382846351470903
113 88 0.3510372350080725
113 63 0.08076861654005471
113 77 0.08155967560116356
113 49 0.05647042427703926
113 61 0.041270422382824995
113 75 0.036232036037958174
113 74 0.06363066262970106
113 60 0.04041325102444086
113 48 0.061631265156383425
113 64 0.0692484028564355
113 70 0.2899985641117221
113 58 0.4118683023931252
113 59 0.05295702422642026
113 71 0.06129431258410345
113 65 0.038848906866131266
113 73 0.03830209550752532
113 67 0.3152002608829527
113 66 0.25209477615950276
113 72 0.07529229313098676
113 57 0.3065111986208506
113 94 0.4715407363452293
113 80 0.0631517316059004
113 81 0.24209811072807236
113 95 0.10752663004377089
113 56 0.3228218359817353
113 68 0.5586070063894162
113 54 0.07595169695238588
113 83 0.184002608064696
113 82 0.06782483320291742
113 55 0.1710963094685436
113 69 0.3622525163536092
113 51 0.037262221786159774
113 79 0.1130367451586988
113 86 0.044468836206697226
113 92 0.4834908371990953
113 93 0.40588979614768694
113 87 0.3253664768947187
113 78 0.31633176825476317
113 50 0.05412261970066416
113 52 0.031394546677418075
113 46 0.2528469545353822
113 91 0.39944553994186616
113 85 0.4031198824212142
113 84 0.07279230421200994
113 90 0.408254776701148
113 47 0.10980856356870033
113 53 0.04133777739247109
107 76 0.012333846211881508
107 62 0.013334656485629065
107 89 0.011377211082617647
107 88 0.03444676545617173
107 63 0.010373820593184216
107 77 0.0031144842354860897
107 49 0.011009583437444376
107 61 0.007921298735342586
107 75 0.003606346742293487
107 74 0.006323995906369256
107 60 0.006362996647195154
107 48 0.009138397891402375
107 64 0.008802216896311124
107 70 0.027468771358914235
107 58 0.02211750130520987
107 59 0.01354278360180125
107 71 0.012811473184716343
107 65 0.005200731316488252
107 73 0.004373056390963512
107 67 0.08345545957182417
107 66 0.16621574911396045
107 72 0.005200278222324037
107 57 0.09109733129857003
107 94 0.03748337531322708
107 80 0.013595904951844678
107 81 0.026502229349739503
107 95 0.011677406955423464
107 56 0.44455563820875116
107 68 0.38952941184983314
107 54 0.009904176406788229
107 83 0.007889148250144667
107 82 0.010891243317433436
107 55 0.014229035767088977
107 69 0.03281633692272036
107 51 0.00576525168084549
107 79 0.01080927037726781
107 86 0.008368907020231534
107 92 0.03888830903381994
107 93 0.035138924853189576
107 87 0.03414608764493447
107 78 0.03350704474214988
107 50 0.012399538874542607
107 52 0.004714436104238273
107 46 0.015846281419202107
107 91 0.03670594769769121
107 85 0.030339845295276516
107 84 0.004345017292410117
107 90 0.031624458657522364
107 47 0.015835345245224203
107 53 0.006525241051224581
139 76 0.07710112716280199
139 62 0.03937739350072644
139 89 0.06094331911911012
139 88 0.15731001699679614
139 63 0.03620169023775269
139 77 0.01868487639549332
139 49 0.02983220579300369
139 61 0.05774877305159702
139 75 0.016512276204219356
139 74 0.03371704769154803
139 60 0.020472340209912565
139 48 0.029699916116175257
139 64 0.031325234836896323
139 70 0.16385672004584845
139 58 0.05462999928077622
139 59 0.09140885159092291
139 71 0.030781362062734158
139 65 0.01759247709874867
139 73 0.01805067323431346
139 67 0.13799689558082967
139 66 0.23456067566587568
139 72 0.021420164016755047
139 57 0.1373506005030921
139 94 0.2617681365107136
139 80 0.03191779100969287
139 81 0.10414397547560689
139 95 0.044156261599976626
139 56 0.10305268926152866
139 68 0.2319761929338337
139 54 0.06869441801344488
139 83 0.03933892395236967
139 82 0.08369996879255828
139 55 0.05493297938617442
139 69 0.1294953753226595
139 51 0.018932009015166812
139 79 0.056985412330585516
139 86 0.023600482343976104
139 92 0.269648160356351
139 93 0.23024445396117785
139 87 0.15593428144707108
139 78 0.13173367607975522
139 50 0.029616799512427808
139 52 0.0173725637354403
139 46 0.07904162439727727
139 91 0.22302039687946262
139 85 0.2178182508506551
139 84 0.019985055098737756
139 90 0.2211552126321799
139 47 0.05166963540581539
139 53 0.02152612124337594
111 76 0.09367890699397144
111 62 0.17866519624295807
111 89 0.13428953771139587
111 88 0.2922660379613402
111 63 0.1048065622535108
111 77 0.058127564118404806
111 49 0.0865193022316346
111 61 0.0785388301540592
111 75 0.06380783860922717
111 74 0.08358896024627135
111 60 0.07270598344707882
111 48 0.0877195111326601
111 64 0.09249203664426335
111 70 0.3398888515066195
111 58 0.4628489205345825
111 59 0.10422877608403439
111 71 0.0873110544922202
111 65 0.06903047961668385
111 73 0.06631732478774545
111 67 0.2960928038885465
111 66 0.27449642248740896
111 72 0.07516393158563678
111 57 0.322595231967787
111 94 0.3533771181401691
111 80 0.08810933606331647
111 81 0.23724021095535003
111 95 0.11237500611592789
111 56 0.24154603503225103
111 68 0.5388123775795557
111 54 0.0986803641444059
111 83 0.07996892963050325
111 82 0.09729149186573346
111 55 0.25967073591886203
111 69 0.44713092144528443
111 51 0.06541753864079519
111 79 0.14511649058446585
111 86 0.0717761902194993
111 92 0.37059115369993967
111 93 0.3192935661421377
111 87 0.2953857284184261
111 78 0.43174285199348905
111 50 0.0886301586292153
111 52 0.06657395422620693
111 46 0.14743452152909672
111 91 0.3160827366174081
111 85 0.31239027527422125
111 84 0.07232242475821013
111 90 0.31471527579358505
111 47 0.12781186941297387
111 53 0.06853090607179002
105 76 0.053157933639469565
105 62 0.0674209997934137
105 89 0.04148323164835005
105 88 0.08665454524663606
105 63 0.04627553119161096
105 77 0.028977897493249305
105 49 0.14566522291981815
105 61 0.035556918051132785
105 75 0.026681131983333065
105 74 0.04512725743966563
105 60 0.03236898472844381
105 48 0.07279339292750184
105 64 0.04068971182232914
105 70 0.07546553714545438
105 58 0.06916522505694475
105 59 0.0462629735615684
105 71 0.30560337213471317
105 65 0.028415384352720535
105 73 0.028385397825458084
105 67 0.19474397914017819
105 66 0.15199266471666892
105 72 0.03151167537165228
105 57 0.2803492536558896
105 94 0.09824221417030193
105 80 0.3332182916156839
105 81 0.07306684144841563
105 95 0.05648855858840439
105 56 0.26445726050661567
105 68 0.37151853853538636
105 54 0.043169547604570854
105 83 0.17668922696374584
105 82 0.04567462083755508
105 55 0.045352851729053484
105 69 0.1324853922450639
105 51 0.08145427760057185
105 79 0.04134286838599388
105 86 0.13147847310918206
105 92 0.0974121272029281
105 93 0.08822737411690099
105 87 0.08673360606289884
105 78 0.14958248457995713
105 50 0.1447790031609134
105 52 0.028582022702576274
105 46 0.05565531529509586
105 91 0.09013725188635638
105 85 0.0821894053018024
105 84 0.030297694989592797
105 90 0.08362993907966572
105 47 0.05607884696261975
105 53 0.03318223645160845
104 76 0.01745235551114696
104 62 0.12567155994259122
104 89 0.0273667051265732
104 88 0.06439018148956847
104 63 0.03806973492106422
104 77 0.014513594044626377
104 49 0.02444437452120378
104 61 0.015090269897733363
104 75 0.014611752931587535
104 74 0.02254170116756271
104 60 0.015317660679324163
104 48 0.027326588114236897
104 64 0.031006972579652237
104 70 0.16435097181982639
104 58 0.6681897457013324
104 59 0.020632118133197375
104 71 0.02996620172758721
104 65 0.01637428323019985
104 73 0.015287983278674602
104 67 0.08480489951441086
104 66 0.048487586612295006
104 72 0.01897179178785728
104 57 0.2542947838150092
104 94 0.07091497887529591
104 80 0.03104688746884085
104 81 0.12790527690419545
104 95 0.022530795009052126
104 56 0.08220493753997521
104 68 0.2256248285206142
104 54 0.03502420717224719
104 83 0.021712752575638594
104 82 0.0326910339998156
104 55 0.10836596787070055
104 69 0.18949829211507022
104 51 0.014914754659164808
104 79 0.024679691596857387
104 86 0.018546699649774012
104 92 0.06932668116002298
104 93 0.06417966315138877
104 87 0.06654365176928131
104 78 0.09220654808596226
104 50 0.024218234870572064
104 52 0.01058499520174902
104 46 0.04411464849265173
104 91 0.06421658287115939
104 85 0.057379960894187385
104 84 0.01758157244504205
104 90 0.05956654314450588
104 47 0.043472835380252636
104 53 0.017076407553122203
110 76 0.03271362953865391
110 62 0.12839197348235895
110 89 0.16953587652940655
110 88 0.26661066058284977
110 63 0.0414595749515034
110 77 0.20055225589464742
110 49 0.05717910003047588
110 61 0.01703547236020389
110 75 0.015606460211175427
110 74 0.05678682779882495
110 60 0.08044353823168511
110 48 0.06718738850803058
110 64 0.03370177367452398
110 70 0.18806304759755205
110 58 0.3196998945105117
110 59 0.024156673564069753
110 71 0.17453966063423446
110 65 0.016154856103432355
110 73 0.015962628806007323
110 67 0.16704846276723084
110 66 0.11281575810063277
110 72 0.12270794342968491
110 57 0.22927446725148268
110 94 0.25830518523123513
110 80 0.17693283609943863
110 81 0.21516085104912908
110 95 0.08082243263016722
110 56 0.1532161314895521
110 68 0.3539133825477973
110 54 0.07259477855530634
110 83 0.0236183844711772
110 82 0.13851996638724415
110 55 0.11561146096033895
110 69 0.37541304691346894
110 51 0.015357770855156397
110 79 0.1481196270162337
110 86 0.01856531179390375
110 92 0.26639239498028766
110 93 0.32596385268670774
110 87 0.21203674520778676
110 78 0.27253253355905815
110 50 0.026198341551865054
110 52 0.011071508466990856
110 46 0.13141949216101578
110 91 0.2418067046353759
110 85 0.23708588930498223
110 84 0.019729388005577025
110 90 0.23992752634033074
110 47 0.10445955162870155
110 53 0.02814247821921724
138 76 0.08661684933182183
138 62 0.12374787395201711
138 89 0.09531893363776012
138 88 0.2243517393155901
138 63 0.06530047046258076
138 77 0.07881444131956158
138 49 0.057440395828021545
138 61 0.04916243641021886
138 75 0.03761308128253213
138 74 0.06988968073566704
138 60 0.04437092181046809
138 48 0.05699850841094087
138 64 0.059300313634568155
138 70 0.20603442030418942
138 58 0.08190836491761849
138 59 0.06465771739535751
138 71 0.056646529440116125
138 65 0.0381456786651401
138 73 0.03997104478469328
138 67 0.23073519703975173
138 66 0.28136714560637754
138 72 0.13217103746233064
138 57 0.20571293940658203
138 94 0.28549153851971204
138 80 0.058112030985350865
138 81 0.1554833955923957
138 95 0.09000426726465155
138 56 0.20509091517978023
138 68 0.4302964155543499
138 54 0.0632611333996087
138 83 0.07553953847329509
138 82 0.08030274166348245
138 55 0.07539313999549663
138 69 0.20678772630736791
138 51 0.0408449243034736
138 79 0.09058317585329259
138 86 0.04688419239985739
138 92 0.29376974667766875
138 93 0.24989976112733572
138 87 0.23438057881846996
138 78 0.21235860790125183
138 50 0.057315839935118795
138 52 0.03920016200350444
138 46 0.13633001516660526
138 91 0.24999565691418812
138 85 0.24321408650333437
138 84 0.04270385188040661
138 90 0.24729009613319075
138 47 0.12473168118025761
138 53 0.11487349834805786
140 76 0.08885415890750545
140 62 0.05255010512360961
140 89 0.05169285438728494
140 88 0.1302291712493163
140 63 0.05594954135804919
140 77 0.014928701915661063
140 49 0.06590215546481049
140 61 0.048600881720375785
140 75 0.015864923214611068
140 74 0.03608195601399572
140 60 0.01962014594246754
140 48 0.025299434072105054
140 64 0.02625182848661467
140 70 0.1662411046044909
140 58 0.05931410627616973
140 59 0.04868033531842628
140 71 0.027133263321256706
140 65 0.017380712757465153
140 73 0.0168543556537806
140 67 0.13051620301573957
140 66 0.2105893438331672
140 72 0.02039226743866074
140 57 0.17495710957354174
140 94 0.16780041609571628
140 80 0.027872302966431353
140 81 0.09486302846071584
140 95 0.039743649626962474
140 56 0.07599789275320334
140 68 0.25039895419050434
140 54 0.028458729141199526
140 83 0.022071603730821454
140 82 0.08206083586946669
140 55 0.052675202933645957
140 69 0.1847991920734089
140 51 0.01803470313380849
140 79 0.03967757292534742
140 86 0.02108410973759864
140 92 0.17516531395284643
140 93 0.1477739547595592
140 87 0.13310118085847128
140 78 0.20513099719698144
140 50 0.06690706975644192
140 52 0.016864004871094074
140 46 0.052387306263168426
140 91 0.14768575605788767
140 85 0.14510767838366137
140 84 0.02963810344933658
140 90 0.14710808144657456
140 47 0.05083487389304235
140 53 0.01904188741981981
135 76 0.0829773021423297
135 62 0.2198036093697047
135 89 0.07139823906758293
135 88 0.20793671910389194
135 63 0.063615924227689
135 77 0.20773957991404357
135 49 0.3237650842578996
135 61 0.027405500524084886
135 75 0.3293250829071468
135 74 0.17452953958891643
135 60 0.02663566886734184
135 48 0.3535598416699993
135 64 0.05343854855827418
135 70 0.16052892625585857
135 58 0.10049413364111238
135 59 0.03293069028741073
135 71 0.21798391150325216
135 65 0.024634402937241895
135 73 0.22129714014089596
135 67 0.2536485731869609
135 66 0.1334887756429374
135 72 0.05296252679025046
135 57 0.26197927599314275
135 94 0.28956040062263766
135 80 0.23551680280997578
135 81 0.24426039953316614
135 95 0.11456077611947225
135 56 0.30851178163867715
135 68 0.4104219997205031
135 54 0.0918004014643837
135 83 0.47456211942012194
135 82 0.05540336339854321
135 55 0.08005695028523382
135 69 0.2018646167763009
135 51 0.1320754018752541
135 79 0.1896665974504145
135 86 0.08899318099064148
135 92 0.28716876957311926
135 93 0.2484939934756552
135 87 0.2554793024780483
135 78 0.2506610939948013
135 50 0.10992587112682713
135 52 0.02013945706393412
135 46 0.30308960505253446
135 91 0.2599809926063482
135 85 0.2516494205227133
135 84 0.12398948083305224
135 90 0.257020394862584
135 47 0.20015985991957713
135 53 0.25883061055820955
121 76 0.1011448947659078
121 62 0.094717665026901
121 89 0.07754711412416301
121 88 0.3027243407239133
121 63 0.12077345523294118
121 77 0.05120252342502901
121 49 0.13543409303898257
121 61 0.014211852266718825
121 75 0.01071528338974237
121 74 0.07001249870386655
121 60 0.06310148086170281
121 48 0.1022314193596611
121 64 0.09112631853750552
121 70 0.16875336406653135
121 58 0.051214727629421336
121 59 0.01921106990782992
121 71 0.33056956066298127
121 65 0.061304057082643415
121 73 0.012015955229280548
121 67 0.32161393671791727
121 66 0.1698204620292088
121 72 0.042383069371505905
121 57 0.3587469359728628
121 94 0.37525319848609595
121 80 0.3606548571915811
121 81 0.10088875276505226
121 95 0.08910148137118423
121 56 0.17518619835962573
121 68 0.3924765236411194
121 54 0.1076802784044968
121 83 0.3053101023015097
121 82 0.04687102249345852
121 55 0.15072845536257057
121 69 0.36398051047343855
121 51 0.09013032936443433
121 79 0.07589799131184419
121 86 0.12119103951594094
121 92 0.4999173013280453
121 93 0.3252864385813202
121 87 0.21709229794812096
121 78 0.4786028697002047
121 50 0.1325283057811678
121 52 0.008446546498640045
121 46 0.1256829277736304
121 91 0.31258315048080554
121 85 0.3121161933174934
121 84 0.014222418310482654
121 90 0.31631714771595243
121 47 0.1834483721345786
121 53 0.029726594884456253
109 76 0.05787008532054101
109 62 0.10210514553987989
109 89 0.061624823480637136
109 88 0.18440171426586982
109 63 0.03945792926763565
109 77 0.16412869412330564
109 49 0.05715232170915541
109 61 0.01998547286017968
109 75 0.01736846261700198
109 74 0.08457624652972734
109 60 0.019298550923025598
109 48 0.047591652645407836
109 64 0.08004699157120448
109 70 0.22741863122936667
109 58 0.3242032237429464
109 59 0.02931657055472929
109 71 0.03213744324386006
109 65 0.018496935017915092
109 73 0.017661784066803854
109 67 0.185994211231512
109 66 0.14200323519363978
109 72 0.064642435049532
109 57 0.21517844077905401
109 94 0.25279829494977923
109 80 0.032845685557162
109 81 0.22284344468679484
109 95 0.07101142713318397
109 56 0.11998310499775082
109 68 0.35332763991134575
109 54 0.03617814721933264
109 83 0.02452301230367443
109 82 0.04618079609742713
109 55 0.10840784056418995
109 69 0.27798928341924983
109 51 0.017546464523882963
109 79 0.15193717267983575
109 86 0.019767681597304798
109 92 0.26351756753888167
109 93 0.22681820162182248
109 87 0.18965903691837446
109 78 0.28680694382197247
109 50 0.02793210527514335
109 52 0.015012706657754143
109 46 0.1337280120766522
109 91 0.23898504389004385
109 85 0.23469471182754853
109 84 0.4611184980997458
109 90 0.23700686614915795
109 47 0.052182391910618395
109 53 0.028867142200770052
108 76 0.10553990367231288
108 62 0.19789515429708904
108 89 0.14369655150367694
108 88 0.3203160074867989
108 63 0.11952253425634138
108 77 0.11362560318886053
108 49 0.09417645307720585
108 61 0.0778696888953471
108 75 0.06552201542112471
108 74 0.0953970480421246
108 60 0.07361844447000036
108 48 0.09805105789405308
108 64 0.10416237559319833
108 70 0.3158733967464973
108 58 0.521681361998699
108 59 0.09984469208384598
108 71 0.09704319962076602
108 65 0.07129628487003344
108 73 0.06902037724917243
108 67 0.29729696192749555
108 66 0.2548667491474191
108 72 0.11261824061007802
108 57 0.37475891705887365
108 94 0.3965891082788792
108 80 0.09894461284954409
108 81 0.3045464546153357
108 95 0.13186806992664735
108 56 0.3209040825890509
108 68 0.5934051347347211
108 54 0.1616087954202117
108 83 0.08522293213252474
108 82 0.10868938658243317
108 55 0.22533728438682527
108 69 0.37538846584017516
108 51 0.06831889721938922
108 79 0.19099421632293087
108 86 0.0782649098748034
108 92 0.4064880701675839
108 93 0.3504292211416276
108 87 0.3172957511064599
108 78 0.3209740311599597
108 50 0.09322676691077733
108 52 0.06515031136650348
108 46 0.18737999186614285
108 91 0.34692486401882006
108 85 0.3408046903721191
108 84 0.07414613568320311
108 90 0.3454948799986187
108 47 0.1464635363594844
108 53 0.072838886362799
120 76 0.004953947642088313
120 62 0.1433726349026656
120 89 0.05034473955431276
120 88 0.14986665961032547
120 63 0.019880649276759893
120 77 0.24915988085771956
120 49 0.012340557741758476
120 61 0.004548173673606867
120 75 0.03995698780550709
120 74 0.011454619075208353
120 60 0.004694107776851406
120 48 0.013167203480555209
120 64 0.0154444277954221
120 70 0.09318272256911755
120 58 0.03171795897714352
120 59 0.008199004206800933
120 71 0.01745988301638965
120 65 0.003342702305988987
120 73 0.0032977799788005413
120 67 0.12832252295149643
120 66 0.10283440025830884
120 72 0.004733270423348715
120 57 0.06602214366241252
120 94 0.21067125757843846
120 80 0.018673498844727632
120 81 0.06780164320268424
120 95 0.028899404593863254
120 56 0.09203663518135641
120 68 0.17041904092234564
120 54 0.018021788953891296
120 83 0.027806319650753086
120 82 0.014989863165494319
120 55 0.23134491115194533
120 69 0.11436069264743505
120 51 0.041329492142112095
120 79 0.030708418991750086
120 86 0.007660316280830096
120 92 0.21523230098960128
120 93 0.17862055146953232
120 87 0.18110018322714877
120 78 0.16968556441567775
120 50 0.07281353570554763
120 52 0.0
120 46 0.04937165181552987
120 91 0.17631979331496336
120 85 0.17815441737692128
120 84 0.0858025033598116
120 90 0.1807100467433049
120 47 0.0795502250903653
120 53 0.36077297756010507
134 76 0.0636431220118205
134 62 0.1377326805018672
134 89 0.029523635202657314
134 88 0.07417276828640268
134 63 0.04481742038351276
134 77 0.022661175936584968
134 49 0.28970233417407143
134 61 0.01866304589398453
134 75 0.33003818900083404
134 74 0.10554671405132932
134 60 0.01831844193896129
134 48 0.27279888673214026
134 64 0.03689910573236059
134 70 0.08040764945211007
134 58 0.06918804197488676
134 59 0.021662959171001417
134 71 0.3655817693266011
134 65 0.016342182467915314
134 73 0.21788711947406408
134 67 0.20337317993425738
134 66 0.057014649057695724
134 72 0.02108135211591876
134 57 0.2547174752960988
134 94 0.09059297591174983
134 80 0.3986254782317503
134 81 0.0739921722065074
134 95 0.04117348599509078
134 56 0.08937093230865165
134 68 0.2774622124796383
134 54 0.0746436362815143
134 83 0.2846114475600239
134 82 0.040477605926767204
134 55 0.1880235670712924
134 69 0.12090466179729861
134 51 0.12166665141517788
134 79 0.03850209193060196
134 86 0.13671127553941217
134 92 0.08196299267992328
134 93 0.0756562374332233
134 87 0.13404038404081783
134 78 0.11976386815260605
134 50 0.14934488627152878
134 52 0.4646986450212679
134 46 0.15437515119419354
134 91 0.07599070966233626
134 85 0.06742839037231022
134 84 0.07190475294359601
134 90 0.07087191849273138
134 47 0.16762871598416076
134 53 0.3579313730592421
122 76 0.04371564894595209
122 62 0.08067412653351297
122 89 0.07795105457168576
122 88 0.20805575689855182
122 63 0.04541308927035706
122 77 0.02158920225396284
122 49 0.2255957417635068
122 61 0.020235337287111965
122 75 0.016479763093489475
122 74 0.051744649239120505
122 60 0.020041727630839265
122 48 0.09419881918158787
122 64 0.036767495718931884
122 70 0.13595244119504107
122 58 0.06153780955671524
122 59 0.02540401778177348
122 71 0.5261429891735202
122 65 0.017640369030439085
122 73 0.01791159289676507
122 67 0.392411410707884
122 66 0.14884628362463517
122 72 0.020472607260097253
122 57 0.4082804909495865
122 94 0.28723660766962433
122 80 0.5772825278810911
122 81 0.10506900700529634
122 95 0.07772328090530772
122 56 0.12639703626481755
122 68 0.4669405277256584
122 54 0.040713752266008346
122 83 0.2923533373945273
122 82 0.038997514753187135
122 55 0.056046571206437745
122 69 0.2530389849045894
122 51 0.11523829339516516
122 79 0.05314378380012655
122 86 0.205427458717782
122 92 0.28968116285105205
122 93 0.24321814537258657
122 87 0.1934251462580418
122 78 0.2850162842931292
122 50 0.22158523143411676
122 52 0.013302544039905662
122 46 0.0818354466378898
122 91 0.24045524775033286
122 85 0.7075283682362175
122 84 0.02040721309033941
122 90 0.2456455563262733
122 47 0.06398916035111483
122 53 0.023109739288239547
136 76 0.03250095552044138
136 62 0.09956680523934658
136 89 0.02155517800506751
136 88 0.09642261598891369
136 63 0.03298651987361087
136 77 0.27033331783177683
136 49 0.15112267051895936
136 61 0.058926608631815966
136 75 0.008707542896160256
136 74 0.11024190692795902
136 60 0.0119736370177876
136 48 0.1578714666408563
136 64 0.025930991403444723
136 70 0.1101739299380289
136 58 0.07487128620019712
136 59 0.019919056390074824
136 71 0.023859686109247588
136 65 0.011371314198687546
136 73 0.010610025550748275
136 67 0.08020578991877109
136 66 0.049057338093834404
136 72 0.04773939683173403
136 57 0.15119044495537526
136 94 0.13902518366830915
136 80 0.025071003288732824
136 81 0.30895349989528187
136 95 0.07251307697316754
136 56 0.19419023328206023
136 68 0.2396519736767976
136 54 0.07750744201698455
136 83 0.01695555998143175
136 82 0.028423492098488448
136 55 0.040514324404954505
136 69 0.07284411599157753
136 51 0.011252281987259041
136 79 0.38504421633342467
136 86 0.016704639168230284
136 92 0.13920130395990307
136 93 0.12526014941082894
136 87 0.10809070211141474
136 78 0.13624395663000563
136 50 0.020974135438177874
136 52 0.0082871969506772
136 46 0.1558276744062704
136 91 0.14613914874442832
136 85 0.13455924182234102
136 84 0.03505090119268847
136 90 0.13737444189885312
136 47 0.1988819650862143
136 53 0.02659349192017328
137 76 0.11486479796572754
137 62 0.121541593259891
137 89 0.11004220387429989
137 88 0.23736624604912343
137 63 0.0760492190432336
137 77 0.048884177052593056
137 49 0.0740613124670627
137 61 0.07479166734044246
137 75 0.05238150137379399
137 74 0.06614817404921856
137 60 0.0655444350156417
137 48 0.07037233789833876
137 64 0.0701395979640829
137 70 0.18627176207238724
137 58 0.10546816805572104
137 59 0.10207838015735439
137 71 0.06658556352420862
137 65 0.05839732511805934
137 73 0.05581458993972142
137 67 0.2114646168339695
137 66 0.2989614205470207
137 72 0.06091117779444559
137 57 0.21695428165280095
137 94 0.28766712975393627
137 80 0.06690997584597111
137 81 0.16542769035281124
137 95 0.09752541719071449
137 56 0.19201271684838062
137 68 0.3726121896554642
137 54 0.07280784993561987
137 83 0.06569665104516142
137 82 0.07651539650237407
137 55 0.09589695734165937
137 69 0.2169620831836781
137 51 0.057601876234149724
137 79 0.14801224803543078
137 86 0.06354946736716109
137 92 0.306192376126254
137 93 0.2602946866296871
137 87 0.22202569083146573
137 78 0.22378892566068986
137 50 0.07736148964777052
137 52 0.06390881818307023
137 46 0.11320478194432611
137 91 0.2597866033766736
137 85 0.2571219365290371
137 84 0.058658462744671444
137 90 0.2582452352927782
137 47 0.09814078041378319
137 53 0.05794941451190712
123 76 0.038025028868192035
123 62 0.07152363410702312
123 89 0.06553364157703467
123 88 0.17379543642771378
123 63 0.04677735033779784
123 77 0.025709139277475437
123 49 0.1734687555628807
123 61 0.0222030563987647
123 75 0.01830488033764742
123 74 0.04294030315210323
123 60 0.021700239019793163
123 48 0.07996014272038265
123 64 0.03947165641609145
123 70 0.11753711135819754
123 58 0.06511644964417929
123 59 0.025794206219365956
123 71 0.39018200961906474
123 65 0.018874368694938373
123 73 0.01989381189694299
123 67 0.30404584563424486
123 66 0.12607341009751918
123 72 0.023084684180241427
123 57 0.3649756116770194
123 94 0.6594833828487325
123 80 0.42742537000030284
123 81 0.09310913329569724
123 95 0.06469338466971676
123 56 0.15129462623856244
123 68 0.36814699799306994
123 54 0.043537364092157374
123 83 0.21796307734416312
123 82 0.04314034749385634
123 55 0.05093553183990773
123 69 0.20182770914243012
123 51 0.08949624222966338
123 79 0.047172429710840624
123 86 0.15594876316114373
123 92 0.23410278793642703
123 93 0.19942824321791774
123 87 0.16497723831651617
123 78 0.2707954848304026
123 50 0.16959526369379263
123 52 0.014867611755028612
123 46 0.07650540842800899
123 91 0.19894328718766913
123 85 0.19334208556022475
123 84 0.022664112031223677
123 90 0.19832940032391183
123 47 0.06500097456706896
123 53 0.026548399981521406
127 76 0.1451041779039924
127 62 0.14915463435705295
127 89 0.14240103234591273
127 88 0.3346300849643029
127 63 0.09994768952758462
127 77 0.12362815879026477
127 49 0.20209801759007345
127 61 0.06993176458887487
127 75 0.05589275034766991
127 74 0.10848013501117539
127 60 0.06527126982019893
127 48 0.1220496640065339
127 64 0.08822787755821757
127 70 0.2534736310135126
127 58 0.13405557393959305
127 59 0.08871186519859553
127 71 0.3839978205705776
127 65 0.05900858655539268
127 73 0.05918913166152284
127 67 0.4075703875876832
127 66 0.2637804560938353
127 72 0.11240128006704547
127 57 0.4290980829376586
127 94 0.43244762006884396
127 80 0.4162146556069633
127 81 0.26420612681960787
127 95 0.1507755224014381
127 56 0.314599903520391
127 68 0.702303766097335
127 54 0.15937124797826796
127 83 0.0963349861343063
127 82 0.0946752081187521
127 55 0.13450387166069916
127 69 0.3280602254648765
127 51 0.2676780094046229
127 79 0.2066723852318288
127 86 0.18061678015753546
127 92 0.44141450652031305
127 93 0.37593618326649036
127 87 0.396510833314153
127 78 0.3332683652214131
127 50 0.39529610409139787
127 52 0.05746201078900749
127 46 0.23763241018729742
127 91 0.3749376409896182
127 85 0.3676367777404359
127 84 0.06310310956372639
127 90 0.37365366493202834
127 47 0.13187967460408587
127 53 0.06631667620825227
133 76 0.0134923995929985
133 62 0.26113178737436393
133 89 0.029947353427533047
133 88 0.12022661112432588
133 63 0.05506673164124036
133 77 0.2501692837580674
133 49 0.4194485521895107
133 61 0.06556727756945499
133 75 0.013672895805313515
133 74 0.13354476968515278
133 60 0.016721624081204964
133 48 0.26426966394114154
133 64 0.04303580170915479
133 70 0.12869972777309194
133 58 0.10218077707613381
133 59 0.01958235183056843
133 71 0.2759990757880692
133 65 0.017411073535652452
133 73 0.05719689941018476
133 67 0.21900152347136553
133 66 0.05869807302515474
133 72 0.018635130467302932
133 57 0.32635174285307594
133 94 0.17464460755880573
133 80 0.302205770449726
133 81 0.2049575063384944
133 95 0.07525484700706124
133 56 0.17422782071043721
133 68 0.30263178250393624
133 54 0.10052399269252181
133 83 0.09860987538103394
133 82 0.177689441863373
133 55 0.0717359017159716
133 69 0.08225282888500199
133 51 0.06289234668393283
133 79 0.36102107103419934
133 86 0.11317915105018243
133 92 0.16613649932824387
133 93 0.15118464355085665
133 87 0.13345236140035172
133 78 0.14858944838552038
133 50 0.12216518704905874
133 52 0.009660735285095506
133 46 0.08336589170648193
133 91 0.17243544654363607
133 85 0.15872039432178123
133 84 0.12310717817126623
133 90 0.16338571831361826
133 47 0.2523621777297661
133 53 0.38278550248033677
132 76 0.08704582047345827
132 62 0.11390918366131021
132 89 0.16533227867546257
132 88 0.42061249155114366
132 63 0.09475666010216491
132 77 0.10274985066073121
132 49 0.07050128701018958
132 61 0.05023857962110945
132 75 0.042457536478563374
132 74 0.08562613144174108
132 60 0.04807543088865722
132 48 0.07515673536505504
132 64 0.08198371997988152
132 70 0.29056861786622395
132 58 0.11895369324389207
132 59 0.062355566649299476
132 71 0.0732888137374967
132 65 0.04440218252418528
132 73 0.04594133785856383
132 67 0.36333183854014045
132 66 0.3039387327291625
132 72 0.09023848441763863
132 57 0.25748097585949703
132 94 0.6542196209127458
132 80 0.07581789379663068
132 81 0.2664968942536652
132 95 0.1279920846130071
132 56 0.35500007796371014
132 68 0.6126363691814971
132 54 0.14319853340332628
132 83 0.22360379834173255
132 82 0.0831812064226739
132 55 0.1294696509746805
132 69 0.3527679332982739
132 51 0.044690053482416225
132 79 0.15347682364761367
132 86 0.05545129854249911
132 92 0.6685388076191696
132 93 0.5656192223893353
132 87 0.40270661578731887
132 78 0.3571683784141991
132 50 0.06546478858056813
132 52 0.039774004079926706
132 46 0.3288544705073974
132 91 0.5483191460321069
132 85 0.5472842998830729
132 84 0.08734433319079385
132 90 0.5550692258647079
132 47 0.1325823672904993
132 53 0.052065071774798743
126 76 0.0501333603311718
126 62 0.07798221483000964
126 89 0.08887813317045312
126 88 0.2410955385862206
126 63 0.042445050954808106
126 77 0.021793012801703315
126 49 0.15633616053583982
126 61 0.020822637564663224
126 75 0.015868896446598488
126 74 0.05838125621433403
126 60 0.020773588922523997
126 48 0.0709860197449151
126 64 0.03536222095214982
126 70 0.1545302839662309
126 58 0.05942801336635156
126 59 0.024652636704535644
126 71 0.3539141309613666
126 65 0.01744251673958455
126 73 0.017120106975029886
126 67 0.362378774774921
126 66 0.17150386828993452
126 72 0.02033256430778968
126 57 0.3251983299339708
126 94 0.47141408119803546
126 80 0.38761749676168694
126 81 0.11389881288045099
126 95 0.07225170470695427
126 56 0.1445948952793218
126 68 0.42063969566886583
126 54 0.03878257753545292
126 83 0.34267085164057853
126 82 0.03688079534525661
126 55 0.05943468649303968
126 69 0.2811425575823442
126 51 0.08089487887668412
126 79 0.0583106760992578
126 86 0.14036646907054043
126 92 0.4820488532362684
126 93 0.4124058005576893
126 87 0.2568335773420993
126 78 0.3220084381560515
126 50 0.15396513230826642
126 52 0.012616450368979765
126 46 0.08657915074730432
126 91 0.3926280854928789
126 85 0.39195475096026167
126 84 0.018486400118887233
126 90 0.8036094952754977
126 47 0.06339906832198418
126 53 0.022893111162601704
118 76 0.07594350400569232
118 62 0.22022460644499883
118 89 0.020361421547268527
118 88 0.0585683774842259
118 63 0.07311422281473415
118 77 0.013668738512131157
118 49 0.3285082685045484
118 61 0.00898356159400518
118 75 0.008849909939760064
118 74 0.11180640244256072
118 60 0.00998559923094336
118 48 0.1691068772263809
118 64 0.028190573864323748
118 70 0.09193167931915977
118 58 0.31429470955203764
118 59 0.1256608893098892
118 71 0.20287954884007323
118 65 0.00965342534781466
118 73 0.039636725422818195
118 67 0.1499269974302038
118 66 0.040189855789890816
118 72 0.012524712766588023
118 57 0.3042107365023776
118 94 0.06987566867289373
118 80 0.2221331177203824
118 81 0.2648242786935151
118 95 0.02588514457110995
118 56 0.26335832220116323
118 68 0.21915690315943764
118 54 0.03234924148894805
118 83 0.16072191608961042
118 82 0.05200183070034016
118 55 0.11469705529398641
118 69 0.11681347262598413
118 51 0.13165276628570083
118 79 0.16177623937186042
118 86 0.08013280362089562
118 92 0.06252081164182323
118 93 0.05828657915535326
118 87 0.11782843265451975
118 78 0.07395003331394631
118 50 0.25985216125213506
118 52 0.004679127332961469
118 46 0.1694133021588034
118 91 0.059208945764118975
118 85 0.050335562646170146
118 84 0.11241549731752895
118 90 0.05349291264313866
118 47 0.3177822008274559
118 53 0.2681488022759221
130 76 0.016238210845029494
130 62 0.05651492008828571
130 89 0.07527902347580945
130 88 0.2082563507560603
130 63 0.035794387394536484
130 77 0.01364312449605952
130 49 0.023129795868866668
130 61 0.014614419437022963
130 75 0.010853585127128959
130 74 0.021656315040274807
130 60 0.013916308811293215
130 48 0.025671772597260764
130 64 0.030122642069852754
130 70 0.14620144307591115
130 58 0.05035923991217357
130 59 0.020998770924536017
130 71 0.025261581349366347
130 65 0.012114798796611148
130 73 0.012170418578923911
130 67 0.17763486449794233
130 66 0.14683471290123506
130 72 0.014286426545965875
130 57 0.094732606559619
130 94 0.28678592619404397
130 80 0.026421404350831262
130 81 0.12838174451494028
130 95 0.0463559453851216
130 56 0.18162120705793902
130 68 0.26186242101655566
130 54 0.09136014686721908
130 83 0.1929375132291934
130 82 0.028320939746064935
130 55 0.06468324837546241
130 69 0.1612589634354858
130 51 0.011845152599199382
130 79 0.06969513652779544
130 86 0.01623388324313252
130 92 0.29423049420545394
130 93 0.24439352451786134
130 87 0.2061270959432498
130 78 0.1626412121503558
130 50 0.021377317538986806
130 52 0.008834284979404
130 46 0.24482764085705375
130 91 0.24044995965355426
130 85 0.24385392401385741
130 84 0.05406155990736958
130 90 0.24691751869606107
130 47 0.054253529543279125
130 53 0.014214348483776507
124 76 0.04362492589883443
124 62 0.07209398854839294
124 89 0.0814936508096687
124 88 0.22348850569682865
124 63 0.0420897616475768
124 77 0.021121201240283924
124 49 0.13980620157516582
124 61 0.01783610313438208
124 75 0.015021629641404341
124 74 0.053048257930970996
124 60 0.017803751233966797
124 48 0.06653095937776715
124 64 0.035400810958438875
124 70 0.14321748905626913
124 58 0.05581224905988248
124 59 0.02219917338471096
124 71 0.3124693330342089
124 65 0.014551577030017249
124 73 0.016231210073534563
124 67 0.32647699378175593
124 66 0.1564417307880137
124 72 0.018862960667102774
124 57 0.29337309107452353
124 94 0.30976703245164644
124 80 0.3422522660784981
124 81 0.10674174914593357
124 95 0.06809189661868689
124 56 0.1320483227625214
124 68 0.38180540558349874
124 54 0.03942481123392848
124 83 0.3038388332637444
124 82 0.037106801554060875
124 55 0.05428247776467619
124 69 0.25352356911257223
124 51 0.072352952761014
124 79 0.05382671307508703
124 86 0.12518565642462867
124 92 0.3126971237947659
124 93 0.2618459909732256
124 87 0.20802327239260499
124 78 0.2898308717024052
124 50 0.13675326249184025
124 52 0.011211867030563719
124 46 0.08401472869301213
124 91 1.0
124 85 0.25808127270925957
124 84 0.01839003760872024
124 90 0.26315924002788893
124 47 0.0640585138945526
124 53 0.021643828036934556
125 76 0.049189985695376415
125 62 0.07875406615595588
125 89 0.08935422805735466
125 88 0.24102263108242045
125 63 0.045205731616898295
125 77 0.02141434585849683
125 49 0.15153809892184048
125 61 0.020290839544763642
125 75 0.016997167398109386
125 74 0.05797410621292365
125 60 0.02011758027808165
125 48 0.07157803199473432
125 64 0.03775319108859125
125 70 0.15460455803412168
125 58 0.06268788285616814
125 59 0.02534133207476083
125 71 0.33843981549967667
125 65 0.018293680541358867
125 73 0.018511188694578684
125 67 0.4162057921449592
125 66 0.1699615846184251
125 72 0.02088431564178539
125 57 0.3176716697486405
125 94 0.33329120622394054
125 80 0.37062208909679684
125 81 0.11576167696531382
125 95 0.0734528594569008
125 56 0.24875567538775223
125 68 0.529005373066946
125 54 0.04186315030129284
125 83 0.3312754899825062
125 82 0.03926774157224111
125 55 0.06075665511872809
125 69 0.27622270795256254
125 51 0.0783199730107253
125 79 0.05874711869397227
125 86 0.13603971210514185
125 92 0.33822220942013903
125 93 0.2830418311991625
125 87 0.22255141591626898
125 78 0.31508295958556154
125 50 0.14840230411536912
125 52 0.013098545551633492
125 46 0.08952223813501961
125 91 0.27979843337081367
125 85 0.2801583369099304
125 84 0.02032776627417507
125 90 0.2849018209134472
125 47 0.06743492971833025
125 53 0.02313258177449956
131 76 0.03880923946018938
131 62 0.12677374919905193
131 89 0.13990533925071208
131 88 0.48422071683521994
131 63 0.08138449686511492
131 77 0.034118989962509366
131 49 0.05297223907824519
131 61 0.0364663758649493
131 75 0.03241302783050459
131 74 0.05348502078258946
131 60 0.03637824630141924
131 48 0.0595729431126705
131 64 0.0680468757243893
131 70 0.30568860228815886
131 58 0.4282551674977325
131 59 0.14057637548607463
131 71 0.058336923773371435
131 65 0.03609517904081183
131 73 0.03469546195103336
131 67 0.3235642774868238
131 66 0.2557320266832519
131 72 0.039034679314314355
131 57 0.3749821196027908
131 94 0.49057452415660663
131 80 0.06026298380833468
131 81 0.2485569220731766
131 95 0.09028979534191722
131 56 0.16133615704215998
131 68 0.5005783177356438
131 54 0.12270944983079485
131 83 0.04717467259614948
131 82 0.06609893747416118
131 55 0.11730462057323962
131 69 0.3520654192747372
131 51 0.033718557376830285
131 79 0.11301295946672274
131 86 0.04162123942916224
131 92 0.5021236410246608
131 93 0.42021973203703006
131 87 0.3767235149439227
131 78 0.3021742827184598
131 50 0.05014654074844302
131 52 0.02617089551094995
131 46 0.16486656141470507
131 91 0.41284413328081054
131 85 0.4174969994833668
131 84 0.03837538259945171
131 90 0.4228864232413739
131 47 0.111032898713291
131 53 0.037209678597081075
119 76 0.008901241716031585
119 62 0.10698591343924829
119 89 0.013403242258314185
119 88 0.07320316747378734
119 63 0.019961184743099922
119 77 0.1869826498108492
119 49 0.04838210290012773
119 61 0.045454002781709524
119 75 0.004099614851378497
119 74 0.09904177805556433
119 60 0.005579243557716884
119 48 0.035916299860203324
119 64 0.015044868546702547
119 70 0.13128437410304236
119 58 0.34615895439388805
119 59 0.06405301831974686
119 71 0.014485409034290256
119 65 0.0057993661068692914
119 73 0.0045861633040154975
119 67 0.0718574754431602
119 66 0.03175141845414281
119 72 0.007118794483672447
119 57 0.1295883738051493
119 94 0.10564671605222539
119 80 0.015138628463693946
119 81 0.10013234104091838
119 95 0.044306761380695975
119 56 0.06227128275127221
119 68 0.1525477291010621
119 54 0.01759619643444421
119 83 0.00885693146517666
119 82 0.015841385793267174
119 55 0.08597184388628662
119 69 0.0995912965685091
119 51 0.005144436508828287
119 79 0.22147335761745915
119 86 0.007322933772304724
119 92 0.10902024400166432
119 93 0.09882479695413851
119 87 0.07381701154556944
119 78 0.107879498860137
119 50 0.011673166712604086
119 52 0.0029210892874351746
119 46 0.02435715808713959
119 91 0.11690269911574246
119 85 0.10807734560968052
119 84 0.02642311423374749
119 90 0.10969906939299941
119 47 0.02428094562822858
119 53 0.017425691223469625
