114 76 0.05491841781564635
114 62 0.12039682227022713
114 89 0.043194208965927454
114 88 0.20444862410402898
114 63 0.06718247430252382
114 77 0.012514380945575276
114 49 0.02296092136930903
114 61 0.0
114 75 0.0
114 74 0.11964152800607084
114 60 0.0
114 48 0.035154787960059226
114 64 0.06153579487312674
114 70 0.19542254719470067
114 58 0.37854786158363213
114 59 0.0
114 71 0.05510173443536158
114 65 0.0
114 73 0.0
114 67 0.18171664452162128
114 66 0.1374558493836547
114 72 0.0
114 57 0.25069137653100176
114 94 0.23294136975426188
114 80 0.06217297104715194
114 81 0.18509439193589333
114 95 0.02834116960097946
114 56 0.11653702776320712
114 68 0.35038709259702905
114 54 0.07848242140776336
114 83 0.021366884557436315
114 82 0.027810979035435092
114 55 0.11348635503144536
114 69 0.21644020988553903
114 51 0.0
114 79 0.039747077211763265
114 86 0.0
114 92 0.22983213535040314
114 93 0.21203689933188435
114 87 0.22291060187496253
114 78 0.180997548927987
114 50 0.02535863539033157
114 52 0.0
114 46 0.13020497927201244
114 91 0.2242534841904436
114 85 0.19656042977707006
114 84 0.014789633903812716
114 90 0.20240739990326106
114 47 0.09566598831136919
114 53 0.006227207864376097
100 76 0.0
100 62 0.051624166820428696
100 89 0.00356529123025634
100 88 0.13170344798631922
100 63 0.1573239195711935
100 77 0.015511183015327584
100 49 0.14888199873507058
100 61 0.0
100 75 0.0
100 74 0.0
100 60 0.0
100 48 0.04641993391822521
100 64 0.08644817402944488
100 70 0.11999242280107134
100 58 0.2607934806247073
100 59 0.0
100 71 0.37662310368165336
100 65 0.0
100 73 0.0
100 67 0.14742260316151573
100 66 0.09700805452681457
100 72 0.0
100 57 0.217966115426046
100 94 0.1806282799546745
100 80 0.4147598051118222
100 81 0.1072407264014815
100 95 0.021787604580384534
100 56 0.08227489262083576
100 68 0.28146656451740615
100 54 0.02795163216452525
100 83 0.02848663547039884
100 82 0.005365988668561195
100 55 0.12465650998038355
100 69 0.13980579113553027
100 51 0.07399383122510873
100 79 0.009566142763499916
100 86 0.13873138923379846
100 92 0.16124276776676202
100 93 0.15581872514795952
100 87 0.149317083493691
100 78 0.116470966200022
100 50 0.1467575523820072
100 52 0.0
100 46 0.09147871678349045
100 91 0.17332901303565756
100 85 0.15034602512034712
100 84 0.005179250136344141
100 90 0.15496110731609034
100 47 0.05392456897936039
100 53 0.015938011982234185
128 76 0.01725264537227804
128 62 0.012160824565557796
128 89 0.08685763788250132
128 88 0.2447110512836626
128 63 0.0029367541047634615
128 77 0.04813459147141007
128 49 0.0
128 61 0.0
128 75 0.0
128 74 0.016744258571495398
128 60 0.0
128 48 0.0
128 64 0.0
128 70 0.15005361912580778
128 58 0.14289772286825336
128 59 0.0
128 71 0.019589322038122248
128 65 0.0
128 73 0.0
128 67 0.2058479117992566
128 66 0.1628331733560238
128 72 0.03619039752295448
128 57 0.1456400794256178
128 94 0.36413749782568966
128 80 0.0276466743612422
128 81 0.12896649549730274
128 95 0.06031051678317273
128 56 0.1411353180639755
128 68 0.46685492919284993
128 54 0.04962117955205967
128 83 0.0
128 82 0.0
128 55 0.046178203744922645
128 69 0.19805832559170328
128 51 0.0
128 79 0.07811071141431959
128 86 0.0
128 92 0.3808217224860614
128 93 0.3071917762010038
128 87 0.227058157843453
128 78 0.20269954501917842
128 50 0.0
128 52 0.0
128 46 0.07644175344216311
128 91 0.3006095310601237
128 85 0.3160938327391312
128 84 0.0
128 90 0.3184306960664836
128 47 0.029886667646155066
128 53 0.0
129 76 0.029832239293027633
129 62 0.13690523580538141
129 89 0.09488010709807013
129 88 0.27370814144696615
129 63 0.1255598298495372
129 77 0.04846323867131329
129 49 0.07066494989380691
129 61 0.016851813626760824
129 75 0.012884695543514138
129 74 0.050958537684706
129 60 0.01628822398405009
129 48 0.08203769703615801
129 64 0.1070228288186993
129 70 0.24521577319786675
129 58 0.4339233976369526
129 59 0.02359148767135634
129 71 0.11002687810837067
129 65 0.01155751840946033
129 73 0.012349532554637457
129 67 0.2530564696596617
129 66 0.19884124819362314
129 72 0.023133369901767488
129 57 0.3500203689027546
129 94 0.3977704855255468
129 80 0.11986099560619441
129 81 0.24482212589957242
129 95 0.053001604317224116
129 56 0.18498933961697756
129 68 0.4460955551683209
129 54 0.12704657263629845
129 83 0.05909964331328536
129 82 0.13728875159538387
129 55 0.15741539081140027
129 69 0.27129235047778666
129 51 0.02599857116800796
129 79 0.07969539237455171
129 86 0.041424322233735836
129 92 0.415995722375365
129 93 0.3355650618201943
129 87 0.285378476203057
129 78 0.2368756461872102
129 50 0.0678960879430016
129 52 0.013811924962813985
129 46 0.18985397822033845
129 91 0.3283748579516835
129 85 0.3452893428197903
129 84 0.044776467643327565
129 90 0.34784204685570574
129 47 0.16039644438695227
129 53 0.04091373055675334
101 76 0.0
101 62 0.005936572432964041
101 89 0.0
101 88 0.06556226507251615
101 63 0.0
101 77 0.0
101 49 0.07545288581767812
101 61 0.0
101 75 0.0
101 74 0.0
101 60 0.0
101 48 0.017978495266721496
101 64 0.0
101 70 0.052757910319879864
101 58 0.14387491497617375
101 59 0.0
101 71 0.14586657315813417
101 65 0.0
101 73 0.0
101 67 0.07328493056320785
101 66 0.040734210715975605
101 72 0.0
101 57 0.12109044827949757
101 94 0.09965243877961186
101 80 0.1606369626929085
101 81 0.04321465113970625
101 95 0.008438365003097303
101 56 0.039270362661689734
101 68 0.18082176282785362
101 54 0.0
101 83 0.011032907583875415
101 82 0.0
101 55 0.04827961363746027
101 69 0.0676866350199355
101 51 0.028657898281171643
101 79 0.0
101 86 0.05373083100633801
101 92 0.08863189615097145
101 93 0.08168957170546404
101 87 0.0753009030985214
101 78 0.05297192904956155
101 50 0.09191307392002596
101 52 0.0
101 46 0.016075676007803616
101 91 0.09439389587430776
101 85 0.07370424664238096
101 84 0.02920343955280144
101 90 0.07769909824105707
101 47 0.002210013493812793
101 53 0.0
115 76 0.028042874353327495
115 62 0.017010173585799072
115 89 0.0
115 88 0.0567868914124561
115 63 0.0
115 77 0.020342878374977162
115 49 0.0
115 61 0.0
115 75 0.0
115 74 0.07629267270160871
115 60 0.0
115 48 0.0
115 64 0.06869713898964672
115 70 0.03664097805911006
115 58 0.06588328143924091
115 59 0.0
115 71 0.0
115 65 0.0
115 73 0.0
115 67 0.06806701513846904
115 66 0.1216487508016327
115 72 0.06059825198559246
115 57 0.07870837187968448
115 94 0.10600364536870413
115 80 0.004421006662790272
115 81 0.040273524412107464
115 95 0.0
115 56 0.15473112056171695
115 68 0.16224168862179394
115 54 0.0
115 83 0.14752639697276848
115 82 0.018509457204396555
115 55 0.11711582909303908
115 69 0.0363541726595432
115 51 0.0
115 79 0.0
115 86 0.0
115 92 0.09367157658779596
115 93 0.08500997299781729
115 87 0.06919214416724115
115 78 0.036830205868293914
115 50 0.0
115 52 0.6599105373089266
115 46 0.4404261721876301
115 91 0.09801382938663708
115 85 0.08568053621392277
115 84 0.03390116963372907
115 90 0.08903665074506169
115 47 0.18330490381205305
115 53 0.16131417367974743
103 76 0.090823761466581
103 62 0.1883835135641154
103 89 0.10361748769477463
103 88 0.26043924362300236
103 63 0.11494387445349818
103 77 0.09936261520048076
103 49 0.10446722980475434
103 61 0.06467125246938467
103 75 0.05770238381117167
103 74 0.08631361889106383
103 60 0.06131689415136482
103 48 0.10170918578015645
103 64 0.12125838520804277
103 70 0.29421264722316876
103 58 0.6441099803753234
103 59 0.06251073209137802
103 71 0.14914129467166126
103 65 0.059356402866530995
103 73 0.05461324176650209
103 67 0.27587787038486994
103 66 0.22743285236541005
103 72 0.06643358213111783
103 57 0.42326209361520617
103 94 0.3111874872114609
103 80 0.16042764013943273
103 81 0.26609928864254434
103 95 0.09046491986108546
103 56 0.2177551466760264
103 68 0.49392761760738757
103 54 0.13529681316104597
103 83 0.08973964283614946
103 82 0.10157937035286577
103 55 0.2078707093007559
103 69 0.31428769192037703
103 51 0.0825786749541803
103 79 0.10731630738789841
103 86 0.09027300510537548
103 92 0.3014791658959391
103 93 0.28685401146312384
103 87 0.2810451816278375
103 78 0.26491270680372825
103 50 0.11442750135174559
103 52 0.07945523676468291
103 46 0.1853878766734311
103 91 0.3094305472841326
103 85 0.2677167885812224
103 84 0.07613727666121144
103 90 0.280880797126723
103 47 0.1570836918619879
103 53 0.09908424745006035
117 76 0.10850599833892259
117 62 0.19341242855188662
117 89 0.02483409238736365
117 88 0.1522222549629531
117 63 0.017723706569801267
117 77 0.28601005790790124
117 49 0.13011834191053867
117 61 0.06151125646846263
117 75 0.6087427999406362
117 74 0.2806390917785696
117 60 0.0
117 48 0.3601611225148739
117 64 0.09101540580308376
117 70 0.17071686391228663
117 58 0.45708052206571237
117 59 0.0
117 71 0.046983565995505086
117 65 0.0
117 73 0.3376955089173537
117 67 0.15347203404813609
117 66 0.12147879506495173
117 72 0.08028535942752224
117 57 0.22827041499539136
117 94 0.19642508670106357
117 80 0.053698869521386715
117 81 0.15169031965786414
117 95 0.05088181334692083
117 56 0.20287167636113132
117 68 0.3106198047255512
117 54 0.043460846498852575
117 83 0.582098646945713
117 82 0.024522793575244436
117 55 0.09910282940878115
117 69 0.1795206307478076
117 51 0.08608328756994386
117 79 0.32443437767171107
117 86 0.00486372157988503
117 92 0.19025035723733802
117 93 0.17409867092724954
117 87 0.1748538273529991
117 78 0.17180647778222843
117 50 0.023577668299235396
117 52 0.08121327135664286
117 46 0.2266611758997813
117 91 0.18959490922202754
117 85 0.17667568768386205
117 84 0.07650752564634933
117 90 0.17920816996551256
117 47 0.07435431514056487
117 53 0.044295938352348296
116 76 0.09783517915100474
116 62 0.1883814723193359
116 89 0.11520232270188083
116 88 0.31256150340095673
116 63 0.12191952102471784
116 77 0.11814635633798881
116 49 0.10711176265423152
116 61 0.06388181385985565
116 75 0.06262341163436719
116 74 0.08925834388339349
116 60 0.055933294304871116
116 48 0.11143764309861623
116 64 0.12717223007665232
116 70 0.32629466849652333
116 58 0.5953094728608623
116 59 0.07264037194521253
116 71 0.12643262616905232
116 65 0.04493969150541689
116 73 0.05923646439724628
116 67 0.30247278649375303
116 66 0.26138954570858774
116 72 0.07286445109851748
116 57 0.40486810230818704
116 94 0.3607260390617597
116 80 0.13491934202822164
116 81 0.2909651254910755
116 95 0.10810785436933436
116 56 0.24728564648148926
116 68 0.5331798353590761
116 54 0.14368983287852735
116 83 0.18734000378753796
116 82 0.1945198041914676
116 55 0.20984176121108183
116 69 0.34725819700526905
116 51 0.06910465808563693
116 79 0.14065336417914073
116 86 0.07600384609962953
116 92 0.35996440265224666
116 93 0.33391778456768567
116 87 0.3372286551605682
116 78 0.3057699041871089
116 50 0.10428088140063821
116 52 0.10046240789119887
116 46 0.2335530743191936
116 91 0.3514960030513991
116 85 0.321514492684763
116 84 0.09414729455358327
116 90 0.3294873353801074
116 47 0.17192877154467068
116 53 0.09539166439148208
102 76 0.008016923933955505
102 62 0.09480017233719668
102 89 0.02339068067279118
102 88 0.12444738393672522
102 63 0.04359579347236876
102 77 0.02269311794414873
102 49 0.03765924996367087
102 61 0.0
102 75 0.0
102 74 0.022494777899143455
102 60 0.0
102 48 0.0321047500128579
102 64 0.0440437291463498
102 70 0.15886886543356227
102 58 0.4473292057997937
102 59 0.0
102 71 0.08540680655615353
102 65 0.0
102 73 0.0
102 67 0.14292140354404526
102 66 0.09165638899796004
102 72 0.004596136822865901
102 57 0.2642205724205698
102 94 0.15562706967218762
102 80 0.09440927921167852
102 81 0.13772435011749096
102 95 0.02332201429482402
102 56 0.09963098325122259
102 68 0.2954936232372135
102 54 0.053735423137702784
102 83 0.021632746045425283
102 82 0.02724859489075395
102 55 0.09222886433016375
102 69 0.17321888251618905
102 51 0.016305696500807376
102 79 0.02820945736011439
102 86 0.025109175696129686
102 92 0.14335056289960382
102 93 0.1348171381130745
102 87 0.13757179778651774
102 78 0.12763058550744652
102 50 0.04052199853458992
102 52 0.006120082843832322
102 46 0.08637582899740223
102 91 0.14573757995158365
102 85 0.13041272119816355
102 84 0.0160409123323993
102 90 0.13059414671813213
102 47 0.06586196242670896
102 53 0.020829770623397498
106 76 0.02817990011691373
106 62 0.05675835276237137
106 89 0.0
106 88 0.08737575234310178
106 63 0.0
106 77 0.0
106 49 0.0
106 61 0.0
106 75 0.0
106 74 0.0
106 60 0.0
106 48 0.0
106 64 0.0
106 70 0.09701918439912133
106 58 0.3752884045061567
106 59 0.0
106 71 0.013439824590145269
106 65 0.0
106 73 0.0
106 67 0.08740715251713549
106 66 0.0527715545090466
106 72 0.05911219789093665
106 57 0.16734037787772144
106 94 0.11263670225889735
106 80 0.020063017626559224
106 81 0.08255335109984449
106 95 0.0
106 56 0.04343653664371843
106 68 0.21834144258189192
106 54 0.0031371006830763215
106 83 0.0
106 82 0.03611109763959049
106 55 0.08645781038148093
106 69 0.11252298465811178
106 51 0.0
106 79 0.0
106 86 0.0
106 92 0.1058756359768905
106 93 0.09580812253764615
106 87 0.09982988391623523
106 78 0.08261241637615624
106 50 0.0
106 52 0.0
106 46 0.03622826971803674
106 91 0.10828674811942875
106 85 0.08411575566859737
106 84 0.0
106 90 0.08965773295716341
106 47 0.016602523222260378
106 53 0.0
112 76 0.06338576040047292
112 62 0.16420932332138982
112 89 0.08024628937034148
112 88 0.24431386886408107
112 63 0.09995397785315312
112 77 0.06860382986696192
112 49 0.08286525390373378
112 61 0.042883264621363354
112 75 0.04328023715856828
112 74 0.07149210837135858
112 60 0.036555739512055964
112 48 0.08491958931185878
112 64 0.10281683238107393
112 70 0.27519793542764276
112 58 0.5991979020612188
112 59 0.048866232469887944
112 71 0.12490616439018698
112 65 0.02927104788998882
112 73 0.0377425151315465
112 67 0.237277899217895
112 66 0.186308177695231
112 72 0.05455792878193093
112 57 0.3611738941296838
112 94 0.2698164057237628
112 80 0.13271314222580383
112 81 0.24547977267904691
112 95 0.08570871360510288
112 56 0.1840068501322173
112 68 0.44619705827327705
112 54 0.11795378341189157
112 83 0.07742236863884813
112 82 0.07755622494170435
112 55 0.1791134314859228
112 69 0.3027845959735
112 51 0.053321051987808676
112 79 0.09054353507223553
112 86 0.05779000697613866
112 92 0.2686436842380717
112 93 0.2510708520338092
112 87 0.26225668089134346
112 78 0.2461514514645533
112 50 0.08579283082035274
112 52 0.05206393725346124
112 46 0.17780751579711868
112 91 0.2649256816505858
112 85 0.238016204061746
112 84 0.07994892924136869
112 90 0.2403739556232415
112 47 0.13274970989051968
112 53 0.0619454464871408
113 76 0.05621699468715071
113 62 0.14976726168113463
113 89 0.08771176717756136
113 88 0.2899704374807863
113 63 0.11812538507683998
113 77 0.08702046184402797
113 49 0.0859521280550544
113 61 0.03539348989321279
113 75 0.03453108341336802
113 74 0.06964855630962921
113 60 0.03286414839740639
113 48 0.09206799988900755
113 64 0.11257331059002243
113 70 0.2704250533086088
113 58 0.4537762459370544
113 59 0.041795425847608
113 71 0.12172714410821153
113 65 0.020530779957776864
113 73 0.03082411175185277
113 67 0.2733727458457901
113 66 0.22344500985542892
113 72 0.042415423519111546
113 57 0.3495374920270618
113 94 0.3516528637098316
113 80 0.1315428163835176
113 81 0.25463504153758365
113 95 0.0808639338690537
113 56 0.24948581627983768
113 68 0.4729489213760329
113 54 0.13035457500342668
113 83 0.14397593320758612
113 82 0.0816176911460381
113 55 0.17394155671569964
113 69 0.2930583934477583
113 51 0.04618032973451526
113 79 0.10868149313503707
113 86 0.054305072673566435
113 92 0.3677650614802641
113 93 0.3092343165975773
113 87 0.3103808252115337
113 78 0.26114381649241697
113 50 0.08314752541323986
113 52 0.057639612138197946
113 46 0.21027971128567524
113 91 0.3234417288192879
113 85 0.3052563994300345
113 84 0.06652057864657208
113 90 0.30751314224303455
113 47 0.16248693320160668
113 53 0.06913701431238624
107 76 0.0
107 62 0.0
107 89 0.0
107 88 0.06356396338246835
107 63 0.0
107 77 0.0
107 49 0.0
107 61 0.0
107 75 0.0
107 74 0.0
107 60 0.0
107 48 0.0
107 64 0.0
107 70 0.016076859965176
107 58 0.05753913061938057
107 59 0.0
107 71 0.010108725723752529
107 65 0.0
107 73 0.0
107 67 0.07650258089135516
107 66 0.14444533185524477
107 72 0.0
107 57 0.10372300855766463
107 94 0.06994336092716974
107 80 0.019864726037055552
107 81 0.007504414312180421
107 95 0.0
107 56 0.4509176918080107
107 68 0.361975860547594
107 54 0.0
107 83 0.0
107 82 0.0
107 55 0.012661876772743996
107 69 0.03448104861549824
107 51 0.0
107 79 0.0
107 86 0.0
107 92 0.0651671992134281
107 93 0.07811375404954556
107 87 0.054501112188540805
107 78 0.026135050636409293
107 50 0.0
107 52 0.0
107 46 0.0
107 91 0.08241178923720568
107 85 0.04478410196236294
107 84 0.0
107 90 0.05203074899993616
107 47 0.0
107 53 0.0
139 76 0.051941004809432464
139 62 0.0038275468440005928
139 89 0.0328283655277572
139 88 0.09249001050534249
139 63 0.0
139 77 0.0
139 49 0.0
139 61 0.03753573625183035
139 75 0.0
139 74 0.013845926365314898
139 60 0.0
139 48 0.0
139 64 0.0
139 70 0.11066757472557082
139 58 0.11749187665541241
139 59 0.06456293605969578
139 71 0.006966618565640098
139 65 0.0
139 73 0.0
139 67 0.08590406497905195
139 66 0.18363571141291837
139 72 0.0
139 57 0.12121998850386745
139 94 0.19559808521624486
139 80 0.014838583739294683
139 81 0.0487436609863441
139 95 0.016321659190135174
139 56 0.05678305911535784
139 68 0.19392737649777897
139 54 0.03750924524236148
139 83 0.015779807285116743
139 82 0.05324778834247416
139 55 0.022409585956416282
139 69 0.07126872882172954
139 51 0.0
139 79 0.029522412173023517
139 86 0.0
139 92 0.20456009109691514
139 93 0.1711224938016207
139 87 0.0923288786630213
139 78 0.06846560687777724
139 50 0.0
139 52 0.0
139 46 0.037096030280512726
139 91 0.16147375379961557
139 85 0.16475905023396356
139 84 0.0
139 90 0.16597710431304763
139 47 0.013989101902130749
139 53 0.0
111 76 0.11637417145931522
111 62 0.22050797138843864
111 89 0.13545202221424976
111 88 0.3610131302231053
111 63 0.1569755390177499
111 77 0.10256072353217154
111 49 0.12327438666592483
111 61 0.08327993753219753
111 75 0.07549964879881395
111 74 0.1128297737075255
111 60 0.07330141011340537
111 48 0.13141414765467596
111 64 0.15535677965205288
111 70 0.37695995370325985
111 58 0.6845597455734685
111 59 0.09985335013756474
111 71 0.15662447384867956
111 65 0.06434762332831201
111 73 0.07081351878482962
111 67 0.3357127186930937
111 66 0.29230999670390234
111 72 0.09179138935891468
111 57 0.45431125129007094
111 94 0.3934740245783096
111 80 0.16398116349586317
111 81 0.34725012280354656
111 95 0.13357376960804676
111 56 0.27070101744634073
111 68 0.5935405168057518
111 54 0.17542927356020535
111 83 0.12153166696468498
111 82 0.12502045944546464
111 55 0.2491989419667494
111 69 0.4153833269890064
111 51 0.08461533635776639
111 79 0.14794464373597327
111 86 0.09011248096041094
111 92 0.40151385869078055
111 93 0.3718275289514057
111 87 0.3790415108568673
111 78 0.35892150775840037
111 50 0.12789260785239057
111 52 0.08932285857946384
111 46 0.2564315952442343
111 91 0.3852017800474801
111 85 0.3540312977679465
111 84 0.12298042360331468
111 90 0.35900401551152167
111 47 0.19940662541539544
111 53 0.09642927183307032
105 76 0.021985620113331834
105 62 0.07411172578147907
105 89 0.030683007855833576
105 88 0.1528833027313699
105 63 0.04663714049322914
105 77 0.039745896193170024
105 49 0.10959579420299007
105 61 0.009816769700175074
105 75 0.0034417626179864685
105 74 0.02396856366310999
105 60 0.011183238468295123
105 48 0.041272654841192136
105 64 0.03504513976768105
105 70 0.12668066018629048
105 58 0.20921603616925566
105 59 0.00618701882188212
105 71 0.27724176538384143
105 65 0.0
105 73 0.0
105 67 0.18955652480518065
105 66 0.12340863383212806
105 72 0.004980805651561837
105 57 0.25093257084483056
105 94 0.20318168191307
105 80 0.3053151531475238
105 81 0.10993213562840196
105 95 0.033519196650673405
105 56 0.21374534694014297
105 68 0.3347952885777465
105 54 0.04196489898950774
105 83 0.15214424025267795
105 82 0.028784809407671412
105 55 0.07727903428828962
105 69 0.14696041365342646
105 51 0.054468725353883383
105 79 0.035709862355521316
105 86 0.10212367454186222
105 92 0.17855169894473238
105 93 0.17872846872358122
105 87 0.16094315200405548
105 78 0.13131283487490547
105 50 0.1080319356621068
105 52 0.0075261851871827185
105 46 0.08185877597081014
105 91 0.18983642012866173
105 85 0.17444940395417546
105 84 0.025346390330966875
105 90 0.17197927800946966
105 47 0.07194899332460275
105 53 0.04373129508880413
104 76 0.030056234611727566
104 62 0.13642251950982587
104 89 0.05072670119637524
104 88 0.1850980450910023
104 63 0.06993044407820144
104 77 0.03539321022863657
104 49 0.045684376507716624
104 61 0.014511009054501103
104 75 0.013844285352384494
104 74 0.04027148439860399
104 60 0.01143436644451172
104 48 0.05237399495072671
104 64 0.07631144639437311
104 70 0.23029110598288383
104 58 0.6147932206423989
104 59 0.010953449645566798
104 71 0.07711105240829051
104 65 0.012368777046805807
104 73 0.010317768962895879
104 67 0.18552014192756713
104 66 0.14070979893112684
104 72 0.021073000005322466
104 57 0.33855703314110147
104 94 0.21375270386493228
104 80 0.0845944552509123
104 81 0.2088229333272269
104 95 0.03937696329360177
104 56 0.13410603292416995
104 68 0.37792416819974306
104 54 0.09111688491139772
104 83 0.03908413671526557
104 82 0.05293867128693702
104 55 0.15350535557794004
104 69 0.24953357664535086
104 51 0.02796486887661615
104 79 0.04976322137709631
104 86 0.03326882634527185
104 92 0.20797700152875426
104 93 0.1947565509743558
104 87 0.20419142320628308
104 78 0.19074765241962396
104 50 0.05299037748344271
104 52 0.01712870196767402
104 46 0.13033591879954556
104 91 0.2121016065839087
104 85 0.17694061990982143
104 84 0.03667334435610259
104 90 0.1877336644466991
104 47 0.09878239045461919
104 53 0.034234806419338355
110 76 0.013083005647657533
110 62 0.0975379871428969
110 89 0.15089595837669173
110 88 0.20848864603923334
110 63 0.024603573424637114
110 77 0.2019367077324568
110 49 0.03351899753349069
110 61 0.0
110 75 0.0
110 74 0.03585507509431719
110 60 0.0686261154835244
110 48 0.04172773656099403
110 64 0.017225559142674006
110 70 0.1350460801407405
110 58 0.2659562505601937
110 59 0.0
110 71 0.1536082851007745
110 65 0.0
110 73 0.0
110 67 0.13291123649359593
110 66 0.09334560492979427
110 72 0.1100656565619979
110 57 0.18451968051071574
110 94 0.1932153813278057
110 80 0.15506571411860753
110 81 0.16615653469878922
110 95 0.05879228081388815
110 56 0.11388330266048508
110 68 0.27528890031863273
110 54 0.037628674230223196
110 83 0.0
110 82 0.11356401467749434
110 55 0.07861077601818435
110 69 0.3269124459418766
110 51 0.0
110 79 0.13177882155988638
110 86 0.0
110 92 0.20206821535111086
110 93 0.2731157389594611
110 87 0.1563638013917551
110 78 0.22130913757257076
110 50 0.005257550258510504
110 52 0.0
110 46 0.08989742284083696
110 91 0.18227064386151515
110 85 0.1844784073496719
110 84 0.0
110 90 0.1858422454894043
110 47 0.062458024397443024
110 53 0.010346399122481975
138 76 0.029590237257009558
138 62 0.06315208476367748
138 89 0.03785093828433255
138 88 0.16322311875438444
138 63 0.02651103528348494
138 77 0.041952314051887436
138 49 0.011256360566320914
138 61 0.0
138 75 0.0
138 74 0.02782801996267622
138 60 0.0
138 48 0.00875099465094549
138 64 0.01871851687648704
138 70 0.13080482413191735
138 58 0.1392803182039703
138 59 0.0
138 71 0.04967013544545727
138 65 0.0
138 73 0.0
138 67 0.1629652145369965
138 66 0.1781060870190811
138 72 0.09502126339059425
138 57 0.1837357498857339
138 94 0.21154246623912737
138 80 0.059360003580066274
138 81 0.111838473595963
138 95 0.03374560634388945
138 56 0.12284890093044953
138 68 0.2990366862197367
138 54 0.029891100423150616
138 83 0.027183756700456356
138 82 0.018649532578186204
138 55 0.045335952487724776
138 69 0.14078158317438652
138 51 0.0
138 79 0.03403919090095778
138 86 0.0
138 92 0.1993291411567133
138 93 0.1828685471177967
138 87 0.1809779310454649
138 78 0.1388131143664877
138 50 0.015919435175593036
138 52 0.0
138 46 0.07222515320064998
138 91 0.2011453487772334
138 85 0.16166263587234436
138 84 0.0
138 90 0.17210349972406622
138 47 0.0639399626773704
138 53 0.07618167143507139
140 76 0.06332730893277247
140 62 0.020976496402599014
140 89 0.024849978971602835
140 88 0.09750690029400806
140 63 0.0275874203635431
140 77 0.0
140 49 0.043241576397478124
140 61 0.028413301775653155
140 75 0.0
140 74 0.01563365568296747
140 60 0.0
140 48 0.0
140 64 0.0
140 70 0.11569878253768415
140 58 0.20829520036466953
140 59 0.017735972624805814
140 71 0.02557262403726577
140 65 0.0
140 73 0.0
140 67 0.1078206348740775
140 66 0.16108164155919363
140 72 0.0
140 57 0.16446930363159948
140 94 0.13668758240403567
140 80 0.033462128085083254
140 81 0.0781576475708726
140 95 0.012354952223058005
140 56 0.05777573071141627
140 68 0.23676207013314904
140 54 0.0
140 83 0.0
140 82 0.056644361263639295
140 55 0.033676892212086626
140 69 0.12742687084350623
140 51 0.0
140 79 0.012462439495298738
140 86 0.0
140 92 0.12986405361748482
140 93 0.11730638920597533
140 87 0.11039585962542098
140 78 0.15005963049405946
140 50 0.04262454807935486
140 52 0.0
140 46 0.030859473075788367
140 91 0.13105956303796693
140 85 0.11177191315356325
140 84 0.011830169021746148
140 90 0.11634961336534574
140 47 0.014666305849121375
140 53 0.0
135 76 0.06104220267571718
135 62 0.17869320929881466
135 89 0.031034395959362304
135 88 0.1449845477546275
135 63 0.022260254617903978
135 77 0.19029558665168858
135 49 0.3009824762559485
135 61 0.0
135 75 0.3318136652916525
135 74 0.15841805479486917
135 60 0.0
135 48 0.3298686760004219
135 64 0.01933593297378596
135 70 0.11651840282577719
135 58 0.17993124355615353
135 59 0.0
135 71 0.1815201725300907
135 65 0.0
135 73 0.2117049387198242
135 67 0.17315970491463945
135 66 0.10892393509823073
135 72 0.02586179302212794
135 57 0.1894333207589058
135 94 0.20777773616773676
135 80 0.19790829351286232
135 81 0.17706414259942743
135 95 0.0867401162825959
135 56 0.26068779145697096
135 68 0.2975026078818556
135 54 0.03545947994285682
135 83 0.47266826714096283
135 82 0.008761639766814072
135 55 0.051408872155762335
135 69 0.1240035689238653
135 51 0.11583335430408156
135 79 0.16134807210905033
135 86 0.058866336222991734
135 92 0.1904195132013583
135 93 0.1710644610119177
135 87 0.16463604055286263
135 78 0.17760315564764567
135 50 0.07467274022463621
135 52 0.02223696802692742
135 46 0.24714229381373387
135 91 0.18457044882014145
135 85 0.17384371145480754
135 84 0.10325180017188088
135 90 0.17512892790610365
135 47 0.13504737573136008
135 53 0.2460004384681812
121 76 0.09305576811683916
121 62 0.06922643666415268
121 89 0.05884420317072332
121 88 0.2600563694688649
121 63 0.09267014280007423
121 77 0.039828598324514214
121 49 0.11978290772367885
121 61 0.0
121 75 0.0
121 74 0.0581542191699006
121 60 0.053549304843927226
121 48 0.08263611004223828
121 64 0.06789528809053996
121 70 0.12899676605295982
121 58 0.11238094539146126
121 59 0.0
121 71 0.32528138559652864
121 65 0.05326859137529666
121 73 0.0
121 67 0.28661875399485953
121 66 0.13035415245011187
121 72 0.029945466702514405
121 57 0.31475594381544403
121 94 0.3263585458793473
121 80 0.35617553438882227
121 81 0.0685857152904687
121 95 0.07512783505777164
121 56 0.14565699136151997
121 68 0.33144439950578125
121 54 0.08211732844731608
121 83 0.3096537042852406
121 82 0.018293409998943765
121 55 0.13090588988843838
121 69 0.3337897748410578
121 51 0.08359538075353429
121 79 0.05809973738627508
121 86 0.11161624196448522
121 92 0.46628155976195546
121 93 0.2837215183570041
121 87 0.16628805996740853
121 78 0.45928146795983354
121 50 0.11807368589944937
121 52 0.0
121 46 0.09096607593811702
121 91 0.2694215509802215
121 85 0.27638411790867223
121 84 0.0
121 90 0.2784274096230554
121 47 0.1527209774807215
121 53 0.014945388514419594
109 76 0.03530331072541926
109 62 0.07692240711826637
109 89 0.032268890518623174
109 88 0.1718161864121298
109 63 0.031849070682175955
109 77 0.16209979774698913
109 49 0.032843180186530235
109 61 0.0
109 75 0.0
109 74 0.06268836190547747
109 60 0.0
109 48 0.022374238401608196
109 64 0.05158412602850099
109 70 0.17547559427114534
109 58 0.3675670099036495
109 59 0.0
109 71 0.06875409479313449
109 65 0.0
109 73 0.0
109 67 0.16075465235103326
109 66 0.12023654493797609
109 72 0.045502737282884086
109 57 0.2329765524702072
109 94 0.19426504856963958
109 80 0.07588361749224205
109 81 0.17038783939619773
109 95 0.044881406216382355
109 56 0.10841143079646408
109 68 0.32645961249575756
109 54 0.05039911649526541
109 83 0.0168468688323199
109 82 0.013898601705882405
109 55 0.10187126526817038
109 69 0.21595414414989073
109 51 0.0
109 79 0.13263767038660856
109 86 0.0031331698460586033
109 92 0.19799407187271043
109 93 0.18014126607476375
109 87 0.18508395915359477
109 78 0.23197012719938825
109 50 0.030897373038211634
109 52 0.005167538655481432
109 46 0.11135558280635474
109 91 0.1939464302779455
109 85 0.180758913420835
109 84 0.4765767850107427
109 90 0.18209525355820766
109 47 0.07031489904353695
109 53 0.013554555786410419
108 76 0.13279880917427184
108 62 0.2592366609207843
108 89 0.16407059852465194
108 88 0.4031948209377087
108 63 0.19755614594377355
108 77 0.13920343144662453
108 49 0.15454643554179578
108 61 0.10336923540061364
108 75 0.09735676201559562
108 74 0.1401151632316432
108 60 0.09680738205595188
108 48 0.16576923373660127
108 64 0.19406373903708574
108 70 0.41436583293989726
108 58 0.7631473271595671
108 59 0.11706712988593615
108 71 0.18948648370854687
108 65 0.09017531346803447
108 73 0.09450325370272303
108 67 0.3813549333809385
108 66 0.32937193878962573
108 72 0.11253535552567935
108 57 0.5269484962067363
108 94 0.45116547492149767
108 80 0.19931668652543658
108 81 0.39035862083136924
108 95 0.15521031126690615
108 56 0.3042558709380048
108 68 0.650811647559035
108 54 0.21646957152717677
108 83 0.14779097739614028
108 82 0.16391554420319732
108 55 0.28537654795248474
108 69 0.4471852210738639
108 51 0.11296829425426108
108 79 0.17778687035690158
108 86 0.1219912666485336
108 92 0.4477803142009182
108 93 0.4173085947416157
108 87 0.4256060652195948
108 78 0.38990059029096746
108 50 0.15689366166615343
108 52 0.11694822950363645
108 46 0.29964349742507174
108 91 0.4364468408067541
108 85 0.39204629924819795
108 84 0.13408116849134405
108 90 0.4035664815237459
108 47 0.2495133932116987
108 53 0.13002853150702295
120 76 0.0
120 62 0.13731583917762197
120 89 0.041823975292207334
120 88 0.11783406977361416
120 63 0.0
120 77 0.2645444804080416
120 49 0.0
120 61 0.0
120 75 0.040366674312399695
120 74 0.0036819906565061095
120 60 0.0
120 48 0.0
120 64 0.0
120 70 0.06725327337301215
120 58 0.0553082432122725
120 59 0.0
120 71 0.012727022916784514
120 65 0.0
120 73 0.0
120 67 0.09912056310685201
120 66 0.07840796486322693
120 72 0.0
120 57 0.08531504888720787
120 94 0.17534068486446913
120 80 0.022052768437286478
120 81 0.038937084017065526
120 95 0.020794110816112744
120 56 0.07317978763379353
120 68 0.14742314775714677
120 54 0.0
120 83 0.02051116828786676
120 82 0.0
120 55 0.23213123362969595
120 69 0.08522928405171906
120 51 0.03995820933554884
120 79 0.020975018213400802
120 86 0.0
120 92 0.18337452756358766
120 93 0.14791999380849458
120 87 0.150043966222502
120 78 0.14645210225409244
120 50 0.06604344468721826
120 52 0.0
120 46 0.026355905683398295
120 91 0.14475048949257208
120 85 0.1522065413335854
120 84 0.08798367873538852
120 90 0.15333179544418735
120 47 0.05919391090683197
120 53 0.38466493413763053
134 76 0.05002386139348314
134 62 0.10524865572675025
134 89 0.0
134 88 0.09889671248407707
134 63 0.0
134 77 0.021515393926651964
134 49 0.2768782656534877
134 61 0.0
134 75 0.3407399503352811
134 74 0.09383071393003348
134 60 0.0
134 48 0.2581292618501197
134 64 0.0
134 70 0.08526336218857242
134 58 0.17765244518856121
134 59 0.0
134 71 0.35051068151821496
134 65 0.0
134 73 0.2174001189544782
134 67 0.1440621492630937
134 66 0.07511441063591034
134 72 0.0
134 57 0.18721107705037388
134 94 0.1714318662054266
134 80 0.38395711007528244
134 81 0.06452845477493223
134 95 0.018987183152435583
134 56 0.05789379763667718
134 68 0.23979766415167875
134 54 0.036413393113342366
134 83 0.2789873226860641
134 82 0.0
134 55 0.16383919924843565
134 69 0.09684755487786238
134 51 0.11266777659105384
134 79 0.012677237276240996
134 86 0.12089985783684826
134 92 0.13984865825930298
134 93 0.13435487386490477
134 87 0.12037079248669144
134 78 0.08374779839719035
134 50 0.12789439590752583
134 52 0.48938487253232454
134 46 0.10940406895153314
134 91 0.15023256035727553
134 85 0.13235335315632737
134 84 0.05574770490722841
134 90 0.13848350163330533
134 47 0.12324532394302182
134 53 0.36223539650707043
122 76 0.024908557670971915
122 62 0.04464620309107665
122 89 0.0508654602984355
122 88 0.14330737707253768
122 63 0.04301991164219601
122 77 0.012086402336391744
122 49 0.20708285298971596
122 61 0.0
122 75 0.0
122 74 0.030747656056419076
122 60 0.0
122 48 0.06456638433828182
122 64 0.008825388302605527
122 70 0.09885890179207515
122 58 0.1408135810806751
122 59 0.0
122 71 0.5238523627763904
122 65 0.0
122 73 0.0
122 67 0.347763666248014
122 66 0.10342554179313854
122 72 0.0
122 57 0.35001307451652636
122 94 0.2132457420023366
122 80 0.5768974387619
122 81 0.09787103452950989
122 95 0.05559417158111521
122 56 0.08202900413831464
122 68 0.3924380437600806
122 54 0.018402013296287018
122 83 0.28747876290874813
122 82 0.0020995256722956684
122 55 0.061762554764644054
122 69 0.2017254587944487
122 51 0.10291945167260574
122 79 0.02550938663143975
122 86 0.1929641738144826
122 92 0.22301633659553016
122 93 0.17989726035948303
122 87 0.14537646683473823
122 78 0.2375691206368743
122 50 0.20412791944802688
122 52 0.0
122 46 0.06671175274191583
122 91 0.17604257426565983
122 85 0.6893371965737461
122 84 0.0008879720027812066
122 90 0.186478982429662
122 47 0.04722283727873364
122 53 0.01306390886600678
136 76 0.018206162193142583
136 62 0.07669695618086532
136 89 0.0
136 88 0.042419730799478444
136 63 0.0
136 77 0.28101283089980417
136 49 0.13959552186371021
136 61 0.049512227186850846
136 75 0.0
136 74 0.10366712172101288
136 60 0.0
136 48 0.1450113246113221
136 64 0.0
136 70 0.06885222449246944
136 58 0.07790422269443949
136 59 0.0
136 71 0.0
136 65 0.0
136 73 0.0
136 67 0.03999860814713041
136 66 0.014555700682662931
136 72 0.03819056341330289
136 57 0.09244464377522528
136 94 0.07674503267110917
136 80 0.0
136 81 0.2808111307677307
136 95 0.05902931706056079
136 56 0.16623321209878272
136 68 0.17062964617687498
136 54 0.052363636048038655
136 83 0.0
136 82 0.0
136 55 0.013838061554712969
136 69 0.02949086825972818
136 51 0.0
136 79 0.39394476160756586
136 86 0.0
136 92 0.08026137299392139
136 93 0.07283614959133784
136 87 0.05410435050522044
136 78 0.09133988084354189
136 50 0.0
136 52 0.0
136 46 0.12708352358999492
136 91 0.09503397104203043
136 85 0.0899362266959467
136 84 0.0254297955457482
136 90 0.09060111999090605
136 47 0.17160623866702618
136 53 0.014397931607759165
137 76 0.024354994648516405
137 62 0.04444593591657619
137 89 0.03213390387888268
137 88 0.16521106713233533
137 63 0.028294203530369967
137 77 0.005995682822913004
137 49 0.01389718612144858
137 61 0.0
137 75 0.0
137 74 0.0028289212828879473
137 60 0.0
137 48 0.010407917801364616
137 64 0.01775826134112584
137 70 0.14080859790641453
137 58 0.18234424042360636
137 59 0.002465965957142255
137 71 0.03688028635330294
137 65 0.0
137 73 0.0
137 67 0.16031025747406513
137 66 0.15120480865025332
137 72 0.0
137 57 0.1938883119312883
137 94 0.21244032953126069
137 80 0.044215244093440575
137 81 0.12977868190934455
137 95 0.01597638563870088
137 56 0.11045825367089177
137 68 0.3052198003063614
137 54 0.0276067896745402
137 83 0.0029159980635588417
137 82 0.010255802208031323
137 55 0.06105125153284441
137 69 0.15892010591194128
137 51 0.0
137 79 0.06952849200534962
137 86 0.0
137 92 0.21141624273259674
137 93 0.18795223481049766
137 87 0.1739864964447841
137 78 0.15330087011774812
137 50 0.01608210191351077
137 52 0.0
137 46 0.0834538118992563
137 91 0.19813746086230985
137 85 0.18207450586181895
137 84 0.0
137 90 0.1857256570440491
137 47 0.0621462733163169
137 53 0.0007200788922396423
123 76 0.01767632253576415
123 62 0.038952166354651624
123 89 0.03609660157934688
123 88 0.1355605465044985
123 63 0.020570061144018388
123 77 0.028908094303121683
123 49 0.14695605218997976
123 61 0.0
123 75 0.0
123 74 0.02182003040286034
123 60 0.0
123 48 0.04581944284400046
123 64 0.013177717676352882
123 70 0.10135991808339226
123 58 0.1605556774478864
123 59 0.0
123 71 0.3717510844214347
123 65 0.0
123 73 0.0
123 67 0.24678999129618828
123 66 0.10273821485994954
123 72 0.0
123 57 0.29603318873182344
123 94 0.6093407070390424
123 80 0.4093944471740963
123 81 0.0864194111202806
123 95 0.039452324817732615
123 56 0.10685216053010177
123 68 0.2892416085594944
123 54 0.0219702194269737
123 83 0.20400889535565203
123 82 0.017112726374233875
123 55 0.04865066910816625
123 69 0.14315418501654908
123 51 0.07303664254671373
123 79 0.01810269995329067
123 86 0.13693675158747043
123 92 0.17674870515043634
123 93 0.17643814944755515
123 87 0.15953372337098992
123 78 0.21869059069785207
123 50 0.14485908780349835
123 52 0.0
123 46 0.06251212085504142
123 91 0.20146753226810687
123 85 0.15960254669945295
123 84 0.005814107136137614
123 90 0.17245347218724508
123 47 0.06520854428959415
123 53 0.028774348810494607
127 76 0.07190539020337834
127 62 0.12616179921548903
127 89 0.08042191855754895
127 88 0.292288475610887
127 63 0.10784019332386582
127 77 0.09013954848824597
127 49 0.12550482067031132
127 61 0.04019269858789821
127 75 0.03235633823539661
127 74 0.07087063327929186
127 60 0.039068762416260124
127 48 0.09334680514738837
127 64 0.09491780770412374
127 70 0.2407660298797336
127 58 0.29818569269145184
127 59 0.04451043139623071
127 71 0.3174864354956263
127 65 0.015154714244092413
127 73 0.02632969689423352
127 67 0.2944199780196643
127 66 0.2350748863320295
127 72 0.05137887340721599
127 57 0.34943377832088124
127 94 0.3603748214641009
127 80 0.34963498209371174
127 81 0.22640115282539203
127 95 0.09091948787836193
127 56 0.2001077312799459
127 68 0.5073678536459013
127 54 0.11015882380782713
127 83 0.07693149698321117
127 82 0.08874693098267673
127 55 0.14849624254300386
127 69 0.26331995166179
127 51 0.2222164581520799
127 79 0.13121363864871635
127 86 0.11694804123441405
127 92 0.33402816655794176
127 93 0.3184217337069593
127 87 0.3192992319369874
127 78 0.253011959199445
127 50 0.33506377028342765
127 52 0.0457480306677878
127 46 0.18393587765018138
127 91 0.3494230445368729
127 85 0.2953806364193007
127 84 0.06578091032688638
127 90 0.30729892154730265
127 47 0.16375992610004475
127 53 0.08599312343643505
133 76 0.0
133 62 0.23543403416246667
133 89 0.0
133 88 0.07547442389696
133 63 0.0
133 77 0.24789245496109935
133 49 0.4160377863010203
133 61 0.05331342710548695
133 75 0.0
133 74 0.12288673453127472
133 60 0.0
133 48 0.2436793394928487
133 64 0.0
133 70 0.074138213126166
133 58 0.11939124247416288
133 59 0.0
133 71 0.25410944143560527
133 65 0.0
133 73 0.04394020451528193
133 67 0.15838859691147733
133 66 0.04317275246154092
133 72 0.0
133 57 0.2466683243217238
133 94 0.13500316373837054
133 80 0.2798404595380105
133 81 0.1507485609829015
133 95 0.05880081148522521
133 56 0.13148805827083243
133 68 0.21195294605212606
133 54 0.05638374704676505
133 83 0.07765892260286458
133 82 0.14280869625683185
133 55 0.03510287882348617
133 69 0.05690184471172416
133 51 0.04992399812568572
133 79 0.35992288767347597
133 86 0.09360274365319925
133 92 0.10736181168610154
133 93 0.0982947448128427
133 87 0.08696213574730517
133 78 0.09236172788402251
133 50 0.09901803500023873
133 52 0.0
133 46 0.04157493768840571
133 91 0.1078247515765095
133 85 0.09684089645174145
133 84 0.11370377474424778
133 90 0.09997344987884638
133 47 0.20327361824624848
133 53 0.3911627163831927
132 76 0.036411327060445337
132 62 0.09138732367432115
132 89 0.10203504418022355
132 88 0.28747158612458446
132 63 0.08012539902974002
132 77 0.07338633291171691
132 49 0.05673616187698151
132 61 5.8687063935566885e-05
132 75 0.0
132 74 0.036696298463193354
132 60 0.0
132 48 0.060152279390034466
132 64 0.07479548561579226
132 70 0.19865589419410354
132 58 0.23893875339982662
132 59 0.009726150828240507
132 71 0.07855439958888645
132 65 0.0
132 73 0.0
132 67 0.24181754520261234
132 66 0.19128645957266055
132 72 0.042514267025657165
132 57 0.25157603592448463
132 94 0.5178560211198135
132 80 0.08804326398556225
132 81 0.18262934626672828
132 95 0.07084910889273555
132 56 0.2686147281473203
132 68 0.44505077120392145
132 54 0.09029585357378314
132 83 0.17513884840847496
132 82 0.052407203794242165
132 55 0.10823292600031101
132 69 0.232666815431345
132 51 0.012906085258058406
132 79 0.09175968958412647
132 86 0.0205916463581213
132 92 0.541583394020654
132 93 0.446371103866436
132 87 0.2667340458691472
132 78 0.23811903633992143
132 50 0.045319432710315466
132 52 0.059685681022035864
132 46 0.23532544325266697
132 91 0.4275100932890135
132 85 0.44171067392215735
132 84 0.0402464367813961
132 90 0.4449762152528568
132 47 0.14254064054731885
132 53 0.054001518386695646
126 76 0.03194206557898454
126 62 0.04358294090245166
126 89 0.06522850058280662
126 88 0.18377353264969878
126 63 0.008481470963669399
126 77 0.0
126 49 0.13277874531830783
126 61 0.0
126 75 0.0
126 74 0.039429968572559114
126 60 0.0
126 48 0.041399098855386327
126 64 0.0
126 70 0.10488792972829926
126 58 0.128880002983182
126 59 0.0
126 71 0.33588710246779513
126 65 0.0
126 73 0.0
126 67 0.31771543422477
126 66 0.12228474089431171
126 72 0.0
126 57 0.2628048407027697
126 94 0.41341657720649194
126 80 0.3698988930771318
126 81 0.0661667479190731
126 95 0.05186144151952195
126 56 0.10519179248256351
126 68 0.3462501866159203
126 54 0.005270254382408537
126 83 0.3432495597202203
126 82 0.0
126 55 0.031558679036148576
126 69 0.2347945920540198
126 51 0.06599057075293172
126 79 0.03271255250602919
126 86 0.12372603776973876
126 92 0.43235869410909344
126 93 0.36352295099491694
126 87 0.19800853149834535
126 78 0.280199649194456
126 50 0.1308840816003805
126 52 0.0
126 46 0.041104562567735266
126 91 0.3412913093229841
126 85 0.34672207470990357
126 84 0.0
126 90 0.7898842933242091
126 47 0.029700935864042294
126 53 0.0
118 76 0.07415815219677199
118 62 0.20431758958608826
118 89 0.0
118 88 0.13144698175904523
118 63 0.040128063149698544
118 77 0.02504650206438662
118 49 0.3308498295335302
118 61 0.0
118 75 0.0
118 74 0.10424389391854
118 60 0.0
118 48 0.1555500404582843
118 64 0.016215465636591486
118 70 0.11918747306618455
118 58 0.27885437460901896
118 59 0.1235821018541162
118 71 0.18613115137747727
118 65 0.0
118 73 0.032185505630902764
118 67 0.13539766193930747
118 66 0.08675048635593932
118 72 0.0
118 57 0.25175485476260673
118 94 0.17400595628525245
118 80 0.2049787156334832
118 81 0.23466779566160345
118 95 0.010767666366352235
118 56 0.24581092653603037
118 68 0.2718623052285374
118 54 0.026957611104765196
118 83 0.15501144872895184
118 82 0.023764259646539117
118 55 0.09050001626586231
118 69 0.13541100317139515
118 51 0.13027770823122753
118 79 0.15461925433878937
118 86 0.0685625309702468
118 92 0.15509079505432322
118 93 0.14888144281522284
118 87 0.15059282465849488
118 78 0.11123824868083618
118 50 0.2584368685830368
118 52 0.0
118 46 0.13807940485454667
118 91 0.16976354306566407
118 85 0.1361363758919221
118 84 0.10895201600781504
118 90 0.14360406309882623
118 47 0.2971708547805268
118 53 0.2751645853063369
130 76 0.0
130 62 0.028003522605480058
130 89 0.0546499038833172
130 88 0.1539695962021082
130 63 0.0
130 77 0.0
130 49 0.0
130 61 0.0
130 75 0.0
130 74 0.004811126490762319
130 60 0.0
130 48 0.0
130 64 0.0
130 70 0.10094682407084057
130 58 0.1180600287351656
130 59 0.0
130 71 0.0
130 65 0.0
130 73 0.0
130 67 0.12951732131639418
130 66 0.10245290442920302
130 72 0.0
130 57 0.11300224708811989
130 94 0.2291114488216437
130 80 0.006923161813198131
130 81 0.0811443501679174
130 95 0.027170926472198577
130 56 0.1506904618830059
130 68 0.1956513389024054
130 54 0.0624422390294641
130 83 0.1876085085993061
130 82 0.0
130 55 0.037305595295251154
130 69 0.11136608007556448
130 51 0.0
130 79 0.04914643058592878
130 86 0.0
130 92 0.23960898589823837
130 93 0.1932818051745859
130 87 0.15088414236148717
130 78 0.11397578816465521
130 50 0.0
130 52 0.0
130 46 0.21764198499708431
130 91 0.18914032639327072
130 85 0.1988828846654952
130 84 0.0431119311883553
130 90 0.20035321426852934
130 47 0.01928298809798642
130 53 0.0
124 76 0.028099156238814142
124 62 0.03833953263719799
124 89 0.05738094252444824
124 88 0.16166397234749152
124 63 0.00506438429297873
124 77 0.0
124 49 0.11680430311142899
124 61 0.0
124 75 0.0
124 74 0.03468619913362221
124 60 0.0
124 48 0.03641842585311598
124 64 0.0
124 70 0.09226899612091216
124 58 0.12362815957868961
124 59 0.0
124 71 0.29547695178031236
124 65 0.0
124 73 0.0
124 67 0.2794914938637583
124 66 0.1075728190312425
124 72 0.0
124 57 0.23118712410641096
124 94 0.24056091488462833
124 80 0.3253968270598359
124 81 0.0733149372670746
124 95 0.045622057359557315
124 56 0.09253630153314713
124 68 0.30459326643673595
124 54 0.00865091118408172
124 83 0.3019536411517597
124 82 0.0
124 55 0.027413869249614448
124 69 0.20654675289675783
124 51 0.0580513290003112
124 79 0.028776946862261968
124 86 0.10884071531017889
124 92 0.25158304903012335
124 93 0.20294074400248135
124 87 0.14323314706650309
124 78 0.2464891852816194
124 50 0.11513758397899218
124 52 0.0
124 46 0.05314814397836459
124 91 1.0
124 85 0.20882172818552702
124 84 0.0
124 90 0.21036553508084793
124 47 0.04186965561373045
124 53 0.0
125 76 0.03062205846772144
125 62 0.04178187416245835
125 89 0.06253293024113821
125 88 0.17617908421430573
125 63 0.019440355333140882
125 77 0.0
125 49 0.12729165846691545
125 61 0.0
125 75 0.0
125 74 0.037800523576775845
125 60 0.0
125 48 0.03968827947353188
125 64 0.011313731272035984
125 70 0.10055343192368286
125 58 0.14529481157798743
125 59 0.0
125 71 0.32200655480118595
125 65 0.0
125 73 0.0
125 67 0.37246578502654815
125 66 0.11723131918680457
125 72 0.0
125 57 0.251944420366326
125 94 0.262159843450036
125 80 0.3546128068313064
125 81 0.0859666337036467
125 95 0.049718265417248615
125 56 0.21136288233701817
125 68 0.4565904646957586
125 54 0.02126955944219655
125 83 0.32906475821925785
125 82 0.0
125 55 0.055095131964699964
125 69 0.2250916963401829
125 51 0.06326350783163173
125 79 0.03136070499232497
125 86 0.118613054412397
125 92 0.2741716075533365
125 93 0.22116191943666424
125 87 0.15429129288356286
125 78 0.2686203877157163
125 50 0.1254752918013479
125 52 0.0
125 46 0.05859078855963622
125 91 0.21642304918576527
125 85 0.2275709318628879
125 84 0.0
125 90 0.2292533505308938
125 47 0.045272538286707985
125 53 0.0
131 76 0.003240638777849844
131 62 0.09495282411609508
131 89 0.09010769014838768
131 88 0.38531364655391015
131 63 0.09196290878587192
131 77 0.011457320431135246
131 49 0.03525907604384778
131 61 0.0
131 75 0.0
131 74 0.029472784934634545
131 60 0.0
131 48 0.04795658528251182
131 64 0.07802788722285228
131 70 0.21650233327178386
131 58 0.3513323415845267
131 59 0.10101557639118444
131 71 0.07367017219334238
131 65 0.0
131 73 0.0
131 67 0.2293146783083843
131 66 0.16892608972963158
131 72 0.0
131 57 0.27670517046749893
131 94 0.3777628499392652
131 80 0.08229094168393905
131 81 0.2012072092075777
131 95 0.04479988526290666
131 56 0.13368063464897645
131 68 0.3709903773878254
131 54 0.09660686706828321
131 83 0.0250531102206382
131 82 0.04433485925997057
131 55 0.11973508137230376
131 69 0.2541084066291433
131 51 0.002844119383442173
131 79 0.06311155558957447
131 86 0.01266628305985576
131 92 0.3950713674480719
131 93 0.3186863246672456
131 87 0.2686499994338086
131 78 0.2059596824726061
131 50 0.03699796687513861
131 52 0.0
131 46 0.14466168170360644
131 91 0.31185778407951387
131 85 0.32792147970687635
131 84 0.012720127789380503
131 90 0.33034578414058746
131 47 0.12215251055390178
131 53 0.011048487299672283
119 76 0.0
119 62 0.09423992340156852
119 89 0.0
119 88 0.10218501979911548
119 63 0.0
119 77 0.19934423275753263
119 49 0.04038930736866312
119 61 0.04287231825464683
119 75 0.0
119 74 0.09554382999944974
119 60 0.0
119 48 0.025185972716452752
119 64 0.0
119 70 0.1102298689951777
119 58 0.3185774886593061
119 59 0.05689913110990083
119 71 0.011814781094064489
119 65 0.0
119 73 0.0
119 67 0.10162076506480303
119 66 0.0723764511966844
119 72 0.0
119 57 0.16939271369714662
119 94 0.1378361501138895
119 80 0.018196948055050594
119 81 0.08798473390368142
119 95 0.03546377395657926
119 56 0.08212869987008249
119 68 0.2376678661360066
119 54 0.0028859907484949654
119 83 0.009060541678833939
119 82 0.0
119 55 0.0676346387055394
119 69 0.11953868216698071
119 51 0.0
119 79 0.226125341780675
119 86 0.0
119 92 0.13158925291056842
119 93 0.11947832524401857
119 87 0.12387628824057031
119 78 0.09651176814701751
119 50 0.0
119 52 0.017383332775139863
119 46 0.07899259134474566
119 91 0.13635050395159456
119 85 0.11738284156447445
119 84 0.022019495985780527
119 90 0.12144498573150447
119 47 0.02614176158006197
119 53 0.012467076137920405
