114 76 0.20131815986272997
114 62 0.22964313555110957
114 89 0.1603052648411546
114 88 0.25705852483758124
114 63 0.17872083978204034
114 77 0.08328275922276693
114 49 0.1307467953175907
114 61 0.07887121725071006
114 75 0.12360818347071607
114 74 0.27238557724630297
114 60 0.11181390712157764
114 48 0.11260355031928874
114 64 0.1296995082236791
114 70 0.25923396267525906
114 58 0.5173983603791401
114 59 0.16267953485673528
114 71 0.12805124789286965
114 65 0.09433593482833114
114 73 0.11392822821619418
114 67 0.24043753363983333
114 66 0.22877865107835949
114 72 0.1631162392261661
114 57 0.26032625095424666
114 94 0.31375835183024414
114 80 0.12692584218008637
114 81 0.2537406903244902
114 95 0.14675095816322278
114 56 0.1585820473277012
114 68 0.3566298844734262
114 54 0.12438268285278149
114 83 0.12842680150961092
114 82 0.011501468493256145
114 55 0.22923885353926374
114 69 0.2925896426784012
114 51 0.11160466890190646
114 79 0.13668024330320833
114 86 0.11446185083886211
114 92 0.3272990027448431
114 93 0.28750694387206727
114 87 0.25365544696098363
114 78 0.23431445034790488
114 50 0.14563516976700838
114 52 0.1124735662008054
114 46 0.1508329970033292
114 91 0.29222824319591234
114 85 0.31568963354750784
114 84 0.08860200108190684
114 90 0.316956781815538
114 47 0.1665822858147928
114 53 0.13263009830697203
100 76 0.12578782833858593
100 62 0.1342851176759925
100 89 0.10546835301375077
100 88 0.11379533207162332
100 63 0.3003892126021686
100 77 0.10928243273467904
100 49 0.2534278111372795
100 61 0.10470131155200439
100 75 0.11580217926886721
100 74 0.1331647641179458
100 60 0.11140171922214144
100 48 0.1597602427971073
100 64 0.18184116315211263
100 70 0.13872898374418818
100 58 0.13138332820707677
100 59 0.1184338373852612
100 71 0.4695841503836864
100 65 0.11013866947518723
100 73 0.08534502581049223
100 67 0.26371945189320667
100 66 0.12535214740488396
100 72 0.09475762965545766
100 57 0.310381749307365
100 94 0.15041620298272956
100 80 0.49620771845611134
100 81 0.12149769429648251
100 95 0.12937694942285483
100 56 0.17951541880637845
100 68 0.28302748972717134
100 54 0.15275577635051316
100 83 0.13823012044873068
100 82 0.10689023967675013
100 55 0.2814094381657172
100 69 0.16250089471412568
100 51 0.19008997876574274
100 79 0.09656393463479285
100 86 0.2544259373901271
100 92 0.12370395930966176
100 93 0.12435765251680467
100 87 0.13141003572143006
100 78 0.14050771392656902
100 50 0.28680244649972464
100 52 0.11547672068316872
100 46 0.19494787960259577
100 91 0.15545684525241502
100 85 0.17114556813764364
100 84 0.13407333132556576
100 90 0.15052469307683297
100 47 0.10088961661580054
100 53 0.10290433952730538
128 76 0.15436442950257628
128 62 0.10000864709571863
128 89 0.2056806691543862
128 88 0.3544992590060908
128 63 0.11250501453070218
128 77 0.13835095184698382
128 49 0.12288279915844129
128 61 0.12974335240706042
128 75 0.11842999677718768
128 74 0.10782329238525075
128 60 0.1254424214218241
128 48 0.11122226655307241
128 64 0.12521776851227462
128 70 0.26165471553152664
128 58 0.04095235721578133
128 59 0.10334636484696036
128 71 0.11432273400209007
128 65 0.09328211092732633
128 73 0.13728940368928944
128 67 0.33310998695081206
128 66 0.26247432618841166
128 72 0.14385389783432867
128 57 0.15881079416857463
128 94 0.4818737705364762
128 80 0.11482948945046063
128 81 0.2904080252474558
128 95 0.20584100032961192
128 56 0.284758347222391
128 68 0.5370430561290827
128 54 0.17165898647564687
128 83 0.11622245524356606
128 82 0.07612055557417655
128 55 0.19040124940318723
128 69 0.303283100200971
128 51 0.14521982721493015
128 79 0.207408395831341
128 86 0.11001232288090883
128 92 0.49365577427386154
128 93 0.4295593577347034
128 87 0.3933931360689117
128 78 0.30660286121042524
128 50 0.16671448434541755
128 52 0.1832357809385106
128 46 0.2088775042809987
128 91 0.3779134230501628
128 85 0.4321251124378048
128 84 0.11820699772238852
128 90 0.4376722070482668
128 47 0.15219589784987764
128 53 0.09972265597851641
129 76 0.08057023010606992
129 62 0.2315535037311923
129 89 0.1982238432570174
129 88 0.4007341061667307
129 63 0.11330295895965849
129 77 0.1297309708702863
129 49 0.11943687157378234
129 61 0.12624518532874207
129 75 0.10355949410432416
129 74 0.17829680795178365
129 60 0.08974597470981867
129 48 0.17338323111803652
129 64 0.18413531004704106
129 70 0.3029600604312648
129 58 0.6242463341204021
129 59 0.08686478904605122
129 71 0.11992299760750261
129 65 0.13315475016930933
129 73 0.1078701302407908
129 67 0.3770147750667262
129 66 0.30077248806854356
129 72 0.09737782373180964
129 57 0.5266867467187875
129 94 0.5167550007621731
129 80 0.12776792907564705
129 81 0.3014502297561908
129 95 0.18211427945345862
129 56 0.2527124739380535
129 68 0.5534891671873543
129 54 0.24182876070505435
129 83 0.12446326371028402
129 82 0.36499658105792343
129 55 0.14927445958591978
129 69 0.392877223564963
129 51 0.13316699777701083
129 79 0.16135430605509732
129 86 0.09089922083589047
129 92 0.5293705147574833
129 93 0.4725933564609358
129 87 0.34644204624602426
129 78 0.36708635050130667
129 50 0.06786208908296176
129 52 0.12553029004648686
129 46 0.22771147508045522
129 91 0.45925948317914167
129 85 0.44860196107203876
129 84 0.15352285407359312
129 90 0.4523883500892305
129 47 0.19734060044824467
129 53 0.1546509714301641
101 76 0.06927662328070422
101 62 0.16405568998541442
101 89 0.1626942874524575
101 88 0.16335426472138492
101 63 0.11416719862962979
101 77 0.1747984462610038
101 49 0.1717400482742545
101 61 0.12281677178007509
101 75 0.10954885977511243
101 74 0.07837709849266042
101 60 0.10779643859830962
101 48 0.12435509008065865
101 64 0.11602461372948766
101 70 0.09530803268834771
101 58 0.08490561065792142
101 59 0.1264007191596372
101 71 0.2259311695273656
101 65 0.11871229356623082
101 73 0.12316126788950724
101 67 0.18679388735895802
101 66 0.1164897608443037
101 72 0.08936453829678401
101 57 0.23373359811223463
101 94 0.18200624889965367
101 80 0.2467231314545083
101 81 0.18010080681279336
101 95 0.03112150174967368
101 56 0.18815400539609603
101 68 0.19839207011910015
101 54 0.092273665018961
101 83 0.10914739244560605
101 82 0.1384753517483746
101 55 0.1366702678305604
101 69 0.10975859096526808
101 51 0.15381715344562266
101 79 0.19754329650560878
101 86 0.1782072656846338
101 92 0.17569505476061092
101 93 0.16231825714393935
101 87 0.14768737992265996
101 78 0.13189020213578084
101 50 0.18359004198020978
101 52 0.10360214962474375
101 46 0.16333169889325927
101 91 0.2294960356709423
101 85 0.16140511335588925
101 84 0.14258980260779086
101 90 0.16409032835481685
101 47 0.05233711039121344
101 53 0.09241913921296908
115 76 0.10025858689530409
115 62 0.10680026474782534
115 89 0.14478617709447744
115 88 0.1161992255921909
115 63 0.0778121201414455
115 77 0.17893887554136706
115 49 0.1252783421364962
115 61 0.11156943606932028
115 75 0.12956322465220962
115 74 0.24689102985757994
115 60 0.10661772446428416
115 48 0.12844069432462735
115 64 0.2028256093070136
115 70 0.10144992620316909
115 58 0.12192375310106798
115 59 0.1260206243997231
115 71 0.1401085302764915
115 65 0.08932477320409259
115 73 0.07006479526694587
115 67 0.14506162437033637
115 66 0.3014330044909369
115 72 0.22102429860742115
115 57 0.10103764326367763
115 94 0.23975789405729914
115 80 0.14019798791734525
115 81 0.1107023371976709
115 95 0.14483228050433727
115 56 0.3258504224565248
115 68 0.1834998068351736
115 54 0.1557660106912827
115 83 0.252060613932669
115 82 0.13260714220119393
115 55 0.21677440299713957
115 69 0.11917722035280501
115 51 0.15136269491388132
115 79 0.16125299989443534
115 86 0.13705933607988274
115 92 0.24424827959659928
115 93 0.23422776260437106
115 87 0.1772567310607301
115 78 0.12474116895264994
115 50 0.10759225398383797
115 52 0.9153424562930418
115 46 0.6237177526242133
115 91 0.2190571684842671
115 85 0.23254228995859022
115 84 0.10721443965270966
115 90 0.2378289961597563
115 47 0.3905435557936006
115 53 0.3742797234516762
103 76 0.08987698252065218
103 62 0.23102550530933755
103 89 0.11459089043355589
103 88 0.14282294707146995
103 63 0.15909018917738138
103 77 0.15015637516484356
103 49 0.1173324383235642
103 61 0.1231861975760236
103 75 0.12567684078470043
103 74 0.11816816628589108
103 60 0.09940540210974118
103 48 0.12478633057459694
103 64 0.16838858747427554
103 70 0.24988049409537336
103 58 0.8977194550977873
103 59 0.11406420123070937
103 71 0.11963406006197724
103 65 0.13382582134886717
103 73 0.13004107421734917
103 67 0.1665321251395167
103 66 0.30232118975239264
103 72 0.11852143055636763
103 57 0.33585807595507156
103 94 0.1704578210668387
103 80 0.12006747438627106
103 81 0.23119177038036712
103 95 0.1345985839212641
103 56 0.13078269151574254
103 68 0.31271633170841084
103 54 0.17470322764149016
103 83 0.12410067288102593
103 82 0.16518942874291928
103 55 0.10676959960365279
103 69 0.27252797738938295
103 51 0.09674968762054997
103 79 0.08823902400849479
103 86 0.08811764686442103
103 92 0.16022746515330147
103 93 0.15903743113833177
103 87 0.08542046960400475
103 78 0.20642676268531504
103 50 0.1158952441946567
103 52 0.13202537705393155
103 46 0.19240040504751504
103 91 0.1573955334488168
103 85 0.13528508558277152
103 84 0.1548703688860115
103 90 0.13707766728867615
103 47 0.14366233504998205
103 53 0.13576692539873247
117 76 0.26444521996567
117 62 0.3007857848595229
117 89 0.10583214835117538
117 88 0.09123270479643665
117 63 0.12977634845090913
117 77 0.440799308497312
117 49 0.28255052914048817
117 61 0.1531580061621955
117 75 0.6407872040889281
117 74 0.44505839224460586
117 60 0.10892950189263326
117 48 0.460486078020773
117 64 0.21178375487004358
117 70 0.2612044440986358
117 58 0.67180465119281
117 59 0.11569909510651266
117 71 0.13873919218658567
117 65 0.10027574148277436
117 73 0.5022398768428799
117 67 0.17253539044718122
117 66 0.12379295804021816
117 72 0.19917392865947547
117 57 0.2661969302642818
117 94 0.2582382744790954
117 80 0.13850998325722141
117 81 0.2456044736987508
117 95 0.21349613443372667
117 56 0.3127718206380028
117 68 0.281382615115398
117 54 0.16534364150103617
117 83 0.7053285144802147
117 82 0.14765100161645645
117 55 0.17628262708039993
117 69 0.30208932460924354
117 51 0.2019800944866203
117 79 0.4527647113588413
117 86 0.07999309195367033
117 92 0.26056739840993903
117 93 0.24025762076153576
117 87 0.3065280217325799
117 78 0.32721940873289795
117 50 0.08527586435351886
117 52 0.19289275612168544
117 46 0.40457725513427056
117 91 0.26927627691296063
117 85 0.2558474911173183
117 84 0.17833499282991844
117 90 0.26980309811833736
117 47 0.12576320367703536
117 53 0.1557500688213137
116 76 0.12497593787149808
116 62 0.25107535375600015
116 89 0.14896052047706282
116 88 0.3055959844926456
116 63 0.11875091809618503
116 77 0.12790093283089915
116 49 0.12544845909393967
116 61 0.18013071388031227
116 75 0.13470803217309596
116 74 0.11403488120625727
116 60 0.11666217607976796
116 48 0.0993768239720327
116 64 0.136648758761435
116 70 0.43848941220371573
116 58 0.8062489284099844
116 59 0.1734197276357559
116 71 0.08388022131126502
116 65 0.11389673791361649
116 73 0.12027934509062958
116 67 0.28146957255032995
116 66 0.31457957182784957
116 72 0.12258889734298654
116 57 0.4649420157968138
116 94 0.40550058571404424
116 80 0.08703447926113447
116 81 0.3397239737162232
116 95 0.13244282325376716
116 56 0.34493236114135795
116 68 0.45268553260485955
116 54 0.12080554631006538
116 83 0.3367493040480242
116 82 0.4534376631676391
116 55 0.21577132878835706
116 69 0.33814770166107244
116 51 0.08498076249844991
116 79 0.15690608776237622
116 86 0.12605027089565934
116 92 0.3814572266713541
116 93 0.37084644405034656
116 87 0.18677003242628115
116 78 0.28538218811796984
116 50 0.13501951097723874
116 52 0.10353680953883956
116 46 0.3478419211891116
116 91 0.347367377013323
116 85 0.2993834341617963
116 84 0.20154801739971548
116 90 0.3091855072617521
116 47 0.11220821197555297
116 53 0.0967454733999138
102 76 0.12304077895919828
102 62 0.16656775663859041
102 89 0.13524985342232068
102 88 0.13832299930767922
102 63 0.14662407993895477
102 77 0.12865341294451058
102 49 0.1261214943363246
102 61 0.09937821960202833
102 75 0.1126393772999171
102 74 0.0968169133886436
102 60 0.12317742176745788
102 48 0.11370076606652615
102 64 0.12247005917205508
102 70 0.21193303966373883
102 58 0.5003911598845395
102 59 0.1307484710210281
102 71 0.15421576136254647
102 65 0.08795184306483787
102 73 0.1073653418975814
102 67 0.14326883344119473
102 66 0.13100111631314937
102 72 0.1319508624955756
102 57 0.19983609389925508
102 94 0.12691661022045816
102 80 0.16039332634909925
102 81 0.15603517127650007
102 95 0.0961417294227049
102 56 0.13317582950291532
102 68 0.21252531040164874
102 54 0.13185668954510382
102 83 0.13777973387469053
102 82 0.059444938872357383
102 55 0.14313903672470524
102 69 0.1799843414964462
102 51 0.10858879988253795
102 79 0.12086355925343033
102 86 0.13765713679801853
102 92 0.12734475671792583
102 93 0.13050592689572016
102 87 0.13673335498027467
102 78 0.1325873750198771
102 50 0.12306899014499165
102 52 0.10814345519986418
102 46 0.13342683088206453
102 91 0.13481027323800193
102 85 0.13670307038343488
102 84 0.10542477646537907
102 90 0.13636074536880172
102 47 0.16432683118877467
102 53 0.12016090084112983
106 76 0.137571145494263
106 62 0.14076704129296436
106 89 0.10606683618037711
106 88 0.15125434658058368
106 63 0.08577237894611933
106 77 0.09693161212962649
106 49 0.12753167736707813
106 61 0.12139834229392597
106 75 0.10505836521587807
106 74 0.1084890799295083
106 60 0.11839468578719305
106 48 0.13060906777687153
106 64 0.12384221788214607
106 70 0.18704218256968055
106 58 0.5015408860753591
106 59 0.12142048736258236
106 71 0.13651184798478994
106 65 0.100405008550679
106 73 0.10667759619818838
106 67 0.13401101407132385
106 66 0.12140456871239748
106 72 0.21289288843095203
106 57 0.2154995554331144
106 94 0.12278888390021114
106 80 0.13468737031610473
106 81 0.17436306501164278
106 95 0.15123754590407126
106 56 0.1656916198104632
106 68 0.21417966724808632
106 54 0.13579944308248337
106 83 0.11760226183983619
106 82 0.11369889985428237
106 55 0.20366733464228337
106 69 0.19811998248158288
106 51 0.127593829115841
106 79 0.1413760717526123
106 86 0.13167657220864198
106 92 0.1378291935034911
106 93 0.13559134083792396
106 87 0.15621717216208925
106 78 0.13683704453387546
106 50 0.1049972738028592
106 52 0.1351312656904517
106 46 0.12116552844331006
106 91 0.07064528807846099
106 85 0.1492478950442318
106 84 0.12022781324443443
106 90 0.14827508966860037
106 47 0.17744084866578666
106 53 0.1337631315230699
112 76 0.11890777828760526
112 62 0.20287123464281626
112 89 0.14026941169436422
112 88 0.17136964520028794
112 63 0.14753024740996729
112 77 0.1319344058923702
112 49 0.11507734695872401
112 61 0.10958730627167854
112 75 0.12599381466991172
112 74 0.11688462458514663
112 60 0.11120040689386546
112 48 0.11836118738353966
112 64 0.15938707865137264
112 70 0.19481040704450944
112 58 0.6297855143315358
112 59 0.11836751835368024
112 71 0.12268881343413103
112 65 0.12067809467936315
112 73 0.11069676897473193
112 67 0.15176570898725578
112 66 0.13825152868474566
112 72 0.10157068688612261
112 57 0.2879007928213965
112 94 0.14727344968514058
112 80 0.12896234139809934
112 81 0.1795918637686847
112 95 0.12239296675313391
112 56 0.22117385736786566
112 68 0.2603026034667859
112 54 0.1544385045639336
112 83 0.1608647582891434
112 82 0.09604869988933332
112 55 0.315925129622259
112 69 0.22487835951757934
112 51 0.11530011046314358
112 79 0.13665070121280343
112 86 0.1314435585218316
112 92 0.15811459327394622
112 93 0.1480800931520237
112 87 0.14341523626845734
112 78 0.17475001507383975
112 50 0.11886643326146264
112 52 0.13288435008152244
112 46 0.15652344421940806
112 91 0.15795819776666215
112 85 0.14236344595872377
112 84 0.1096623806565951
112 90 0.14575734941252322
112 47 0.1474091292687691
112 53 0.11591045251379742
113 76 0.11513276046627802
113 62 0.21838766721069006
113 89 0.18426738294560635
113 88 0.40280522387287687
113 63 0.12086190544433723
113 77 0.2062892083862154
113 49 0.14037643682849082
113 61 0.13042885426554837
113 75 0.12911385951110815
113 74 0.06891923780478679
113 60 0.09955971016492583
113 48 0.11225420431877195
113 64 0.13974444647130202
113 70 0.3494690111213602
113 58 0.4368897843983136
113 59 0.10684617703851539
113 71 0.13324393948470073
113 65 0.11012889461627871
113 73 0.13061532309560558
113 67 0.33765911819604655
113 66 0.29508980658019035
113 72 0.12833816654907898
113 57 0.2936579439254937
113 94 0.5052514009447132
113 80 0.13294666014063197
113 81 0.3102277584167012
113 95 0.2013786085775063
113 56 0.3813707070721815
113 68 0.5275936746142691
113 54 0.1692245478816722
113 83 0.29026954379384884
113 82 0.17989364758142298
113 55 0.24571797347610697
113 69 0.3927840634992822
113 51 0.10076342345748361
113 79 0.2192504042493884
113 86 0.08374441439629338
113 92 0.5086530923078334
113 93 0.45295491844796626
113 87 0.2910856077156559
113 78 0.357262612771286
113 50 0.1485831393473231
113 52 0.15540665996484745
113 46 0.34686714935865115
113 91 0.3867897540025539
113 85 0.42704487182684303
113 84 0.18479378471262656
113 90 0.4300664872254937
113 47 0.13250132625536581
113 53 0.12685484092088975
107 76 0.1175755619345755
107 62 0.17330724980828566
107 89 0.11232499322266523
107 88 0.19814781515157082
107 63 0.11790364456473319
107 77 0.08866183980917472
107 49 0.14258050586138496
107 61 0.10231877472283524
107 75 0.09961538344368076
107 74 0.07787169272991853
107 60 0.12550699061055073
107 48 0.11092329444528204
107 64 0.11878956145557326
107 70 0.11614475384212582
107 58 0.0647652097906953
107 59 0.1125300119795474
107 71 0.14607514675667363
107 65 0.1129591222286306
107 73 0.12175328365990354
107 67 0.2076204415720302
107 66 0.23787607212539155
107 72 0.0670274809616066
107 57 0.18153607376670258
107 94 0.11195957832727259
107 80 0.15362674143034702
107 81 0.10947480779697225
107 95 0.1346794815686339
107 56 0.7778203656932415
107 68 0.5758511791694368
107 54 0.09907527803570639
107 83 0.1534812095517509
107 82 0.09545994949426546
107 55 0.1498363983135181
107 69 0.11951231554219958
107 51 0.08427110222102598
107 79 0.11907882413128214
107 86 0.1257990390728831
107 92 0.1263446942779241
107 93 0.18075204876538797
107 87 0.14718412631255
107 78 0.10076049297368189
107 50 0.13362418381702318
107 52 0.09319972639247438
107 46 0.13412096981464172
107 91 0.08848152025862743
107 85 0.11400309998267764
107 84 0.1053729729226761
107 90 0.11234930311903121
107 47 0.06502848507692668
107 53 0.08548534866167591
139 76 0.2014946968010154
139 62 0.1066433350507568
139 89 0.1398933141607251
139 88 0.2425493608544748
139 63 0.12033619341552335
139 77 0.12320300149957616
139 49 0.12536006956541096
139 61 0.18008712014444112
139 75 0.10366573135840595
139 74 0.16762684106872416
139 60 0.1201855726682351
139 48 0.103737787561085
139 64 0.11628779423187711
139 70 0.20809860268572444
139 58 0.08481561915509586
139 59 0.16540173739214215
139 71 0.12205469932569794
139 65 0.11592498040869459
139 73 0.09914924403261687
139 67 0.18070452663173664
139 66 0.3296953102694809
139 72 0.10872567564331356
139 57 0.23517997622469117
139 94 0.3051468374592168
139 80 0.12212266894564094
139 81 0.15904402257979694
139 95 0.09979957649923005
139 56 0.15548517671393922
139 68 0.2609324958293094
139 54 0.14552418450699
139 83 0.1270955616454112
139 82 0.14402306883303945
139 55 0.13930908467276365
139 69 0.17311605577031464
139 51 0.12096550241266478
139 79 0.16029937534104508
139 86 0.1314024799815839
139 92 0.31497115408564746
139 93 0.2888360432210713
139 87 0.2133984593293938
139 78 0.17384172416536448
139 50 0.13045891712773872
139 52 0.19111674603044224
139 46 0.19368492513909433
139 91 0.26214998686097846
139 85 0.288383157639449
139 84 0.10740460983350568
139 90 0.28410243220831355
139 47 0.11522248491673324
139 53 0.12275828854376271
111 76 0.12008684062964013
111 62 0.2314652251136888
111 89 0.19411394776612742
111 88 0.26211689798034976
111 63 0.14976361380679884
111 77 0.1303729027869075
111 49 0.10380568630074058
111 61 0.10475952983958925
111 75 0.13734428228961618
111 74 0.13452052058863867
111 60 0.11464060132726678
111 48 0.10820367608678376
111 64 0.17056535131743927
111 70 0.3519820411847372
111 58 0.5605240863312092
111 59 0.11630648563254714
111 71 0.11232105560504399
111 65 0.11669470727124512
111 73 0.12757262172280104
111 67 0.32311421643843674
111 66 0.23073038952763486
111 72 0.09199697376565666
111 57 0.34380678156311084
111 94 0.341594079939668
111 80 0.11828560456174214
111 81 0.22178677159307283
111 95 0.1547495937542363
111 56 0.2519309703824583
111 68 0.5175616235928954
111 54 0.1677751515546081
111 83 0.15410982079845092
111 82 0.11580949362516418
111 55 0.32582662685539926
111 69 0.45769054790219965
111 51 0.12111280502571795
111 79 0.14973359635466155
111 86 0.0766965000655895
111 92 0.3500695606122234
111 93 0.3140722175809529
111 87 0.24203847659514807
111 78 0.4378608575447968
111 50 0.16430343703371947
111 52 0.1337224934260522
111 46 0.17182481460892146
111 91 0.33461879866863503
111 85 0.2788407939764501
111 84 0.13138035637243362
111 90 0.2935548239660098
111 47 0.14242913278604535
111 53 0.11068992760603369
105 76 0.11103074253044047
105 62 0.12306154178262597
105 89 0.10324442037652064
105 88 0.1291629142869582
105 63 0.09014224674602037
105 77 0.10136111945477835
105 49 0.21761658671748135
105 61 0.11580271656372654
105 75 0.10775969791161766
105 74 0.13442823823779887
105 60 0.12688491391981999
105 48 0.16153183562696105
105 64 0.1210616261079054
105 70 0.1156651650733294
105 58 0.13634894381559548
105 59 0.11810152567885523
105 71 0.3837733470670421
105 65 0.11828871166135801
105 73 0.10905309191747092
105 67 0.23814224596921957
105 66 0.18036342274690578
105 72 0.11343121416602267
105 57 0.3559437682751717
105 94 0.17487042565388877
105 80 0.40251686820142174
105 81 0.1142997278854345
105 95 0.13553390990570405
105 56 0.4285439868363944
105 68 0.4020478009887527
105 54 0.12613844473275104
105 83 0.2202775304158082
105 82 0.12024300959648872
105 55 0.1284602532093318
105 69 0.16999171538130609
105 51 0.1798768945705144
105 79 0.13291815027440518
105 86 0.24135513568858932
105 92 0.12560213128066833
105 93 0.12603015616896043
105 87 0.14611951412590793
105 78 0.16859470689879477
105 50 0.2061964094235082
105 52 0.11950144180717677
105 46 0.12318883575150873
105 91 0.13110148530620805
105 85 0.18907002126890146
105 84 0.1262398045292576
105 90 0.15893736243477347
105 47 0.12862974785356016
105 53 0.10704126927022208
104 76 0.12913257215244833
104 62 0.211284134980457
104 89 0.09405633327969277
104 88 0.14941935992091587
104 63 0.15416605414007503
104 77 0.11006014908746628
104 49 0.13858392507851758
104 61 0.1150706334309057
104 75 0.12815347713618355
104 74 0.11473548143698692
104 60 0.11060078946506899
104 48 0.13296094569026784
104 64 0.14558366107082457
104 70 0.2950014856292068
104 58 0.9329740207423912
104 59 0.12005733792390319
104 71 0.14722570327654103
104 65 0.08954978873280217
104 73 0.12498791232749883
104 67 0.1552344500995602
104 66 0.14866324473686854
104 72 0.1591476285400356
104 57 0.30714827311774584
104 94 0.15315755206161416
104 80 0.14555674282084055
104 81 0.22818342316802756
104 95 0.14944666400288706
104 56 0.11761621093500951
104 68 0.2883502849973499
104 54 0.1607019986536834
104 83 0.12119804560802439
104 82 0.0701289753742727
104 55 0.21701460251470545
104 69 0.28994495786079577
104 51 0.10000848172746617
104 79 0.11894956899589386
104 86 0.10284201405060035
104 92 0.15703235469158391
104 93 0.15170309102387117
104 87 0.12860074070984323
104 78 0.1893227737240531
104 50 0.12922624435247976
104 52 0.11507306419945956
104 46 0.12791825564770154
104 91 0.11578095789464948
104 85 0.15340105223514214
104 84 0.14845857306139507
104 90 0.15186409383112626
104 47 0.18957505432700045
104 53 0.13749947789289943
110 76 0.025586749172951978
110 62 0.26632777594086476
110 89 0.2645446804507944
110 88 0.41858618534983605
110 63 0.07428395530244455
110 77 0.3738080527598472
110 49 0.11525869987753333
110 61 0.11760344858139847
110 75 0.13577191797409582
110 74 0.13683354805839681
110 60 0.16721805478232027
110 48 0.15706967973452196
110 64 0.12418660234926042
110 70 0.22830159901863395
110 58 0.4274296977130476
110 59 0.10104256884217101
110 71 0.25391150185438344
110 65 0.13821788520911016
110 73 0.12091086144605155
110 67 0.21193686303345316
110 66 0.18216501629487505
110 72 0.24980604119042826
110 57 0.2692716027885873
110 94 0.26877607209148074
110 80 0.2588867172861953
110 81 0.3890115023944575
110 95 0.15622260334157556
110 56 0.24240459682868326
110 68 0.4015124438947454
110 54 0.17162792756737302
110 83 0.10276213570727842
110 82 0.3125274435751578
110 55 0.17407204164762352
110 69 0.40685200324015536
110 51 0.14270927405106454
110 79 0.2550303920197385
110 86 0.07126887604066812
110 92 0.29986692507099116
110 93 0.4061357719353302
110 87 0.2177134575162738
110 78 0.31829108138411943
110 50 0.08932023669986024
110 52 0.12222744364375897
110 46 0.23308729611609
110 91 0.2883197663727226
110 85 0.29843879533830814
110 84 0.09940111988011943
110 90 0.29433472978586595
110 47 0.11653768743389956
110 53 0.1324618483881277
138 76 0.11400049540026043
138 62 0.18380083178299744
138 89 0.13812637407805678
138 88 0.24687142114215158
138 63 0.10266110798385142
138 77 0.18913797902768073
138 49 0.12174982328934411
138 61 0.12667244951897705
138 75 0.10384375944955276
138 74 0.13405333533082836
138 60 0.11611498437279566
138 48 0.14522009117269505
138 64 0.12324705821942175
138 70 0.2515074853146266
138 58 0.2303704208882906
138 59 0.10300584992325042
138 71 0.12827865891136886
138 65 0.12076761766952038
138 73 0.10696018508487083
138 67 0.24365035564557352
138 66 0.3288833397239054
138 72 0.21760856537741396
138 57 0.29225127181399224
138 94 0.3050820544081586
138 80 0.13281586598451117
138 81 0.24310683147478232
138 95 0.12303862889035552
138 56 0.20277912916981913
138 68 0.42480632451206357
138 54 0.1385655947941981
138 83 0.1260986538612409
138 82 0.2143678804192913
138 55 0.09021530782895903
138 69 0.2205051211248824
138 51 0.0884359022884388
138 79 0.09015485529424792
138 86 0.13441037689615593
138 92 0.3016873979414288
138 93 0.288720121718509
138 87 0.20361468245054384
138 78 0.2441830778182213
138 50 0.05715187015708473
138 52 0.09787706812110279
138 46 0.18513198349233254
138 91 0.2728657734739767
138 85 0.24509005813919607
138 84 0.14774845436976147
138 90 0.25286875274240517
138 47 0.18496670860577757
138 53 0.19877072915385066
140 76 0.22309273151357517
140 62 0.13940232166138797
140 89 0.1266798670404412
140 88 0.1347972569080965
140 63 0.1510738314056678
140 77 0.13275662553309914
140 49 0.18102049991196653
140 61 0.11968275467082509
140 75 0.12220967801388793
140 74 0.08214695345609581
140 60 0.07351893257278677
140 48 0.13384661565063338
140 64 0.11304449194885001
140 70 0.256462829203303
140 58 0.11997811051662863
140 59 0.16760570418717277
140 71 0.12083392011700862
140 65 0.08665959290703046
140 73 0.1427323317889805
140 67 0.201958278806022
140 66 0.2878740883108285
140 72 0.06902619739776594
140 57 0.2380489810680812
140 94 0.2361730501546023
140 80 0.12126106919158695
140 81 0.20660059157771016
140 95 0.143395971778906
140 56 0.12375349491696956
140 68 0.26804177854814537
140 54 0.13001613179739785
140 83 0.12719155816364747
140 82 0.1918629771026159
140 55 0.1479046474402616
140 69 0.2749666853146235
140 51 0.10546897922726073
140 79 0.11759226188600029
140 86 0.06015764704375698
140 92 0.23918344000554892
140 93 0.20951344218025028
140 87 0.19246117936548363
140 78 0.3052860576322265
140 50 0.17998321147212834
140 52 0.06522871210755007
140 46 0.09477357231660044
140 91 0.21969043311956182
140 85 0.1982003252980981
140 84 0.14844152060271604
140 90 0.20398968741224663
140 47 0.12900595882282703
140 53 0.13505231386932487
135 76 0.20017199392501864
135 62 0.3331843741469191
135 89 0.14299438038662757
135 88 0.23893261259567886
135 63 0.1693171207066272
135 77 0.32840447145257073
135 49 0.37398974262702656
135 61 0.12359243924147853
135 75 0.4116508272437974
135 74 0.27810939933522927
135 60 0.10221422026134755
135 48 0.39048756521608763
135 64 0.1379949760686206
135 70 0.2222315497440318
135 58 0.17041544375523954
135 59 0.0919302929359631
135 71 0.27702053644240876
135 65 0.09999804922883557
135 73 0.3256260207361953
135 67 0.3227519949692126
135 66 0.17677365705101206
135 72 0.12060336154761968
135 57 0.3385373643030111
135 94 0.30700939114027526
135 80 0.2942383089082157
135 81 0.2812807582049203
135 95 0.19734323714687305
135 56 0.3723210290014509
135 68 0.44601468937301847
135 54 0.16927327380207222
135 83 0.6338781766955736
135 82 0.07056718539437587
135 55 0.18937947079393264
135 69 0.2617749665082533
135 51 0.19752940177475864
135 79 0.24159974247234747
135 86 0.1701301367162198
135 92 0.33012180298703786
135 93 0.28508675267049954
135 87 0.2893292214470149
135 78 0.31875186159814517
135 50 0.19984794694513217
135 52 0.10586170083216616
135 46 0.40459525972538457
135 91 0.339326880152261
135 85 0.31651430021192173
135 84 0.24613234185328597
135 90 0.31031627696667125
135 47 0.24355548435944807
135 53 0.37017258549515963
121 76 0.17624267378733324
121 62 0.24262919512803863
121 89 0.21684963717927466
121 88 0.4180399088471911
121 63 0.23906683317838526
121 77 0.211391606233105
121 49 0.20511917109459904
121 61 0.1341518592460582
121 75 0.10787110771015446
121 74 0.16879752475649454
121 60 0.16426754930057744
121 48 0.1953513900021343
121 64 0.18796337950547587
121 70 0.20327497530869093
121 58 0.10901566587323372
121 59 0.11543459560988022
121 71 0.437886335309839
121 65 0.1780195111860926
121 73 0.10126457554945618
121 67 0.4387169103708604
121 66 0.2624104243851429
121 72 0.14438791877841894
121 57 0.47066204004524315
121 94 0.6219841850863268
121 80 0.47321955060581256
121 81 0.24369718737028218
121 95 0.17202573806379878
121 56 0.30579793302340663
121 68 0.4769153197857412
121 54 0.20007452483079535
121 83 0.3926357456201771
121 82 0.1709441347671674
121 55 0.3113730522409656
121 69 0.46064226766723904
121 51 0.20826205729823055
121 79 0.1826312936499202
121 86 0.22741779808026838
121 92 0.5561514068406758
121 93 0.4395183214277629
121 87 0.3103166822523176
121 78 0.5664434756604299
121 50 0.22250509620500183
121 52 0.10821362074321567
121 46 0.24927413141395965
121 91 0.43981110019931635
121 85 0.40793147081954595
121 84 0.11253336566466128
121 90 0.4252175603048025
121 47 0.28711478784739175
121 53 0.16086377745268698
109 76 0.15074442182314057
109 62 0.21644850407894456
109 89 0.09320563636356337
109 88 0.18574598027891526
109 63 0.175419705925963
109 77 0.23464222002281962
109 49 0.18166195525897452
109 61 0.1373476413978414
109 75 0.12033675379261705
109 74 0.20894676050156374
109 60 0.08650812949632736
109 48 0.12358853361487351
109 64 0.164003914909027
109 70 0.3248041933619065
109 58 0.5239416801064296
109 59 0.08233239767216995
109 71 0.11949584382200097
109 65 0.13528110261360754
109 73 0.0787964298652083
109 67 0.2488889890225788
109 66 0.17138995093321535
109 72 0.2107079127819252
109 57 0.36419971666557627
109 94 0.32505966167440764
109 80 0.12110368957635802
109 81 0.3741813905196806
109 95 0.1648010481764735
109 56 0.10885413067364302
109 68 0.41477396722405757
109 54 0.11970898211942249
109 83 0.12895129377208786
109 82 0.11165840711495076
109 55 0.16751961432542303
109 69 0.3624933599686545
109 51 0.07091824208734476
109 79 0.14198665106977515
109 86 0.1208365979730699
109 92 0.3107939713286151
109 93 0.2895393171227959
109 87 0.2247766822191544
109 78 0.4038945668059124
109 50 0.19707323406639032
109 52 0.14966390903842383
109 46 0.2519457044757573
109 91 0.3035014357131108
109 85 0.3007795879431341
109 84 0.7146021859689562
109 90 0.30682165035733355
109 47 0.06879335260294278
109 53 0.10928479934172021
108 76 0.1418487427184914
108 62 0.24079367716061323
108 89 0.16191716143258633
108 88 0.30879832816014274
108 63 0.18105244753988703
108 77 0.18899345867396866
108 49 0.09757784979198342
108 61 0.12780715500685896
108 75 0.15357052325756473
108 74 0.1624281617545417
108 60 0.11588782297171302
108 48 0.11759894420560962
108 64 0.17152529384100165
108 70 0.2873515570899426
108 58 0.6902039516786106
108 59 0.08912965991108675
108 71 0.12106595049552595
108 65 0.11449524090466928
108 73 0.14076067119367353
108 67 0.2665941533681594
108 66 0.24787264617955282
108 72 0.14108796828753845
108 57 0.3749759775538441
108 94 0.36209374359995483
108 80 0.12873652488392723
108 81 0.2995881335995554
108 95 0.15721451630407784
108 56 0.27096301024575176
108 68 0.5332468136904235
108 54 0.21922513117268794
108 83 0.1471251734679119
108 82 0.15042261404724636
108 55 0.2707673193839774
108 69 0.36981638295801683
108 51 0.12760932009345383
108 79 0.23888720996884477
108 86 0.07330695524622108
108 92 0.36817778225526987
108 93 0.3239937024494246
108 87 0.25436067808112156
108 78 0.3119069938256901
108 50 0.1510856952664952
108 52 0.12459488498246432
108 46 0.2016700107892973
108 91 0.33810741389199517
108 85 0.29309346277797504
108 84 0.14428571000317136
108 90 0.29608612572708914
108 47 0.14030955797944056
108 53 0.11567333564359078
120 76 0.10574369590248155
120 62 0.17674689594324902
120 89 0.15174004802972496
120 88 0.2472136368317639
120 63 0.07592905173951198
120 77 0.35562868223340816
120 49 0.09336910736713745
120 61 0.07838943155481923
120 75 0.1669793481214283
120 74 0.10864733927817033
120 60 0.11129032799436812
120 48 0.11448334006332207
120 64 0.13687754730779456
120 70 0.16406957568574126
120 58 0.09677195543702291
120 59 0.14673033440020558
120 71 0.15056681711488515
120 65 0.08035840041565159
120 73 0.11707590908456499
120 67 0.2300520209844908
120 66 0.23422125698466809
120 72 0.12436538744029346
120 57 0.1296210443781346
120 94 0.29264081732939196
120 80 0.1518966254453335
120 81 0.17567334563921103
120 95 0.0974429888347691
120 56 0.1738865308510263
120 68 0.22017247907632537
120 54 0.14034281868556558
120 83 0.12951837990439324
120 82 0.12234876823984757
120 55 0.3506441213083333
120 69 0.17335722174331075
120 51 0.18160995114321093
120 79 0.12609869407547009
120 86 0.12053266277748784
120 92 0.2822931928517781
120 93 0.2631609120127922
120 87 0.21717804182658898
120 78 0.21961053328337193
120 50 0.167024312635505
120 52 0.07971779334557133
120 46 0.13725776344155732
120 91 0.25604076717374974
120 85 0.24208540195090328
120 84 0.1542295009496701
120 90 0.23640888680075345
120 47 0.15279798734882097
120 53 0.5067779454122278
134 76 0.23333428402105388
134 62 0.16391927278006488
134 89 0.10498855845586995
134 88 0.16975259597765316
134 63 0.11227206707437973
134 77 0.13653211762375528
134 49 0.3490451844865978
134 61 0.09594566501526074
134 75 0.4420808023040164
134 74 0.2033462419198909
134 60 0.14549304959952064
134 48 0.348438112676228
134 64 0.16507556580746155
134 70 0.1865621133090985
134 58 0.14240838740299397
134 59 0.09605777571114982
134 71 0.46330332932284746
134 65 0.06942540677721773
134 73 0.35475330441446973
134 67 0.3080183630498779
134 66 0.15551089484217046
134 72 0.14885847414473585
134 57 0.3625017547538115
134 94 0.2596241656062884
134 80 0.49389296858665244
134 81 0.015046099245233008
134 95 0.20090652571011156
134 56 0.0965002097063271
134 68 0.34717704650502346
134 54 0.1768888866471736
134 83 0.3890630059399662
134 82 0.05061442206329281
134 55 0.27250242953476056
134 69 0.17638217725560457
134 51 0.2051985583040567
134 79 0.06822088884871588
134 86 0.20113721418777028
134 92 0.15070634400677627
134 93 0.16356776537102377
134 87 0.1314492790010926
134 78 0.15763450462589354
134 50 0.1864262134775667
134 52 0.6687901487971377
134 46 0.209807698616642
134 91 0.09005864357205069
134 85 0.14430764085842512
134 84 0.16612383550907756
134 90 0.1225234519041225
134 47 0.3405638390965106
134 53 0.5620169086488151
122 76 0.1462597050667415
122 62 0.06814137172099713
122 89 0.1775803044864287
122 88 0.14801577324729315
122 63 0.20354374845634052
122 77 0.17330153468670062
122 49 0.33356668030100367
122 61 0.10917255456797333
122 75 0.10102696843983368
122 74 0.1946428861840317
122 60 0.10820563365769209
122 48 0.17079330155484426
122 64 0.12321843320979409
122 70 0.2208358416623658
122 58 0.1547383968613809
122 59 0.11875109590047
122 71 0.6722866937030144
122 65 0.09069535320716315
122 73 0.08139706492431995
122 67 0.520848677170225
122 66 0.2540176680033904
122 72 0.0975208307131367
122 57 0.5413930131366653
122 94 0.3508673687422457
122 80 0.715429985966955
122 81 0.17524830921040466
122 95 0.0880419685713022
122 56 0.1344659910114107
122 68 0.5087154476111264
122 54 0.12453577090746935
122 83 0.37282726741142325
122 82 0.11911123422379682
122 55 0.12581494862491033
122 69 0.2940775800749299
122 51 0.25467073268207235
122 79 0.12810711917947054
122 86 0.3709300151382798
122 92 0.351717978744834
122 93 0.32220467144993925
122 87 0.22841955178363843
122 78 0.3372449152325703
122 50 0.3677684836474048
122 52 0.14685511789520073
122 46 0.1756913914661525
122 91 0.3390762360989503
122 85 0.7512555070512226
122 84 0.18806141392414177
122 90 0.5588149575807042
122 47 0.10886534934767528
122 53 0.14147871707489765
136 76 0.0416791240710635
136 62 0.15987572539839245
136 89 0.16557570919084322
136 88 0.1725293102824753
136 63 0.1827521505266744
136 77 0.3639917695916612
136 49 0.2857252378275196
136 61 0.12811984821967343
136 75 0.09266912243328441
136 74 0.08530499261925677
136 60 0.1251300718770705
136 48 0.2671645279911919
136 64 0.08976025813939269
136 70 0.16143779217714876
136 58 0.056674607059962745
136 59 0.17054010750620405
136 71 0.08258954554600938
136 65 0.1291121420757917
136 73 0.1433097027687792
136 67 0.17365328179235326
136 66 0.11877694762976627
136 72 0.15888051177767978
136 57 0.176827584598538
136 94 0.21181834534508168
136 80 0.08801157385608659
136 81 0.5050899887993852
136 95 0.11580262639749173
136 56 0.3597101252071059
136 68 0.2938429474783666
136 54 0.13593675575288675
136 83 0.10183928436268082
136 82 0.13892762171439252
136 55 0.1668830873933638
136 69 0.1251255500795082
136 51 0.1429764584388619
136 79 0.7011223387838765
136 86 0.12648181849345574
136 92 0.20577298202773428
136 93 0.18643263147173064
136 87 0.15866723496274454
136 78 0.19538815155721595
136 50 0.15659198407611336
136 52 0.12732017120835243
136 46 0.238161166306331
136 91 0.2318928632845226
136 85 0.17433180241488822
136 84 0.07412519470685522
136 90 0.19477180414455744
136 47 0.2973306994016507
136 53 0.07151761117305286
137 76 0.13287315651192755
137 62 0.13580563427461217
137 89 0.1344317308982048
137 88 0.23334454788507508
137 63 0.11634192281964968
137 77 0.16226290343671676
137 49 0.09809355485077247
137 61 0.12389998296089116
137 75 0.12724584653533255
137 74 0.12729447942682326
137 60 0.0995908869776291
137 48 0.10480656840288183
137 64 0.13599055970131713
137 70 0.1737853878849775
137 58 0.10538803397865425
137 59 0.13428912211810362
137 71 0.11102555118449502
137 65 0.10484619856184806
137 73 0.14157185206368983
137 67 0.21000170634869916
137 66 0.30327815061114183
137 72 0.1259442238359592
137 57 0.1997730274635679
137 94 0.27794626534405253
137 80 0.11466859667688428
137 81 0.14488695478693994
137 95 0.13131370004569817
137 56 0.1738386742054091
137 68 0.3163068989256792
137 54 0.1557521392514854
137 83 0.1319171585263943
137 82 0.16063725438481974
137 55 0.13221245130708223
137 69 0.19932891983947507
137 51 0.14998007331568
137 79 0.21922150892746928
137 86 0.08568184183500259
137 92 0.28137868928766363
137 93 0.24770268475159937
137 87 0.18673517033687573
137 78 0.23690235001605053
137 50 0.15888709656659014
137 52 0.1617903194884635
137 46 0.16365850022376816
137 91 0.23934229250781464
137 85 0.257314625656171
137 84 0.1230863994808151
137 90 0.2554693402076555
137 47 0.12024344068529028
137 53 0.13798587433586906
123 76 0.14737467280569594
123 62 0.1679778527700338
123 89 0.10273665518630584
123 88 0.30707189456340633
123 63 0.06939285292766392
123 77 0.09324898439319788
123 49 0.26956770449364886
123 61 0.11634100812764943
123 75 0.10123931137208371
123 74 0.12171267961723918
123 60 0.13414789203947863
123 48 0.15752477238229026
123 64 0.1412278992884407
123 70 0.17859324334077684
123 58 0.08664927424840636
123 59 0.09825547700461547
123 71 0.47072045705890675
123 65 0.13420591380255684
123 73 0.0940273762096529
123 67 0.348173074445934
123 66 0.18159634110959202
123 72 0.10851777580067318
123 57 0.5028590043314296
123 94 0.8275885684976155
123 80 0.5092380609440605
123 81 0.14088640056386148
123 95 0.19601276501674722
123 56 0.24245772156246434
123 68 0.4105183587306444
123 54 0.1458290393219947
123 83 0.3024640934659994
123 82 0.1256130574006462
123 55 0.12837610376703568
123 69 0.2566450769058472
123 51 0.19408677603285393
123 79 0.16577171825326967
123 86 0.30178702303470384
123 92 0.38728687946707396
123 93 0.3154162982944819
123 87 0.2182491610634612
123 78 0.33848074491544017
123 50 0.2798693361272815
123 52 0.14605288218248907
123 46 0.1531437297217908
123 91 0.17886842616935117
123 85 0.2084127751471813
123 84 0.08513815864629247
123 90 0.22846463261468114
123 47 0.15449127800852824
123 53 0.1081153007007827
127 76 0.2261688921992425
127 62 0.13953930308463963
127 89 0.17010240514149189
127 88 0.30506823474037015
127 63 0.1498499303263713
127 77 0.14314445439844778
127 49 0.3128731941360594
127 61 0.10779682096777998
127 75 0.08727574917460083
127 74 0.11148089193860146
127 60 0.12736040609104488
127 48 0.2037009331195067
127 64 0.11387515000296326
127 70 0.24242723544128097
127 58 0.032909904771388665
127 59 0.1679189997469157
127 71 0.45871731349946454
127 65 0.08887458015777921
127 73 0.08129689224532846
127 67 0.3886800738101548
127 66 0.24814337950582754
127 72 0.1639909660360721
127 57 0.4117979521506079
127 94 0.3765429162946674
127 80 0.4812432077465302
127 81 0.30862489606415944
127 95 0.17189512441031707
127 56 0.35889795534490265
127 68 0.608859739725367
127 54 0.1766058423234738
127 83 0.12664656625563975
127 82 0.05486780619076845
127 55 0.1757564655644612
127 69 0.284744314836745
127 51 0.3238394967985534
127 79 0.2968863308931511
127 86 0.2970578604646163
127 92 0.38628401170975046
127 93 0.3478913048844462
127 87 0.4319972945570554
127 78 0.27312166195993776
127 50 0.4437788087983959
127 52 0.13697487740362646
127 46 0.25589550480741874
127 91 0.36860360390024116
127 85 0.39142290004461844
127 84 0.13096426982315187
127 90 0.37509809913165726
127 47 0.20203617174194702
127 53 0.12366724332784748
133 76 0.11038758479587452
133 62 0.3597865807218954
133 89 0.1110011035863126
133 88 0.19574042769319192
133 63 0.15526887435898934
133 77 0.36475799225433314
133 49 0.4618645043394787
133 61 0.14832146354351589
133 75 0.1568705506683848
133 74 0.2383827478886601
133 60 0.09360690023125456
133 48 0.3455700299493527
133 64 0.15509214947113403
133 70 0.21280181668751447
133 58 0.2453446813652082
133 59 0.12622368580406573
133 71 0.35318978629663433
133 65 0.10772601533471787
133 73 0.1379562058745134
133 67 0.3004864693222594
133 66 0.15201369124399286
133 72 0.1310170600495334
133 57 0.44342315050674586
133 94 0.22499669377747195
133 80 0.3747286555463356
133 81 0.28663476835682666
133 95 0.19443432717153222
133 56 0.20317200201229382
133 68 0.35846232597582905
133 54 0.20497577061464645
133 83 0.17559679096844621
133 82 0.28561305840257856
133 55 0.11896533603338397
133 69 0.17482859565717002
133 51 0.13636962844618028
133 79 0.41559999107188383
133 86 0.16812037199161006
133 92 0.23695350591719955
133 93 0.23626216983893086
133 87 0.13764128320419877
133 78 0.2170360480502226
133 50 0.2012398361754929
133 52 0.1220933276875134
133 46 0.13593132286470838
133 91 0.25527391640990815
133 85 0.25753066459136376
133 84 0.20409516944837644
133 90 0.24056392118697104
133 47 0.3928156514624068
133 53 0.5291236591225679
132 76 0.15413028494801473
132 62 0.17075462585153717
132 89 0.23347184499233406
132 88 0.48904915394855386
132 63 0.15099655373546308
132 77 0.19206207568777545
132 49 0.11644873596187069
132 61 0.13897880440142096
132 75 0.1257020816995238
132 74 0.20352616471512489
132 60 0.1393434589610657
132 48 0.112284859699364
132 64 0.13611883183762447
132 70 0.33755506407262503
132 58 0.11937548350835993
132 59 0.09364654100878683
132 71 0.14335086522709403
132 65 0.12807291494125378
132 73 0.07427185692502977
132 67 0.37703315004853766
132 66 0.29884065638939
132 72 0.1634723751443302
132 57 0.28909391216155045
132 94 0.6264495034515936
132 80 0.14643146782260555
132 81 0.2804385828022728
132 95 0.14545961722351555
132 56 0.4347259945988129
132 68 0.6060648895738178
132 54 0.17843268243959165
132 83 0.30280581879933255
132 82 0.027858906390613558
132 55 0.22271652748704057
132 69 0.34855964419443225
132 51 0.09834564084231762
132 79 0.18208757284272303
132 86 0.19602834429662291
132 92 0.6532230214114706
132 93 0.5939030097706032
132 87 0.4123426084210229
132 78 0.3469340263251277
132 50 0.13554275948987055
132 52 0.19507486983620229
132 46 0.4375284981689895
132 91 0.5414023069876956
132 85 0.5642721435419871
132 84 0.1421875223008091
132 90 0.5697374130000503
132 47 0.14285781423770327
132 53 0.11965882708181738
126 76 0.1350684459629854
126 62 0.13688503898190563
126 89 0.19886925136940256
126 88 0.25604416537112856
126 63 0.16312950058662412
126 77 0.19789942063277935
126 49 0.26245454985144406
126 61 0.1185537133536006
126 75 0.12305493345711473
126 74 0.15643130067453168
126 60 0.1470466141279475
126 48 0.15499245037298798
126 64 0.12206063285600945
126 70 0.2071197651441192
126 58 0.15084234641998065
126 59 0.11443917793284868
126 71 0.48563928934306655
126 65 0.11620889286935858
126 73 0.1251742842955731
126 67 0.48342936382353585
126 66 0.2533420845199809
126 72 0.11659887167524466
126 57 0.4603890023698872
126 94 0.528917154633284
126 80 0.5277785464590716
126 81 0.1989917044459362
126 95 0.08012314422459833
126 56 0.1571254843866022
126 68 0.4826577377932807
126 54 0.1216095068720425
126 83 0.4157049650842809
126 82 0.1396475452802177
126 55 0.13030231769051145
126 69 0.300310223780725
126 51 0.2111831400245155
126 79 0.1615704325295666
126 86 0.25627498665690074
126 92 0.5594890203586472
126 93 0.5050179806720749
126 87 0.28538217960408574
126 78 0.37660575461670426
126 50 0.28341222417703443
126 52 0.13031366001072012
126 46 0.17703089342842002
126 91 0.5539631425101453
126 85 0.6859740194893715
126 84 0.11002041133320627
126 90 0.8106819685054442
126 47 0.12039495841625172
126 53 0.145515458429777
118 76 0.23023409530519065
118 62 0.3031142039228293
118 89 0.15671688806559347
118 88 0.1285140352585391
118 63 0.12020793287449469
118 77 0.06796903535878143
118 49 0.41060579920729323
118 61 0.06516425050865252
118 75 0.09895434069633335
118 74 0.15117500497175648
118 60 0.10414290743296718
118 48 0.26797720145882287
118 64 0.09621302872956068
118 70 0.12971656603620157
118 58 0.37796671769239554
118 59 0.32791555520997695
118 71 0.2872574229065854
118 65 0.12633912904915653
118 73 0.10810199637572418
118 67 0.2302407962547134
118 66 0.10009401636881354
118 72 0.04374866017514198
118 57 0.3751289602533165
118 94 0.11743795556050812
118 80 0.3080635719768178
118 81 0.4844596600138399
118 95 0.13142036337112306
118 56 0.40005159507071086
118 68 0.24922635847529734
118 54 0.10805252600838688
118 83 0.21766692252103806
118 82 0.1399313925147767
118 55 0.17560512688694294
118 69 0.17685351632639182
118 51 0.23649886795278452
118 79 0.3124333788238053
118 86 0.1592256215066429
118 92 0.13259224057570518
118 93 0.13044340779956504
118 87 0.2504302628757162
118 78 0.13715216797971325
118 50 0.3599570684382044
118 52 0.11439525641858515
118 46 0.25648745338576456
118 91 0.153241221114069
118 85 0.16181881097369555
118 84 0.23080200974755755
118 90 0.15308330172967438
118 47 0.46751486925993324
118 53 0.4044897220589856
130 76 0.09394448452388056
130 62 0.15570968807573288
130 89 0.15441712260890805
130 88 0.3477669983798053
130 63 0.1431346082920094
130 77 0.15625537778303347
130 49 0.14806964263876105
130 61 0.12110223680780112
130 75 0.1299536186812274
130 74 0.06563573232610084
130 60 0.09996690964977169
130 48 0.11798785009895463
130 64 0.14257671776242492
130 70 0.23793230354821776
130 58 0.08938706745039648
130 59 0.11415658864661173
130 71 0.14538028087403387
130 65 0.10123104788019142
130 73 0.1254521857945377
130 67 0.2519255567241754
130 66 0.2467102463646586
130 72 0.13048077800203867
130 57 0.1284290963299548
130 94 0.3635305671733837
130 80 0.14446118427428692
130 81 0.22657385086655094
130 95 0.1587955006886435
130 56 0.2544973025090742
130 68 0.315956462179534
130 54 0.1811756174412112
130 83 0.2835785549991558
130 82 0.13180986011929724
130 55 0.14655093803548017
130 69 0.23663526994379347
130 51 0.08470060217758683
130 79 0.18849750822530362
130 86 0.07658025811281588
130 92 0.3680604349452572
130 93 0.334538653178292
130 87 0.20971628807534334
130 78 0.22733808808975925
130 50 0.12050020991388417
130 52 0.14283223485514768
130 46 0.34466338155737775
130 91 0.2705909065330074
130 85 0.3203737994291139
130 84 0.16401759096643304
130 90 0.31317938651685373
130 47 0.14415230924848685
130 53 0.15669667329356207
124 76 0.1535096028077964
124 62 0.19426372377349788
124 89 0.10787399667006745
124 88 0.40474722838514327
124 63 0.048638043740389963
124 77 0.05353459101857802
124 49 0.22972865146597712
124 61 0.12482919175342823
124 75 0.10967392768571628
124 74 0.11142297514775144
124 60 0.12438486193267395
124 48 0.14036266085185614
124 64 0.13637192708647594
124 70 0.20358805438010136
124 58 0.15605244982166527
124 59 0.1028944467279058
124 71 0.41316888864180645
124 65 0.10807995207712336
124 73 0.1279060372647125
124 67 0.3691935244186687
124 66 0.2099838749110888
124 72 0.17477384079595765
124 57 0.3670832101113157
124 94 0.3173702123020253
124 80 0.4431449826390999
124 81 0.1584075301345892
124 95 0.30240077899037116
124 56 0.19700228123194516
124 68 0.41215446395574895
124 54 0.13716311775759055
124 83 0.3795778577183129
124 82 0.09595447527080753
124 55 0.11751108372810608
124 69 0.3075747714185494
124 51 0.16009177141799152
124 79 0.12595947079903233
124 86 0.16764482060567193
124 92 0.3847433644108061
124 93 0.3231944291428803
124 87 0.23573857134067125
124 78 0.33161228314579516
124 50 0.23920913310781589
124 52 0.19067171110273967
124 46 0.1533349785780838
124 91 1.0
124 85 0.287194246321554
124 84 0.07415095295673763
124 90 0.30453980317151347
124 47 0.2192853117822553
124 53 0.15830592146962186
125 76 0.1255614150328252
125 62 0.1901936430395168
125 89 0.19826162733213076
125 88 0.3071979142500524
125 63 0.16264735070616157
125 77 0.12341141147680158
125 49 0.25279415396498905
125 61 0.10690064013904171
125 75 0.13382690222108573
125 74 0.12678441577610206
125 60 0.12260459676415561
125 48 0.15461988486179168
125 64 0.11365793362835742
125 70 0.23160402049883766
125 58 0.10018623574535225
125 59 0.10704728613044309
125 71 0.4220566108815404
125 65 0.12393605169591251
125 73 0.14914583900000067
125 67 0.49209865037414036
125 66 0.25008681001313054
125 72 0.07361022404477718
125 57 0.42588994771717703
125 94 0.33005375086563327
125 80 0.45874469583010036
125 81 0.20387573667006947
125 95 0.12339751638032552
125 56 0.4406752140556466
125 68 0.6070864727003801
125 54 0.11822243368783722
125 83 0.4269538671267935
125 82 0.11972616340378242
125 55 0.16690126259010732
125 69 0.3086712575951873
125 51 0.17879890223679643
125 79 0.14648377216852382
125 86 0.23770645180187597
125 92 0.32838106553557006
125 93 0.32765168076094475
125 87 0.2748027571174627
125 78 0.3584753961443027
125 50 0.26030255314188794
125 52 0.026713834475373593
125 46 0.1483540381563838
125 91 0.417663891147208
125 85 0.38901989874681187
125 84 0.14474396140801443
125 90 0.37557711109467257
125 47 0.11074371454286439
125 53 0.10889087037750876
131 76 0.14168079999346012
131 62 0.21578068926234345
131 89 0.24099855161773368
131 88 0.5804565343133927
131 63 0.13720890351976275
131 77 0.0765672092168683
131 49 0.07559090798517354
131 61 0.08596383664027946
131 75 0.09406196101604417
131 74 0.21200273010242687
131 60 0.15790756229002983
131 48 0.14689772987036295
131 64 0.13494719146027254
131 70 0.36901232827216046
131 58 0.7456499091695046
131 59 0.24288654167947532
131 71 0.10191594157401943
131 65 0.12354219648974651
131 73 0.0808834879063603
131 67 0.3929576678017627
131 66 0.2868202867316586
131 72 0.08878343247239434
131 57 0.586896773235532
131 94 0.5086252735024821
131 80 0.1070160253124101
131 81 0.3173964613171593
131 95 0.09746029826758941
131 56 0.22904687900159998
131 68 0.5435354910587085
131 54 0.19054793214611573
131 83 0.11084491431569905
131 82 0.0565798555454127
131 55 0.1856592577202803
131 69 0.37981071105939335
131 51 0.11466801524866836
131 79 0.1436184533173302
131 86 0.18596172030199704
131 92 0.5344894524143489
131 93 0.48184651758538966
131 87 0.5153387813320653
131 78 0.3239947640413363
131 50 0.03509737354046849
131 52 0.09579911619687631
131 46 0.22153616620703898
131 91 0.5330759677817698
131 85 0.4759580148033741
131 84 0.0995841316999155
131 90 0.47402873568928694
131 47 0.18552067103252534
131 53 0.08189967755901637
119 76 0.09189417525842461
119 62 0.2229217014848544
119 89 0.1540186522743512
119 88 0.3076154584498672
119 63 0.12081352238422921
119 77 0.43237624796119734
119 49 0.13308054152274698
119 61 0.27590665478571563
119 75 0.14977283173112477
119 74 0.22163436330032893
119 60 0.13270085597278758
119 48 0.1732826025556781
119 64 0.1300116910056072
119 70 0.31971109479208737
119 58 0.5466869739036612
119 59 0.07056394676637304
119 71 0.18332033425125774
119 65 0.11513174642765948
119 73 0.08028448942259231
119 67 0.1904190779487518
119 66 0.15025690153962462
119 72 0.07767688899133035
119 57 0.20484159642994954
119 94 0.21160752701787036
119 80 0.18315809546702988
119 81 0.0
119 95 0.04169934802058051
119 56 0.22242169418041713
119 68 0.2749354374422789
119 54 0.11962620504800717
119 83 0.1511208618387978
119 82 0.09124253075887699
119 55 0.2522882743101236
119 69 0.1733351692376017
119 51 0.1279721368884213
119 79 0.5014711282367432
119 86 0.23728573593192315
119 92 0.23112135422649496
119 93 0.22449789607346812
119 87 0.19937008606184223
119 78 0.15635938109596587
119 50 0.04252904389466944
119 52 0.11876150269667757
119 46 0.1608508873041084
119 91 0.23999100706766197
119 85 0.24086051445403198
119 84 0.16565644835119075
119 90 0.21821854652306938
119 47 0.16490734785098005
119 53 0.10988900495069112
