114 76 0.05491841781564635
114 62 0.12039682227022713
114 89 0.044683592203128085
114 88 0.18851709418994916
114 63 0.07888184084820822
114 77 0.0
114 49 0.009909490104743748
114 61 0.0
114 75 0.0
114 74 0.11964152800607084
114 60 0.0
114 48 0.04370789985247454
114 64 0.07474961102128964
114 70 0.1842062258804203
114 58 0.3195585020954987
114 59 0.0
114 71 0.03246854506099891
114 65 0.0
114 73 0.0
114 67 0.1818139817985064
114 66 0.14065049808918734
114 72 0.0
114 57 0.18872071712281702
114 94 0.24337601293561073
114 80 0.03754022043571404
114 81 0.15022809128108527
114 95 0.0214753657818648
114 56 0.10676178286944482
114 68 0.3440868583868666
114 54 0.09326060873817402
114 83 0.0025648544262651674
114 82 0.02367556076028121
114 55 0.09006205606796998
114 69 0.2261905037734327
114 51 0.0
114 79 0.03460083767548934
114 86 0.0
114 92 0.2572725364312269
114 93 0.21514253390164223
114 87 0.15390719169403155
114 78 0.19427028777153194
114 50 0.004460873142301619
114 52 0.0
114 46 0.11874050482604698
114 91 0.20683372334708017
114 85 0.20933539152837033
114 84 0.0
114 90 0.211863080673949
114 47 0.11051080061897176
114 53 0.0
100 76 0.0
100 62 0.04071613631420367
100 89 0.018623013450956044
100 88 0.10761307494943523
100 63 0.1573239195711935
100 77 0.0
100 49 0.14888199873507058
100 61 0.0
100 75 0.0
100 74 0.0
100 60 0.0
100 48 0.04641993391822521
100 64 0.08644817402944488
100 70 0.10421538707451523
100 58 0.1290578207283408
100 59 0.0
100 71 0.37662310368165336
100 65 0.0
100 73 0.0
100 67 0.14380104565843987
100 66 0.08837234872567024
100 72 0.0
100 57 0.20860555217016746
100 94 0.15803043235386954
100 80 0.4147598051118222
100 81 0.07084322406884604
100 95 0.021787604580384534
100 56 0.06527666921779539
100 68 0.23272198476344708
100 54 0.03911094263358068
100 83 0.02848663547039884
100 82 0.009908855642238007
100 55 0.12465650998038355
100 69 0.13262549411044253
100 51 0.07399383122510873
100 79 0.014670624104299895
100 86 0.13873138923379846
100 92 0.15753821369298973
100 93 0.1354485639993105
100 87 0.09326543956839223
100 78 0.12095689674642465
100 50 0.1467575523820072
100 52 0.0
100 46 0.09147871678349045
100 91 0.13991182549379316
100 85 0.13195020701803417
100 84 0.0
100 90 0.1392015526326954
100 47 0.058177450852501165
100 53 0.0
128 76 0.01725264537227804
128 62 0.04538997731691425
128 89 0.08685763788250132
128 88 0.2447110512836626
128 63 0.07613937214361888
128 77 0.04813459147141007
128 49 0.01918714666811764
128 61 0.0
128 75 0.0
128 74 0.016744258571495398
128 60 0.0
128 48 0.04446228611994703
128 64 0.06833311854364801
128 70 0.16471463280066484
128 58 0.12966286950425843
128 59 0.021593262502688768
128 71 0.042438364415558115
128 65 0.0
128 73 0.0
128 67 0.2058479117992566
128 66 0.1628331733560238
128 72 0.03619039752295448
128 57 0.16815829616238825
128 94 0.36413749782568966
128 80 0.04892603637087316
128 81 0.12896649549730274
128 95 0.06031051678317273
128 56 0.1411353180639755
128 68 0.46685492919284993
128 54 0.08460907521447103
128 83 0.0021315475097681558
128 82 0.026841625974969176
128 55 0.06219634311197372
128 69 0.19805832559170328
128 51 0.0
128 79 0.07811071141431959
128 86 0.0
128 92 0.3808217224860614
128 93 0.3071917762010038
128 87 0.227058157843453
128 78 0.20269954501917842
128 50 0.012277426532016758
128 52 0.0
128 46 0.11091313187997676
128 91 0.3006095310601237
128 85 0.3160938327391312
128 84 0.0
128 90 0.3184306960664836
128 47 0.11479031311471002
128 53 0.0
129 76 0.015317109828522996
129 62 0.13760553684324522
129 89 0.10181542403998978
129 88 0.3844124070213408
129 63 0.21033604245342996
129 77 0.011139388673634149
129 49 0.07777760217309676
129 61 0.0
129 75 0.0
129 74 0.02263180262357334
129 60 0.0
129 48 0.14446237037090176
129 64 0.19227503598639137
129 70 0.34729317167480134
129 58 0.41724430161476883
129 59 0.013808470419480953
129 71 0.12436437606781617
129 65 0.0
129 73 0.0
129 67 0.38073789131965313
129 66 0.2914647248036181
129 72 0.005102473475137773
129 57 0.4102491331496336
129 94 0.490701237332843
129 80 0.1389202865805327
129 81 0.28426636451736637
129 95 0.05506663099297353
129 56 0.23534361123532277
129 68 0.6662982643133536
129 54 0.23198415368011177
129 83 0.02590642886859444
129 82 0.13728875159538387
129 55 0.17709153592055682
129 69 0.4098918846503431
129 51 0.013443007122896311
129 79 0.10301804512255054
129 86 0.02889616846305299
129 92 0.5172157169393882
129 93 0.43176768978959396
129 87 0.3145339787417052
129 78 0.3631769760523557
129 50 0.05027272747144816
129 52 0.0
129 46 0.26454515902971176
129 91 0.42019571159449404
129 85 0.42496109801715787
129 84 0.0
129 90 0.42991645011994023
129 47 0.30265338049186596
129 53 0.009075463533698758
101 76 0.0
101 62 0.011851093939565044
101 89 0.009295674686711095
101 88 0.07428348335610366
101 63 0.0056262058611429855
101 77 0.0
101 49 0.07545288581767812
101 61 0.0
101 75 0.0
101 74 0.0
101 60 0.0
101 48 0.017978495266721496
101 64 0.0023158643012261976
101 70 0.07955135698067574
101 58 0.06930946301269887
101 59 0.021014908736213672
101 71 0.14586657315813417
101 65 0.0
101 73 0.0
101 67 0.09763895379198266
101 66 0.07693962082651526
101 72 0.0
101 57 0.0824719767814232
101 94 0.11414454777686885
101 80 0.1606369626929085
101 81 0.042551306079901034
101 95 0.008438365003097303
101 56 0.048707356249023476
101 68 0.18490981362874537
101 54 0.006591864917506726
101 83 0.011032907583875415
101 82 0.0
101 55 0.04827961363746027
101 69 0.10232808831764503
101 51 0.028657898281171643
101 79 0.00966413456391968
101 86 0.05373083100633801
101 92 0.11710252555802925
101 93 0.09721138515585205
101 87 0.07181833033959234
101 78 0.10518695436320499
101 50 0.09191307392002596
101 52 0.0
101 46 0.024671090472170108
101 91 0.100168118194043
101 85 0.09548065127230543
101 84 0.02920343955280144
101 90 0.09924308833655739
101 47 0.0256530785089134
101 53 0.0
115 76 0.028042874353327495
115 62 0.017010173585799072
115 89 5.896898518659155e-05
115 88 0.050773121262451135
115 63 0.009656523710144069
115 77 0.0
115 49 0.0
115 61 0.0
115 75 0.0
115 74 0.07629267270160871
115 60 0.0
115 48 0.0
115 64 0.06869713898964672
115 70 0.04641067089931892
115 58 0.010774072570627916
115 59 0.0
115 71 0.008262574215032598
115 65 0.0
115 73 0.0
115 67 0.06420986133249341
115 66 0.1216487508016327
115 72 0.06059825198559246
115 57 0.04155080368699773
115 94 0.08190475069937682
115 80 0.011472009126815147
115 81 0.040273524412107464
115 95 0.0
115 56 0.15473112056171695
115 68 0.11780119105253437
115 54 0.00794777692738402
115 83 0.14752639697276848
115 82 0.018509457204396555
115 55 0.11711582909303908
115 69 0.054439556529047986
115 51 0.0
115 79 0.00134145171696326
115 86 0.0
115 92 0.08573598192858704
115 93 0.07202086673472008
115 87 0.04629542663147955
115 78 0.05928178126197477
115 50 0.0
115 52 0.6599105373089266
115 46 0.4404261721876301
115 91 0.07051643538974092
115 85 0.06832225306048703
115 84 0.03390116963372907
115 90 0.07055912434712447
115 47 0.18330490381205305
115 53 0.16131417367974743
103 76 0.011286808329349848
103 62 0.08044377188318662
103 89 0.0351236222019748
103 88 0.15407587994282987
103 63 0.03340712617180764
103 77 0.0
103 49 0.010676168194548405
103 61 0.0
103 75 0.0
103 74 0.0
103 60 0.0
103 48 0.021547224731793407
103 64 0.029142941450634056
103 70 0.18711943274986503
103 58 0.5318973038011225
103 59 0.028225780679073484
103 71 0.03559601002281914
103 65 0.0
103 73 0.0
103 67 0.18416526369138075
103 66 0.20351854233804556
103 72 0.0
103 57 0.20649046479787425
103 94 0.21617639728776106
103 80 0.041288487812884356
103 81 0.12397571821557465
103 95 0.014126536703864781
103 56 0.10955848064954643
103 68 0.36579674950949476
103 54 0.039324837561544715
103 83 0.0
103 82 0.021317606487006667
103 55 0.07197307492925407
103 69 0.2294593417117523
103 51 0.0
103 79 0.033431969429564765
103 86 0.0
103 92 0.22459586962128536
103 93 0.18894040326686595
103 87 0.14109874014383048
103 78 0.20461601294311504
103 50 0.009285393991116789
103 52 0.0
103 46 0.06866351717583917
103 91 0.19244111113691997
103 85 0.18499528239897983
103 84 0.0
103 90 0.19028762655024395
103 47 0.07218808663250204
103 53 0.0
117 76 0.10850599833892259
117 62 0.19341242855188662
117 89 0.00833313933977875
117 88 0.07455522249748475
117 63 0.024986368064555994
117 77 0.28601005790790124
117 49 0.13011834191053867
117 61 0.06151125646846263
117 75 0.6087427999406362
117 74 0.2806390917785696
117 60 0.0
117 48 0.3601611225148739
117 64 0.09101540580308376
117 70 0.14879940658535667
117 58 0.45708052206571237
117 59 0.0
117 71 0.039832503482719085
117 65 0.0
117 73 0.3376955089173537
117 67 0.07198761972124655
117 66 0.049476108891421657
117 72 0.08028535942752224
117 57 0.1300476559644466
117 94 0.09921333613676316
117 80 0.040210432618445986
117 81 0.15169031965786414
117 95 0.05088181334692083
117 56 0.20287167636113132
117 68 0.1579173449528943
117 54 0.0309615812269095
117 83 0.582098646945713
117 82 0.024522793575244436
117 55 0.0970391100116758
117 69 0.15140983572588435
117 51 0.08608328756994386
117 79 0.32443437767171107
117 86 0.0
117 92 0.1060062345555803
117 93 0.09048760947029119
117 87 0.1448456173422054
117 78 0.17180647778222843
117 50 0.0
117 52 0.0
117 46 0.2266611758997813
117 91 0.11806495684232218
117 85 0.11173180081806876
117 84 0.07650752564634933
117 90 0.112557827525291
117 47 0.04053408310773695
117 53 0.017887195023524483
116 76 0.06907461445656937
116 62 0.08902345596494118
116 89 0.05457168908237395
116 88 0.2140270489374051
116 63 0.07944504353817146
116 77 4.587645694620335e-05
116 49 0.01585446194333212
116 61 0.06239690874895743
116 75 0.0
116 74 0.0053848532505739455
116 60 0.0
116 48 0.04572963247828491
116 64 0.0727764169130197
116 70 0.2446012140008404
116 58 0.4037311398326772
116 59 0.03894900614444961
116 71 0.03852678469429499
116 65 0.0
116 73 0.0
116 67 0.222175587603957
116 66 0.18211411897854848
116 72 0.0
116 57 0.23918543825351835
116 94 0.2842746264496629
116 80 0.04430865262626812
116 81 0.16015802368936471
116 95 0.027132039512579954
116 56 0.1877752347025916
116 68 0.4171417226399758
116 54 0.09011652030447166
116 83 0.18734000378753796
116 82 0.1945198041914676
116 55 0.11378466325746442
116 69 0.26492570503975177
116 51 0.0
116 79 0.04784335755244229
116 86 0.0
116 92 0.30029933974951933
116 93 0.250498453892168
116 87 0.18405785771978012
116 78 0.23944484847368286
116 50 0.009154643068049334
116 52 0.0
116 46 0.1900535638869708
116 91 0.24368797696796285
116 85 0.24515843182091906
116 84 0.04305022950406017
116 90 0.24807610928091423
116 47 0.11953781770760188
116 53 0.0
102 76 0.0
102 62 0.04793437963990611
102 89 0.0
102 88 0.03611374481562235
102 63 0.004294487979715295
102 77 0.0
102 49 0.0
102 61 0.0
102 75 0.0
102 74 0.0
102 60 0.0
102 48 0.0
102 64 0.002758386380468686
102 70 0.05784582614944685
102 58 0.3169439559207737
102 59 0.0
102 71 0.01429533585421977
102 65 0.0
102 73 0.0
102 67 0.04644854256672635
102 66 0.021601226856724588
102 72 0.0
102 57 0.09785370743263355
102 94 0.05376102014127325
102 80 0.01796922037999562
102 81 0.04107497853243422
102 95 0.0
102 56 0.021104507086753398
102 68 0.11759575580487111
102 54 0.007870084212329959
102 83 0.0
102 82 0.0
102 55 0.019022868599597287
102 69 0.07477345239446756
102 51 0.0
102 79 0.0
102 86 0.0
102 92 0.05517216732853719
102 93 0.04325009484222324
102 87 0.025821285816632983
102 78 0.0487350031608314
102 50 0.0
102 52 0.0
102 46 0.015211911199047606
102 91 0.042495386080516326
102 85 0.04347744829023716
102 84 0.0
102 90 0.04221863135594385
102 47 0.0168219984559538
102 53 0.0
106 76 0.02817990011691373
106 62 0.05675835276237137
106 89 0.016059404364421916
106 88 0.09398017293330203
106 63 0.01813758250912221
106 77 0.0
106 49 0.0
106 61 0.0
106 75 0.0
106 74 0.0
106 60 0.0
106 48 0.005332902874246245
106 64 0.016175140383640783
106 70 0.10872083268474561
106 58 0.3752884045061567
106 59 0.01365072119540943
106 71 0.003995985966327595
106 65 0.0
106 73 0.0
106 67 0.10625634160860697
106 66 0.08419026953471806
106 72 0.05911219789093665
106 57 0.115867051733856
106 94 0.12844378544050558
106 80 0.006431614509663966
106 81 0.06814131806010533
106 95 0.0
106 56 0.05885527281912781
106 68 0.21728012158880222
106 54 0.023691537256229002
106 83 0.0
106 82 0.03611109763959049
106 55 0.08645781038148093
106 69 0.13866814738408512
106 51 0.0
106 79 0.013201804832755973
106 86 0.0
106 92 0.13685731796122813
106 93 0.11250308000262058
106 87 0.08315925472649632
106 78 0.12484313161249147
106 50 0.0
106 52 0.0
106 46 0.04026937593187103
106 91 0.10913203797059381
106 85 0.10904798385728615
106 84 0.0
106 90 0.11032726760087365
106 47 0.04045088178847991
106 53 0.0
112 76 0.007476581606403965
112 62 0.06038525500058968
112 89 0.038828579296269185
112 88 0.1600550446507793
112 63 0.04079226036979529
112 77 0.0
112 49 0.0019140427857282927
112 61 0.0
112 75 0.0
112 74 0.0
112 60 0.0
112 48 0.0214937552446164
112 64 0.03902787840109741
112 70 0.1905237064422332
112 58 0.38873985838515457
112 59 0.02588534479829599
112 71 0.024918563425148504
112 65 0.0
112 73 0.0
112 67 0.17776344132510302
112 66 0.13909213711697763
112 72 0.0
112 57 0.20188137035674827
112 94 0.21060901892197342
112 80 0.02913095001146075
112 81 0.12941772395028345
112 95 0.01168138539054464
112 56 0.10373032196732784
112 68 0.35968555009206016
112 54 0.05134339546660381
112 83 0.0
112 82 0.02036083243471734
112 55 0.1791134314859228
112 69 0.2425401245495189
112 51 0.0
112 79 0.031191264703039012
112 86 0.0
112 92 0.22357806743861464
112 93 0.18729316901482101
112 87 0.1400757467039766
112 78 0.20991354005811014
112 50 0.0
112 52 0.0
112 46 0.07675020622086717
112 91 0.1813248609639848
112 85 0.1807265720635981
112 84 0.0
112 90 0.18269867255471006
112 47 0.07358336268876008
112 53 0.0
113 76 0.017331179678095214
113 62 0.09853736075267244
113 89 0.08387968083164624
113 88 0.3051845206135355
113 63 0.13553750673821763
113 77 0.0464842732085968
113 49 0.037896021602352975
113 61 0.0
113 75 0.0
113 74 0.016170173389236944
113 60 0.0
113 48 0.08346437584553512
113 64 0.12648452345202493
113 70 0.2894725699419859
113 58 0.3277179061487709
113 59 0.028253999705217497
113 71 0.07299604481323563
113 65 0.0
113 73 0.0
113 67 0.30922371045108954
113 66 0.24620256597629847
113 72 0.03494959185399859
113 57 0.29952159275758783
113 94 0.3994726495946882
113 80 0.08224182766598635
113 81 0.22631014100746588
113 95 0.058242740902160084
113 56 0.24948581627983768
113 68 0.5525883223129594
113 54 0.15371276744083945
113 83 0.14397593320758612
113 82 0.05380262458709226
113 55 0.13298602478322086
113 69 0.34538247136304656
113 51 0.0016376890884875484
113 79 0.07383489922963546
113 86 0.009770633045331475
113 92 0.4203373803008517
113 93 0.351824877524779
113 87 0.2589823412217589
113 78 0.31570963816109304
113 50 0.027070907452934827
113 52 0.0
113 46 0.1956346864930253
113 91 0.3436297855417782
113 85 0.34550321209545026
113 84 0.033085282600277884
113 90 0.35018112695649656
113 47 0.19145764314809516
113 53 0.0031677082035528464
107 76 0.0
107 62 0.0
107 89 0.0
107 88 0.01609565340535745
107 63 0.0
107 77 0.0
107 49 0.0
107 61 0.0
107 75 0.0
107 74 0.0
107 60 0.0
107 48 0.0
107 64 0.0
107 70 0.014988999792093907
107 58 0.0
107 59 0.002856492556005813
107 71 0.0
107 65 0.0
107 73 0.0
107 67 0.05539049182882817
107 66 0.14444533185524477
107 72 0.0
107 57 0.06026432603474448
107 94 0.032400012897521833
107 80 0.0010816569647994906
107 81 0.0
107 95 0.0
107 56 0.4509176918080107
107 68 0.361975860547594
107 54 0.0
107 83 0.0
107 82 0.0
107 55 0.0
107 69 0.021725343753219453
107 51 0.0
107 79 0.0
107 86 0.0
107 92 0.03290904689397546
107 93 0.03651955531122535
107 87 0.018645346842926576
107 78 0.031224009216746687
107 50 0.0
107 52 0.0
107 46 0.0
107 91 0.02940141417953103
107 85 0.025006615348574887
107 84 0.0
107 90 0.02721457989122123
107 47 0.0
107 53 0.0
139 76 0.051941004809432464
139 62 0.01574898164511404
139 89 0.0328283655277572
139 88 0.09808574486962322
139 63 0.02298362222525841
139 77 0.0
139 49 0.0016525683418843334
139 61 0.03753573625183035
139 75 0.0
139 74 0.013845926365314898
139 60 0.0
139 48 0.007219945400192149
139 64 0.017697523211375743
139 70 0.11066757472557082
139 58 0.05502574271751069
139 59 0.06456293605969578
139 71 0.018519706740032567
139 65 0.0
139 73 0.0
139 67 0.11772139406856513
139 66 0.18363571141291837
139 72 0.0
139 57 0.09170135467344472
139 94 0.19559808521624486
139 80 0.022705161226060575
139 81 0.052581779291346956
139 95 0.016321659190135174
139 56 0.06002559725169877
139 68 0.21364222986658044
139 54 0.03750924524236148
139 83 0.015779807285116743
139 82 0.05324778834247416
139 55 0.022409585956416282
139 69 0.11296025777044932
139 51 0.0
139 79 0.029522412173023517
139 86 0.0
139 92 0.20456009109691514
139 93 0.1711224938016207
139 87 0.09111164927366555
139 78 0.11777702458043363
139 50 0.0009508659829350202
139 52 0.0
139 46 0.046030887923846645
139 91 0.16147375379961557
139 85 0.16475905023396356
139 84 0.0
139 90 0.16597710431304763
139 47 0.04220427936442753
139 53 0.0
111 76 0.04677236473800717
111 62 0.11667737810478879
111 89 0.1023442136718149
111 88 0.35399164814841966
111 63 0.10673376496426137
111 77 0.015190953070338187
111 49 0.025042963850263375
111 61 0.0
111 75 0.0
111 74 0.022795723724625773
111 60 0.0
111 48 0.06796373805341653
111 64 0.10107133400098281
111 70 0.3780793284616192
111 58 0.43747295951137305
111 59 0.10316017681258605
111 71 0.05214526139412395
111 65 0.0
111 73 0.0
111 67 0.3866133543873357
111 66 0.32947704591246024
111 72 0.011985411282793068
111 57 0.36685040617325143
111 94 0.47146407707859467
111 80 0.058983376005931946
111 81 0.26226035060609537
111 95 0.051153880688311726
111 56 0.23905290505010246
111 68 0.7171663279284347
111 54 0.12536363876354298
111 83 0.008733151814971668
111 82 0.06604621088248798
111 55 0.15431054089799479
111 69 0.46491886672453553
111 51 0.0
111 79 0.09775571905041437
111 86 0.0009870716046996436
111 92 0.4979368328548336
111 93 0.41696009142308027
111 87 0.32165179484553136
111 78 0.4431154390059521
111 50 0.016632616739537996
111 52 0.0
111 46 0.18037846743593378
111 91 0.4080980676815421
111 85 0.4085833620278067
111 84 0.0
111 90 0.4130587875315802
111 47 0.18336318585637756
111 53 0.0
105 76 0.013182516664171626
105 62 0.03280122310658045
105 89 0.025835954710444087
105 88 0.1296900101366244
105 63 0.032714063041178056
105 77 0.0025675608582515635
105 49 0.10959579420299007
105 61 0.0
105 75 0.0
105 74 0.013902879938871751
105 60 0.0
105 48 0.034170884108501734
105 64 0.02464281577240994
105 70 0.12785464681574818
105 58 0.09348075248530743
105 59 0.041048500699758295
105 71 0.27724176538384143
105 65 0.0
105 73 0.0
105 67 0.17854427843876527
105 66 0.1331915612315404
105 72 0.0
105 57 0.20101439168244367
105 94 0.19930044646092815
105 80 0.3053151531475238
105 81 0.0711804219327535
105 95 0.01603840523404703
105 56 0.21374534694014297
105 68 0.311406990009104
105 54 0.032176389106837434
105 83 0.15214424025267795
105 82 0.016292342443815673
105 55 0.030476274662841828
105 69 0.1578737019517366
105 51 0.054468725353883383
105 79 0.028562120866183004
105 86 0.10212367454186222
105 92 0.19712737435377053
105 93 0.16694702956083016
105 87 0.12560797537296803
105 78 0.16536415754240552
105 50 0.1080319356621068
105 52 0.0
105 46 0.0573371501727183
105 91 0.17634061395556805
105 85 0.16764687158578023
105 84 0.0
105 90 0.17307862026002002
105 47 0.06484577214525164
105 53 0.0
104 76 0.0
104 62 0.09267291355459721
104 89 0.018730478390550594
104 88 0.10569967001454433
104 63 0.03662870585563103
104 77 0.0
104 49 0.0
104 61 0.0
104 75 0.0
104 74 0.0
104 60 0.0
104 48 0.020731535039845414
104 64 0.03439539952033929
104 70 0.1335421527102844
104 58 0.6127568573818617
104 59 0.0
104 71 0.014233549818196231
104 65 0.0
104 73 0.0
104 67 0.10471243609168177
104 66 0.07229954913186117
104 72 0.0
104 57 0.1891833844106273
104 94 0.1350399960439736
104 80 0.01756746217799799
104 81 0.10438077140751581
104 95 0.0
104 56 0.06465515984166095
104 68 0.23695335345865398
104 54 0.0459943938244907
104 83 0.0
104 82 0.010838272522764633
104 55 0.07058253805521453
104 69 0.16894807721535443
104 51 0.0
104 79 0.01235578376119846
104 86 0.0
104 92 0.14381924459376738
104 93 0.11945811220382636
104 87 0.08166992838709658
104 78 0.1237865079193116
104 50 0.0
104 52 0.0
104 46 0.0599367835589969
104 91 0.114195375345224
104 85 0.1147522372848129
104 84 0.0
104 90 0.11608665607508044
104 47 0.0621328059699496
104 53 0.0
110 76 0.013083005647657533
110 62 0.0975379871428969
110 89 0.15089595837669173
110 88 0.20848864603923334
110 63 0.04725436573295112
110 77 0.2019367077324568
110 49 0.03351899753349069
110 61 0.0
110 75 0.0
110 74 0.03585507509431719
110 60 0.0686261154835244
110 48 0.04172773656099403
110 64 0.042630090504445876
110 70 0.1350460801407405
110 58 0.2643867585825932
110 59 0.0
110 71 0.1536082851007745
110 65 0.0
110 73 0.0
110 67 0.1297604690659072
110 66 0.10164375517202483
110 72 0.1100656565619979
110 57 0.16937669468617078
110 94 0.1932153813278057
110 80 0.15506571411860753
110 81 0.16615653469878922
110 95 0.05879228081388815
110 56 0.11388330266048508
110 68 0.2745909838677946
110 54 0.055086821762400096
110 83 0.0
110 82 0.11356401467749434
110 55 0.07861077601818435
110 69 0.3269124459418766
110 51 0.0
110 79 0.13177882155988638
110 86 0.0
110 92 0.20206821535111086
110 93 0.2731157389594611
110 87 0.14717525971507145
110 78 0.22130913757257076
110 50 0.0
110 52 0.0
110 46 0.08989742284083696
110 91 0.18227064386151515
110 85 0.1844784073496719
110 84 0.0
110 90 0.1858422454894043
110 47 0.0755072122635351
110 53 0.010346399122481975
138 76 0.029590237257009558
138 62 0.06315208476367748
138 89 0.04622612603577255
138 88 0.19303979936554996
138 63 0.061446269506196305
138 77 0.041952314051887436
138 49 0.017015755870767257
138 61 0.0
138 75 0.0
138 74 0.02782801996267622
138 60 0.0
138 48 0.03157184864786403
138 64 0.05308299013906384
138 70 0.17919865241779273
138 58 0.08718073565365234
138 59 0.051450452161644816
138 71 0.04363128662845625
138 65 0.0
138 73 0.0
138 67 0.22370947879783665
138 66 0.18744896937555366
138 72 0.09502126339059425
138 57 0.16558200883239976
138 94 0.2751494202922382
138 80 0.05034054409738388
138 81 0.11061422855741102
138 95 0.03374560634388945
138 56 0.12284890093044953
138 68 0.384939698460799
138 54 0.06542879540815186
138 83 0.027183756700456356
138 82 0.02428282077143417
138 55 0.049616336679298004
138 69 0.2108723333072533
138 51 0.0
138 79 0.04532790416919425
138 86 0.0007981159440564461
138 92 0.2837095286555592
138 93 0.2354194479054334
138 87 0.1804998401061752
138 78 0.2241258876820556
138 50 0.016614983136876968
138 52 0.0
138 46 0.10141523379541723
138 91 0.23510942256466744
138 85 0.23292463641767402
138 84 0.0
138 90 0.2373697311579242
138 47 0.09626634140829149
138 53 0.07618167143507139
140 76 0.06332730893277247
140 62 0.020704961351647025
140 89 0.024849978971602835
140 88 0.08651234420095145
140 63 0.0275874203635431
140 77 0.0
140 49 0.043241576397478124
140 61 0.028413301775653155
140 75 0.0
140 74 0.01563365568296747
140 60 0.0
140 48 0.0
140 64 0.003115221991015299
140 70 0.11569878253768415
140 58 0.08291984351962713
140 59 0.02337626439248746
140 71 0.005040122674171116
140 65 0.0
140 73 0.0
140 67 0.1070171691528383
140 66 0.16108164155919363
140 72 0.0
140 57 0.11628155118161167
140 94 0.1299650344108805
140 80 0.007770654446375036
140 81 0.05303019793362471
140 95 0.012354952223058005
140 56 0.05603858265801838
140 68 0.20709090655449286
140 54 0.008033375174036794
140 83 0.0
140 82 0.056644361263639295
140 55 0.01978569610472567
140 69 0.12742687084350623
140 51 0.0
140 79 0.01282893834210408
140 86 0.0
140 92 0.13416478281674002
140 93 0.11015639756659756
140 87 0.08315619473989072
140 78 0.15005963049405946
140 50 0.04262454807935486
140 52 0.0
140 46 0.027935650991192135
140 91 0.11085593298056334
140 85 0.1100547025341084
140 84 0.011830169021746148
140 90 0.11079663799095572
140 47 0.0270317689458471
140 53 0.0
135 76 0.06104220267571718
135 62 0.17869320929881466
135 89 0.04718399662178486
135 88 0.20775996747999337
135 63 0.1152177847731595
135 77 0.19029558665168858
135 49 0.3009824762559485
135 61 0.0
135 75 0.3318136652916525
135 74 0.15841805479486917
135 60 0.0
135 48 0.3298686760004219
135 64 0.09836951580710733
135 70 0.1756126843401078
135 58 0.1446012090138144
135 59 0.0
135 71 0.1815201725300907
135 65 0.0
135 73 0.2117049387198242
135 67 0.22243283917556367
135 66 0.15960529696070258
135 72 0.02586179302212794
135 57 0.2063815967361815
135 94 0.28727614574602184
135 80 0.19790829351286232
135 81 0.17706414259942743
135 95 0.0867401162825959
135 56 0.26068779145697096
135 68 0.37248850817107154
135 54 0.11633612655226785
135 83 0.47266826714096283
135 82 0.03551197746793268
135 55 0.07449285407332948
135 69 0.20495566022695688
135 51 0.11583335430408156
135 79 0.16134807210905033
135 86 0.058866336222991734
135 92 0.29556049770689774
135 93 0.2463823418898452
135 87 0.17443573263991174
135 78 0.1938061702045787
135 50 0.07467274022463621
135 52 0.0
135 46 0.24714229381373387
135 91 0.24357015483142858
135 85 0.2431637424192436
135 84 0.10325180017188088
135 90 0.24852805067874117
135 47 0.14943892722563593
135 53 0.2460004384681812
121 76 0.09305576811683916
121 62 0.06922643666415268
121 89 0.05884420317072332
121 88 0.2600563694688649
121 63 0.09267014280007423
121 77 0.039828598324514214
121 49 0.11978290772367885
121 61 0.0
121 75 0.0
121 74 0.0581542191699006
121 60 0.053549304843927226
121 48 0.08263611004223828
121 64 0.06789528809053996
121 70 0.12899676605295982
121 58 0.07898443153155463
121 59 0.0
121 71 0.32528138559652864
121 65 0.05326859137529666
121 73 0.0
121 67 0.28661875399485953
121 66 0.13035415245011187
121 72 0.029945466702514405
121 57 0.31475594381544403
121 94 0.3263585458793473
121 80 0.35617553438882227
121 81 0.07061780702706288
121 95 0.07512783505777164
121 56 0.14565699136151997
121 68 0.33144439950578125
121 54 0.08211732844731608
121 83 0.3096537042852406
121 82 0.018293409998943765
121 55 0.13090588988843838
121 69 0.3337897748410578
121 51 0.08359538075353429
121 79 0.05809973738627508
121 86 0.11161624196448522
121 92 0.46628155976195546
121 93 0.2837215183570041
121 87 0.16628805996740853
121 78 0.45928146795983354
121 50 0.11807368589944937
121 52 0.0
121 46 0.09096607593811702
121 91 0.2694215509802215
121 85 0.27638411790867223
121 84 0.0
121 90 0.2784274096230554
121 47 0.1527209774807215
121 53 0.014945388514419594
109 76 0.03530331072541926
109 62 0.06691861905950448
109 89 0.032268890518623174
109 88 0.12843885558446363
109 63 0.03816718119051533
109 77 0.16209979774698913
109 49 0.032843180186530235
109 61 0.0
109 75 0.0
109 74 0.06268836190547747
109 60 0.0
109 48 0.020480357153667868
109 64 0.05158412602850099
109 70 0.17378214366063077
109 58 0.25905613502864616
109 59 0.002352549176177443
109 71 0.012131962954768413
109 65 0.0
109 73 0.0
109 67 0.13121535645738294
109 66 0.10212082525268101
109 72 0.045502737282884086
109 57 0.15180175097812326
109 94 0.18931973062195115
109 80 0.015099413854458288
109 81 0.17038783939619773
109 95 0.044881406216382355
109 56 0.07574898216692076
109 68 0.2703545340390336
109 54 0.04737402712922513
109 83 0.0
109 82 0.013898601705882405
109 55 0.06728222825962409
109 69 0.21595414414989073
109 51 0.0
109 79 0.13263767038660856
109 86 0.0
109 92 0.19799407187271043
109 93 0.16541125577452215
109 87 0.12333304623012534
109 78 0.23197012719938825
109 50 0.0
109 52 0.0
109 46 0.09368682777736237
109 91 0.17859566334217947
109 85 0.180758913420835
109 84 0.4765767850107427
109 90 0.18209525355820766
109 47 0.06603282528177948
109 53 0.010137792764294953
108 76 0.04246407483982565
108 62 0.14591588804892325
108 89 0.11685596295581543
108 88 0.41285572156529554
108 63 0.16387259174379942
108 77 0.05198581050507922
108 49 0.054590925152586095
108 61 0.0
108 75 0.0
108 74 0.028813219408566924
108 60 0.0
108 48 0.11102699249054362
108 64 0.15271717940131568
108 70 0.4196203382330803
108 58 0.5036007610755631
108 59 0.08205567702701005
108 71 0.09329717259717343
108 65 0.0
108 73 0.0
108 67 0.43796801262830115
108 66 0.3589068889353095
108 72 0.03908596895123252
108 57 0.44048250814506845
108 94 0.5428954945487173
108 80 0.10449654828503491
108 81 0.311556709344426
108 95 0.06264987634517487
108 56 0.27277092450543283
108 68 0.7951190594020471
108 54 0.18621264311249358
108 83 0.021264691080098687
108 82 0.08662167997265478
108 55 0.185786213467181
108 69 0.5051473543485531
108 51 0.0051221989691978415
108 79 0.11559049321805578
108 86 0.016756293092376404
108 92 0.5720309482649388
108 93 0.47846665565341917
108 87 0.36241836084523527
108 78 0.46852710789364144
108 50 0.037411444910660674
108 52 0.0
108 46 0.24061280006955016
108 91 0.46970932982099023
108 85 0.47058350174587865
108 84 0.0
108 90 0.47646780449469217
108 47 0.2577116669897725
108 53 0.0020085248643120918
120 76 0.0
120 62 0.13731583917762197
120 89 0.041823975292207334
120 88 0.11783406977361416
120 63 0.018644021318718645
120 77 0.2645444804080416
120 49 0.0007619971868612907
120 61 0.0
120 75 0.040366674312399695
120 74 0.0036819906565061095
120 60 0.0
120 48 0.006827871897024496
120 64 0.014906798760391304
120 70 0.06725327337301215
120 58 0.03912677542017693
120 59 0.0
120 71 0.020583283885998546
120 65 0.0
120 73 0.0
120 67 0.09912056310685201
120 66 0.07840796486322693
120 72 0.0
120 57 0.06316299655226602
120 94 0.17534068486446913
120 80 0.02494081975081419
120 81 0.04009180699456544
120 95 0.020794110816112744
120 56 0.07317978763379353
120 68 0.13266021342921694
120 54 0.02186305885865477
120 83 0.02051116828786676
120 82 0.0
120 55 0.23213123362969595
120 69 0.08522928405171906
120 51 0.03995820933554884
120 79 0.020975018213400802
120 86 0.0
120 92 0.18337452756358766
120 93 0.14791999380849458
120 87 0.150043966222502
120 78 0.14645210225409244
120 50 0.06604344468721826
120 52 0.0
120 46 0.033408585756121774
120 91 0.14475048949257208
120 85 0.1522065413335854
120 84 0.08798367873538852
120 90 0.15333179544418735
120 47 0.05919391090683197
120 53 0.38466493413763053
134 76 0.05002386139348314
134 62 0.10524865572675025
134 89 0.027438827096506878
134 88 0.14101645680832298
134 63 0.07265696650657659
134 77 0.0
134 49 0.2768782656534877
134 61 0.0
134 75 0.3407399503352811
134 74 0.09383071393003348
134 60 0.0
134 48 0.2581292618501197
134 64 0.058225812497249535
134 70 0.12329690022077072
134 58 0.10481312584451556
134 59 0.0
134 71 0.35051068151821496
134 65 0.0
134 73 0.2174001189544782
134 67 0.1656204389014473
134 66 0.1106426866293782
134 72 0.0
134 57 0.18179290022712596
134 94 0.2099498417990034
134 80 0.38395711007528244
134 81 0.07965127841072249
134 95 0.018987183152435583
134 56 0.08135409700906332
134 68 0.28093107517368376
134 54 0.06815732645961638
134 83 0.2789873226860641
134 82 0.016814983893766393
134 55 0.16383919924843565
134 69 0.14836396763702753
134 51 0.11266777659105384
134 79 0.02318936654789821
134 86 0.12089985783684826
134 92 0.2076741316115122
134 93 0.17563661834215324
134 87 0.1215445217627753
134 78 0.1412890516597815
134 50 0.12789439590752583
134 52 0.48938487253232454
134 46 0.10940406895153314
134 91 0.17720938663252925
134 85 0.17231288562961392
134 84 0.05574770490722841
134 90 0.17907243947997642
134 47 0.12324532394302182
134 53 0.36223539650707043
122 76 0.024908557670971915
122 62 0.04646367512076675
122 89 0.0508654602984355
122 88 0.15741078136707115
122 63 0.0783760452552716
122 77 0.002809133974487288
122 49 0.20708285298971596
122 61 0.0
122 75 0.0
122 74 0.030747656056419076
122 60 0.0
122 48 0.06456638433828182
122 64 0.06486747674412169
122 70 0.1290824621298467
122 58 0.11155602013893473
122 59 0.0
122 71 0.5238523627763904
122 65 0.0
122 73 0.0
122 67 0.347763666248014
122 66 0.1236277118564677
122 72 0.0
122 57 0.35001307451652636
122 94 0.22728910567697358
122 80 0.5768974387619
122 81 0.10073116354405383
122 95 0.05559417158111521
122 56 0.09164201821505792
122 68 0.3924380437600806
122 54 0.07898095736885857
122 83 0.28747876290874813
122 82 0.024672755693613123
122 55 0.058027666838179184
122 69 0.2017254587944487
122 51 0.10291945167260574
122 79 0.02961279466684564
122 86 0.1929641738144826
122 92 0.22613080010821757
122 93 0.19389106071131337
122 87 0.13430621117799454
122 78 0.2375691206368743
122 50 0.20412791944802688
122 52 0.0
122 46 0.10221675466038296
122 91 0.20176963584685126
122 85 0.6893371965737461
122 84 0.0
122 90 0.20154839761976812
122 47 0.11029960565799013
122 53 0.010317012063832925
136 76 0.018206162193142583
136 62 0.07669695618086532
136 89 0.011835332436275325
136 88 0.09303025044029845
136 63 0.04418985876052288
136 77 0.28101283089980417
136 49 0.13959552186371021
136 61 0.049512227186850846
136 75 0.0
136 74 0.10366712172101288
136 60 0.0
136 48 0.1450113246113221
136 64 0.03779613712552273
136 70 0.07804607644607617
136 58 0.06904208453236903
136 59 0.0
136 71 0.022280868895766956
136 65 0.0
136 73 0.0
136 67 0.09656555770355872
136 66 0.07210120107905615
136 72 0.03819056341330289
136 57 0.09774043028361734
136 94 0.12621471658545366
136 80 0.02691937991722127
136 81 0.2808111307677307
136 95 0.05902931706056079
136 56 0.16623321209878272
136 68 0.17371894703366103
136 54 0.052363636048038655
136 83 0.0
136 82 0.011891453666338744
136 55 0.02726756634003455
136 69 0.09191010054615469
136 51 0.0
136 79 0.39394476160756586
136 86 0.0
136 92 0.13371336711046994
136 93 0.10808802801698056
136 87 0.07541679057138287
136 78 0.09133988084354189
136 50 0.0001539768774524719
136 52 0.0
136 46 0.12708352358999492
136 91 0.1062661952222684
136 85 0.10693747353577443
136 84 0.0254297955457482
136 90 0.10873042745771909
136 47 0.17160623866702618
136 53 0.014397931607759165
137 76 0.05756341116588166
137 62 0.06124103362561774
137 89 0.07955726321940639
137 88 0.28548269343325317
137 63 0.05718633984625197
137 77 0.020666622528424897
137 49 0.015408226015938983
137 61 0.0006977271293247128
137 75 0.0
137 74 0.015017915171694152
137 60 0.0
137 48 0.03471409018522671
137 64 0.05207585658327678
137 70 0.28808376645190054
137 58 0.13149963033128842
137 59 0.15894417873730213
137 71 0.030622333734372398
137 65 0.0
137 73 0.0
137 67 0.3460042656904372
137 66 0.315571540452578
137 72 0.007947446843865183
137 57 0.24866492876918145
137 94 0.4034125395150971
137 80 0.036011822074536466
137 81 0.16500434956168153
137 95 0.04415197197093903
137 56 0.20542592191219045
137 68 0.600833014387481
137 54 0.06646791940805978
137 83 0.0
137 82 0.04943822837384908
137 55 0.07085317614469402
137 69 0.34426384904358076
137 51 0.0
137 79 0.09044289365916434
137 86 0.0
137 92 0.424644788548534
137 93 0.35126034687806956
137 87 0.2840810749518492
137 78 0.38339755283038235
137 50 0.010784363865917745
137 52 0.0
137 46 0.11783620615086071
137 91 0.35288562670927226
137 85 0.3491153386684563
137 84 0.0
137 90 0.35411171120380225
137 47 0.13050335940578087
137 53 0.0
123 76 0.01767632253576415
123 62 0.047411598796704715
123 89 0.03609660157934688
123 88 0.15829357551720735
123 63 0.08270796609338753
123 77 0.003508282602641133
123 49 0.14695605218997976
123 61 0.0
123 75 0.0
123 74 0.02182003040286034
123 60 0.0
123 48 0.05151160936624832
123 64 0.06713701866624
123 70 0.12804228416207872
123 58 0.10225802277208648
123 59 0.0
123 71 0.3717510844214347
123 65 0.0
123 73 0.0
123 67 0.24678999129618828
123 66 0.12245759547048982
123 72 0.0
123 57 0.29603318873182344
123 94 0.6093407070390424
123 80 0.4093944471740963
123 81 0.0959776610419629
123 95 0.039452324817732615
123 56 0.10685216053010177
123 68 0.30848109350213915
123 54 0.08025677625617098
123 83 0.20400889535565203
123 82 0.02311978427727547
123 55 0.056464222191679694
123 69 0.15436554337240393
123 51 0.07303664254671373
123 79 0.027293311736832866
123 86 0.13693675158747043
123 92 0.22789684878215283
123 93 0.1973911296621244
123 87 0.1354802839087223
123 78 0.21869059069785207
123 50 0.14485908780349835
123 52 0.0
123 46 0.10707736933900294
123 91 0.20677819229340583
123 85 0.19289470017478588
123 84 0.0
123 90 0.20258559300130896
123 47 0.10640327698771126
123 53 0.015923646114219106
127 76 0.07190539020337834
127 62 0.10950523109699745
127 89 0.10130308045015239
127 88 0.37216808152811875
127 63 0.15220443232816555
127 77 0.06833583632644617
127 49 0.12550482067031132
127 61 0.0
127 75 0.0
127 74 0.043345177537636635
127 60 0.0
127 48 0.10329105997576427
127 64 0.13415248299689694
127 70 0.3392126268367687
127 58 0.24258822262587265
127 59 0.08937991177754062
127 71 0.3174864354956263
127 65 0.0
127 73 0.0
127 67 0.42213244870078204
127 66 0.33993225073411615
127 72 0.05137887340721599
127 57 0.36711282646765114
127 94 0.5106246091347116
127 80 0.34963498209371174
127 81 0.240405208709558
127 95 0.0733345414013106
127 56 0.24336574902596125
127 68 0.7092389579437062
127 54 0.16130073049125904
127 83 0.025915254973543064
127 82 0.07633819841849232
127 55 0.1316593161268257
127 69 0.40110928824172687
127 51 0.2222164581520799
127 79 0.13121363864871635
127 86 0.11694804123441405
127 92 0.5286542294288175
127 93 0.4439785527813922
127 87 0.33918261622570983
127 78 0.4072584159218713
127 50 0.33506377028342765
127 52 0.0
127 46 0.21727812883995845
127 91 0.4711489832818215
127 85 0.43993543905504895
127 84 0.0025364418277509654
127 90 0.4505919024017027
127 47 0.2340433663911194
127 53 0.01925356469905383
133 76 0.0
133 62 0.23543403416246667
133 89 0.033656284308631546
133 88 0.17218262371524862
133 63 0.11358444718206356
133 77 0.24789245496109935
133 49 0.4160377863010203
133 61 0.05331342710548695
133 75 0.0
133 74 0.12288673453127472
133 60 0.0
133 48 0.2436793394928487
133 64 0.09768535006670961
133 70 0.13626859635252267
133 58 0.1543728043095301
133 59 0.0
133 71 0.25410944143560527
133 65 0.0
133 73 0.04394020451528193
133 67 0.17651562983258315
133 66 0.11873271769471586
133 72 0.0
133 57 0.2466683243217238
133 94 0.2323743575710155
133 80 0.2798404595380105
133 81 0.1507485609829015
133 95 0.05880081148522521
133 56 0.13148805827083243
133 68 0.2967053420693847
133 54 0.11887714890793158
133 83 0.07765892260286458
133 82 0.14280869625683185
133 55 0.07178819533235754
133 69 0.15840750236227474
133 51 0.04992399812568572
133 79 0.35992288767347597
133 86 0.09360274365319925
133 92 0.2352864694481065
133 93 0.19564990909579308
133 87 0.13381580121533382
133 78 0.1368624164099167
133 50 0.09901803500023873
133 52 0.0
133 46 0.12869834037099956
133 91 0.19479129810880688
133 85 0.19359223481376597
133 84 0.11370377474424778
133 90 0.1989136978611945
133 47 0.20327361824624848
133 53 0.3911627163831927
132 76 0.036411327060445337
132 62 0.10263787579284407
132 89 0.10203504418022355
132 88 0.33590657423894793
132 63 0.17106438534918378
132 77 0.05654557603818751
132 49 0.06135805888720482
132 61 0.0
132 75 0.0
132 74 0.036696298463193354
132 60 0.0
132 48 0.10038414918045287
132 64 0.15107438680431115
132 70 0.2958729113101447
132 58 0.23130746592803864
132 59 0.03261611302549785
132 71 0.11050637741996981
132 65 0.0
132 73 0.0
132 67 0.3536846612721173
132 66 0.27267852913833107
132 72 0.042514267025657165
132 57 0.3051517129803636
132 94 0.5178560211198135
132 80 0.12387595018442478
132 81 0.21803558980710913
132 95 0.07084910889273555
132 56 0.2686147281473203
132 68 0.595134621092309
132 54 0.17731522119777093
132 83 0.17513884840847496
132 82 0.05974973847807325
132 55 0.12318764736829299
132 69 0.34464831424542064
132 51 0.014525533707876431
132 79 0.09175968958412647
132 86 0.024722058813345826
132 92 0.541583394020654
132 93 0.446371103866436
132 87 0.2895001776310341
132 78 0.3334497404111496
132 50 0.04955007187661247
132 52 0.0
132 46 0.23532544325266697
132 91 0.4275100932890135
132 85 0.44171067392215735
132 84 0.0402464367813961
132 90 0.4449762152528568
132 47 0.2158734508133961
132 53 0.02366326890242454
126 76 0.03194206557898454
126 62 0.04358294090245166
126 89 0.06522850058280662
126 88 0.18377353264969878
126 63 0.06469159283676783
126 77 0.0024223032288460122
126 49 0.13277874531830783
126 61 0.0
126 75 0.0
126 74 0.039429968572559114
126 60 0.0
126 48 0.04210598382381791
126 64 0.053323440992248325
126 70 0.11576978123025056
126 58 0.09613255999055666
126 59 0.0
126 71 0.33588710246779513
126 65 0.0
126 73 0.0
126 67 0.31771543422477
126 66 0.12228474089431171
126 72 0.0
126 57 0.2628048407027697
126 94 0.41341657720649194
126 80 0.3698988930771318
126 81 0.0905822517528996
126 95 0.05186144151952195
126 56 0.10519179248256351
126 68 0.3462501866159203
126 54 0.065783588137129
126 83 0.3432495597202203
126 82 0.01904440222052689
126 55 0.051456776643294594
126 69 0.2347945920540198
126 51 0.06599057075293172
126 79 0.03271255250602919
126 86 0.12372603776973876
126 92 0.43235869410909344
126 93 0.36352295099491694
126 87 0.19800853149834535
126 78 0.280199649194456
126 50 0.1308840816003805
126 52 0.0
126 46 0.0874304128383491
126 91 0.3412913093229841
126 85 0.34672207470990357
126 84 0.0
126 90 0.7898842933242091
126 47 0.09130143950098069
126 53 0.00837946378105145
118 76 0.07415815219677199
118 62 0.20431758958608826
118 89 0.01739232402428456
118 88 0.10908566695721503
118 63 0.05432215844813121
118 77 0.0
118 49 0.3308498295335302
118 61 0.0
118 75 0.0
118 74 0.10424389391854
118 60 0.0
118 48 0.1555500404582843
118 64 0.04600822234406151
118 70 0.10062180982201409
118 58 0.26741636622075404
118 59 0.1235821018541162
118 71 0.18613115137747727
118 65 0.0
118 73 0.032185505630902764
118 67 0.11488849979842866
118 66 0.07575862476568222
118 72 0.0
118 57 0.25175485476260673
118 94 0.14712909529290794
118 80 0.2049787156334832
118 81 0.23466779566160345
118 95 0.010767666366352235
118 56 0.24581092653603037
118 68 0.21315583213758554
118 54 0.058056149668305135
118 83 0.15501144872895184
118 82 0.023764259646539117
118 55 0.09050001626586231
118 69 0.12422292421019762
118 51 0.13027770823122753
118 79 0.15461925433878937
118 86 0.0685625309702468
118 92 0.15223641577983604
118 93 0.12705438842273506
118 87 0.08643195192595829
118 78 0.10219253584272409
118 50 0.2584368685830368
118 52 0.0
118 46 0.13807940485454667
118 91 0.1375487814698568
118 85 0.12410798177370015
118 84 0.10895201600781504
118 90 0.12790057991899462
118 47 0.2971708547805268
118 53 0.2751645853063369
130 76 0.0
130 62 0.028003522605480058
130 89 0.0546499038833172
130 88 0.1539695962021082
130 63 0.05336021765850055
130 77 0.0
130 49 0.004724112930069468
130 61 0.0
130 75 0.0
130 74 0.004811126490762319
130 60 0.0
130 48 0.025933308950463932
130 64 0.04965252469111364
130 70 0.10941817959189301
130 58 0.09447774039735621
130 59 0.0
130 71 0.02021318073888749
130 65 0.0
130 73 0.0
130 67 0.12951732131639418
130 66 0.10245290442920302
130 72 0.0
130 57 0.1065439174557196
130 94 0.2291114488216437
130 80 0.02448502027538374
130 81 0.08681123743194874
130 95 0.027170926472198577
130 56 0.1506904618830059
130 68 0.22355947408967908
130 54 0.0624422390294641
130 83 0.1876085085993061
130 82 0.008342123073312044
130 55 0.04153721588641545
130 69 0.12969329233359292
130 51 0.0
130 79 0.04914643058592878
130 86 0.0
130 92 0.23960898589823837
130 93 0.1932818051745859
130 87 0.15088414236148717
130 78 0.12192106755407528
130 50 0.0
130 52 0.0
130 46 0.21764198499708431
130 91 0.18914032639327072
130 85 0.1988828846654952
130 84 0.0431119311883553
130 90 0.20035321426852934
130 47 0.07435677729748978
130 53 0.0
124 76 0.028099156238814142
124 62 0.03833953263719799
124 89 0.05738094252444824
124 88 0.16166397234749152
124 63 0.06429913899722098
124 77 0.0005249319155835874
124 49 0.11680430311142899
124 61 0.0
124 75 0.0
124 74 0.03468619913362221
124 60 0.0
124 48 0.04027391906815896
124 64 0.053323440992248325
124 70 0.11552263778530472
124 58 0.09613255999055666
124 59 0.0
124 71 0.29547695178031236
124 65 0.0
124 73 0.0
124 67 0.2794914938637583
124 66 0.11128004298950982
124 72 0.0
124 57 0.23118712410641096
124 94 0.24056091488462833
124 80 0.3253968270598359
124 81 0.0890181655966387
124 95 0.045622057359557315
124 56 0.09253630153314713
124 68 0.30459326643673595
124 54 0.065783588137129
124 83 0.3019536411517597
124 82 0.018416572607151238
124 55 0.04971153364896706
124 69 0.20654675289675783
124 51 0.0580513290003112
124 79 0.028776946862261968
124 86 0.10884071531017889
124 92 0.25158304903012335
124 93 0.20294074400248135
124 87 0.14157948100039927
124 78 0.2464891852816194
124 50 0.11513758397899218
124 52 0.0
124 46 0.0891533727330541
124 91 1.0
124 85 0.20882172818552702
124 84 0.0
124 90 0.21036553508084793
124 47 0.09215899629031281
124 53 0.005937256490662152
125 76 0.03062205846772144
125 62 0.04178187416245835
125 89 0.06253293024113821
125 88 0.17617908421430573
125 63 0.07049935100285636
125 77 0.0
125 49 0.12729165846691545
125 61 0.0
125 75 0.0
125 74 0.037800523576775845
125 60 0.0
125 48 0.04429933884813957
125 64 0.05861011640876379
125 70 0.12394614824451447
125 58 0.10437263136552945
125 59 0.0
125 71 0.32200655480118595
125 65 0.0
125 73 0.0
125 67 0.37246578502654815
125 66 0.11914093952956181
125 72 0.0
125 57 0.251944420366326
125 94 0.262159843450036
125 80 0.3546128068313064
125 81 0.09576616132702934
125 95 0.049718265417248615
125 56 0.21136288233701817
125 68 0.4565904646957586
125 54 0.07192988760292537
125 83 0.32906475821925785
125 82 0.02115297754467601
125 55 0.05295409508803786
125 69 0.2250916963401829
125 51 0.06326350783163173
125 79 0.03136070499232497
125 86 0.118613054412397
125 92 0.2741716075533365
125 93 0.22116191943666424
125 87 0.15429129288356286
125 78 0.2686203877157163
125 50 0.1254752918013479
125 52 0.0
125 46 0.09445729185922085
125 91 0.21642304918576527
125 85 0.2275709318628879
125 84 0.0
125 90 0.2292533505308938
125 47 0.09955495912337047
125 53 0.005443845115625193
131 76 0.004115307261965698
131 62 0.06862161228366487
131 89 0.09010769014838768
131 88 0.38531364655391015
131 63 0.10067309987697635
131 77 0.0
131 49 0.02127479807333653
131 61 0.0
131 75 0.0
131 74 0.007932667109898664
131 60 0.0
131 48 0.060180918302185235
131 64 0.09642749968906635
131 70 0.21650233327178386
131 58 0.3333164234332658
131 59 0.10101557639118444
131 71 0.0460762490172422
131 65 0.0
131 73 0.0
131 67 0.2293146783083843
131 66 0.17393043349754578
131 72 0.0
131 57 0.26294479000724047
131 94 0.3777628499392652
131 80 0.05276231330271528
131 81 0.1665497173669693
131 95 0.04479988526290666
131 56 0.13049828293304658
131 68 0.4003705851891175
131 54 0.11932420517729322
131 83 0.004116367794146494
131 82 0.036447965557834985
131 55 0.09723230507662292
131 69 0.2541084066291433
131 51 0.0
131 79 0.06311155558957447
131 86 0.0006122146054195615
131 92 0.3950713674480719
131 93 0.3186863246672456
131 87 0.2686499994338086
131 78 0.22314542248860347
131 50 0.012470842698039691
131 52 0.0
131 46 0.14479320247876232
131 91 0.31185778407951387
131 85 0.32792147970687635
131 84 0.0
131 90 0.33034578414058746
131 47 0.14459136292177246
131 53 0.0
119 76 0.0
119 62 0.09423992340156852
119 89 0.0
119 88 0.03903482296001486
119 63 0.005482610674320348
119 77 0.19934423275753263
119 49 0.04038930736866312
119 61 0.04287231825464683
119 75 0.0
119 74 0.09554382999944974
119 60 0.0
119 48 0.025185972716452752
119 64 0.004826005564621011
119 70 0.10371070079670298
119 58 0.3185774886593061
119 59 0.05689913110990083
119 71 0.0
119 65 0.0
119 73 0.0
119 67 0.03989236971384856
119 66 0.022780536263649266
119 72 0.0
119 57 0.09064104384922048
119 94 0.06645302891995267
119 80 0.0
119 81 0.06853629645905458
119 95 0.03546377395657926
119 56 0.0377097614690829
119 68 0.09983150334183456
119 54 0.010453513496159042
119 83 0.0
119 82 0.0
119 55 0.0676346387055394
119 69 0.06591552962013536
119 51 0.0
119 79 0.226125341780675
119 86 0.0
119 92 0.06949780533128899
119 93 0.06306835226657308
119 87 0.0351991794465584
119 78 0.0752816244381472
119 50 0.0
119 52 0.0
119 46 0.017927953577169156
119 91 0.08228930272397157
119 85 0.07787519876614817
119 84 0.022019495985780527
119 90 0.07845092558286565
119 47 0.017688859713126975
119 53 0.012467076137920405
