114 76 0.1894206323277857
114 62 0.2638386619583501
114 89 0.1788395969865617
114 88 0.3648298531028014
114 63 0.22742043378243562
114 77 0.06253981183755222
114 49 0.1431634245219289
114 61 0.07464759405838567
114 75 0.10828307333371834
114 74 0.268633304617752
114 60 0.10338395740902454
114 48 0.13760988438884586
114 64 0.1572278936973871
114 70 0.3403181957882818
114 58 0.5715793379980725
114 59 0.16659812520599207
114 71 0.1502299368951966
114 65 0.09053331000318077
114 73 0.10360934394240659
114 67 0.3294059135946293
114 66 0.29341503944831354
114 72 0.15841610025328096
114 57 0.3684166310123706
114 94 0.4221316541833364
114 80 0.15095193990775957
114 81 0.3341177504238046
114 95 0.15984586961738956
114 56 0.21999875200428343
114 68 0.5078498370202388
114 54 0.16021093712732132
114 83 0.12855450455631867
114 82 0.059980777088289056
114 55 0.2657250052141451
114 69 0.3843780274667796
114 51 0.09908456185983316
114 79 0.15004978834153546
114 86 0.11078890617668333
114 92 0.42815014841529553
114 93 0.3842440239425169
114 87 0.3760352842267668
114 78 0.3231776625896402
114 50 0.15289077962723113
114 52 0.08067294016410623
114 46 0.21052627504033855
114 91 0.38920266148758836
114 85 0.3887241116000409
114 84 0.07638577791080489
114 90 0.3946653897598451
114 47 0.2294663316593572
114 53 0.12496946306463604
100 76 0.11988855325788664
100 62 0.15849351986586868
100 89 0.11432321605371554
100 88 0.20813937699279433
100 63 0.3036678344789964
100 77 0.08640511095537379
100 49 0.24564738087107074
100 61 0.09560240735207676
100 75 0.09283986624603632
100 74 0.12271824911821158
100 60 0.09539456115981254
100 48 0.16391640189865914
100 64 0.1783901534188222
100 70 0.20768183234846038
100 58 0.19511092624513554
100 59 0.1220674101545002
100 71 0.44112768801106594
100 65 0.09218706530930226
100 73 0.069571293117592
100 67 0.33008038236865694
100 66 0.19465463443009706
100 72 0.08800368355764829
100 57 0.3960658700305918
100 94 0.2321108573579406
100 80 0.46616916553614873
100 81 0.18935745073821664
100 95 0.13090312219700334
100 56 0.22153867222452334
100 68 0.4180354775154643
100 54 0.15645780343389665
100 83 0.12785472601215636
100 82 0.13048827506180716
100 55 0.2855055211327048
100 69 0.24494550020741265
100 51 0.16125173077338678
100 79 0.09813344568861967
100 86 0.23112521675319878
100 92 0.2289521893907981
100 93 0.2162191330191447
100 87 0.23073158227026502
100 78 0.22120534910774295
100 50 0.26950811878110903
100 52 0.07643319111346936
100 46 0.22288251871640488
100 91 0.22845027735629056
100 85 0.22649666492390533
100 84 0.10248967411392315
100 90 0.21425650138020835
100 47 0.14148507234251265
100 53 0.08861998825310577
128 76 0.14976999244150846
128 62 0.14538975995586517
128 89 0.2152434560465774
128 88 0.44680585653719823
128 63 0.16153827304499518
128 77 0.12267651592307646
128 49 0.14192375980893568
128 61 0.1232665146172181
128 75 0.10206324562221952
128 74 0.11063333648947118
128 60 0.11646604216081821
128 48 0.13418207496342366
128 64 0.15085677472483422
128 70 0.33931721314913227
128 58 0.1362756155521412
128 59 0.11532458459716283
128 71 0.13938588525461232
128 65 0.08599996956868391
128 73 0.12472456638964464
128 67 0.41474899849009894
128 66 0.33323568283020377
128 72 0.1392627772585276
128 57 0.29153985418500067
128 94 0.5803351707021644
128 80 0.14255501624155026
128 81 0.35654053340846475
128 95 0.20842978769017262
128 56 0.3339646984909569
128 68 0.6801469466244814
128 54 0.19930115111127428
128 83 0.1216883715770308
128 82 0.11850838620282034
128 55 0.22018517037931193
128 69 0.39225333974669996
128 51 0.13183137923713253
128 79 0.21611155953837105
128 86 0.11374672915211906
128 92 0.5788578014059593
128 93 0.5089094719848621
128 87 0.4914566617189923
128 78 0.3907028525473258
128 50 0.17821925470430608
128 52 0.1447761251333505
128 46 0.2582031237660897
128 91 0.4650809271981556
128 85 0.4909550812127945
128 84 0.1114823067138401
128 90 0.5024113732127427
128 47 0.21091316649044822
128 53 0.09489553469177064
129 76 0.13830384601898515
129 62 0.36597339165059056
129 89 0.29370766167964757
129 88 0.6448039641314385
129 63 0.2792834303945734
129 77 0.169080481854818
129 49 0.21403260297153706
129 61 0.18028899926039949
129 75 0.14285553282916413
129 74 0.24572439303356303
129 60 0.14729555247534465
129 48 0.2674954929805486
129 64 0.29857440404531804
129 70 0.4876522576605462
129 58 0.7964814684915601
129 59 0.1711093494792319
129 71 0.22706377079818701
129 65 0.19180818684014972
129 73 0.15929645202837917
129 67 0.5877792088838703
129 66 0.48635545084654486
129 72 0.16421620054163238
129 57 0.7828157735491404
129 94 0.793818485554168
129 80 0.23814934544930966
129 81 0.5162570999592986
129 95 0.25330427621119467
129 56 0.415009282970163
129 68 0.8610881857189369
129 54 0.3633746743772203
129 83 0.20078264806923718
129 82 0.47585500669540337
129 55 0.2764210134353098
129 69 0.5931306837497367
129 51 0.17740380049995016
129 79 0.24730099242104722
129 86 0.16682615798955636
129 92 0.7756932807780271
129 93 0.7024808569491123
129 87 0.6081323603697029
129 78 0.5667880833615216
129 50 0.16628679693351373
129 52 0.1429177652521778
129 46 0.4016099587353115
129 91 0.6860388810717694
129 85 0.6456666110058997
129 84 0.19534726548782758
129 90 0.6602308149944156
129 47 0.3524422544303106
129 53 0.20911376992148495
101 76 0.07781353866877813
101 62 0.1721917696451049
101 89 0.1614506238408651
101 88 0.24126144593519774
101 63 0.12197592093454804
101 77 0.14035274627690383
101 49 0.16683913065110562
101 61 0.11486161440110221
101 75 0.08503795366708067
101 74 0.06736035817168304
101 60 0.09344891675286077
101 48 0.12262047034287918
101 64 0.11182234335686903
101 70 0.15698457789195536
101 58 0.1262954789391748
101 59 0.1335508135579903
101 71 0.2140652841325521
101 65 0.09757194598140514
101 73 0.10102520557786657
101 67 0.2510305446663571
101 66 0.1893244792639327
101 72 0.07828085786874223
101 57 0.3077243699114257
101 94 0.26244937049935685
101 80 0.23374595506709905
101 81 0.22848443681917946
101 95 0.04352651453950471
101 56 0.22625471643818593
101 68 0.32762576935210846
101 54 0.0936631882417745
101 83 0.09889784138338314
101 82 0.1454252079530449
101 55 0.1445346358014145
101 69 0.1837277690195852
101 51 0.12863158751842935
101 79 0.1899592498751006
101 86 0.16022587398649818
101 92 0.26825967107199905
101 93 0.24049326264875762
101 87 0.2276622642719653
101 78 0.20635935521645576
101 50 0.1767566087298656
101 52 0.07288519536767207
101 46 0.17954611518187363
101 91 0.29619962942065975
101 85 0.2222352955130255
101 84 0.1147421848385704
101 90 0.22819109308378446
101 47 0.08294549679181187
101 53 0.07406764937239158
115 76 0.0646123264101087
115 62 0.06003351743753543
115 89 0.11208718332961196
115 88 0.13007406848639297
115 63 0.055099189837255674
115 77 0.07324859199028
115 49 0.061751082389940426
115 61 0.07516332648654181
115 75 0.07547524110875309
115 74 0.16759826345749296
115 60 0.06691308775180119
115 48 0.0790721500794008
115 64 0.15514621267785714
115 70 0.09079762751591378
115 58 0.11173995646562243
115 59 0.09731670029057227
115 71 0.10104130842682221
115 65 0.045524639157628666
115 73 0.027229488880067043
115 67 0.14107653971172907
115 66 0.26891034316045015
115 72 0.1642764074171434
115 57 0.1344371093244094
115 94 0.2350223717633484
115 80 0.10149465249588116
115 81 0.11392326028685251
115 95 0.10158606085600105
115 56 0.26149617681527715
115 68 0.2192723374655215
115 54 0.12187577840040195
115 83 0.16423287650165136
115 82 0.11250631330119998
115 55 0.15599300473022024
115 69 0.13711448581171307
115 51 0.10197593693452303
115 79 0.09586292327549742
115 86 0.09451352679189723
115 92 0.23073179133459892
115 93 0.21631929242424164
115 87 0.19319054409812603
115 78 0.13710539565531846
115 50 0.07676256647082547
115 52 0.6745662367758707
115 46 0.4870995855290262
115 91 0.20174341751812408
115 85 0.20454370733314056
115 84 0.05138906279922259
115 90 0.2127747855416517
115 47 0.31388731396763336
115 53 0.24404278738907417
103 76 0.13437313301919498
103 62 0.26939704508010537
103 89 0.1607087274534962
103 88 0.2714245775668833
103 63 0.185083925976761
103 77 0.14869956874717152
103 49 0.15613038887680514
103 61 0.1482363532335975
103 75 0.13448385667921436
103 74 0.14856588616555177
103 60 0.12198364929816777
103 48 0.15206400202380665
103 64 0.1658668324021895
103 70 0.34937094266198543
103 58 0.8357373105946205
103 59 0.1673860317846686
103 71 0.16014741304470154
103 65 0.15015861930733307
103 73 0.14323591327913715
103 67 0.28648201489423564
103 66 0.4060545079013963
103 72 0.14329222485092863
103 57 0.45006702473668686
103 94 0.31607033935218504
103 80 0.16187008056168894
103 81 0.32812051711775525
103 95 0.1773080686800385
103 56 0.22692721826477646
103 68 0.49747953223879343
103 54 0.16841618212308718
103 83 0.14792437183952872
103 82 0.21088210997299778
103 55 0.15005647464257238
103 69 0.3841112492173886
103 51 0.11438736759409374
103 79 0.13558376255184035
103 86 0.11784283275626994
103 92 0.3108393836266719
103 93 0.2939107976975541
103 87 0.2329217528441645
103 78 0.32299155481398356
103 50 0.15695415962813486
103 52 0.12413454294569765
103 46 0.2238642447159756
103 91 0.2973101723671797
103 85 0.25656839889367256
103 84 0.1562782543928602
103 90 0.26287175755391984
103 47 0.18762101318843166
103 53 0.14440591841505987
117 76 0.21055900670275404
117 62 0.2657642694405055
117 89 0.0865776699104217
117 88 0.13880427511010873
117 63 0.13196807287352946
117 77 0.32573063224712856
117 49 0.2295518995252685
117 61 0.11544272074222126
117 75 0.5281979215159143
117 74 0.3678079218343647
117 60 0.07815273174711174
117 48 0.39845479397396777
117 64 0.18588415162876665
117 70 0.266105817077025
117 58 0.6457686404114047
117 59 0.09165322528086012
117 71 0.12386979702815891
117 65 0.07099981885021855
117 73 0.41346078953907817
117 67 0.19680047616170127
117 66 0.14314410201827063
117 72 0.16259866410110685
117 57 0.3037172204954516
117 94 0.28792032825150954
117 80 0.1246486399011241
117 81 0.2672481339021933
117 95 0.17589343894121462
117 56 0.2769567765119876
117 68 0.33742338603653793
117 54 0.14818815747714303
117 83 0.5799526153821345
117 82 0.13932789792548606
117 55 0.16261099848101068
117 69 0.32557506788256796
117 51 0.1544955108721252
117 79 0.36605451281741763
117 86 0.05182249287127813
117 92 0.2847079134315556
117 93 0.2611393546427338
117 87 0.33451348513727486
117 78 0.3381612075885329
117 50 0.06633533542127282
117 52 0.08635618269403544
117 46 0.35912601308697134
117 91 0.28278430885081235
117 85 0.2603459602722381
117 84 0.1210691566380998
117 90 0.27584290564327624
117 47 0.12609401913389914
117 53 0.08851334294021496
116 76 0.19312521622360598
116 62 0.34546507085513134
116 89 0.2375167894637098
116 88 0.525117084642155
116 63 0.23168396779226974
116 77 0.13397474760267872
116 49 0.19419409709407698
116 61 0.2261909410692739
116 75 0.15873301833084424
116 74 0.16623305972621555
116 60 0.1682616768647213
116 48 0.1808248388859447
116 64 0.2173811496953615
116 70 0.606512210915959
116 58 0.9158121655649799
116 59 0.257719289749945
116 71 0.1665399441666972
116 65 0.16310217187584275
116 73 0.15599239037532814
116 67 0.47873097028274325
116 66 0.48668607297492206
116 72 0.18024554988269842
116 57 0.6699947414316547
116 94 0.6395600530125717
116 80 0.1711468928830143
116 81 0.513973603237599
116 95 0.21160944150604744
116 56 0.470111647152757
116 68 0.7477747526350591
116 54 0.21114428443144334
116 83 0.3552430756194436
116 82 0.5183143022119567
116 55 0.32116609758891457
116 69 0.537814297703916
116 51 0.12728008717437433
116 79 0.21870671735491906
116 86 0.1795976359546323
116 92 0.6201465673913711
116 93 0.5842009798555023
116 87 0.4288436684363948
116 78 0.4864972738003565
116 50 0.20939630763731232
116 52 0.11344193755665144
116 46 0.4599721109073856
116 91 0.5611944342039858
116 85 0.49436036964665503
116 84 0.22937346462345265
116 90 0.5093116686146402
116 47 0.24896462226583338
116 53 0.13546089845836717
102 76 0.09153459873055844
102 62 0.1534869730434365
102 89 0.11342357512560872
102 88 0.16419948559165107
102 63 0.12855139740869914
102 77 0.08818381828154584
102 49 0.09808132295479902
102 61 0.06712126270720858
102 75 0.07484788277226673
102 74 0.07433628363867767
102 60 0.08892134041840566
102 48 0.09129969405625551
102 64 0.08808263608948136
102 70 0.2222843320807838
102 58 0.46917918904814815
102 59 0.1071211207957474
102 71 0.11809025787405589
102 65 0.05770540097116661
102 73 0.07233700342762928
102 67 0.16666547474925925
102 66 0.1393881474043881
102 72 0.10039302409812223
102 57 0.2388652687248353
102 94 0.16771250011610167
102 80 0.1230028119947164
102 81 0.16984488762653663
102 95 0.07582432868517774
102 56 0.13216413774916846
102 68 0.2724043489280575
102 54 0.09675032700235037
102 83 0.107228281192385
102 82 0.05645496156568858
102 55 0.1242988938724815
102 69 0.20160786755963403
102 51 0.07083556366019542
102 79 0.09846663687152821
102 86 0.09882430263571254
102 92 0.16286440180207212
102 93 0.15927490657353816
102 87 0.17130956164789346
102 78 0.15057400237260643
102 50 0.09385570422453665
102 52 0.06579396449018138
102 46 0.11930978809387624
102 91 0.16370614890654037
102 85 0.15640284191630996
102 84 0.06727102125553139
102 90 0.15762030079573275
102 47 0.15174224835851402
102 53 0.08698260481849407
106 76 0.12844350133554922
106 62 0.15092241462932143
106 89 0.10734300498531732
106 88 0.22167759148421298
106 63 0.09905185471359623
106 77 0.0606666561965965
106 49 0.12162932270020888
106 61 0.10572431033868401
106 75 0.07605427928139658
106 74 0.09318778916746118
106 60 0.10063024040264854
106 48 0.12547915561667575
106 64 0.11369609471147751
106 70 0.23778359129392468
106 58 0.488027304547373
106 59 0.1203699157715134
106 71 0.13175161343188804
106 65 0.08159297122732434
106 73 0.08193739244806361
106 67 0.19526758660772445
106 66 0.17843967894904783
106 72 0.18699192233332962
106 57 0.2873552825864379
106 94 0.20816634640337114
106 80 0.13100049530510444
106 81 0.22379754358307677
106 95 0.14567519543931973
106 56 0.19803817098446483
106 68 0.33160334872863606
106 54 0.12722310666440384
106 83 0.09770483933291474
106 82 0.12442488399350522
106 55 0.2066719845706453
106 69 0.2606964865767453
106 51 0.10079738136869593
106 79 0.1293899275955401
106 86 0.11358325516319975
106 92 0.22151263280631084
106 93 0.2073334600409547
106 87 0.23216278055562165
106 78 0.20197371836050398
106 50 0.10065377650072124
106 52 0.0997774659543369
106 46 0.140216376294304
106 91 0.15125992592511478
106 85 0.20535448371191015
106 84 0.08714036194555877
106 90 0.208127889854798
106 47 0.19345912336367918
106 53 0.11251709622801692
112 76 0.1579622907509115
112 62 0.2622239343329903
112 89 0.186551091118785
112 88 0.3151116090940437
112 63 0.2013337457665232
112 77 0.1136323403798967
112 49 0.1509878832564167
112 61 0.13751640745904592
112 75 0.13044993140628114
112 74 0.14772378535751268
112 60 0.13657156498541725
112 48 0.15627113590199176
112 64 0.18027178989755843
112 70 0.31995145264942104
112 58 0.6701799790758254
112 59 0.1708350232514853
112 71 0.1576432554712177
112 65 0.14276730386350064
112 73 0.1226707420510331
112 67 0.2804008919008017
112 66 0.2603668925575687
112 72 0.13198974053372003
112 57 0.42602529857881577
112 94 0.30257458563532375
112 80 0.16262254329528103
112 81 0.3013216976769899
112 95 0.17149747599701634
112 56 0.3080687629328336
112 68 0.46713728798198917
112 54 0.17769469553129214
112 83 0.17100456590007268
112 82 0.15703902935621916
112 55 0.36334050421443004
112 69 0.3682647261281341
112 51 0.12530432341996295
112 79 0.16709364535035853
112 86 0.1474527265449562
112 92 0.3183368967599656
112 93 0.29420244739969914
112 87 0.3016361098725413
112 78 0.31252601405791414
112 50 0.15443998761087832
112 52 0.1300220208201456
112 46 0.22008324621415692
112 91 0.30377301156467446
112 85 0.272271473434366
112 84 0.10839862356971486
112 90 0.2772576654054437
112 47 0.21401614920021045
112 53 0.13353869843947686
113 76 0.15824926210173385
113 62 0.306305448447804
113 89 0.249438863568055
113 88 0.5786528617250759
113 63 0.23203661204207585
113 77 0.19800869139392288
113 49 0.19957879896817968
113 61 0.16663250536443533
113 75 0.14174456091157184
113 74 0.11819291505344623
113 60 0.13525082035084773
113 48 0.18666279308509692
113 64 0.2153700592900014
113 70 0.4922285307246033
113 58 0.566305453221813
113 59 0.17174768931809656
113 71 0.20604762956030498
113 65 0.1460263116394102
113 73 0.1533187938536822
113 67 0.49931464500069284
113 66 0.4367378351849953
113 72 0.16964031214566866
113 57 0.49331656927179734
113 94 0.6894444967143887
113 80 0.20858802421967476
113 81 0.4561474736303482
113 95 0.2555780005466517
113 56 0.48545511723034884
113 68 0.7718304135289616
113 54 0.2504568503344569
113 83 0.3050362436824527
113 82 0.2679030515002747
113 55 0.3268168277915176
113 69 0.5540298819743019
113 51 0.12985156572808976
113 79 0.26379021005510855
113 86 0.13164070722446852
113 92 0.6815599406548127
113 93 0.6157963837647447
113 87 0.49273849234083955
113 78 0.5206401031951624
113 50 0.20891105850880393
113 52 0.13564193912990186
113 46 0.4480176567567261
113 91 0.5574883135827322
113 85 0.5670723971677778
113 84 0.20215031314261872
113 90 0.5764895428269636
113 47 0.2606723983573381
113 53 0.14788785376231578
107 76 0.08718973848374745
107 62 0.13642259223422645
107 89 0.08078018004116214
107 88 0.19749813141245748
107 63 0.08285074042073509
107 77 0.03446513171432339
107 49 0.08980742056615784
107 61 0.06378920252467277
107 75 0.04593079310253212
107 74 0.03788378170653553
107 60 0.08100805303091699
107 48 0.06986893563937563
107 64 0.08123627047718207
107 70 0.11738353568934459
107 58 0.05855531947793566
107 59 0.0851793748298709
107 71 0.0785410697013589
107 65 0.060628214439462896
107 73 0.06745399709746949
107 67 0.18347630722068148
107 66 0.23056153025595777
107 72 0.027255502062795256
107 57 0.17621155285191586
107 94 0.13350057721300668
107 80 0.08320585465997632
107 81 0.1082630746988624
107 95 0.09332737300313823
107 56 0.547238074387936
107 68 0.4751472861735865
107 54 0.06571597182086669
107 83 0.10178740248594478
107 82 0.06326451680060971
107 55 0.11589175344357008
107 69 0.13112829981369667
107 51 0.0352650339989152
107 79 0.08439667943475809
107 86 0.07440602074010091
107 92 0.1486696998655945
107 93 0.1524521074280638
107 87 0.15514295960449803
107 78 0.11408927631018961
107 50 0.08467428255926532
107 52 0.037964696771359496
107 46 0.10402115185356628
107 91 0.10921131814782684
107 85 0.11981448576671214
107 84 0.057626326514139015
107 90 0.12131317973101638
107 47 0.04602182519721584
107 53 0.03650649488086313
139 76 0.19757474290271876
139 62 0.12791759752227078
139 89 0.14928848178855286
139 88 0.33053856649431324
139 63 0.14157434010831377
139 77 0.0936563123096506
139 49 0.12820519250602921
139 61 0.16679418200367246
139 75 0.08614620645562024
139 74 0.14981913859832716
139 60 0.11040429384197734
139 48 0.1128193225162088
139 64 0.12769429625514372
139 70 0.27010009178356653
139 58 0.14274396141682186
139 59 0.17409001145344105
139 71 0.13106250400745376
139 65 0.10051173532819355
139 73 0.08650400170075112
139 67 0.260359015715509
139 66 0.3850402551257408
139 72 0.10239432553728528
139 57 0.3254768995139476
139 94 0.4017472637793312
139 80 0.13303165691144464
139 81 0.22835131218233734
139 95 0.11140565001168379
139 56 0.2021755958098716
139 68 0.4018298841350867
139 54 0.15969294321819028
139 83 0.11699046237973598
139 82 0.15999145049360425
139 55 0.15430970695914661
139 69 0.2549414332418153
139 51 0.10672239447390722
139 79 0.16059300422052564
139 86 0.12727764940929698
139 92 0.40837949182677513
139 93 0.36849265336100145
139 87 0.30604168238504725
139 78 0.2596182927772826
139 50 0.13888991157069147
139 52 0.13723047834298305
139 46 0.21204667672565197
139 91 0.3489563613678209
139 85 0.35242229181310714
139 84 0.0952134968386549
139 90 0.3537067194922148
139 47 0.1520313436184184
139 53 0.09868459819739697
111 76 0.2750594399478241
111 62 0.4021195246371239
111 89 0.3458279751023047
111 88 0.580863143923702
111 63 0.3109242046758639
111 77 0.18426315174998797
111 49 0.24256252919273205
111 61 0.22936733611076254
111 75 0.21873926051370704
111 74 0.2560160672488484
111 60 0.22989851930022576
111 48 0.2465515846065559
111 64 0.29289973033527694
111 70 0.6154280500715792
111 58 0.7668355219447855
111 59 0.290916254276906
111 71 0.24279805829527826
111 65 0.2252629596645222
111 73 0.22015178538655353
111 67 0.6000108964651895
111 66 0.5336611938197082
111 72 0.21127122714990937
111 57 0.6479045667311297
111 94 0.6683464389343795
111 80 0.2477053557133101
111 81 0.4980051358405185
111 95 0.3107389560742878
111 56 0.4943110567631537
111 68 0.920125276904066
111 54 0.29654153596491134
111 83 0.25942658704318333
111 82 0.2796381440440856
111 55 0.4926529074818463
111 69 0.7456067997570986
111 51 0.2117417876533773
111 79 0.29463082479431624
111 86 0.18823966068166648
111 92 0.696408720999929
111 93 0.6285201344167753
111 87 0.5721189017316919
111 78 0.7264498349287605
111 50 0.29912868663066305
111 52 0.22014046441850055
111 46 0.3601036216713046
111 91 0.6479636840456239
111 85 0.5719806492820272
111 84 0.2127181554082662
111 90 0.5877703661886271
111 47 0.33327083720374934
111 53 0.21163243677452784
105 76 0.14973965909699588
105 62 0.17248859116848939
105 89 0.14366935905223577
105 88 0.2653680157791209
105 63 0.1373745505218139
105 77 0.10828192563581346
105 49 0.24266502284715072
105 61 0.1421899662220662
105 75 0.11287893809303098
105 74 0.15082545906509354
105 60 0.14020617191898882
105 48 0.19217555664416514
105 64 0.1532974852957503
105 70 0.22880510862535072
105 58 0.18613131668971422
105 59 0.16246470180791067
105 71 0.3826141417740721
105 65 0.12597972994164486
105 73 0.1180635847183284
105 67 0.35105415667218776
105 66 0.30033729967509615
105 72 0.13112039335993075
105 57 0.4651449004972534
105 94 0.2811922842308515
105 80 0.39979746349366585
105 81 0.224687018106187
105 95 0.17219365201331693
105 56 0.41100069734382605
105 68 0.5489423422199489
105 54 0.1629228360892377
105 83 0.23453745079527497
105 82 0.16826042989609136
105 55 0.16993371299269328
105 69 0.2964208468598377
105 51 0.18140799498932642
105 79 0.16944702206443393
105 86 0.24801970897971706
105 92 0.28012974669210744
105 93 0.25803121876850277
105 87 0.2829025861574137
105 78 0.2959870651114909
105 50 0.23150291903141743
105 52 0.11717780659132346
105 46 0.1873829877629861
105 91 0.24712750541650813
105 85 0.26914803664011216
105 84 0.13076999926296817
105 90 0.2614108342925078
105 47 0.19141089187360782
105 53 0.12281017774668834
104 76 0.10855033298390135
104 62 0.21343168314690922
104 89 0.09643636035837072
104 88 0.21190372150613782
104 63 0.15702686185215814
104 77 0.07025331947130123
104 49 0.1292389595645545
104 61 0.092011935664705
104 75 0.09674362884040047
104 74 0.10396818491040383
104 60 0.09121962629726788
104 48 0.12417736179812727
104 64 0.1193485989147208
104 70 0.3151114448029633
104 58 0.8557012393339798
104 59 0.11044610883053119
104 71 0.1428153735090255
104 65 0.07544212941349362
104 73 0.09838230626176064
104 67 0.204703224616791
104 66 0.18071643446855176
104 72 0.13962723541217364
104 57 0.36039556190847866
104 94 0.22549096488867365
104 80 0.14219711722655184
104 81 0.26552586601845574
104 95 0.13846136198998327
104 56 0.14779827057531017
104 68 0.37409733020640334
104 54 0.13291172550374325
104 83 0.09856485031224241
104 82 0.08985587635878037
104 55 0.21710315235121339
104 69 0.3281052845243485
104 51 0.07439701006431138
104 79 0.10575168331047805
104 86 0.08637415957100206
104 92 0.22307184810738614
104 93 0.21273012840369976
104 87 0.2057393689039623
104 78 0.22601916308963008
104 50 0.11780262901661734
104 52 0.0740254457423882
104 46 0.13329307989159095
104 91 0.180995577719754
104 85 0.19801679911666686
104 84 0.10603554212080255
104 90 0.20156288680185447
104 47 0.1962984162611089
104 53 0.11394597098767068
110 76 0.02289623917791528
110 62 0.2727577281694394
110 89 0.25314884462950626
110 88 0.48048312072111216
110 63 0.11098362811582388
110 77 0.303011643000736
110 49 0.11147003630615135
110 61 0.09964617268245421
110 75 0.10479503844455162
110 74 0.12538121255287069
110 60 0.14487305065611555
110 48 0.15680887545996744
110 64 0.13448586985395114
110 70 0.28591590325275085
110 58 0.466580159225205
110 59 0.10131846350873164
110 71 0.2538944947764094
110 65 0.1177434173161693
110 73 0.09556397144332057
110 67 0.2793715822694033
110 66 0.23505492753737178
110 72 0.22461322075750878
110 57 0.34782607361636475
110 94 0.35902412659563127
110 80 0.2600529647807193
110 81 0.42957776086731486
110 95 0.1542890760218552
110 56 0.26773504007710863
110 68 0.5136493442031784
110 54 0.183784012429759
110 83 0.08434043052756865
110 82 0.3091921445087004
110 55 0.19204905158287394
110 69 0.4555946474971883
110 51 0.11733603983174376
110 79 0.22983559636840872
110 86 0.06143656963746483
110 92 0.38502911896888914
110 93 0.4665037448530624
110 87 0.3136685861891471
110 78 0.3736548123535455
110 50 0.09316891416301432
110 52 0.07332148626007515
110 46 0.2638632257528551
110 91 0.3650734192469327
110 85 0.3577303946750226
110 84 0.08055273504191146
110 90 0.3576034724271392
110 47 0.1567732547152478
110 53 0.10800977591686972
138 76 0.19205345055288198
138 62 0.2690227463763507
138 89 0.2146542957308858
138 88 0.4472216555662895
138 63 0.18894774175851323
138 77 0.21231540390763787
138 49 0.19543558402934355
138 61 0.183431104982961
138 75 0.1361647049778985
138 74 0.17745150562024747
138 60 0.162523436811027
138 48 0.21420568591389222
138 64 0.1923236362755374
138 70 0.4121488610330588
138 58 0.33330070778071175
138 59 0.19204273182476123
138 71 0.18854227400701593
138 65 0.15339089729490724
138 73 0.14553596482147524
138 67 0.41817055551023397
138 66 0.4944553943504245
138 72 0.2523875911398739
138 57 0.4856922153797579
138 94 0.5225776228561947
138 80 0.19427354490096932
138 81 0.3935570032735315
138 95 0.20079673003782966
138 56 0.34102677098038287
138 68 0.685958480414478
138 54 0.21177853041170178
138 83 0.18345134761341356
138 82 0.2939943226356062
138 55 0.17596258909991375
138 69 0.4072742045115968
138 51 0.12869185322909
138 79 0.17123518668713242
138 86 0.18206075266811628
138 92 0.5210998564093886
138 93 0.48247317045589533
138 87 0.4114032539122522
138 78 0.43223275258941407
138 50 0.13673554315868242
138 52 0.1211962610716657
138 46 0.2907276280949631
138 91 0.4761345565450291
138 85 0.41889400261606946
138 84 0.18747259719792145
138 90 0.43303404733166384
138 47 0.2948551344494909
138 53 0.23091540671579164
140 76 0.22051775720302427
140 62 0.15387225971481666
140 89 0.13333950061956232
140 88 0.2199333935474814
140 63 0.16008142028373412
140 77 0.09943473942911979
140 49 0.1748048824508845
140 61 0.11141935229272859
140 75 0.09814999289303053
140 74 0.07630025497641732
140 60 0.06697454368832362
140 48 0.13202689093864795
140 64 0.1153863956069057
140 70 0.3094371717294568
140 58 0.17036283737822544
140 59 0.17651615871617998
140 71 0.11948914462581661
140 65 0.07405376845484185
140 73 0.12056076027351928
140 67 0.26486888608282316
140 66 0.34166819879680216
140 72 0.06434406597906445
140 57 0.31467075473289674
140 94 0.31866457089282196
140 80 0.12065011919071836
140 81 0.26443000720695814
140 95 0.1488891653406176
140 56 0.17237470528559573
140 68 0.3965550283176491
140 54 0.13475932797914295
140 83 0.11221158798745592
140 82 0.1919331050581065
140 55 0.1642399239613887
140 69 0.34144104033166006
140 51 0.09119186094592882
140 79 0.11947107257253209
140 86 0.05685352685024256
140 92 0.3273168224578641
140 93 0.2853966657316283
140 87 0.27136903964275294
140 78 0.370587508201543
140 50 0.17897476859656836
140 52 0.045595421774057704
140 46 0.12298380815265361
140 91 0.29874960928654654
140 85 0.26255760795209787
140 84 0.1281417271635663
140 90 0.27160693402094604
140 47 0.1551102976199626
140 53 0.11702298290605509
135 76 0.19069926246566368
135 62 0.3652498490433492
135 89 0.1746817201044376
135 88 0.37511712829828503
135 63 0.23117254040596455
135 77 0.29437144008186866
135 49 0.37938871565078985
135 61 0.1299262637899885
135 75 0.36437704396733983
135 74 0.2578437881483381
135 60 0.10793152960720742
135 48 0.40748153562917466
135 64 0.18336830803927467
135 70 0.3181745081694976
135 58 0.25994285874886625
135 59 0.11299361368726149
135 71 0.30308300583546616
135 65 0.10257322122020834
135 73 0.2990253660554028
135 67 0.42773556960863884
135 66 0.2776334695378988
135 72 0.12958979187074196
135 57 0.49049261182092896
135 94 0.4698986247341431
135 80 0.3220395112905206
135 81 0.3792076766993778
135 95 0.2072665042731225
135 56 0.4210188021092006
135 68 0.6147818552839881
135 54 0.2224338162693447
135 83 0.5844931432871826
135 82 0.14195374466014388
135 55 0.22421097907740153
135 69 0.3636236183444265
135 51 0.1865391459936679
135 79 0.24287627877838544
135 86 0.18338051605316186
135 92 0.4635202185193266
135 93 0.4087966995052862
135 87 0.42996176588205
135 78 0.4144242545568082
135 50 0.22118978522117472
135 52 0.04038284764595779
135 46 0.4517710489920429
135 91 0.45872423826231384
135 85 0.41268292095978254
135 84 0.22881039947979376
135 90 0.41672600705799245
135 47 0.32577014571477214
135 53 0.32839929916417715
121 76 0.1291126104899178
121 62 0.22512113506163764
121 89 0.1966902765986857
121 88 0.4155368220082616
121 63 0.22332813331418988
121 77 0.14393484979784565
121 49 0.180252061244772
121 61 0.10179065032139975
121 75 0.07502999889796852
121 74 0.1348982639783697
121 60 0.11307003085367831
121 48 0.17488681737435235
121 64 0.17312362504390427
121 70 0.23086261015611265
121 58 0.16057955235929167
121 59 0.10322020308748331
121 71 0.3682446255869165
121 65 0.12990818318535524
121 73 0.07295704056036814
121 67 0.44655541916650204
121 66 0.26647903890860464
121 72 0.10994835644802789
121 57 0.502467827768404
121 94 0.620872432911618
121 80 0.3988518398428028
121 81 0.2741601577626361
121 95 0.14141734535846556
121 56 0.29435382671531946
121 68 0.5179666080168444
121 54 0.18768042803628154
121 83 0.34607368702109936
121 82 0.1676341675145432
121 55 0.25327251944408163
121 69 0.4449462844245544
121 51 0.15468136785422643
121 79 0.1594037076324393
121 86 0.18616593537750015
121 92 0.502150469947046
121 93 0.41719679613945293
121 87 0.35314867277788203
121 78 0.5304017918670206
121 50 0.18673540069136527
121 52 0.06404774352166193
121 46 0.25830287101212845
121 91 0.4420018442416598
121 85 0.37602659166974406
121 84 0.08149721674687213
121 90 0.396252386968191
121 47 0.26436033749180227
121 53 0.0939393460853925
109 76 0.14624967942587896
109 62 0.23023231410497302
109 89 0.10378478509091763
109 88 0.2727144431416585
109 63 0.19333693478173442
109 77 0.1801488416417462
109 49 0.17088123703293273
109 61 0.12436251012504058
109 75 0.09560394824135054
109 74 0.1975454970153568
109 60 0.07838800856901396
109 48 0.12721960517517164
109 64 0.16196857590651753
109 70 0.375666107498039
109 58 0.542429939790386
109 59 0.09642242938970794
109 71 0.11065094084855936
109 65 0.1210495110817836
109 73 0.06222070965402621
109 67 0.30384503437131416
109 66 0.2347351219563565
109 72 0.1933620853338277
109 57 0.413249517232129
109 94 0.4045323848648821
109 80 0.11079271006634742
109 81 0.41939514470791955
109 95 0.1694273078235303
109 56 0.15784265515519383
109 68 0.5153660276262615
109 54 0.12698253006255578
109 83 0.11074243519387628
109 82 0.12870822282578734
109 55 0.1943107166935588
109 69 0.4270627108401369
109 51 0.04950987972591667
109 79 0.1366258992095415
109 86 0.1007958384070648
109 92 0.3966331603706037
109 93 0.3632340931764803
109 87 0.3169834276088527
109 78 0.4557879514965991
109 50 0.17849931727190588
109 52 0.09690511897393353
109 46 0.2672340043114531
109 91 0.38026246123591234
109 85 0.3622141802688712
109 84 0.6027480859995711
109 90 0.36995819306767896
109 47 0.10933667277854006
109 53 0.08324542534115964
108 76 0.2829993606145871
108 62 0.43222437467440245
108 89 0.32561083932975116
108 88 0.6457894136095224
108 63 0.37120427267124195
108 77 0.24551496773867815
108 49 0.2507886368571841
108 61 0.24922512320997395
108 75 0.233012223460284
108 74 0.2821072990240444
108 60 0.23143011434537167
108 48 0.2676567434493798
108 64 0.31307220517885925
108 70 0.5753788408550775
108 58 0.9015399742042125
108 59 0.25972615299502927
108 71 0.27639565691869594
108 65 0.2278784082665725
108 73 0.23545130425511518
108 67 0.5744934092443541
108 66 0.5526295343836652
108 72 0.26011901198629006
108 57 0.7279054286418079
108 94 0.7267579395618535
108 80 0.2857229882292407
108 81 0.5921107948641529
108 95 0.3111331165985341
108 56 0.5246330202482752
108 68 0.9709975721154517
108 54 0.3641853475737387
108 83 0.2570809758182143
108 82 0.33208965631253284
108 55 0.4497197666040007
108 69 0.6782673688079113
108 51 0.22551600511599534
108 79 0.3759199967752235
108 86 0.20165333310397776
108 92 0.732187915874865
108 93 0.6582255779307464
108 87 0.6092514407613534
108 78 0.6226949232966972
108 50 0.3000573449187709
108 52 0.20280700568150245
108 46 0.41751128572349405
108 91 0.6724344572409183
108 85 0.5977158260041288
108 84 0.23229206188395876
108 90 0.6082632222015797
108 47 0.35306721112099126
108 53 0.22163699343782026
120 76 0.05754331234000826
120 62 0.14889203517314015
120 89 0.11381330463321682
120 88 0.2557192131022666
120 63 0.06249630326642497
120 77 0.2777591174131638
120 49 0.06302775911507211
120 61 0.03513510738107936
120 75 0.10955223762863939
120 74 0.06973897561657019
120 60 0.06151872416625917
120 48 0.08512926139633042
120 64 0.10528868956266552
120 70 0.1644615360851021
120 58 0.10625208604732836
120 59 0.10459734370578835
120 71 0.11806750206979069
120 65 0.03254737372161923
120 73 0.06629170931268552
120 67 0.23521424883143907
120 66 0.2245372690102554
120 72 0.07618281341947167
120 57 0.16535651322021988
120 94 0.30913233951554253
120 80 0.12067819071189348
120 81 0.17157014948448635
120 95 0.06275394046778718
120 56 0.16104106652349187
120 68 0.2718983339746202
120 54 0.11217728418333142
120 83 0.09003012539251215
120 82 0.09819070410211583
120 55 0.29822317025314315
120 69 0.1831059338516005
120 51 0.12221991798685292
120 79 0.09147426281928223
120 86 0.07694045571681649
120 92 0.29083668716942424
120 93 0.2703101894383196
120 87 0.2362345961110384
120 78 0.2202131537665816
120 50 0.12233781012690806
120 52 0.023224403608982702
120 46 0.12365855035905596
120 91 0.25881578729362653
120 85 0.23863547949230024
120 84 0.10264384332413584
120 90 0.23923440960846068
120 47 0.14055003127200105
120 53 0.41281987655275765
134 76 0.20357655471396854
134 62 0.18569818569912988
134 89 0.11041488732045576
134 88 0.25131276744794634
134 63 0.13860930378228098
134 77 0.10619742732282139
134 49 0.3328168701858196
134 61 0.08448558541974602
134 75 0.3830778446241866
134 74 0.1737168893570859
134 60 0.12458726751190437
134 48 0.3369162256424141
134 64 0.17093759152790144
134 70 0.23976106946316084
134 58 0.22506850625964542
134 59 0.09102023864063433
134 71 0.4378183460086998
134 65 0.05424611654169889
134 73 0.31082487656979696
134 67 0.3635705693367819
134 66 0.20744106120373237
134 72 0.13645960707441074
134 57 0.45680065631560374
134 94 0.33625280430262305
134 80 0.4669679600931893
134 81 0.08826112206479614
134 95 0.18544314524800332
134 56 0.13713333252772625
134 68 0.4579335077789307
134 54 0.18929136671713534
134 83 0.3507861200514165
134 82 0.09065319792057153
134 55 0.2749107204897956
134 69 0.24237170293937288
134 51 0.17406941781714735
134 79 0.06595954110805408
134 86 0.18391127119774103
134 92 0.2391182816251788
134 93 0.24336597914617256
134 87 0.22837038860650707
134 78 0.22181338662210331
134 50 0.18334877615189518
134 52 0.5381128025369265
134 46 0.23444064772752252
134 91 0.1800589960884017
134 85 0.20715746753454872
134 84 0.14148524255242045
134 90 0.1955301552404482
134 47 0.36661335763481406
134 53 0.4870941993298398
122 76 0.13209224965477007
122 62 0.10128966132763975
122 89 0.18140954901367
122 88 0.24519154895766684
122 63 0.22868990106455261
122 77 0.1485362463425276
122 49 0.30523533003548087
122 61 0.09743005371823724
122 75 0.08119811076452152
122 74 0.18333090074858227
122 60 0.09137943398153078
122 48 0.17872395883803294
122 64 0.13902494454470632
122 70 0.27780402345129845
122 58 0.2145766910921044
122 59 0.12092189623119945
122 71 0.5801258474312705
122 65 0.0740935217980554
122 73 0.06698683960258997
122 67 0.5383831469747989
122 66 0.30274366150506776
122 72 0.09012272299911189
122 57 0.5909346834883493
122 94 0.41726601503892513
122 80 0.6158262189655279
122 81 0.24411207632703336
122 95 0.08912600965477449
122 56 0.1836250819252836
122 68 0.5933458094923187
122 54 0.1481193129753769
122 83 0.347613050153571
122 82 0.14738846953451912
122 55 0.14593822023273434
122 69 0.35590359015017664
122 51 0.21510160054875999
122 79 0.13376592237751384
122 86 0.3242212980164314
122 92 0.4367717709263592
122 93 0.39950538931895874
122 87 0.32069439390938204
122 78 0.3895137353849261
122 50 0.3296437364662181
122 52 0.10512372328723402
122 46 0.2164962329161157
122 91 0.3896412735623855
122 85 0.6134651033102446
122 84 0.15939793741759495
122 90 0.5812675248019537
122 47 0.15528681616058804
122 53 0.11958090318502784
136 76 0.025741670475022904
136 62 0.15521680887263523
136 89 0.14980053317898068
136 88 0.2326126158193907
136 63 0.18437247396939305
136 77 0.2876483116764337
136 49 0.2550637698405495
136 61 0.10090114509783413
136 75 0.05021556191715615
136 74 0.057889741343105455
136 60 0.09588384278252393
136 48 0.23901384945626802
136 64 0.08575988616648489
136 70 0.19499310173033435
136 58 0.09327206169863944
136 59 0.15374050773138048
136 71 0.07751986389650867
136 65 0.09834506993294273
136 73 0.10314132206105986
136 67 0.21923012028495434
136 66 0.16581394360655563
136 72 0.12658167857429536
136 57 0.24617525950178631
136 94 0.2857431078314429
136 80 0.0842922050027256
136 81 0.5108907995296812
136 95 0.0979531041734559
136 56 0.356165030592084
136 68 0.386473324949038
136 54 0.1318917199906688
136 83 0.06859117397291639
136 82 0.13938383680428848
136 55 0.1604271675962823
136 69 0.1759505884008168
136 51 0.10895383781622128
136 79 0.6178483866920221
136 86 0.1057502551991121
136 92 0.271690051263938
136 93 0.24158847028592872
136 87 0.2226813377713397
136 78 0.24099178410766597
136 50 0.14240182594068207
136 52 0.06707634881480048
136 46 0.24364424781815716
136 91 0.2835393662029395
136 85 0.21526035741770605
136 84 0.039917170545851616
136 90 0.23862988331443172
136 47 0.2925915055351551
136 53 0.038332106311644326
137 76 0.28345359360403716
137 62 0.2693829547660636
137 89 0.25952622322306607
137 88 0.5027653933930989
137 63 0.22841815339280117
137 77 0.20548693508329327
137 49 0.21275916358939415
137 61 0.23755287502400993
137 75 0.1924464764608996
137 74 0.21745368507363066
137 60 0.1985653140495722
137 48 0.20568909872827676
137 64 0.23013227110565354
137 70 0.4138794986659825
137 58 0.2663989377536488
137 59 0.2926466591584118
137 71 0.20598382873867974
137 65 0.18822982048586423
137 73 0.2144383525409735
137 67 0.44667641247519707
137 66 0.5745252418521808
137 72 0.21129855428539246
137 57 0.45804475793781063
137 94 0.5575775313673655
137 80 0.20910608792050506
137 81 0.38837587154245146
137 95 0.26589539613245183
137 56 0.39258560536752185
137 68 0.6903282084576878
137 54 0.25056772910051145
137 83 0.22250651870738733
137 82 0.2716546509221491
137 55 0.26339780649636946
137 69 0.47552746957629133
137 51 0.22507223787570962
137 79 0.34212386366501896
137 86 0.18170931037197935
137 92 0.58924679790081
137 93 0.5163204074460899
137 87 0.45063134991265064
137 78 0.513099556125581
137 50 0.2782872210876931
137 52 0.23065045318599767
137 46 0.3057051055355015
137 91 0.5136505043276602
137 85 0.5100973927843937
137 84 0.2031609016246483
137 90 0.50890010879399
137 47 0.2575371926686287
137 53 0.20445755107428149
123 76 0.136255620231564
123 62 0.19531229908746706
123 89 0.11584800326763597
123 88 0.39129979813568055
123 63 0.10737132283335218
123 77 0.08707264537726098
123 49 0.25157848232858215
123 61 0.10866157647920666
123 75 0.08484892017711221
123 74 0.11366713926374694
123 60 0.1191007492478788
123 48 0.17487581988953135
123 64 0.1578087243804719
123 70 0.24326584581686705
123 58 0.16871397306161606
123 59 0.10405711904629839
123 71 0.39904461911416533
123 65 0.11495308737427404
123 73 0.08211243855255385
123 67 0.39764022467801846
123 66 0.248944070250889
123 72 0.10658050122110416
123 57 0.5623743520079122
123 94 0.7419528629952596
123 80 0.4302176137495755
123 81 0.21327412631648296
123 95 0.19091537405036102
123 56 0.2815075004011724
123 68 0.517930032029629
123 54 0.16974717657496324
123 83 0.2851350206284379
123 82 0.16488947290570694
123 55 0.14968465728375902
123 69 0.3234221054914514
123 51 0.1631311527067444
123 79 0.1697434884518092
123 86 0.2635478553496439
123 92 0.4700006090764448
123 93 0.3973677695582836
123 87 0.32347653925255326
123 78 0.39663372050064255
123 50 0.25316095305185937
123 52 0.11153117114490527
123 46 0.19868992233800947
123 91 0.24901075372308834
123 85 0.2641476123969112
123 84 0.07598599797201608
123 90 0.29485710108441776
123 47 0.21046008047790682
123 53 0.09612448781313845
127 76 0.3373041799268861
127 62 0.29914655648633437
127 89 0.2997525707533162
127 88 0.6032676551530134
127 63 0.3026691976560887
127 77 0.21319469797442608
127 49 0.4206633801492776
127 61 0.21354278739441263
127 75 0.16128090531344497
127 74 0.21325664584616844
127 60 0.2188300181477535
127 48 0.318985557599445
127 64 0.24583394634248523
127 70 0.4979555541242289
127 58 0.2622543427586579
127 59 0.30204701965379077
127 71 0.5295415787442987
127 65 0.17253053672298174
127 73 0.16597837952705657
127 67 0.6499606999652787
127 66 0.5239548261100513
127 72 0.2557073082999051
127 57 0.7061426807898141
127 94 0.7029055366149906
127 80 0.5501895266290626
127 81 0.5482636568536285
127 95 0.3014242914462287
127 56 0.5629068425016829
127 68 1.0
127 54 0.31117354419137755
127 83 0.23354011994248583
127 82 0.21520591231714037
127 55 0.3231181475755299
127 69 0.5684324045093219
127 51 0.3692762386363886
127 79 0.41158264982351134
127 86 0.37585141476773165
127 92 0.7038889156060235
127 93 0.6380661172562101
127 87 0.7260552737826977
127 78 0.5633769866362436
127 50 0.515566282067899
127 52 0.18732304203296765
127 46 0.4354340084346007
127 91 0.6040768376142817
127 85 0.6432493036355866
127 84 0.20264868476610826
127 90 0.6389261763032035
127 47 0.37220874491750344
127 53 0.20829925426927617
133 76 0.08289995752375337
133 62 0.3645686561934597
133 89 0.11476934905500785
133 88 0.2805040167628354
133 63 0.19589384654081218
133 77 0.3142037001582214
133 49 0.43585486351094466
133 61 0.1265666168431024
133 75 0.12131980733843711
133 74 0.20991547753671108
133 60 0.07621159034984626
133 48 0.32978543509224434
133 64 0.17019468276254432
133 70 0.2575334832564682
133 58 0.3054743787134476
133 59 0.11376127606589836
133 71 0.3465886753902465
133 65 0.0921318469850349
133 73 0.11399750250828838
133 67 0.36028220937689415
133 66 0.2020943073005608
133 72 0.11550287820876814
133 57 0.5328662224832541
133 94 0.34191894008342827
133 80 0.36921318719759066
133 81 0.33455840868964043
133 95 0.1720745410848797
133 56 0.23436532290875275
133 68 0.46924246634308286
133 54 0.22143155777676815
133 83 0.1619935512869733
133 82 0.30175136647919404
133 55 0.13385218794629894
133 69 0.23159486960165232
133 51 0.11305083912228794
133 79 0.3791155805016975
133 86 0.16156376115337384
133 92 0.32164171897306787
133 93 0.3119903251693287
133 87 0.23815240625449152
133 78 0.2707920189469121
133 50 0.1991301820543206
133 52 0.053305193583234045
133 46 0.19346211466273483
133 91 0.3277871045544688
133 85 0.308438630827562
133 84 0.17385006814165066
133 90 0.3024218366453812
133 47 0.40490606093633535
133 53 0.4606560020534946
132 76 0.21526567256423704
132 62 0.2888103993208317
132 89 0.3190729887301442
132 88 0.7112280523259642
132 63 0.27808776476641534
132 77 0.2085370708170766
132 49 0.20239499286613108
132 61 0.1966000606038703
132 75 0.1578185509192348
132 74 0.24726609021723855
132 60 0.18966525614918367
132 48 0.21483722568644442
132 64 0.24058664396442914
132 70 0.5190996150441531
132 58 0.3089354715407507
132 59 0.18152628388725883
132 71 0.22968458307407014
132 65 0.17513295224592396
132 73 0.12408038163580677
132 67 0.5708316718681634
132 66 0.49000571744444754
132 72 0.21941542608540635
132 57 0.5402890219207754
132 94 0.8665190100923571
132 80 0.23541444806120873
132 81 0.4632490468503405
132 95 0.22499572349485092
132 56 0.568214449046747
132 68 0.8904018502440707
132 54 0.2928408026397572
132 83 0.3471680959051162
132 82 0.16809428369900709
132 55 0.32469420281748446
132 69 0.5472466933534088
132 51 0.14198780401435346
132 79 0.26015765329826895
132 86 0.25324300429897256
132 92 0.8683018704512394
132 93 0.7916303050096869
132 87 0.654054125981548
132 78 0.5474010682074144
132 50 0.2175625609705525
132 52 0.1527148293416771
132 46 0.5576978882494565
132 91 0.7475629915051333
132 85 0.7326652887230798
132 84 0.1903593563991445
132 90 0.7483791271414486
132 47 0.3122005098364224
132 53 0.14414384625918597
126 76 0.12338655131797334
126 62 0.15740729345990173
126 89 0.19643739388747267
126 88 0.3355185554302976
126 63 0.18834337740316123
126 77 0.16874139707571506
126 49 0.23487227842911904
126 61 0.09952099011989743
126 75 0.10130998025415516
126 74 0.14594593338461664
126 60 0.10513354859673624
126 48 0.16194049041342212
126 64 0.13708435909514766
126 70 0.2622811386257387
126 58 0.2150464237085339
126 59 0.1150004080089222
126 71 0.4033719089718292
126 65 0.09856394770622184
126 73 0.10615852418997049
126 67 0.5049442705097061
126 66 0.2982330674360706
126 72 0.10742249865078937
126 57 0.5093684852026192
126 94 0.5818086918810728
126 80 0.4371885164456562
126 81 0.25512987273332594
126 95 0.07720803006054475
126 56 0.1976241215879733
126 68 0.5613038458352287
126 54 0.14358217111908905
126 83 0.38219488689878833
126 82 0.1624386631629618
126 55 0.14485585500666714
126 69 0.3592457207797801
126 51 0.1727867174680789
126 79 0.16173675352080963
126 86 0.21417214937094936
126 92 0.589276764044731
126 93 0.5330479357797051
126 87 0.36245840999598355
126 78 0.42126169690580695
126 50 0.24851199617815956
126 52 0.09228903184866952
126 46 0.21255900775628078
126 91 0.5833515670328242
126 85 0.6907139421914272
126 84 0.08883428876304361
126 90 0.6874057195002816
126 47 0.161895265837318
126 53 0.11971956721626748
118 76 0.1735944471688992
118 62 0.28722567886813827
118 89 0.1375767636653819
118 88 0.1928600316850556
118 63 0.13658410765673734
118 77 0.024418689432337437
118 49 0.3664976344679006
118 61 0.03403913520561094
118 75 0.053905249621358536
118 74 0.11709207426258961
118 60 0.07048383472761893
118 48 0.24410350771400868
118 64 0.09764569491431621
118 70 0.16316012896362386
118 58 0.40351603397448566
118 59 0.2740006593170823
118 71 0.2646204175572312
118 65 0.09075045735802165
118 73 0.06844711220300645
118 67 0.27217391157763576
118 66 0.12861995539931398
118 72 0.023287941016360614
118 57 0.43937071974506403
118 94 0.2046605346482634
118 80 0.2853454162224915
118 81 0.4896390182001199
118 95 0.10577360232960334
118 56 0.37741809508385726
118 68 0.3440525819038858
118 54 0.11540114201132046
118 83 0.16936113268391098
118 82 0.14471869806642337
118 55 0.1737334635904681
118 69 0.21864981255633376
118 51 0.18395676621537574
118 79 0.2603239614345519
118 86 0.13049794832504022
118 92 0.19927527382867571
118 93 0.1908258918028966
118 87 0.31019058458924503
118 78 0.17582338678072884
118 50 0.31096379822140263
118 52 0.042580736714061845
118 46 0.26491779192624504
118 91 0.18978249955119222
118 85 0.19865675742797395
118 84 0.1716186298102616
118 90 0.19818317233608068
118 47 0.45353712119006
118 53 0.33582445443178044
130 76 0.07412652654203891
130 62 0.1567972095984572
130 89 0.14101809178434355
130 88 0.3843746296023809
130 63 0.1510386759586514
130 77 0.10940857633313239
130 49 0.13197846015974318
130 61 0.09792585056955755
130 75 0.08930395812946529
130 74 0.04722345614653156
130 60 0.07392273623601989
130 48 0.11310034107758518
130 64 0.13463810085692846
130 70 0.2693044811669952
130 58 0.12128077662049522
130 59 0.10353324160257746
130 71 0.13802901784681287
130 65 0.0749853571251112
130 73 0.09129672573615219
130 67 0.28980464867622224
130 66 0.27295597150700185
130 72 0.10476811379036127
130 57 0.20421932713534163
130 94 0.4097678240080739
130 80 0.13910122754933224
130 81 0.2497541303522381
130 95 0.1421560488215053
130 56 0.2665051589470327
130 68 0.4077498681023922
130 54 0.17289002708196438
130 83 0.23914153527476517
130 82 0.13702829914414444
130 55 0.1464630728846914
130 69 0.2798288025013441
130 51 0.057626714896124254
130 79 0.16707639154583487
130 86 0.06031808277513526
130 92 0.4055569139247599
130 93 0.36797769601590985
130 87 0.27037355036436816
130 78 0.26833512117382746
130 50 0.11035667742507863
130 52 0.07222124902648824
130 46 0.33834512102790676
130 91 0.3121404938453318
130 85 0.3417033716301675
130 84 0.12742242445738883
130 90 0.3389137081693238
130 47 0.16519056890766556
130 53 0.11073537050008816
124 76 0.12880050962723072
124 62 0.2086123208222666
124 89 0.11466817908563537
124 88 0.4753002817073667
124 63 0.0850346290119223
124 77 0.040584258721049565
124 49 0.2123046967055592
124 61 0.10580989161955728
124 75 0.08730554411332964
124 74 0.10133785119252622
124 60 0.10430128829202026
124 48 0.15007172550316608
124 64 0.1499838829857429
124 70 0.2599220019258255
124 58 0.21104629142751768
124 59 0.09879112941199658
124 71 0.3562291697748349
124 65 0.08436333252093928
124 73 0.10647353848910593
124 67 0.4079041978235423
124 66 0.25985485653835816
124 72 0.1561463341313049
124 57 0.4323851492376096
124 94 0.40893930557382474
124 80 0.38163641271030635
124 81 0.21782018747863496
124 95 0.28211637365212516
124 56 0.23124255207876893
124 68 0.5124565618209769
124 54 0.15903963891530942
124 83 0.35025146943423946
124 82 0.12387952477654474
124 55 0.13010299690610536
124 69 0.36223612514165326
124 51 0.11304881261888625
124 79 0.12782900180284618
124 86 0.1415502664072239
124 92 0.4638770946554509
124 93 0.3993086484830587
124 87 0.32400137260361495
124 78 0.3831632725693256
124 50 0.19156341921414963
124 52 0.14293791306976733
124 46 0.19614537707638793
124 91 0.9077577367114646
124 85 0.33574226189733974
124 84 0.057186067110171324
124 90 0.36320428069437904
124 47 0.25600273451884065
124 53 0.13157508263672604
125 76 0.11532818272074938
125 62 0.21319885448289394
125 89 0.20256058152207568
125 88 0.39304902790576246
125 63 0.19346314367536882
125 77 0.10604273175645679
125 49 0.2355449552285236
125 61 0.09639426874833898
125 75 0.10545965221716627
125 74 0.12059895645316498
125 60 0.10785564633304257
125 48 0.1669688093861915
125 64 0.1344002015954898
125 70 0.2927525921507677
125 58 0.1762556356397853
125 59 0.10985962561624837
125 71 0.37803117255291746
125 65 0.09822600173385346
125 73 0.12262118855086007
125 67 0.51977470259548
125 66 0.3037729504820235
125 72 0.07035333682141184
125 57 0.502931101177736
125 94 0.4260353628045338
125 80 0.4103026851340395
125 81 0.26829767050823583
125 95 0.11679511481594729
125 56 0.40206657562237075
125 68 0.6930469133832544
125 54 0.1469494039363839
125 83 0.3894052492693163
125 82 0.1498492844010205
125 55 0.18665240855258752
125 69 0.375229512232672
125 51 0.14977748032792776
125 79 0.15183691510745856
125 86 0.2124205237951704
125 92 0.42261777983447546
125 93 0.36897283140777104
125 87 0.37376586233731635
125 78 0.41792578454164
125 50 0.2381406868704204
125 52 0.0
125 46 0.19642931015219461
125 91 0.4846904106237527
125 85 0.43595958315274125
125 84 0.12435965891351677
125 90 0.4349813954535751
125 47 0.1629115301378456
125 53 0.09256391643240666
131 76 0.17055122491086117
131 62 0.29635991855288313
131 89 0.29387733854892467
131 88 0.729970054820479
131 63 0.24502388965324984
131 77 0.0934373573987185
131 49 0.14159700689557675
131 61 0.11683799818263227
131 75 0.11180781281082111
131 74 0.250234601474802
131 60 0.1793777412188765
131 48 0.21467396811279127
131 64 0.20425067682975245
131 70 0.48607006627082266
131 58 0.8207841962158974
131 59 0.28162611922788505
131 71 0.17633666332350528
131 65 0.15195278036940246
131 73 0.10740991504269379
131 67 0.5322158008739775
131 66 0.41596534937420304
131 72 0.12612574719853398
131 57 0.7418188290964742
131 94 0.6916703904151644
131 80 0.18442327811355347
131 81 0.4634607248741519
131 95 0.15265941376144115
131 56 0.34325332387972407
131 68 0.7545671835928588
131 54 0.2628622258191594
131 83 0.15613208571846326
131 82 0.15253342693009275
131 55 0.2631509323976413
131 69 0.5174929142878528
131 51 0.13574612156672633
131 79 0.20207660815833514
131 86 0.21827748300014801
131 92 0.700910131364476
131 93 0.6368549452048613
131 87 0.6838891824158353
131 78 0.4661334289593806
131 50 0.10118264854862752
131 52 0.09568562860750346
131 46 0.3299489761594708
131 91 0.6819623341044299
131 85 0.605360915102652
131 84 0.1236334424284083
131 90 0.6106853179245799
131 47 0.3079665070971597
131 53 0.11324359613178187
119 76 0.04419646499675556
119 62 0.16555059282880016
119 89 0.10806838087163792
119 88 0.2920036289785548
119 63 0.10164669953568134
119 77 0.2899883561935914
119 49 0.07207463331297373
119 61 0.21260652281335368
119 75 0.07148202480325636
119 74 0.15271120774480623
119 60 0.08760251116253726
119 48 0.11766924804170675
119 64 0.09329537266854637
119 70 0.27652329099284817
119 58 0.4844763224189863
119 59 0.03898249650733204
119 71 0.1454735897793556
119 65 0.07299994300413556
119 73 0.019453390562391037
119 67 0.17273033124121434
119 66 0.1411126471448959
119 72 0.03852156613547714
119 57 0.20344605641342473
119 94 0.194555054496483
119 80 0.14593899240131436
119 81 0.017331184799178778
119 95 0.006538172116158286
119 56 0.16356568286390083
119 68 0.2734480656756514
119 54 0.0865905339465988
119 83 0.05581383027427678
119 82 0.0654918335369136
119 55 0.2044918801483385
119 69 0.16738148110384526
119 51 0.07864491493960876
119 79 0.3852816504905197
119 86 0.17900241859811866
119 92 0.21020436799838277
119 93 0.20269782296316824
119 87 0.19528753057256162
119 78 0.145890969912092
119 50 0.01112507156202
119 52 0.03660186609710381
119 46 0.11121684869767465
119 91 0.21377728160368023
119 85 0.20390826714585786
119 84 0.08876676613617152
119 90 0.18573218549258183
119 47 0.14819669501501936
119 53 0.052632553187287046
