114 76 0.11047750556979655
114 62 0.15371928406554325
114 89 0.10647022263553119
114 88 0.2373476649859938
114 63 0.13359862253742755
114 77 0.06665016342454315
114 49 0.07607215157796436
114 61 0.03091175515224745
114 75 0.07082627902295703
114 74 0.16260254316736816
114 60 0.057099573516650404
114 48 0.07088817455674772
114 64 0.1143451191187638
114 70 0.22457157816058504
114 58 0.4846857093190341
114 59 0.08878065833302255
114 71 0.08499532288719595
114 65 0.0354006678935434
114 73 0.05892139914095158
114 67 0.2010732849174685
114 66 0.18948311794953812
114 72 0.08855970282980148
114 57 0.2294286428604119
114 94 0.2989777704342008
114 80 0.08736612452455006
114 81 0.2249972890181633
114 95 0.08383265800670862
114 56 0.12142330528028954
114 68 0.33685658303704236
114 54 0.12461507351958817
114 83 0.09237503226509253
114 82 0.003190916679528838
114 55 0.17370517525639817
114 69 0.2666124670956964
114 51 0.05707686933526372
114 79 0.09316539785732757
114 86 0.05752354124694416
114 92 0.3145218163585345
114 93 0.26663824331527297
114 87 0.21588257747716433
114 78 0.21484450739162259
114 50 0.08718703504321819
114 52 0.0667476008056953
114 46 0.14688963326244098
114 91 0.2654092851365293
114 85 0.2839163138697736
114 84 0.07523634614250269
114 90 0.2857909378812248
114 47 0.13432788382209146
114 53 0.06822493173598838
100 76 0.06059949316044941
100 62 0.07730190448128521
100 89 0.05448688110086411
100 88 0.0834001590371713
100 63 0.18926620915440204
100 77 0.07092481153513001
100 49 0.1554251090010676
100 61 0.04661430158505027
100 75 0.060384755051179975
100 74 0.07081297775723353
100 60 0.060527630753151346
100 48 0.08948992094904257
100 64 0.1258817024753936
100 70 0.09774344304741436
100 58 0.16483913831789188
100 59 0.05728304891504192
100 71 0.32369232378371116
100 65 0.05269252722043766
100 73 0.0373656447633207
100 67 0.17902712724292144
100 66 0.0797275323033438
100 72 0.04052174017238655
100 57 0.22359576576056592
100 94 0.18604707125487285
100 80 0.3460148870512336
100 81 0.08328466797563285
100 95 0.06685259790094797
100 56 0.11318102741249514
100 68 0.2203256837918554
100 54 0.11658206520963846
100 83 0.08728676323526267
100 82 0.05071199508108415
100 55 0.18345758689240865
100 69 0.1229198093665862
100 51 0.11619998279349647
100 79 0.05841887468206643
100 86 0.15419358804272318
100 92 0.10454741403180062
100 93 0.10162961903857298
100 87 0.08849302734011366
100 78 0.1026328834151766
100 50 0.19102142825303847
100 52 0.09060004576867413
100 46 0.1355126884658261
100 91 0.165106186397229
100 85 0.16935630695155757
100 84 0.10867024992993846
100 90 0.1541138616486446
100 47 0.06865222221743385
100 53 0.06529874508966242
128 76 0.08363798795042066
128 62 0.056409958965359816
128 89 0.13025439215124202
128 88 0.28364067067683085
128 63 0.08556547973270853
128 77 0.086342719907323
128 49 0.07057873038946617
128 61 0.06424029724511901
128 75 0.060781435730723685
128 74 0.054970827642797704
128 60 0.06385934366250638
128 48 0.07496604460086628
128 64 0.09838533452122006
128 70 0.1948200263210825
128 58 0.07748944642608495
128 59 0.054833028541756354
128 71 0.07269422113103997
128 65 0.03715013241453147
128 73 0.06873423493925734
128 67 0.24799167444703063
128 66 0.200430257313776
128 72 0.06926857752942422
128 57 0.13169199827564881
128 94 0.38544611401659795
128 80 0.0756908512275176
128 81 0.2350233565400558
128 95 0.11808496233518316
128 56 0.19310358593525298
128 68 0.40167432380868107
128 54 0.13769039868965058
128 83 0.07118109453124276
128 82 0.042980540193706576
128 55 0.12217321082079471
128 69 0.22351449456904085
128 51 0.07351898746599858
128 79 0.12498337024283152
128 86 0.053374027289307124
128 92 0.398913601276934
128 93 0.3391599636478737
128 87 0.29107489599026304
128 78 0.22709779779003808
128 50 0.09335376733940531
128 52 0.11815174672622267
128 46 0.1721438342584432
128 91 0.3035499149030318
128 85 0.3405798245867765
128 84 0.06135901679018291
128 90 0.3449583254774075
128 47 0.12898869171683514
128 53 0.05468153610091135
129 76 0.039774316926984396
129 62 0.17866575357417502
129 89 0.13836788650260046
129 88 0.36936249690086465
129 63 0.14591412762127756
129 77 0.10657667375500554
129 49 0.10908943978077475
129 61 0.0633374019366325
129 75 0.0636516396518394
129 74 0.10937785220981969
129 60 0.041542234114145885
129 48 0.179178574038326
129 64 0.18628144859003795
129 70 0.30940818385402513
129 58 0.6108086303241059
129 59 0.04066116536053738
129 71 0.11740858691673428
129 65 0.06119801550283009
129 73 0.05876083484239286
129 67 0.33547644114743325
129 66 0.2608344036228993
129 72 0.04556475230820668
129 57 0.4840875764815942
129 94 0.45910165395977887
129 80 0.12916196021211448
129 81 0.2775762257202911
129 95 0.11508821418213376
129 56 0.2295273357088056
129 68 0.5505670587177054
129 54 0.24449254773368317
129 83 0.10040102469212023
129 82 0.26578113768578515
129 55 0.16075042197290748
129 69 0.3819589385157143
129 51 0.07474839417266466
129 79 0.13329460598444973
129 86 0.05665896236924084
129 92 0.4759704559848741
129 93 0.4113895920466859
129 87 0.3038169727377026
129 78 0.3343768444687857
129 50 0.047865228798676815
129 52 0.08089805711285807
129 46 0.236052768627929
129 91 0.40078071410414834
129 85 0.39626063788724275
129 84 0.12144626177826026
129 90 0.3999867164438271
129 47 0.28426360010904705
129 53 0.09409688872686635
101 76 0.024590203353673595
101 62 0.08972425019279014
101 89 0.08360738346919207
101 88 0.09681809767212743
101 63 0.0588176878919905
101 77 0.10266133117159881
101 49 0.09440266144087328
101 61 0.0548855509489629
101 75 0.04954636550111763
101 74 0.031017703451411083
101 60 0.04959532438389726
101 48 0.06046239260613999
101 64 0.06577198939409103
101 70 0.06685177862408968
101 58 0.09279560617045282
101 59 0.0707199864545039
101 71 0.14098506076856268
101 65 0.05327419324286005
101 73 0.05605562927294541
101 67 0.11440488850305121
101 66 0.06856610721603813
101 72 0.03384400258550291
101 57 0.1494007975820251
101 94 0.14058948685472356
101 80 0.15646715783852236
101 81 0.11667031761896422
101 95 0.0
101 56 0.10929477544682628
101 68 0.15094606207447053
101 54 0.055299016202047926
101 83 0.05628686964783233
101 82 0.06658914245216221
101 55 0.07654440996873647
101 69 0.08667118205402886
101 51 0.08155606842155447
101 79 0.10895005057464396
101 86 0.09532551430483066
101 92 0.11556546030686046
101 93 0.10196307945801811
101 87 0.08659269516978024
101 78 0.09425178440610123
101 50 0.1069616763337507
101 52 0.07363884367739762
101 46 0.10335749181678504
101 91 0.1613967093968113
101 85 0.1154707866295549
101 84 0.08731572128334948
101 90 0.1160198937448182
101 47 0.02316597711118737
101 53 0.05306208547488446
115 76 0.05394701627007212
115 62 0.12702979856583937
115 89 0.08409702472746193
115 88 0.1273971434536746
115 63 0.05912805186855748
115 77 0.24356284816426127
115 49 0.15702516913868916
115 61 0.04926629457244451
115 75 0.07302672308838698
115 74 0.1864908435132796
115 60 0.046551892779993026
115 48 0.12042032458326124
115 64 0.15033047302028224
115 70 0.1359790607409604
115 58 0.10285717723701734
115 59 0.06124666238932598
115 71 0.11009768877219145
115 65 0.03404679111464187
115 73 0.030700016603887104
115 67 0.16531298869656916
115 66 0.27229053849769336
115 72 0.1324416083343648
115 57 0.08172515287263488
115 94 0.26925169944775695
115 80 0.11501944941707949
115 81 0.08515906962195212
115 95 0.0977961312207751
115 56 0.3070264176577954
115 68 0.21757889642615735
115 54 0.11107769014126949
115 83 0.24149952896506927
115 82 0.0658837638729536
115 55 0.18637449084946844
115 69 0.09406835923392073
115 51 0.07864992720782361
115 79 0.16716337728771039
115 86 0.07800598635223938
115 92 0.28007962388541546
115 93 0.25521505484643014
115 87 0.15143738509970975
115 78 0.11431617074709946
115 50 0.0638183580207595
115 52 0.8268686470233748
115 46 0.5847372161802601
115 91 0.25295753460021864
115 85 0.2539807868963512
115 84 0.08574749032923766
115 90 0.25855705239980586
115 47 0.34454581976049253
115 53 0.3771376458561484
103 76 0.05552718119728953
103 62 0.190753791255558
103 89 0.06914254840921706
103 88 0.15279801011446636
103 63 0.15202963808030875
103 77 0.10095428731752135
103 49 0.06963534759331386
103 61 0.06810147710589164
103 75 0.06710890364768722
103 74 0.0620983652998999
103 60 0.049121983323495
103 48 0.09801180179125007
103 64 0.1938856916176089
103 70 0.23802563202163596
103 58 1.0
103 59 0.06467351610567029
103 71 0.08286118194323987
103 65 0.06614401448480824
103 73 0.06549344188507829
103 67 0.1509533782029396
103 66 0.23076320182913507
103 72 0.05554583329199057
103 57 0.3314271725548277
103 94 0.1734398018657708
103 80 0.08651333225144582
103 81 0.21714838390840063
103 95 0.07368155372490391
103 56 0.11015667994779291
103 68 0.3334333191424846
103 54 0.2242696369251128
103 83 0.07972244271393121
103 82 0.09963214684952368
103 55 0.14304592711379296
103 69 0.2793778994807694
103 51 0.051111234420469276
103 79 0.05431487130962978
103 86 0.042319458759321193
103 92 0.17220959462540278
103 93 0.15486643065540254
103 87 0.09346561540517875
103 78 0.21916451870356013
103 50 0.07314318297261987
103 52 0.11578147266611247
103 46 0.2133299471457552
103 91 0.15305357783040577
103 85 0.1399949799698178
103 84 0.11339996982747672
103 90 0.1418856673664914
103 47 0.15725606764808256
103 53 0.09459185335421098
117 76 0.1706317362405338
117 62 0.2385475891615589
117 89 0.07733267164993421
117 88 0.10761302953691528
117 63 0.08560975295717836
117 77 0.3702300507439208
117 49 0.21061043956342265
117 61 0.07949195852575708
117 75 0.4302440532677797
117 74 0.30738198129299066
117 60 0.04509557218113809
117 48 0.30912332286920896
117 64 0.1501973091202986
117 70 0.24005263488047146
117 58 0.5867650209549561
117 59 0.06313321845273734
117 71 0.08828405798576835
117 65 0.03768270836128135
117 73 0.3261933243903161
117 67 0.1585188560301584
117 66 0.11030790270745225
117 72 0.10951417757280944
117 57 0.23330351905349614
117 94 0.2507057116026626
117 80 0.09087006006937311
117 81 0.18243774917440814
117 95 0.13730624180845863
117 56 0.2851461883774048
117 68 0.2980043678539406
117 54 0.13147049552866016
117 83 0.5272958497340309
117 82 0.08761242866899395
117 55 0.1529210840368689
117 69 0.253851647843843
117 51 0.11174796237891305
117 79 0.35737836050988303
117 86 0.03914897786477356
117 92 0.25852975447358034
117 93 0.2285287524543962
117 87 0.24267107637233742
117 78 0.2633251247789737
117 50 0.05052024436471221
117 52 0.24501804011777745
117 46 0.3439095803070848
117 91 0.25377032805098604
117 85 0.24395907194627403
117 84 0.14693649007271975
117 90 0.25367455471269923
117 47 0.12050856283162148
117 53 0.16165032675418042
116 76 0.08490721366433027
116 62 0.18739729230590702
116 89 0.09446213483153221
116 88 0.24045692884534214
116 63 0.08971242300695383
116 77 0.1439578574834432
116 49 0.09728074010844556
116 61 0.1084953458519757
116 75 0.10117456014964793
116 74 0.08726303066473595
116 60 0.05552133805489301
116 48 0.07242595523994783
116 64 0.11898838560091665
116 70 0.3357902561510251
116 58 0.6933253052297095
116 59 0.0980365409027844
116 71 0.062319558450938464
116 65 0.04775037016963883
116 73 0.078908746103013
116 67 0.21145476017258008
116 66 0.2513253131671812
116 72 0.061864333236739885
116 57 0.3523838289251131
116 94 0.3114660116956883
116 80 0.06782521421026716
116 81 0.2609199655714148
116 95 0.0792316255933244
116 56 0.2743639407326307
116 68 0.4006222038040286
116 54 0.12280824673908496
116 83 0.26834708921183703
116 82 0.2851811797723177
116 55 0.16154385917467334
116 69 0.30427534595123173
116 51 0.04250533370847111
116 79 0.14705676246043028
116 86 0.06644060560069073
116 92 0.3012415526276063
116 93 0.28187802291342673
116 87 0.15022375297446203
116 78 0.25312841371231154
116 50 0.08395420569890803
116 52 0.11516629488694598
116 46 0.2610630404895667
116 91 0.2726400704039607
116 85 0.2417944925469701
116 84 0.15229677519742837
116 90 0.24865241026259732
116 47 0.09614158575482258
116 53 0.0805819750710547
102 76 0.055771959300547416
102 62 0.11623096611560953
102 89 0.07111522275685987
102 88 0.10742182537644776
102 63 0.10692373426508664
102 77 0.07032430034608701
102 49 0.0840163267144408
102 61 0.04060020702791203
102 75 0.05246116019841293
102 74 0.04246508178368176
102 60 0.05246166149132103
102 48 0.06947783815754772
102 64 0.11071415915194266
102 70 0.16286633135110473
102 58 0.5290887704504367
102 59 0.05878130856010959
102 71 0.1448971151143654
102 65 0.03004039509440143
102 73 0.046943022769268344
102 67 0.10188333887814463
102 66 0.09198975092015499
102 72 0.060730771769710284
102 57 0.17621128174074974
102 94 0.10217118621230298
102 80 0.15625118135166788
102 81 0.12337258308692643
102 95 0.04277152064648192
102 56 0.09546299987706318
102 68 0.1925866408124937
102 54 0.13029995760137814
102 83 0.07511931816648415
102 82 0.019646839364920204
102 55 0.1169638766005605
102 69 0.1572560440366462
102 51 0.057195578742632536
102 79 0.062981174842666
102 86 0.08793859610545882
102 92 0.1050961904701119
102 93 0.09842083355454975
102 87 0.094092013772794
102 78 0.11786730229010806
102 50 0.08289656133047306
102 52 0.05074936560355352
102 46 0.11987703894014892
102 91 0.10067677279403364
102 85 0.10218990808705469
102 84 0.06264638442486943
102 90 0.10238278613275956
102 47 0.12559510488117714
102 53 0.056639249453481075
106 76 0.0691718215707537
106 62 0.0934121355803993
106 89 0.05728004306152261
106 88 0.11860895566886785
106 63 0.05897778008100851
106 77 0.0681969820318088
106 49 0.07066515516533259
106 61 0.054427110185242336
106 75 0.056053320461252804
106 74 0.05778170464363948
106 60 0.049734196422154583
106 48 0.07404590402824142
106 64 0.09662264481587847
106 70 0.14191233966102998
106 58 0.48548908327542584
106 59 0.06443394272054448
106 71 0.08749484268494627
106 65 0.03776286963773129
106 73 0.05218873727854549
106 67 0.09873912581550998
106 66 0.08383210906859033
106 72 0.11489625850909385
106 57 0.1719379925461305
106 94 0.10642076786811785
106 80 0.08915196284743332
106 81 0.12972923124955962
106 95 0.0771819497734027
106 56 0.10930856157388899
106 68 0.19027712852360748
106 54 0.11433217496281867
106 83 0.07914282578285005
106 82 0.057539890125242785
106 55 0.14121213031663343
106 69 0.16575940611150045
106 51 0.06586281141408758
106 79 0.09031547161409556
106 86 0.06719046446681665
106 92 0.11878461624752104
106 93 0.10785701248750451
106 87 0.11087189496751589
106 78 0.1181505955994922
106 50 0.06003497502511276
106 52 0.0770334660595732
106 46 0.09673402673646064
106 91 0.06589606290308575
106 85 0.11566277045056397
106 84 0.09075860023366981
106 90 0.11551970569796688
106 47 0.12157722604807995
106 53 0.06709280841888408
112 76 0.06615650026546367
112 62 0.15534532667810982
112 89 0.0948726716467835
112 88 0.17401880576716433
112 63 0.12827696431987337
112 77 0.12325800708754808
112 49 0.07940089082421192
112 61 0.04959448806241645
112 75 0.08480321842278338
112 74 0.07834687091524438
112 60 0.045982943497938286
112 48 0.08441671169726782
112 64 0.16403390260058184
112 70 0.1916801148034328
112 58 0.7172102318939338
112 59 0.06673519993422405
112 71 0.11578281509212907
112 65 0.05033464439825305
112 73 0.06546519543523314
112 67 0.14469503512270687
112 66 0.12305246420618013
112 72 0.05341385746525973
112 57 0.2648729706524612
112 94 0.1692973411180772
112 80 0.126220990887983
112 81 0.17407071766860535
112 95 0.06737740434353155
112 56 0.17550539189769235
112 68 0.29194256496672233
112 54 0.18179668067127386
112 83 0.13740932954968876
112 82 0.056636297418146284
112 55 0.25116733725865625
112 69 0.2424380094360628
112 51 0.0686887698147418
112 79 0.11516964411437455
112 86 0.08057511803580708
112 92 0.1817014659667215
112 93 0.15763286483361175
112 87 0.13645303821825622
112 78 0.19318315084912754
112 50 0.08669456830257329
112 52 0.09379364944023638
112 46 0.16584229913174733
112 91 0.16060357206576467
112 85 0.15284765930162147
112 84 0.12204895825146725
112 90 0.15581316287961233
112 47 0.13984501181935197
112 53 0.06486927714780756
113 76 0.06881369032655393
113 62 0.16478097281131954
113 89 0.1317810164045014
113 88 0.36165035153684866
113 63 0.11267701631974233
113 77 0.18884694886569328
113 49 0.10470170664814776
113 61 0.0685789673157574
113 75 0.09594645313732113
113 74 0.057572383031291474
113 60 0.05356083973438466
113 48 0.08753833979557811
113 64 0.13882721485677135
113 70 0.3081237986515758
113 58 0.44342405472598123
113 59 0.05826332384355562
113 71 0.09714420056695577
113 65 0.047851705159790384
113 73 0.08411521307390936
113 67 0.2866857172934942
113 66 0.2544834861785856
113 72 0.06569888054316673
113 57 0.27899989035794603
113 94 0.46041376522702304
113 80 0.10093917860713449
113 81 0.2905397853869708
113 95 0.12344695761065778
113 56 0.29341345851668615
113 68 0.4866835413457826
113 54 0.17491471734168673
113 83 0.23601665121356571
113 82 0.11526658037465701
113 55 0.20143781935018673
113 69 0.3483117659898952
113 51 0.051709964662194366
113 79 0.1826181151583049
113 86 0.04175223967162145
113 92 0.4720371386961413
113 93 0.4066048888081489
113 87 0.26660674894826225
113 78 0.3012118827567001
113 50 0.09135855907321527
113 52 0.15593440074804524
113 46 0.294235501348301
113 91 0.36004126058500796
113 85 0.39027312511831236
113 84 0.1397975141747545
113 90 0.3935962881581316
113 47 0.13990433683039777
113 53 0.10439346913653788
107 76 0.057253766301687534
107 62 0.099171489601032
107 89 0.052590997881761525
107 88 0.14298630408548763
107 63 0.057304164442962185
107 77 0.050853984384690784
107 49 0.11291825671509965
107 61 0.0457972077144357
107 75 0.05647220487680771
107 74 0.031123960083882296
107 60 0.05968944519244819
107 48 0.062116185717432645
107 64 0.054565688722688827
107 70 0.06795393455251021
107 58 0.03616143664562811
107 59 0.055072797852461094
107 71 0.1603868587842114
107 65 0.06732209949591685
107 73 0.07050234254663343
107 67 0.19105527251791898
107 66 0.16463422602362562
107 72 0.020117847076210865
107 57 0.1541855895019076
107 94 0.07535940991635925
107 80 0.1746876322161774
107 81 0.06584171470640952
107 95 0.08625105659141245
107 56 0.8763251111190182
107 68 0.6450261211310735
107 54 0.04359508211037551
107 83 0.09619046684517388
107 82 0.04518083087872998
107 55 0.08865931668043017
107 69 0.07507943913390372
107 51 0.05205721705752833
107 79 0.05936205749041251
107 86 0.08812341649871426
107 92 0.08687042220044242
107 93 0.20758647869649918
107 87 0.1017652490522868
107 78 0.06808259544065817
107 50 0.10844949948349851
107 52 0.06430784342528313
107 46 0.08298518565059586
107 91 0.0642294183960012
107 85 0.07275379652004867
107 84 0.048485402927790563
107 90 0.0719679380203779
107 47 0.030800488587969327
107 53 0.05684369823160498
139 76 0.12145886611670169
139 62 0.06455531223991123
139 89 0.07530018554350935
139 88 0.1621050447113642
139 63 0.0717209367665988
139 77 0.09411949516715382
139 49 0.0811435411748727
139 61 0.10119486811237807
139 75 0.04525378256857014
139 74 0.09500569084337683
139 60 0.055529274836409556
139 48 0.05737085641387711
139 64 0.06575832933155079
139 70 0.15308190309055933
139 58 0.07679554233921834
139 59 0.09315139613773481
139 71 0.07051978450198071
139 65 0.05090240920732263
139 73 0.04072457093160042
139 67 0.12628607895198468
139 66 0.2331160621669787
139 72 0.04848419555876726
139 57 0.16433949803649567
139 94 0.21802749412643058
139 80 0.07253353274357001
139 81 0.10262534068721273
139 95 0.04628857947150501
139 56 0.10671050917157072
139 68 0.21241860409960137
139 54 0.08570120600965495
139 83 0.0837929571511957
139 82 0.0835728668912156
139 55 0.082432977316221
139 69 0.12731835586124296
139 51 0.0576824185556397
139 79 0.099539451476264
139 86 0.06408053346778973
139 92 0.22707488462144565
139 93 0.20127236910269775
139 87 0.14212135595732456
139 78 0.12260751322938761
139 50 0.06823408246245569
139 52 0.1702693130938627
139 46 0.15539109167925372
139 91 0.1839592360870483
139 85 0.200909403031451
139 84 0.05386411263372602
139 90 0.1987050308101728
139 47 0.08104450978002226
139 53 0.09718679464818314
111 76 0.0812392058119563
111 62 0.18122810136869036
111 89 0.13374122822885548
111 88 0.27432532829409373
111 63 0.14165515062199202
111 77 0.12351792963103445
111 49 0.07301716556927854
111 61 0.06133152085115655
111 75 0.09242249389191552
111 74 0.08984883393346066
111 60 0.053748014686438625
111 48 0.08257727356394726
111 64 0.1718340346310307
111 70 0.3543502748441707
111 58 0.6464317346675648
111 59 0.09350774889376895
111 71 0.10077020631109393
111 65 0.04937571716911866
111 73 0.0763273789832457
111 67 0.29074304608548807
111 66 0.2099084480175475
111 72 0.0500019942652634
111 57 0.338189725489197
111 94 0.3387106466499918
111 80 0.11014137101457701
111 81 0.2598543587916655
111 95 0.091504202051721
111 56 0.2169565673480864
111 68 0.5574595330047141
111 54 0.19113691531418273
111 83 0.134378118845263
111 82 0.07918845753337656
111 55 0.26444617974021045
111 69 0.4739685933087905
111 51 0.07346782444450202
111 79 0.12430574466615678
111 86 0.04347484692823626
111 92 0.35235955877418257
111 93 0.30367263264207345
111 87 0.23198718437943933
111 78 0.43108083806199826
111 50 0.11690077254185954
111 52 0.09498187416566449
111 46 0.1939432000439757
111 91 0.3117531924994935
111 85 0.27999271745829757
111 84 0.13977001640478162
111 90 0.290388983113381
111 47 0.14990725453089812
111 53 0.06274548196236211
105 76 0.05379666725229944
105 62 0.07585703478949277
105 89 0.049653270959825455
105 88 0.08925143211966574
105 63 0.056179081731778796
105 77 0.05754518950678168
105 49 0.1462480781840829
105 61 0.05385643195656781
105 75 0.05092402300179351
105 74 0.06593242251191035
105 60 0.07105148949270047
105 48 0.09331561679239576
105 64 0.07139214676832345
105 70 0.07525767122145982
105 58 0.19967392358431268
105 59 0.0732758709762546
105 71 0.30062231365928593
105 65 0.0586068528849229
105 73 0.051861346152043644
105 67 0.1686621086631157
105 66 0.11828185641476788
105 72 0.05058392876408031
105 57 0.28487544220917993
105 94 0.24553156514060986
105 80 0.32113255747052266
105 81 0.0675091595680898
105 95 0.07174668686089546
105 56 0.457945779920119
105 68 0.3865986950039749
105 54 0.07662022866986212
105 83 0.12549703970335827
105 82 0.061798557104596044
105 55 0.07878064793884222
105 69 0.11580956390698559
105 51 0.11207423929354662
105 79 0.06912196888938338
105 86 0.15715189590911358
105 92 0.10598811511622876
105 93 0.10740799498173398
105 87 0.09451066537335666
105 78 0.11745923786548494
105 50 0.14467980460992036
105 52 0.08426399408100939
105 46 0.08160318525156846
105 91 0.15901890705313357
105 85 0.22114817876418735
105 84 0.08008548929531731
105 90 0.16426339702954293
105 47 0.08947045748219967
105 53 0.06258706581233914
104 76 0.06743381194936077
104 62 0.1740086205130079
104 89 0.05652235914088306
104 88 0.14600125393526595
104 63 0.13942078603962688
104 77 0.08995948761056459
104 49 0.08424023463964443
104 61 0.05458661193317134
104 75 0.07681402711786331
104 74 0.06792735882048401
104 60 0.04536735225995889
104 48 0.09754363137449582
104 64 0.165760322571251
104 70 0.2828998661782023
104 58 0.992600055620446
104 59 0.05599747710333362
104 71 0.10748236662071785
104 65 0.03103131541554413
104 73 0.06794725871792964
104 67 0.14289730394676392
104 66 0.1271590166767571
104 72 0.08465122930643143
104 57 0.31471844836475504
104 94 0.16136966938552014
104 80 0.11059683059818422
104 81 0.2079169614572295
104 95 0.08108368578960716
104 56 0.1012127194249113
104 68 0.31593733384098033
104 54 0.1983559765149217
104 83 0.0942112085318592
104 82 0.03665827306177939
104 55 0.1989771940405106
104 69 0.28821630836107004
104 51 0.0542418915818768
104 79 0.08775467996843699
104 86 0.05420721388721886
104 92 0.1688119754442723
104 93 0.14914356266973078
104 87 0.11540019841640745
104 78 0.20687539003563066
104 50 0.08453970723958562
104 52 0.07200831930336493
104 46 0.1588008595154539
104 91 0.12608436303644743
104 85 0.15005645959471414
104 84 0.12812982314922874
104 90 0.14987109381207062
104 47 0.17435705684307584
104 53 0.07550628055054347
110 76 0.004733310152812142
110 62 0.17349895098821758
110 89 0.16898913668069188
110 88 0.30260219873779115
110 63 0.04794645127126443
110 77 0.2594021875561635
110 49 0.07268067234147452
110 61 0.054444675230297876
110 75 0.08432123905238395
110 74 0.08434160436330043
110 60 0.08359264671816964
110 48 0.09353171609271455
110 64 0.08511259402291672
110 70 0.1809807473277827
110 58 0.36958197137750803
110 59 0.045551132875298495
110 71 0.1520544966072566
110 65 0.06296854707379444
110 73 0.06732232232480646
110 67 0.15723087158831497
110 66 0.13154957722901695
110 72 0.14397844482084055
110 57 0.2005077369815565
110 94 0.21277875396244816
110 80 0.15708761913974267
110 81 0.2716381350447341
110 95 0.08500051777851707
110 56 0.17547342618727968
110 68 0.32721930858494797
110 54 0.1221037873970858
110 83 0.0883274255360727
110 82 0.18698038182780488
110 55 0.13901018864931286
110 69 0.32724355784308823
110 51 0.07184791558551101
110 79 0.17704511595065772
110 86 0.02670505565394779
110 92 0.23597345668771494
110 93 0.30002513283291665
110 87 0.15840263803674556
110 78 0.24745839333629854
110 50 0.04445760208361087
110 52 0.09647263546163092
110 46 0.1608680365550867
110 91 0.21549340660272814
110 85 0.2222679637441256
110 84 0.06557304736525824
110 90 0.22031931350068928
110 47 0.08587515717424124
110 53 0.08463557357596167
138 76 0.06585974835311253
138 62 0.10971778051747219
138 89 0.08462333758097934
138 88 0.20476204768230033
138 63 0.07655563643545137
138 77 0.11475087221442468
138 49 0.06845082813989167
138 61 0.06321687888017406
138 75 0.04704430560546412
138 74 0.06950395157579478
138 60 0.05662252557755926
138 48 0.08584913244987583
138 64 0.09094650523901887
138 70 0.20463406596010897
138 58 0.17928991870010239
138 59 0.06629453140924535
138 71 0.09873033585685571
138 65 0.05558971339295821
138 73 0.04671742195035611
138 67 0.21015164613628462
138 66 0.2670523727536092
138 72 0.12244283847144957
138 57 0.20389354955677372
138 94 0.26054162683087767
138 80 0.10599908291736862
138 81 0.1947739948604639
138 95 0.06727971874036061
138 56 0.14049730105579677
138 68 0.38756905566800914
138 54 0.10950789975401626
138 83 0.06903115799455822
138 82 0.12069877105991728
138 55 0.054708860400700166
138 69 0.18583592282613912
138 51 0.04094527921363239
138 79 0.04899864331027677
138 86 0.07488361746739851
138 92 0.26375100247672933
138 93 0.23845308758401007
138 87 0.17574720177125175
138 78 0.21172737994841706
138 50 0.02982898571931375
138 52 0.07586339218905577
138 46 0.1481950915746322
138 91 0.2255306229788654
138 85 0.2112494632084206
138 84 0.07470275551184379
138 90 0.2168828306773682
138 47 0.13031753619802328
138 53 0.12246344722500896
140 76 0.13331238525717692
140 62 0.07905632727033923
140 89 0.06614970219990235
140 88 0.09287633237063009
140 63 0.07941950000668256
140 77 0.08496496947512489
140 49 0.10114648612593068
140 61 0.0627092115787468
140 75 0.06411393513953757
140 74 0.03893782143363589
140 60 0.025685850228890555
140 48 0.06924810878407957
140 64 0.05709051785453423
140 70 0.17951593564431303
140 58 0.13508729043594658
140 59 0.09627785461736844
140 71 0.07397754364239749
140 65 0.03217625603039384
140 73 0.07278568932374686
140 67 0.14049221005927331
140 66 0.20328483174976675
140 72 0.024013070128780095
140 57 0.16296676624258746
140 94 0.17134852033675488
140 80 0.0766438891726295
140 81 0.135917041904986
140 95 0.07267118758800958
140 56 0.0781093993322205
140 68 0.21243371612164
140 54 0.0702834412787232
140 83 0.07995451128491672
140 82 0.11186420924226667
140 55 0.08669809900015836
140 69 0.19845229805106324
140 51 0.046893715473624975
140 79 0.07102859078820206
140 86 0.021447093132003103
140 92 0.1759538400038411
140 93 0.14866261623246285
140 87 0.13004630007581616
140 78 0.2091398733342768
140 50 0.09729244263752637
140 52 0.03835771958316206
140 46 0.055539518471235186
140 91 0.15426508836234792
140 85 0.143330394404533
140 84 0.08115650026823518
140 90 0.14557831314571046
140 47 0.06959154652564209
140 53 0.07263753348932955
135 76 0.1197773281451987
135 62 0.23161729677050258
135 89 0.0927107258786306
135 88 0.21848049799880503
135 63 0.15030826444887593
135 77 0.25780760041145384
135 49 0.2594086865265613
135 61 0.05797415670353524
135 75 0.26789082839514977
135 74 0.1841173604211294
135 60 0.047184643186705094
135 48 0.2555395386169289
135 64 0.11972659494707198
135 70 0.19228117871209707
135 58 0.19297055404156285
135 59 0.04278414466072861
135 71 0.19992507746209243
135 65 0.04237340663250036
135 73 0.20281390033921767
135 67 0.2772034707019498
135 66 0.15240669947409233
135 72 0.06024199172875422
135 57 0.2734834075165201
135 94 0.2918155419831656
135 80 0.21597080173216524
135 81 0.20376402927939796
135 95 0.11739971434532098
135 56 0.2812228155515609
135 68 0.4114960132502944
135 54 0.14498227834105776
135 83 0.44258994395566553
135 82 0.04348718825727299
135 55 0.1369943350982512
135 69 0.22726605313409323
135 51 0.11393421017997409
135 79 0.19072779308370863
135 86 0.10032169900094658
135 92 0.31313018397298464
135 93 0.2635573355847646
135 87 0.2349254888345979
135 78 0.25716552972322493
135 50 0.12839230352424164
135 52 0.1832139393548317
135 46 0.33777866027399117
135 91 0.29257433401897276
135 85 0.2810067415324017
135 84 0.16749331031260922
135 90 0.27821898716136656
135 47 0.19715852586320481
135 53 0.28993730487970604
121 76 0.13618605367401435
121 62 0.17903930156162742
121 89 0.13201904510460288
121 88 0.3917150581039137
121 63 0.19907547379564317
121 77 0.19353240831897078
121 49 0.14864414582373436
121 61 0.0789910049092262
121 75 0.050261448568637956
121 74 0.10770470844923449
121 60 0.13249674834464506
121 48 0.14070034626207772
121 64 0.13888588544360225
121 70 0.1649095148580635
121 58 0.08124278167256331
121 59 0.05236697207191966
121 71 0.3738322485355083
121 65 0.12112961762758682
121 73 0.04441399748202632
121 67 0.3415937820643124
121 66 0.24239756244151545
121 72 0.09084895126362406
121 57 0.3599938410766627
121 94 0.5286482783174813
121 80 0.4073006904584915
121 81 0.1764123819014824
121 95 0.12076888176656822
121 56 0.24501429074052453
121 68 0.44619801606575615
121 54 0.1572715630300706
121 83 0.2385571543557442
121 82 0.11360655766605657
121 55 0.29712278718122476
121 69 0.3997913176964245
121 51 0.15027103022287425
121 79 0.1213560948341545
121 86 0.15757327522486003
121 92 0.6066153568244245
121 93 0.451723597207786
121 87 0.2478779047715235
121 78 0.4807379144472552
121 50 0.1736938529395705
121 52 0.06464576458099246
121 46 0.18044303256085018
121 91 0.3953571526519988
121 85 0.42626587392500315
121 84 0.0679395424593716
121 90 0.4388971971613497
121 47 0.27567248824171964
121 53 0.1824189947380762
109 76 0.08182015935698654
109 62 0.14891167173861994
109 89 0.06231127934103847
109 88 0.157233906597616
109 63 0.11879025061981661
109 77 0.17105202863313204
109 49 0.11735217072851688
109 61 0.06673732451598051
109 75 0.07378028965192843
109 74 0.12811638765551067
109 60 0.03238486797831097
109 48 0.07195737315149105
109 64 0.12218631422879758
109 70 0.25350927420614744
109 58 0.5095590554574069
109 59 0.03519418459570714
109 71 0.12067458482022499
109 65 0.06036518611919926
109 73 0.040543327836793
109 67 0.20345342274715433
109 66 0.12478820190922567
109 72 0.11953612391997508
109 57 0.3189828925049477
109 94 0.2483609484759891
109 80 0.12892031929744155
109 81 0.2768727545089155
109 95 0.0898233308016563
109 56 0.09070161672200239
109 68 0.3793043079857705
109 54 0.10516562180889932
109 83 0.10263525283575102
109 82 0.06216090901134677
109 55 0.13414125229968318
109 69 0.30165500816771507
109 51 0.04869445077709868
109 79 0.10523626689443334
109 86 0.07651975471730164
109 92 0.24346676331957126
109 93 0.226667500350705
109 87 0.16790673873702694
109 78 0.312882312533974
109 50 0.1482019488913728
109 52 0.13869413905289363
109 46 0.19836398105848807
109 91 0.2243349317549573
109 85 0.22397906187532035
109 84 0.5244464921243822
109 90 0.22832475125681617
109 47 0.05869661739869274
109 53 0.08532461487586383
108 76 0.09170198418253415
108 62 0.18580218109141974
108 89 0.11443169243713128
108 88 0.3166749696044833
108 63 0.1682645384136332
108 77 0.18217330516711808
108 49 0.08016074378699965
108 61 0.07360033000488314
108 75 0.11302790423160675
108 74 0.11742500021532722
108 60 0.058808356293036296
108 48 0.1175901777748566
108 64 0.19336333096147618
108 70 0.3061811817229018
108 58 0.7780752636159403
108 59 0.0678573122342846
108 71 0.10024751462117576
108 65 0.050056843127321865
108 73 0.09171656267256134
108 67 0.2626482915249444
108 66 0.22951963686677063
108 72 0.07653328174235972
108 57 0.3655278372041375
108 94 0.36630928213518354
108 80 0.11007023740490246
108 81 0.3007035152652866
108 95 0.0950035308414818
108 56 0.22880912289615662
108 68 0.554036022922731
108 54 0.24883805092940917
108 83 0.151068770767829
108 82 0.1147693469946236
108 55 0.2425503502312574
108 69 0.4086616154309879
108 51 0.07505232047134458
108 79 0.19817045229757063
108 86 0.039190635861531806
108 92 0.3793005592975804
108 93 0.3229442900984638
108 87 0.2500909309610168
108 78 0.3437010659102612
108 50 0.10448019384270103
108 52 0.10325418680926567
108 46 0.22345388945379824
108 91 0.3265773599599274
108 85 0.30177006646811055
108 84 0.13892167941569938
108 90 0.3050227243470982
108 47 0.19657194875989778
108 53 0.07739946630041455
120 76 0.05325168836564015
120 62 0.09768169019781477
120 89 0.08456564185906468
120 88 0.17738635833168653
120 63 0.044756007194847014
120 77 0.21663438939484964
120 49 0.04833419151192808
120 61 0.028920948857007495
120 75 0.08489842383977758
120 74 0.04981045103290428
120 60 0.05757670744104108
120 48 0.05845908012300857
120 64 0.08526731422231226
120 70 0.10863660366934899
120 58 0.06556467474776492
120 59 0.07237113173257789
120 71 0.1041678652923714
120 65 0.03368094433590546
120 73 0.054044260292126306
120 67 0.15442858621289443
120 66 0.15494609360134332
120 72 0.058737324573379227
120 57 0.07974982663359863
120 94 0.21947622285498866
120 80 0.10859257650169438
120 81 0.1281410896360006
120 95 0.04507071358595262
120 56 0.10589772623628285
120 68 0.16327724334067092
120 54 0.09319617266584397
120 83 0.06359270405558881
120 82 0.059327108514834234
120 55 0.22339823085755947
120 69 0.11598044757917077
120 51 0.10514875677244764
120 79 0.06491671038103645
120 86 0.06320052874820112
120 92 0.2183801362225421
120 93 0.19221219704869058
120 87 0.14958129310666218
120 78 0.14816973609021863
120 50 0.10718314102039264
120 52 0.035078450910047146
120 46 0.0975403379437029
120 91 0.20382320271047122
120 85 0.18451470850454005
120 84 0.0770855555727977
120 90 0.17604489624325192
120 47 0.09919138569632387
120 53 0.31515649646580257
134 76 0.12785792384609437
134 62 0.11179117764877593
134 89 0.06565550444451881
134 88 0.16399511036057618
134 63 0.10640306758254113
134 77 0.12396595117971346
134 49 0.23411969344286426
134 61 0.040235874450345266
134 75 0.26376094466874334
134 74 0.1251082610129755
134 60 0.07922301381090181
134 48 0.2248339242771318
134 64 0.1293529343630505
134 70 0.16051224609679587
134 58 0.12241943440754063
134 59 0.04212814196680384
134 71 0.3442302895506076
134 65 0.026081446705930295
134 73 0.20514541281464804
134 67 0.25565730077036974
134 66 0.130999463730404
134 72 0.07588345176361852
134 57 0.2775853765587873
134 94 0.30404280129326433
134 80 0.3715041800227068
134 81 0.032087914919832206
134 95 0.11722380574427285
134 56 0.08791661987531324
134 68 0.33072582223371366
134 54 0.14182201019012586
134 83 0.26131296109412616
134 82 0.025511419533929575
134 55 0.1764188984920562
134 69 0.1633841016944969
134 51 0.12206924717067855
134 79 0.05503197687654618
134 86 0.13011599209799707
134 92 0.1856298012024724
134 93 0.17460469756764246
134 87 0.12724466301104537
134 78 0.14698903031047744
134 50 0.12631530243336406
134 52 0.5054630156694001
134 46 0.1959481236700612
134 91 0.1249659862458716
134 85 0.16087080001322732
134 84 0.10816610268376145
134 90 0.14828872470198592
134 47 0.243101061228298
134 53 0.39287010732548444
122 76 0.07714842702483021
122 62 0.04273301746070936
122 89 0.10464126473123778
122 88 0.127579416937447
122 63 0.14611460229589063
122 77 0.11770775678492215
122 49 0.2595885494704292
122 61 0.05487616606648009
122 75 0.049691625323383004
122 74 0.10323638509485697
122 60 0.06570803729939202
122 48 0.11312210655901564
122 64 0.08920768767897445
122 70 0.1626623596720953
122 58 0.13780718931235958
122 59 0.05467353148320585
122 71 0.5853633814632297
122 65 0.044833037710763426
122 73 0.03770024513633827
122 67 0.43144945077477104
122 66 0.19691028285349005
122 72 0.04147366245352725
122 57 0.4414735642005675
122 94 0.3611157917861821
122 80 0.6317977174876074
122 81 0.12242744612957171
122 95 0.05191059163239849
122 56 0.09329352087327238
122 68 0.45769187188617766
122 54 0.0937505560722941
122 83 0.22319447741606413
122 82 0.07044772257095462
122 55 0.08786478664845976
122 69 0.21473465714523524
122 51 0.17549659475035245
122 79 0.07398055797725611
122 86 0.27634730772617266
122 92 0.2781281688416691
122 93 0.24745272047695324
122 87 0.17929936164964094
122 78 0.24723992281357
122 50 0.2883627008042918
122 52 0.10104803137550233
122 46 0.13767684768924418
122 91 0.3229644483320915
122 85 0.8908594318568434
122 84 0.12568644777116605
122 90 0.4456052021665079
122 47 0.10447313028170649
122 53 0.107949498245935
136 76 0.01402752179852887
136 62 0.10580259850149099
136 89 0.09291899754437173
136 88 0.12997020525359756
136 63 0.12339068568187568
136 77 0.25064510930239864
136 49 0.1770732230255911
136 61 0.058620675171763836
136 75 0.05633022663485708
136 74 0.05115829228503406
136 60 0.05516741493693193
136 48 0.17435876408413625
136 64 0.062071533985839186
136 70 0.11737893272406119
136 58 0.08101495427282276
136 59 0.08772398251373364
136 71 0.05002379786729973
136 65 0.05681179032101154
136 73 0.08034914817486992
136 67 0.12673082873527095
136 66 0.08325807240047278
136 72 0.07789096425866159
136 57 0.14795448933762073
136 94 0.1631558368063794
136 80 0.055763343349251676
136 81 0.32845159159498977
136 95 0.05928828081630713
136 56 0.24567248494243077
136 68 0.2288994368988999
136 54 0.09788528979831496
136 83 0.08523875766846989
136 82 0.08371691715530041
136 55 0.10671962510649441
136 69 0.09540495139000194
136 51 0.0690728829480118
136 79 0.45145236928885446
136 86 0.06248892620778612
136 92 0.16252861416725128
136 93 0.14039898363318914
136 87 0.10949572197611898
136 78 0.13144539782038356
136 50 0.0824262125210873
136 52 0.10963488095216886
136 46 0.16645065225032551
136 91 0.16778222839329587
136 85 0.13280825101574442
136 84 0.04624329660008851
136 90 0.14595909869866722
136 47 0.22420314721653237
136 53 0.052820260694238674
137 76 0.08904379832990483
137 62 0.08089740135172999
137 89 0.08169740881666204
137 88 0.1943133676284053
137 63 0.08146625009901441
137 77 0.1073856070992385
137 49 0.056993571138023114
137 61 0.07311785884507016
137 75 0.06165964680286726
137 74 0.06595768849700372
137 60 0.046128958743011345
137 48 0.07142092827802621
137 64 0.09779360714990261
137 70 0.1552272183821109
137 58 0.12962983675489476
137 59 0.12695862668549168
137 71 0.0660728462136232
137 65 0.04434085876355648
137 73 0.06825144530198884
137 67 0.19179535798200303
137 66 0.2479192775611781
137 72 0.06186557059983126
137 57 0.16313479533256578
137 94 0.2411213920434051
137 80 0.07054758152355374
137 81 0.1320123903514404
137 95 0.07148905710684714
137 56 0.13533940495918342
137 68 0.315528753147171
137 54 0.1188651092846018
137 83 0.07913326994065834
137 82 0.10293007169007316
137 55 0.09063823701206143
137 69 0.18122989097878145
137 51 0.0763044581663642
137 79 0.13804739624338425
137 86 0.03660632525846108
137 92 0.24842063561364816
137 93 0.2107475681120099
137 87 0.16188157352763383
137 78 0.22635561842625623
137 50 0.08690203746172281
137 52 0.1322955733378917
137 46 0.13331303007601406
137 91 0.20400369578187247
137 85 0.21656444543835163
137 84 0.06053686432058769
137 90 0.216207877142616
137 47 0.11001434518188083
137 53 0.09480645591128703
123 76 0.0758874901343677
123 62 0.10963887978731399
123 89 0.0618454110767829
123 88 0.24113054723864114
123 63 0.07390819523252787
123 77 0.06732864521278013
123 49 0.23069658276964045
123 61 0.05907383163701602
123 75 0.05203095436149649
123 74 0.06538929465103206
123 60 0.08050651526775927
123 48 0.10323977265070819
123 64 0.10960367066909749
123 70 0.14889132511767797
123 58 0.07985565023190681
123 59 0.040651998967258546
123 71 0.4877538598026021
123 65 0.07431863013194631
123 73 0.04777494299193617
123 67 0.319033732742179
123 66 0.14148465878827696
123 72 0.047424621609126444
123 57 0.441047861226352
123 94 0.9421028166523481
123 80 0.5341127809417295
123 81 0.1055707920098516
123 95 0.11719673396883737
123 56 0.16877465307023237
123 68 0.40362454076386056
123 54 0.11710474445988711
123 83 0.19376170919862645
123 82 0.07022514956932394
123 55 0.08638538526381279
123 69 0.2055926321508104
123 51 0.1431619703202614
123 79 0.09685443814347039
123 86 0.24352208181716467
123 92 0.321096704027292
123 93 0.25935822807165526
123 87 0.17430428407529558
123 78 0.25203096861587854
123 50 0.2443322553100813
123 52 0.0923772125643774
123 46 0.1368636601922149
123 91 0.2498554434346889
123 85 0.22859772512149318
123 84 0.05390497134487743
123 90 0.2338554623197775
123 47 0.12227822194750576
123 53 0.09171036164458242
127 76 0.13948325375687293
127 62 0.0999123580017421
127 89 0.11335519216733575
127 88 0.26974708212213605
127 63 0.13369803498170676
127 77 0.1031373093634718
127 49 0.22291418192941956
127 61 0.05818351512446847
127 75 0.04609517777420469
127 74 0.06067852998816381
127 60 0.07286844227093732
127 48 0.16296369590541213
127 64 0.10306890442589206
127 70 0.19967131729012694
127 58 0.10350648960707473
127 59 0.1203848179112335
127 71 0.39300764866635607
127 65 0.04138732969059823
127 73 0.03718092384841516
127 67 0.31148491507358456
127 66 0.2033412758626241
127 72 0.08396666615728489
127 57 0.34657756311526244
127 94 0.3412183209323988
127 80 0.4205458393217103
127 81 0.26139571825035
127 95 0.10034964707720521
127 56 0.2599391138632433
127 68 0.5021168101867985
127 54 0.15519675798211371
127 83 0.08688334195352984
127 82 0.05018095824322612
127 55 0.13149572599431977
127 69 0.2356960253921513
127 51 0.2405050571411509
127 79 0.19631718896495712
127 86 0.20854561382680104
127 92 0.3545895044669728
127 93 0.3069784304842481
127 87 0.3286073001581782
127 78 0.22340864182695025
127 50 0.35664197539535636
127 52 0.1306472255564101
127 46 0.21403810671106643
127 91 0.46621656005138457
127 85 0.33376959144827706
127 84 0.10951272445928018
127 90 0.3247629994727304
127 47 0.2193043425570839
127 53 0.09413701702391702
133 76 0.054328860853749744
133 62 0.24334192769925678
133 89 0.07432623786100437
133 88 0.20018882283487077
133 63 0.14698360518967316
133 77 0.2488470823132095
133 49 0.3066047992005886
133 61 0.07094669038312763
133 75 0.09189395804664947
133 74 0.14194620983606346
133 60 0.0424894803796506
133 48 0.26199562472337723
133 64 0.13892635663309555
133 70 0.1882596454819016
133 58 0.23957103303455382
133 59 0.05906603329035892
133 71 0.2547422946644411
133 65 0.04729034276640712
133 73 0.0741232655803031
133 67 0.2565796400678679
133 66 0.14396368661453085
133 72 0.06271306393984115
133 57 0.38711165347943666
133 94 0.23893928415833493
133 80 0.27424100995518963
133 81 0.23969990310902028
133 95 0.11608651201781836
133 56 0.1745587745233431
133 68 0.35266079583091703
133 54 0.18547913642388766
133 83 0.12250540667801973
133 82 0.20062234445183946
133 55 0.1047776585085359
133 69 0.17597429367285328
133 51 0.07299384990050493
133 79 0.2765721388259263
133 86 0.10185869450942125
133 92 0.2517311894658587
133 93 0.2292488145732479
133 87 0.13831642912066988
133 78 0.18576292412071932
133 50 0.12633282112470162
133 52 0.13637827104705902
133 46 0.1310744298425899
133 91 0.2392812553355988
133 85 0.24224912115064534
133 84 0.12233463198877151
133 90 0.2327623759857019
133 47 0.3590405135409901
133 53 0.3545075337095041
132 76 0.08746142096253752
132 62 0.13468356785668958
132 89 0.15999806562459848
132 88 0.4107292073612008
132 63 0.16629802883440006
132 77 0.1927557707808393
132 49 0.11258890655262976
132 61 0.0718703430760236
132 75 0.08363238841514357
132 74 0.13787896879053418
132 60 0.07712929620601798
132 48 0.09786472350696679
132 64 0.1415423656874189
132 70 0.29473502320524425
132 58 0.14384634887689413
132 59 0.05232016573601499
132 71 0.13765660127920115
132 65 0.05959854865079739
132 73 0.04220027265047567
132 67 0.35065293210407844
132 66 0.25446435073619855
132 72 0.08929323205633438
132 57 0.27731850217211457
132 94 0.539245145351065
132 80 0.14703887851484354
132 81 0.2637830891228617
132 95 0.09287443349913926
132 56 0.3259679851336929
132 68 0.5732014273284723
132 54 0.17593700303117898
132 83 0.23181042690752393
132 82 0.022305320911680138
132 55 0.16424387441225435
132 69 0.3161216064055226
132 51 0.058674155899609295
132 79 0.14568896314851237
132 86 0.12395122439892015
132 92 0.5655655789996532
132 93 0.4986539928325092
132 87 0.34255371798780143
132 78 0.30755182513658974
132 50 0.09986229488576784
132 52 0.27375151479350546
132 46 0.3858095395192913
132 91 0.4596692955904591
132 85 0.47744073854724745
132 84 0.09568010017684414
132 90 0.4822992720128342
132 47 0.15352857584912685
132 53 0.15562921913948874
126 76 0.06660799101196314
126 62 0.08851603720772509
126 89 0.11406898914208524
126 88 0.18493324070538147
126 63 0.11395719623955036
126 77 0.13851945890530523
126 49 0.2278474380624672
126 61 0.07936380172793464
126 75 0.058841695400065036
126 74 0.07927492909530731
126 60 0.14489446354867316
126 48 0.09911226801072269
126 64 0.08252816192557665
126 70 0.14613008223618748
126 58 0.11357427699474398
126 59 0.05263549674697883
126 71 0.5004913948812226
126 65 0.05553966986185137
126 73 0.06026656348582442
126 67 0.39479984219070596
126 66 0.19321225247381626
126 72 0.05194247660497131
126 57 0.3981992677230934
126 94 0.4555543870942802
126 80 0.5494517193820081
126 81 0.14154672089229853
126 95 0.046944219325198724
126 56 0.10409300487516135
126 68 0.44136822189010094
126 54 0.0853788227540699
126 83 0.2522351743574395
126 82 0.0789611410550085
126 55 0.09336999893191908
126 69 0.20997880798313232
126 51 0.15525975758318966
126 79 0.09091987895457784
126 86 0.21657862025404204
126 92 0.48294348048070035
126 93 0.4318547708678091
126 87 0.21654319596479038
126 78 0.2663984539694208
126 50 0.24961891436648856
126 52 0.08204538387844426
126 46 0.129999823469172
126 91 0.45076660439351846
126 85 0.5257311487813536
126 84 0.06790584246528078
126 90 0.8964502356990715
126 47 0.09931658761721418
126 53 0.11760679866933038
118 76 0.13394551366847485
118 62 0.201977106809456
118 89 0.09090245217827966
118 88 0.10008016033386755
118 63 0.08271656534651028
118 77 0.07873233025097735
118 49 0.26026656635801326
118 61 0.02044642527219459
118 75 0.06573836691219163
118 74 0.09737348350924092
118 60 0.04664609027452919
118 48 0.1730489182200776
118 64 0.06438358179354765
118 70 0.10755900585154604
118 58 0.3368532543599299
118 59 0.18684154596635277
118 71 0.20927609904731798
118 65 0.05750696144104228
118 73 0.062285025573516145
118 67 0.15944188075136506
118 66 0.06980842942035513
118 72 0.007336608648174009
118 57 0.26749289534947984
118 94 0.10623145565482307
118 80 0.2278533162852462
118 81 0.313486464478035
118 95 0.07179796081573317
118 56 0.2817997702918499
118 68 0.20453611704940527
118 54 0.07851185611584428
118 83 0.16805340074576597
118 82 0.08313333549847562
118 55 0.1186690220657734
118 69 0.13655314514579442
118 51 0.14900076961689554
118 79 0.22012842171004549
118 86 0.09466177000075045
118 92 0.11883946005435297
118 93 0.10874732720103183
118 87 0.16958979017485046
118 78 0.10461046961673592
118 50 0.24302434517438093
118 52 0.11199460580117807
118 46 0.18594898498801868
118 91 0.18015684365969087
118 85 0.13110389848509016
118 84 0.1655865452642025
118 90 0.12622091452115508
118 47 0.3262222776210508
118 53 0.26550234725782784
130 76 0.045674454529370204
130 62 0.10134207333736686
130 89 0.10212323310961023
130 88 0.29134013524075486
130 63 0.10997831484823922
130 77 0.11884594286620026
130 49 0.09641693190612545
130 61 0.05431672528370768
130 75 0.07804369242782341
130 74 0.03758997548680405
130 60 0.04948274596560784
130 48 0.07303692162017686
130 64 0.11523252562310493
130 70 0.18778211665093647
130 58 0.11672817882369343
130 59 0.058417243351074
130 71 0.08663845866685731
130 65 0.03998302794359164
130 73 0.06831269641429853
130 67 0.20651177945910748
130 66 0.1990135095920587
130 72 0.061984074038712186
130 57 0.10801217870168835
130 94 0.3270014050841186
130 80 0.08820879400616091
130 81 0.20611961036048726
130 95 0.0909197897780343
130 56 0.1798536632852576
130 68 0.27709811928700356
130 54 0.15108705779906073
130 83 0.19513286501027477
130 82 0.06898939607260011
130 55 0.09841738395753705
130 69 0.19024484444353984
130 51 0.034379941416331494
130 79 0.13108260161970975
130 86 0.03069118097872489
130 92 0.3368001468190002
130 93 0.2933164050590085
130 87 0.18680374811405137
130 78 0.1862091210113254
130 50 0.061770807349602
130 52 0.14358073774561037
130 46 0.26537206991374906
130 91 0.2495959159604067
130 85 0.2843382348309929
130 84 0.1004949570430104
130 90 0.2809416655365048
130 47 0.11765283983261894
130 53 0.12017680344429199
124 76 0.08771372135325911
124 62 0.11836109557892537
124 89 0.05764088347060861
124 88 0.2771471938521989
124 63 0.042958592556891995
124 77 0.04259565857790022
124 49 0.18092942367458797
124 61 0.06430216400365062
124 75 0.05054384723035567
124 74 0.056312422755577116
124 60 0.06652881972730462
124 48 0.08790244163415722
124 64 0.09140290188647586
124 70 0.14393999277656033
124 58 0.11680517366381722
124 59 0.04547636175105124
124 71 0.3886204936038468
124 65 0.05049873963381796
124 73 0.06196058198953994
124 67 0.3077944715662055
124 66 0.15669897223736848
124 72 0.0875716715544233
124 57 0.3092381117037991
124 94 0.2723718526129585
124 80 0.4232120077005811
124 81 0.11637960548394846
124 95 0.1795475099996892
124 56 0.12880535678815516
124 68 0.3609239680915728
124 54 0.09502394987111264
124 83 0.22474387809397195
124 82 0.05186613286201312
124 55 0.0795509507695122
124 69 0.21401443123933978
124 51 0.15047150442938623
124 79 0.06883675914538442
124 86 0.13705085593613414
124 92 0.2850983921406064
124 93 0.23536616741167465
124 87 0.19029672068286818
124 78 0.22708824095812824
124 50 0.2487823498046288
124 52 0.11947470364241006
124 46 0.11530547933468799
124 91 0.9047661495158431
124 85 0.23562120945698606
124 84 0.04401130307178269
124 90 0.2386595981870902
124 47 0.1606406130080383
124 53 0.11730055790516378
125 76 0.06121952433824249
125 62 0.11611613703872546
125 89 0.11474403123838543
125 88 0.22843541468336356
125 63 0.11623135660754698
125 77 0.08054330801034315
125 49 0.20084315218842733
125 61 0.05137454009039237
125 75 0.08535866378914425
125 74 0.06438635700076074
125 60 0.06638349009163967
125 48 0.09849330219100495
125 64 0.0794793472349687
125 70 0.16422405259803882
125 58 0.08523374275861517
125 59 0.04847727587252952
125 71 0.36920862129565957
125 65 0.08282922322515933
125 73 0.09528086426838794
125 67 0.4021504859697442
125 66 0.18883712013614173
125 72 0.02509259518947049
125 57 0.33213025342028035
125 94 0.2871406045523016
125 80 0.4054204773389719
125 81 0.14751770321480145
125 95 0.09013644313707443
125 56 0.43506106213512696
125 68 0.5069838351170947
125 54 0.08565627202331026
125 83 0.27597106983499586
125 82 0.06777085122663717
125 55 0.10732990340184817
125 69 0.21799080199135434
125 51 0.12038498412141356
125 79 0.08261482815271864
125 86 0.17134965639191085
125 92 0.2550459794017419
125 93 0.3466288352212111
125 87 0.19488637731439748
125 78 0.2457724594035721
125 50 0.20701814418345443
125 52 0.01957640432555907
125 46 0.11530189148899582
125 91 0.32386195899646497
125 85 0.30442446355189534
125 84 0.08934182136338013
125 90 0.28783787937105915
125 47 0.09672301617716719
125 53 0.08267864588256332
131 76 0.07617171685071181
131 62 0.1621730344809426
131 89 0.15834332093781603
131 88 0.4652096876610229
131 63 0.13036102686023426
131 77 0.054212013435673514
131 49 0.0442490484527234
131 61 0.03735802765418912
131 75 0.04859294762647316
131 74 0.1218757523580955
131 60 0.08592083810701157
131 48 0.1043238641558788
131 64 0.14541047692673964
131 70 0.334693356752329
131 58 0.6594522759271418
131 59 0.13875902100799462
131 71 0.06461972821968741
131 65 0.05490970185234892
131 73 0.03575466439926067
131 67 0.3247908174667841
131 66 0.2403184037165984
131 72 0.03762622959240182
131 57 0.47597778728368
131 94 0.4350424541605402
131 80 0.07042594462780721
131 81 0.27510414197733346
131 95 0.055018358690726424
131 56 0.18554039452745497
131 68 0.5195096872913971
131 54 0.1999158079808645
131 83 0.07367383019773978
131 82 0.04093288271171629
131 55 0.17336506826509962
131 69 0.3563785309326305
131 51 0.05563224803229276
131 79 0.0977730072581009
131 86 0.10033211412742243
131 92 0.4590726273757205
131 93 0.4013256750999626
131 87 0.3963726196966189
131 78 0.29356790018235734
131 50 0.0128605828510715
131 52 0.05626038035669974
131 46 0.2194131532898941
131 91 0.4286564888842299
131 85 0.3959296530295848
131 84 0.06993560930860011
131 90 0.3959441562323973
131 47 0.1725077063905968
131 53 0.039046257219089414
119 76 0.06986739127676332
119 62 0.2055904816015612
119 89 0.11446600122721715
119 88 0.25692714471038103
119 63 0.07551780814978029
119 77 0.38931983233088285
119 49 0.12991811739570192
119 61 0.15741692392672155
119 75 0.13724865841091788
119 74 0.18002734758590686
119 60 0.05922482626774511
119 48 0.14065017537370333
119 64 0.09285362735525404
119 70 0.29687989879652427
119 58 0.5219424578480092
119 59 0.03832599775030093
119 71 0.11183709149461052
119 65 0.04689523509859171
119 73 0.07239047008757898
119 67 0.18483725658294278
119 66 0.13040762998875888
119 72 0.03364721016146707
119 57 0.21382980065263965
119 94 0.24483730621968708
119 80 0.114047213976807
119 81 0.041076447587297685
119 95 0.0366629283233829
119 56 0.25229126050079853
119 68 0.32365392059278253
119 54 0.09494407647615306
119 83 0.20653591943451255
119 82 0.0567488243814146
119 55 0.21369545029402626
119 69 0.19224005587394394
119 51 0.06521248389150608
119 79 0.4078348657055668
119 86 0.13950256962541369
119 92 0.2645958276224151
119 93 0.23959542982978146
119 87 0.19166091513138583
119 78 0.1743788809686875
119 50 0.02844659849831213
119 52 0.12844061959798664
119 46 0.18942244394369678
119 91 0.25790102082329713
119 85 0.2566592366042703
119 84 0.15126222662384725
119 90 0.24389236398270656
119 47 0.11075065462554848
119 53 0.08228900309947244
