114 76 0.21804164522490613
114 62 0.2594393117770055
114 89 0.1751574364101545
114 88 0.28428766024894214
114 63 0.19190619374915893
114 77 0.07876155619823541
114 49 0.13967279088377788
114 61 0.08385666403139311
114 75 0.12545544499196176
114 74 0.29154007266765036
114 60 0.11608339485989765
114 48 0.12557485860154316
114 64 0.13784448794671034
114 70 0.3046512437863709
114 58 0.5935400626616811
114 59 0.17208666871107955
114 71 0.13669945019468147
114 65 0.10070513835441244
114 73 0.11743303534571355
114 67 0.2776747590989157
114 66 0.2561445783395897
114 72 0.17307550935066213
114 57 0.30609453901188866
114 94 0.3469203774120023
114 80 0.1352518073566801
114 81 0.28320242424384034
114 95 0.16006321780903987
114 56 0.18661890998322206
114 68 0.42755142884046726
114 54 0.1314414743699983
114 83 0.12987469250468808
114 82 0.013734749401605628
114 55 0.2597914617050925
114 69 0.3409513451545515
114 51 0.11811714298706427
114 79 0.1479252785848859
114 86 0.12220963993280949
114 92 0.3614612495128463
114 93 0.31870803243991597
114 87 0.2810630542481517
114 78 0.2697839836688988
114 50 0.15433245254943695
114 52 0.1134340877174072
114 46 0.1675286905008294
114 91 0.32476087662861924
114 85 0.3485164628252655
114 84 0.08295681779668423
114 90 0.34937023518719135
114 47 0.18390696670101028
114 53 0.141654460454116
100 76 0.13702465387443935
100 62 0.1577826396055579
100 89 0.11760048820765527
100 88 0.14097343161220843
100 63 0.32175408539532335
100 77 0.1161798223604329
100 49 0.27909538790433847
100 61 0.11239869292416532
100 75 0.12050419480625618
100 74 0.14316281251666702
100 60 0.11497974445973771
100 48 0.17778719092956596
100 64 0.19154309100633782
100 70 0.1730967763075671
100 58 0.16628407710179022
100 59 0.12476614957471001
100 71 0.5116822644939019
100 65 0.11509713479596247
100 73 0.08917774380834873
100 67 0.31051974383586195
100 66 0.15370463214899777
100 72 0.1014861551254425
100 57 0.36511279143594044
100 94 0.1621335691463368
100 80 0.54097709607021
100 81 0.14645662610989263
100 95 0.14289423466700257
100 56 0.20757533729410482
100 68 0.3537356986216125
100 54 0.15897295005235892
100 83 0.1462040455311613
100 82 0.11860402549450225
100 55 0.31423373095374935
100 69 0.20182083466828662
100 51 0.20326524926613354
100 79 0.10396311798732032
100 86 0.2756472134510628
100 92 0.15886151166985857
100 93 0.15726364330697565
100 87 0.15877756785092878
100 78 0.1733607988996795
100 50 0.3088669199655549
100 52 0.10878702350474717
100 46 0.2176173445776443
100 91 0.17179802234325608
100 85 0.19113185161704077
100 84 0.1307610177456829
100 90 0.16907059563860957
100 47 0.11470849890951204
100 53 0.1098762879380878
128 76 0.16600068712626748
128 62 0.11489697342443447
128 89 0.2207202747523045
128 88 0.3809442449592083
128 63 0.1194979059945027
128 77 0.14576977702346808
128 49 0.132870427756879
128 61 0.13772923197900216
128 75 0.12287994145328021
128 74 0.11634607249886808
128 60 0.13216727373912932
128 48 0.11842052140626748
128 64 0.13089782574701186
128 70 0.29413475696119407
128 58 0.05126037088572713
128 59 0.10748982738644183
128 71 0.12602306762224486
128 65 0.09885906881095154
128 73 0.14450420179200546
128 67 0.36911247046898527
128 66 0.28839049681542844
128 72 0.15542584208684768
128 57 0.18407462838783695
128 94 0.5212755650834217
128 80 0.12683099750160126
128 81 0.3064434961334916
128 95 0.22273918086618671
128 56 0.3141455524611424
128 68 0.6064152043476825
128 54 0.17918075425093288
128 83 0.1218366708647462
128 82 0.08082214429301937
128 55 0.2139367840646387
128 69 0.3431814973855444
128 51 0.15674301854560058
128 79 0.22627939602658712
128 86 0.11913591845357606
128 92 0.5326672746750827
128 93 0.46504697842657483
128 87 0.4243990774800386
128 78 0.34270349216405294
128 50 0.180965288641008
128 52 0.18662338572932258
128 46 0.22249401664531282
128 91 0.41124918127890386
128 85 0.46893787035988055
128 84 0.1262374747652067
128 90 0.4736760295115018
128 47 0.1608990311961035
128 53 0.1055390014797276
129 76 0.08912562896553328
129 62 0.2599993180223811
129 89 0.21860329101336826
129 88 0.4417412341326386
129 63 0.11110131554348404
129 77 0.12804008104062703
129 49 0.11787698907413686
129 61 0.13386385804070589
129 75 0.10221501442514053
129 74 0.1913371564257499
129 60 0.09409783080769749
129 48 0.1685861281343574
129 64 0.19123197366198394
129 70 0.34313823893409123
129 58 0.6967716786295638
129 59 0.09271713730653242
129 71 0.12344283343952482
129 65 0.14173600841740108
129 73 0.10990829116814602
129 67 0.424784226461279
129 66 0.3393665480645468
129 72 0.1053937077241493
129 57 0.5759267701718309
129 94 0.5796975058231328
129 80 0.131144040021589
129 81 0.33895034332142515
129 95 0.19872742153685494
129 56 0.2798010637492114
129 68 0.6341232673390731
129 54 0.2505071862742291
129 83 0.1246275103809616
129 82 0.3795321341505849
129 55 0.16827222998854752
129 69 0.44467190133531764
129 51 0.1427536320212222
129 79 0.1716446504638358
129 86 0.09551050862366026
129 92 0.5934208686573292
129 93 0.5303132114535005
129 87 0.3856681551197856
129 78 0.41484278433917043
129 50 0.07390386337289342
129 52 0.126530466386866
129 46 0.24832606412583264
129 91 0.5160688826142918
129 85 0.505159431599314
129 84 0.15217453823621793
129 90 0.5081053805873333
129 47 0.1757665520958577
129 53 0.16320552284450435
101 76 0.07521377735073448
101 62 0.1830637944298604
101 89 0.17747091623244932
101 88 0.1871955576553507
101 63 0.12323694252872852
101 77 0.18533644877280614
101 49 0.18833324394379525
101 61 0.13191912610140455
101 75 0.11573231591791862
101 74 0.0846703780844861
101 60 0.11371738032993287
101 48 0.1369820654841311
101 64 0.12319108793991058
101 70 0.11255492011831532
101 58 0.10620291255731668
101 59 0.129631251326837
101 71 0.24949469529646306
101 65 0.12589531373243407
101 73 0.13092817698268852
101 67 0.21751625365053204
101 66 0.13499086586599135
101 72 0.09630665697787615
101 57 0.2714342345456401
101 94 0.20292653585588094
101 80 0.2724605385055941
101 81 0.19768709465766568
101 95 0.03665861473480775
101 56 0.21114523364120627
101 68 0.239070193122197
101 54 0.09709225528049699
101 83 0.11667012558653013
101 82 0.1506246850420263
101 55 0.1543470276058461
101 69 0.12759991012509225
101 51 0.1652562770751481
101 79 0.21351889662722065
101 86 0.19359503292373367
101 92 0.2042179381570946
101 93 0.18946058396358198
101 87 0.16869308460481647
101 78 0.1497844351818033
101 50 0.1988333563780522
101 52 0.09882134390179857
101 46 0.17768403735552357
101 91 0.25416015573414846
101 85 0.18277981295392187
101 84 0.14719541316988852
101 90 0.18571875200596952
101 47 0.06086962790463629
101 53 0.09590517014937874
115 76 0.10488202415466535
115 62 0.08830623075888577
115 89 0.15274515124197302
115 88 0.10881622586995786
115 63 0.07466884524903625
115 77 0.13808871003463064
115 49 0.10029237939644498
115 61 0.11906937227361962
115 75 0.13263939272349734
115 74 0.24556763030170914
115 60 0.1133734011778326
115 48 0.11718018735804453
115 64 0.20191570695371353
115 70 0.08553864443599926
115 58 0.11933051354065562
115 59 0.13321177876108026
115 71 0.14110578961726694
115 65 0.09481773414939862
115 73 0.07192567244938486
115 67 0.13436300802835777
115 66 0.29422102615004286
115 72 0.23049388879223132
115 57 0.10758966028273215
115 94 0.22354623690630823
115 80 0.140239981642292
115 81 0.11257296272392843
115 95 0.14676410368881876
115 56 0.312362687459911
115 68 0.1775184670256332
115 54 0.1559926302929336
115 83 0.23377261866317478
115 82 0.1422632013834762
115 55 0.21072520899048147
115 69 0.12678573977573807
115 51 0.16174409932045597
115 79 0.14384320049579263
115 86 0.14382890350234967
115 92 0.22525265939962463
115 93 0.21892977106266504
115 87 0.17826330565598286
115 78 0.1263448408429858
115 50 0.11288085171912025
115 52 0.8726939777030298
115 46 0.5916103373407141
115 91 0.20054575214584175
115 85 0.21788844320164305
115 84 0.10145952276235101
115 90 0.22284644460723962
115 47 0.3760132233559663
115 53 0.33991155401440754
103 76 0.09546329128405634
103 62 0.2584306773512628
103 89 0.1300266906627835
103 88 0.17070639152772132
103 63 0.15350705333209747
103 77 0.15953215342805707
103 49 0.13293598254608593
103 61 0.12931633954382427
103 75 0.13044869154850525
103 74 0.12971607765740834
103 60 0.10398742889699528
103 48 0.13019613758124027
103 64 0.14996331238774935
103 70 0.3064173275962968
103 58 0.9424491734979328
103 59 0.1179296915967513
103 71 0.14361789137063308
103 65 0.14110034855987147
103 73 0.13657760174984485
103 67 0.21468344081935142
103 66 0.3460266124453009
103 72 0.12851294601189134
103 57 0.39849294491015175
103 94 0.21924336647944653
103 80 0.14552496565019835
103 81 0.26394302224870453
103 95 0.15090138658951735
103 56 0.16679364844189865
103 68 0.4085520960821089
103 54 0.14902183339201203
103 83 0.132236658605274
103 82 0.1806959061509003
103 55 0.11939988403451245
103 69 0.3291070787584267
103 51 0.10610531795356512
103 79 0.10153342118890162
103 86 0.09997496094422036
103 92 0.20727389642289148
103 93 0.20308795422279247
103 87 0.11308938497330119
103 78 0.24134357744228918
103 50 0.13016658237594314
103 52 0.12077625923235241
103 46 0.19223234498411607
103 91 0.20421930072879127
103 85 0.17853150943718557
103 84 0.15698076851850218
103 90 0.1798062307285599
103 47 0.14249263384851704
103 53 0.14121533358246643
117 76 0.27519518941528415
117 62 0.3177309917888945
117 89 0.10974165370388214
117 88 0.1024983567787203
117 63 0.1388518420554239
117 77 0.43552888908265425
117 49 0.28892454041852955
117 61 0.16161232699616135
117 75 0.6638654372765993
117 74 0.46149840875346226
117 60 0.1162887226260644
117 48 0.4862176520594463
117 64 0.22308717977620926
117 70 0.288791855162317
117 58 0.7461042428400073
117 59 0.11900930710234152
117 71 0.14635131331144963
117 65 0.10748114621768373
117 73 0.5231451000851104
117 67 0.1911121159132097
117 66 0.13872568432042437
117 72 0.2119608846175385
117 57 0.3002591559900649
117 94 0.2757115325191692
117 80 0.14569557524861848
117 81 0.2770092770528226
117 95 0.22432436292928618
117 56 0.31831653269834637
117 68 0.31832995402833086
117 54 0.1710970675927311
117 83 0.7206044188385106
117 82 0.15676761285733745
117 55 0.1928122549261389
117 69 0.3416368159049715
117 51 0.21469094128997235
117 79 0.4580512373347387
117 86 0.08366519738361114
117 92 0.2781582159703893
117 93 0.2564118534911941
117 87 0.3269678598905882
117 78 0.3576366280037038
117 50 0.08850506318762114
117 52 0.1560336443008925
117 46 0.4200976820483391
117 91 0.28463589725611826
117 85 0.2700779710760846
117 84 0.1759304504266174
117 90 0.28497641648013894
117 47 0.12765301052076902
117 53 0.13690624563744044
116 76 0.13041765290030105
116 62 0.2824689061998711
116 89 0.16889733845677082
116 88 0.35868501880863823
116 63 0.13143725246721455
116 77 0.11216658841862497
116 49 0.1281696536461479
116 61 0.1872918086662829
116 75 0.1283257257726641
116 74 0.11474009053084837
116 60 0.12351093070060884
116 48 0.11010270195521181
116 64 0.14525986406908759
116 70 0.5145431072528043
116 58 0.9209819845966067
116 59 0.18467275393521904
116 71 0.0902171870036296
116 65 0.12157474336640656
116 73 0.11830089370844707
116 67 0.3413891048072494
116 66 0.3562614394773559
116 72 0.13175707694179314
116 57 0.5456526111808666
116 94 0.4821052303918027
116 80 0.09341807932357349
116 81 0.39090182817175206
116 95 0.14600577209959187
116 56 0.381085036768401
116 68 0.5555772839885977
116 54 0.12700993819001327
116 83 0.3378588878670668
116 82 0.4867895697545224
116 55 0.25595706729265116
116 69 0.40148214500175167
116 51 0.08994986900906243
116 79 0.15752004741574527
116 86 0.13547683949814932
116 92 0.458384885557814
116 93 0.43927607525030216
116 87 0.2308564152893308
116 78 0.33496790292324063
116 50 0.14414943835227087
116 52 0.08719440025034375
116 46 0.392207064110286
116 91 0.41143097600561573
116 85 0.36073946689998193
116 84 0.20524479940593035
116 90 0.37092007448644826
116 47 0.1321341202938945
116 53 0.0924135612017222
102 76 0.13270570034374574
102 62 0.18447930324251968
102 89 0.14628642131584613
102 88 0.14854190208876283
102 63 0.1461505171418368
102 77 0.13344510617016833
102 49 0.13020424085140983
102 61 0.10599413197710209
102 75 0.11803640456580429
102 74 0.10366263400251866
102 60 0.13195398912878692
102 48 0.11923607179915598
102 64 0.1138744334353921
102 70 0.243099088941067
102 58 0.5439364678606209
102 59 0.1399838257256451
102 71 0.14986608129751305
102 65 0.09429130590996862
102 73 0.11322076498652715
102 67 0.1671347443486498
102 66 0.14187520122780528
102 72 0.14090112963430848
102 57 0.23877333977029275
102 94 0.1430949003569634
102 80 0.15486230984560814
102 81 0.17371896574204115
102 95 0.1045300660329271
102 56 0.14793435976188674
102 68 0.26025349656477903
102 54 0.11980786449948112
102 83 0.14587110449419222
102 82 0.06599070492211406
102 55 0.15140704207313355
102 69 0.2087711191541546
102 51 0.11432568418254963
102 79 0.13005442166729686
102 86 0.14184471960643086
102 92 0.14088656462964505
102 93 0.14394776483835223
102 87 0.14966302644346227
102 78 0.144968338684492
102 50 0.1268536199319782
102 52 0.1127471913778302
102 46 0.13078501379014112
102 91 0.14999142642271662
102 85 0.15281706081739554
102 84 0.10726006803078847
102 90 0.14998264908548947
102 47 0.16548782088375386
102 53 0.1275308631287715
106 76 0.14785650218189653
106 62 0.1584955247355791
106 89 0.11584892163586528
106 88 0.1684709428347609
106 63 0.08778873139538051
106 77 0.09291874744716924
106 49 0.1348860164838841
106 61 0.12970698381024914
106 75 0.10666478906496438
106 74 0.11358996380906083
106 60 0.12673391201395628
106 48 0.14048436977105694
106 64 0.12483324142957662
106 70 0.22201610000224914
106 58 0.5494587862065391
106 59 0.12628798515013998
106 71 0.14258550792770242
106 65 0.10761949626934031
106 73 0.11031883522605627
106 67 0.1573640436711763
106 66 0.13895067305419728
106 72 0.2266155989610816
106 57 0.25347470915312337
106 94 0.1422733291068055
106 80 0.14014863338621988
106 81 0.19714202195803274
106 95 0.16425107748685902
106 56 0.18611233602430208
106 68 0.2627235607419627
106 54 0.1356609486699796
106 83 0.11701359754484687
106 82 0.12313664832486858
106 55 0.2256278905864319
106 69 0.23281098363562527
106 51 0.13430179141556836
106 79 0.14807936991486748
106 86 0.13971221156421
106 92 0.1589635357169985
106 93 0.15527597861618242
106 87 0.17522547563408683
106 78 0.15758488601211806
106 50 0.10912484099122279
106 52 0.1379525875143441
106 46 0.13035442768717018
106 91 0.08664258257217194
106 85 0.16959618826863632
106 84 0.11634106098717696
106 90 0.1686488026758613
106 47 0.1883247874929454
106 53 0.1410281869611681
112 76 0.12716129281586908
112 62 0.23387461293142037
112 89 0.15267250707408525
112 88 0.19381072412455402
112 63 0.14721525891814363
112 77 0.11848439419474557
112 49 0.12048246712493998
112 61 0.1168414072652419
112 75 0.12299655109681212
112 74 0.11916229107088978
112 60 0.11887063812520525
112 48 0.12672475398209804
112 64 0.15241097487408112
112 70 0.247641569340285
112 58 0.7133457135424719
112 59 0.12260533930409728
112 71 0.12256652938230299
112 65 0.12931707600537082
112 73 0.11047953685461276
112 67 0.18807321950669648
112 66 0.16247273395926015
112 72 0.10552845592102587
112 57 0.35634149111102287
112 94 0.1752105443513777
112 80 0.12815214704535305
112 81 0.21125206455318737
112 95 0.1346209978381286
112 56 0.24951591863176822
112 68 0.33974347874853983
112 54 0.14267096640015275
112 83 0.1537803468361917
112 82 0.10478473333808097
112 55 0.3492213489665077
112 69 0.27847149448238834
112 51 0.11954596343576729
112 79 0.1375647897832185
112 86 0.13751832148936616
112 92 0.1877797871538775
112 93 0.17518951978960468
112 87 0.16656859390299347
112 78 0.20575711102530525
112 50 0.12218788803939985
112 52 0.128553747613811
112 46 0.16489021685367675
112 91 0.18768608479530127
112 85 0.16846894045827465
112 84 0.09350612343460737
112 90 0.1722554140479255
112 47 0.15062016662600858
112 53 0.1190166225076503
113 76 0.1249002442053119
113 62 0.2515890592171832
113 89 0.20383982364115055
113 88 0.4502565697542732
113 63 0.13338441020746405
113 77 0.2004833692282228
113 49 0.14935237909457452
113 61 0.13823957590553543
113 75 0.1233544817455713
113 74 0.0696684489260998
113 60 0.1026667721182993
113 48 0.12734892582205842
113 64 0.15023849295776862
113 70 0.413973887270766
113 58 0.5295504024672572
113 59 0.11330405276703832
113 71 0.1493715721161803
113 65 0.11681352462265515
113 73 0.13011491077761284
113 67 0.39747925925988636
113 66 0.3391877774204295
113 72 0.13882019784334793
113 57 0.3543229836442211
113 94 0.5688085417249735
113 80 0.14949916816735043
113 81 0.3475589175256132
113 95 0.22246752702305272
113 56 0.4302009717270037
113 68 0.6365977419772306
113 54 0.18059314535070256
113 83 0.2923815087928004
113 82 0.19617105198654067
113 55 0.28440384924368695
113 69 0.46597396756183557
113 51 0.10948610038455321
113 79 0.23012162516564139
113 86 0.09237602320865243
113 92 0.5723778070182066
113 93 0.5108117088197639
113 87 0.33101227299488784
113 78 0.423004522404981
113 50 0.16338403353732694
113 52 0.13920856714160634
113 46 0.38852149159483773
113 91 0.4423214581612074
113 85 0.48386195135866217
113 84 0.18926094605444596
113 90 0.48600971743546545
113 47 0.15204919741090553
113 53 0.12495548092917479
107 76 0.124998371813498
107 62 0.18281032558020746
107 89 0.12004751150118197
107 88 0.20405386073246554
107 63 0.12512664151033304
107 77 0.09205142070606603
107 49 0.13842537576797687
107 61 0.10869601289861591
107 75 0.0996254081211434
107 74 0.08246667620171605
107 60 0.13331306629332107
107 48 0.11430638178808084
107 64 0.12620177375820713
107 70 0.12458309518078604
107 58 0.061729202113294385
107 59 0.11731185832729966
107 71 0.12853968419959738
107 65 0.11310861411634733
107 73 0.12306136689451427
107 67 0.20430699241551192
107 66 0.25210266598124326
107 72 0.07192213932962307
107 57 0.1850725232756106
107 94 0.12394715444527549
107 80 0.13375316002405116
107 81 0.11335956452262859
107 95 0.13637206581002648
107 56 0.6831271576759366
107 68 0.5266529351378306
107 54 0.10459318346888259
107 83 0.1567624227019629
107 82 0.10096876142283047
107 55 0.1574951170612755
107 69 0.12732124178911963
107 51 0.08371584687497155
107 79 0.12634939663514366
107 86 0.12446687657010966
107 92 0.13749589474200988
107 93 0.1595669700490467
107 87 0.1526094010190291
107 78 0.10658438202895322
107 50 0.12902883502114543
107 52 0.0883426391758218
107 46 0.13757807830506413
107 91 0.09651916061156547
107 85 0.12637529397601088
107 84 0.11190673923126987
107 90 0.12414013545648611
107 47 0.06874436790119137
107 53 0.08576642341607063
139 76 0.2118888120419558
139 62 0.11590246429597917
139 89 0.15188758117215173
139 88 0.2695811818729015
139 63 0.1278065233628772
139 77 0.12141821036185547
139 49 0.13098044057911556
139 61 0.18905154475273167
139 75 0.1094878904878851
139 74 0.17703454346392686
139 60 0.12818043794516598
139 48 0.11106906463392484
139 64 0.12477368101856717
139 70 0.22855897377414694
139 58 0.09911909044662762
139 59 0.1731630914960122
139 71 0.13754209074098842
139 65 0.1231793370996806
139 73 0.10545209842938387
139 67 0.2067246822026204
139 66 0.35484525373846876
139 72 0.11674234387549193
139 57 0.2626660797175484
139 94 0.3403644796703903
139 80 0.13825942613449976
139 81 0.17619374935140752
139 95 0.10963332463353098
139 56 0.17158094105238064
139 68 0.2993147565547133
139 54 0.15639881160776323
139 83 0.1292007722552032
139 82 0.15161502001524252
139 55 0.15392267247490055
139 69 0.1951660241382085
139 51 0.13081562922811885
139 79 0.16977091221758717
139 86 0.14324276508505504
139 92 0.3502326767015878
139 93 0.3215105263867092
139 87 0.23626868751061356
139 78 0.1966033923051228
139 50 0.14296262800343418
139 52 0.17606011919539322
139 46 0.1982718715157058
139 91 0.2940225255725098
139 85 0.3218256453382941
139 84 0.113637100386246
139 90 0.3166310643325214
139 47 0.1224195190982868
139 53 0.11835467152965214
111 76 0.12749270237824384
111 62 0.27030752252280776
111 89 0.21932777842341625
111 88 0.3056120449227719
111 63 0.15528661640971592
111 77 0.12207342423006612
111 49 0.11037272969771564
111 61 0.10711807851489212
111 75 0.13513353336266254
111 74 0.14251675519124352
111 60 0.12156878718023142
111 48 0.12137488565430982
111 64 0.17531866684881903
111 70 0.4174050825304335
111 58 0.6732977795931021
111 59 0.11180826492099015
111 71 0.11569658807139158
111 65 0.12460211000476205
111 73 0.1286761176124844
111 67 0.3847248092858986
111 66 0.280292607709859
111 72 0.09688046202496166
111 57 0.4213755560521705
111 94 0.40893178841580713
111 80 0.1213351167477346
111 81 0.25368552109913634
111 95 0.1743068467711601
111 56 0.29573393604394405
111 68 0.6213790210106809
111 54 0.16997429864328872
111 83 0.15129266574546435
111 82 0.12823868729481475
111 55 0.3741339139611991
111 69 0.5245171136473706
111 51 0.12568858998321364
111 79 0.16257801342927825
111 86 0.08030152879238692
111 92 0.4197941474724588
111 93 0.3755631558793552
111 87 0.2872964064980375
111 78 0.4911801050127589
111 50 0.17078304436430958
111 52 0.1325988125028083
111 46 0.19452127554348542
111 91 0.39891543853584444
111 85 0.33789347783715135
111 84 0.1174305735815052
111 90 0.3533701480621431
111 47 0.157092142012598
111 53 0.11664056682950896
105 76 0.12018538341017468
105 62 0.13846814363068705
105 89 0.11440825578883504
105 88 0.15231202028412633
105 63 0.0943823901199945
105 77 0.11137779684953492
105 49 0.24084981145303147
105 61 0.12455647431214734
105 75 0.11344119507319675
105 74 0.14575513752427238
105 60 0.13173278697152213
105 48 0.17732591506471596
105 64 0.12827939710607053
105 70 0.14190839459968646
105 58 0.12818441587870044
105 59 0.11778609867877733
105 71 0.42289596065804214
105 65 0.12370571099081863
105 73 0.1140751074692166
105 67 0.28513033508160357
105 66 0.20906869095726843
105 72 0.12216785275014196
105 57 0.40131398817782965
105 94 0.16319289624229927
105 80 0.444132244457778
105 81 0.13505207392040275
105 95 0.14902078761326848
105 56 0.398360798733567
105 68 0.44974617483717394
105 54 0.13415326232982872
105 83 0.23875042214017247
105 82 0.13115879336002112
105 55 0.14353549723098927
105 69 0.20477153736185957
105 51 0.19473551531029434
105 79 0.14614781102984514
105 86 0.26281126402285937
105 92 0.15367889743716748
105 93 0.1505916169478113
105 87 0.17115290942235062
105 78 0.1982163757609134
105 50 0.2283965564243557
105 52 0.11546645724599686
105 46 0.13525545986488313
105 91 0.136628397200385
105 85 0.18780260663449933
105 84 0.13109165044308152
105 90 0.16977880728478897
105 47 0.13836750372812512
105 53 0.1176871613987973
104 76 0.138968275838562
104 62 0.2352198974939752
104 89 0.1050691597126409
104 88 0.17031903135001972
104 63 0.14979288906280985
104 77 0.10206427166314502
104 49 0.14598922142993742
104 61 0.12182921233488257
104 75 0.12890194707993896
104 74 0.11971221309043278
104 60 0.11825297633690036
104 48 0.13811727177777972
104 64 0.131050603132347
104 70 0.33690025576458993
104 58 0.9999999999999999
104 59 0.12806351172451158
104 71 0.15085337530132786
104 65 0.09600153164099023
104 73 0.1282231128123223
104 67 0.18310005616160605
104 66 0.1680905169206352
104 72 0.1682176997526944
104 57 0.35196839512064826
104 94 0.1774662351370548
104 80 0.1482111029072044
104 81 0.25876929188299935
104 95 0.16300534320624854
104 56 0.13935656614213587
104 68 0.3520380996086433
104 54 0.14128851554668415
104 83 0.11790143527810508
104 82 0.07794303221109627
104 55 0.2377033524599607
104 69 0.3379832204935464
104 51 0.10338050615181238
104 79 0.12354755223178038
104 86 0.10766653424988785
104 92 0.18235555099898718
104 93 0.1753629015422001
104 87 0.14953772744306218
104 78 0.20962399600838885
104 50 0.13286648110940677
104 52 0.11362882937903508
104 46 0.12444678384664433
104 91 0.1377948244322797
104 85 0.17636192643999749
104 84 0.14064491161066228
104 90 0.17483317898895004
104 47 0.18988803626560047
104 53 0.14340596504725173
110 76 0.02765324302283964
110 62 0.29308091009176535
110 89 0.2829128492532903
110 88 0.45747689452758983
110 63 0.08294228354821978
110 77 0.38598624646506163
110 49 0.12084600593714996
110 61 0.1252138897183408
110 75 0.13622770160975117
110 74 0.14281167107672788
110 60 0.17842770076773784
110 48 0.17195273260847072
110 64 0.13507863246760105
110 70 0.26378929255398376
110 58 0.48766757833673985
110 59 0.1077140541018619
110 71 0.27560954704545715
110 65 0.1475641409070727
110 73 0.12344258326239954
110 67 0.24467193173098262
110 66 0.20839548764512872
110 72 0.26474366529125026
110 57 0.31311732353776495
110 94 0.30759984871860213
110 80 0.2811023616220174
110 81 0.4277736767817252
110 95 0.16999612181298945
110 56 0.2666504633618801
110 68 0.46259215184388514
110 54 0.18571539465390913
110 83 0.09680596032846912
110 82 0.3353344982554648
110 55 0.1907596906995897
110 69 0.44511341376222635
110 51 0.15299702029600842
110 79 0.26712604688779235
110 86 0.07761270490511119
110 92 0.34127141827573826
110 93 0.44825374004033636
110 87 0.2457006463103153
110 78 0.3513552278461137
110 50 0.09683743514102015
110 52 0.116676216685816
110 46 0.26260946325613016
110 91 0.3271914046051918
110 85 0.33790352405518637
110 84 0.10129215106884797
110 90 0.3331953288556354
110 47 0.13084088231502433
110 53 0.13559350293982214
138 76 0.12081457718138498
138 62 0.20267003206709955
138 89 0.15001473241236415
138 88 0.2713279932058937
138 63 0.10769750317527349
138 77 0.2031694030807483
138 49 0.13439896484520988
138 61 0.13495458137678512
138 75 0.1093168028088989
138 74 0.14516842348638676
138 60 0.12344357563019219
138 48 0.15805518409052377
138 64 0.1280736363975732
138 70 0.2751394579652638
138 58 0.2509427626847633
138 59 0.10251620614952552
138 71 0.13853839409265786
138 65 0.12785884502694633
138 73 0.11343450752763505
138 67 0.26957355344662703
138 66 0.35087129324158123
138 72 0.23138500238918688
138 57 0.3331033557132587
138 94 0.3463214017927919
138 80 0.1434397528325287
138 81 0.2573120633238965
138 95 0.13461168023210907
138 56 0.2287734889985254
138 68 0.4663408587177287
138 54 0.14276309262032344
138 83 0.13650341980168323
138 82 0.23229352900160555
138 55 0.10619994894576545
138 69 0.24729216774226015
138 51 0.09658469607954163
138 79 0.10170297150294624
138 86 0.14434156962351352
138 92 0.33669132414913183
138 93 0.3225103969431976
138 87 0.22152456124549955
138 78 0.2666942911263912
138 50 0.06502371178320551
138 52 0.09059829059614305
138 46 0.19807730597832474
138 91 0.30724158126818407
138 85 0.2769334677175958
138 84 0.1598382912146522
138 90 0.2843976471427439
138 47 0.20233371472532394
138 53 0.2109712729180345
140 76 0.23612403750159788
140 62 0.15699899018673802
140 89 0.13927843310385596
140 88 0.15688912372833713
140 63 0.164220867806094
140 77 0.13759436610483156
140 49 0.19616256124292622
140 61 0.1251429657513588
140 75 0.12647251015856723
140 74 0.08691960041335511
140 60 0.0784751438058506
140 48 0.14545799997070874
140 64 0.12264215450853266
140 70 0.28925140677647176
140 58 0.14672469402941285
140 59 0.1750909376941175
140 71 0.13334383751007778
140 65 0.09203038032370123
140 73 0.14987604496922424
140 67 0.2315139473873728
140 66 0.3125652402228843
140 72 0.07406151011234738
140 57 0.2768783680650879
140 94 0.2719791718023171
140 80 0.134122268664628
140 81 0.23014805734272414
140 95 0.15664407214996678
140 56 0.1437366926416359
140 68 0.3196344610395594
140 54 0.14087098038770193
140 83 0.1309385315637885
140 82 0.2037173194519007
140 55 0.167383586008939
140 69 0.3105454127049262
140 51 0.11461702102827016
140 79 0.12504750222314204
140 86 0.06601283072404851
140 92 0.27248323740147834
140 93 0.23930966435672363
140 87 0.2154693491396703
140 78 0.34127265129373924
140 50 0.1966522538258593
140 52 0.06298480611175611
140 46 0.10838380288804227
140 91 0.25107743588158155
140 85 0.22907527394364124
140 84 0.15759051643643796
140 90 0.23354215066159256
140 47 0.14402236572353758
140 53 0.1441494143273085
135 76 0.21204800348805314
135 62 0.3577142250148425
135 89 0.15434558477769894
135 88 0.25840716845849465
135 63 0.16923321507654926
135 77 0.33608553183487966
135 49 0.3980433874836199
135 61 0.1324838714582312
135 75 0.4272839970107596
135 74 0.29209391489374803
135 60 0.10858531944145851
135 48 0.4208675936172819
135 64 0.14058801592353798
135 70 0.24634599209852284
135 58 0.17809839535176822
135 59 0.09668571139229704
135 71 0.30086244255933825
135 65 0.10569144186079481
135 73 0.3401164824293571
135 67 0.3500991018769788
135 66 0.19818252097988692
135 72 0.1285848245711247
135 57 0.3720479444896496
135 94 0.34231236697135026
135 80 0.31962198614844245
135 81 0.3107600231713378
135 95 0.2144425962186259
135 56 0.40119572382034907
135 68 0.4881584953199279
135 54 0.17420008431351877
135 83 0.6630843199915509
135 82 0.07430492571372826
135 55 0.21117113645882052
135 69 0.28639880045245836
135 51 0.2125527760335999
135 79 0.24887858635763432
135 86 0.18438694623168886
135 92 0.35922719546263326
135 93 0.3126308650015624
135 87 0.3133703611311504
135 78 0.3476383261028741
135 50 0.2167680722506794
135 52 0.06345573073393126
135 46 0.4243608922887567
135 91 0.37435298714847076
135 85 0.34923484588365233
135 84 0.25573384254583703
135 90 0.3415452789968544
135 47 0.26093668461085995
135 53 0.3732999171230389
121 76 0.17257122978137654
121 62 0.25179318599818046
121 89 0.23237862472158657
121 88 0.41558269636836076
121 63 0.238799173041185
121 77 0.20063525458057632
121 49 0.21640212227696437
121 61 0.13827193760272116
121 75 0.11411441417870032
121 74 0.17474211142595472
121 60 0.15741822056331412
121 48 0.20327275645824597
121 64 0.19496090920965592
121 70 0.21897612015025786
121 58 0.1268758361305915
121 59 0.12275926238687715
121 71 0.44896396161071345
121 65 0.17785456059628785
121 73 0.10669897869743626
121 67 0.4699850327803261
121 66 0.2657263278066468
121 72 0.14677119960682122
121 57 0.5057483120296999
121 94 0.6510777607917625
121 80 0.485246844187591
121 81 0.26378696587681805
121 95 0.17673997521059234
121 56 0.31588160700001827
121 68 0.5010001305504876
121 54 0.20587651418615657
121 83 0.42015685943140674
121 82 0.1770024046574301
121 55 0.29985523892149624
121 69 0.46996721938717356
121 51 0.21351570057713895
121 79 0.19138847623044253
121 86 0.23834901148034104
121 92 0.5244667791228784
121 93 0.4286877085029942
121 87 0.3273568451425933
121 78 0.5754996630455647
121 50 0.23045301035650553
121 52 0.10813999997688584
121 46 0.2675051487134043
121 91 0.4532391190564198
121 85 0.3998803097857123
121 84 0.11804349271418002
121 90 0.4163119246391656
121 47 0.2777709237292056
121 53 0.13914749710733376
109 76 0.16228345839036876
109 62 0.24323464647453927
109 89 0.1017990735580818
109 88 0.21539286411096006
109 63 0.18671084902412627
109 77 0.23893382476022756
109 49 0.1922595247729206
109 61 0.14622392596846148
109 75 0.11997444644420588
109 74 0.22131093589681305
109 60 0.09220797865446945
109 48 0.1378386969095527
109 64 0.17539217792865727
109 70 0.3742536530914027
109 58 0.5869908203372654
109 59 0.08722635904601161
109 71 0.10970824657694907
109 65 0.14465478847177043
109 73 0.0786308651599453
109 67 0.2817268883174056
109 66 0.20287726408361262
109 72 0.22308542669775108
109 57 0.40098859217840466
109 94 0.3758399890347526
109 80 0.10935804100534667
109 81 0.413935064819974
109 95 0.18073303708654148
109 56 0.13071254352825468
109 68 0.4763943143719986
109 54 0.1271668611667837
109 83 0.12762315775193395
109 82 0.12077326874343462
109 55 0.19219510619995303
109 69 0.4132375116745369
109 51 0.06724207613407027
109 79 0.14889187159130707
109 86 0.122583115831369
109 92 0.36172350181984114
109 93 0.3313606609851554
109 87 0.25761888627521407
109 78 0.449098620042817
109 50 0.19686033620464816
109 52 0.13619651645055741
109 46 0.2785662296447047
109 91 0.35127458479584484
109 85 0.3475235347077011
109 84 0.7302638564848684
109 90 0.3538161091572436
109 47 0.08019895618696793
109 53 0.10408682964704694
108 76 0.15364219679478147
108 62 0.2906133602395225
108 89 0.18854360935117223
108 88 0.3646169982086115
108 63 0.19592326994573825
108 77 0.179417757969896
108 49 0.10487476156558395
108 61 0.1334203565334799
108 75 0.14871943317563951
108 74 0.17056040327081168
108 60 0.12204913683572874
108 48 0.12571839927784698
108 64 0.17677213610128267
108 70 0.3681460664337423
108 58 0.816205578206923
108 59 0.08698617319945601
108 71 0.13601239851751157
108 65 0.12163686874106167
108 73 0.14031219329500388
108 67 0.33611360576488303
108 66 0.30544824912942475
108 72 0.1520541701613188
108 57 0.47115484155446274
108 94 0.4439047174698745
108 80 0.14460746488107457
108 81 0.3547661178345426
108 95 0.17964113386747746
108 56 0.3277243855993902
108 68 0.6711871371096445
108 54 0.22517118344688927
108 83 0.1383175156369595
108 82 0.16221681354480455
108 55 0.32031944346541774
108 69 0.4505638565795511
108 51 0.1364867592286121
108 79 0.2552446315606185
108 86 0.08102854408984964
108 92 0.4521149016657686
108 93 0.39730280624509356
108 87 0.3077112376383138
108 78 0.372009472146201
108 50 0.16349628096105912
108 52 0.11939924704288035
108 46 0.23655326223053613
108 91 0.4147705464524435
108 85 0.36518550100758873
108 84 0.13719396634487319
108 90 0.36788688682359877
108 47 0.14638206412664906
108 53 0.12088014107839158
120 76 0.11161573743859307
120 62 0.1929528463475426
120 89 0.16250211170608297
120 88 0.26698500723274854
120 63 0.08090893946190003
120 77 0.3785855846215356
120 49 0.10326129483714756
120 61 0.08420907332028396
120 75 0.17755330159070104
120 74 0.11719258425074347
120 60 0.11658948386623962
120 48 0.1254952548121432
120 64 0.14388933799865922
120 70 0.18111363405926717
120 58 0.10777551692171952
120 59 0.15596141984868128
120 71 0.1662577812668267
120 65 0.08366883504301445
120 73 0.12354723735517821
120 67 0.257866223468505
120 66 0.2559979211492508
120 72 0.1324685427898979
120 57 0.15508556546773344
120 94 0.32133401307878584
120 80 0.16811419751919504
120 81 0.18517525323615786
120 95 0.10652683903006079
120 56 0.19180231411650334
120 68 0.25748091281878394
120 54 0.1467106103534856
120 83 0.1406270875511702
120 82 0.1323951519318211
120 55 0.3757286488633911
120 69 0.19557639974776317
120 51 0.19287435149412735
120 79 0.13665942347611704
120 86 0.13079505198785735
120 92 0.30645625284248346
120 93 0.2893579476752025
120 87 0.2353596085448857
120 78 0.24281688380733285
120 50 0.17714571514981586
120 52 0.08217325721309443
120 46 0.144633526716555
120 91 0.274947739691864
120 85 0.2658845210032025
120 84 0.16652927753768484
120 90 0.2611386095069381
120 47 0.16484954236536373
120 53 0.5382780714712454
134 76 0.25153223143545606
134 62 0.17891961052692454
134 89 0.11032866995532092
134 88 0.17522399083851076
134 63 0.1045289890768117
134 77 0.13185839753215867
134 49 0.3751985679712495
134 61 0.10310150887354862
134 75 0.4691579637324871
134 74 0.21413275486837544
134 60 0.15235208703990052
134 48 0.37173649640236406
134 64 0.1656077929035815
134 70 0.20037869913747408
134 58 0.1694639235357555
134 59 0.10105792510671417
134 71 0.49414812033118743
134 65 0.07197401368040099
134 73 0.3774854452272538
134 67 0.3317308630065434
134 66 0.168643603092415
134 72 0.15872388506588286
134 57 0.3995486797411897
134 94 0.2577049764249087
134 80 0.5266278314084789
134 81 0.017778516727948
134 95 0.21658418083287487
134 56 0.10527722585959816
134 68 0.3770287154980174
134 54 0.17732180796040223
134 83 0.4092514641391796
134 82 0.05285183971185639
134 55 0.2995603755698098
134 69 0.1891784099103006
134 51 0.2210932110378359
134 79 0.06825904363901292
134 86 0.21484466700930357
134 92 0.15452164661078283
134 93 0.17342246299211192
134 87 0.1372632329337007
134 78 0.1685861597810202
134 50 0.2028140480598889
134 52 0.6734458407647532
134 46 0.21100125203034767
134 91 0.09929254463232558
134 85 0.1563487225364898
134 84 0.17421999484990786
134 90 0.13161277809421318
134 47 0.3598977696780446
134 53 0.5854953529678345
122 76 0.1575948870645116
122 62 0.08138296774988732
122 89 0.19405351865669826
122 88 0.17440011286777726
122 63 0.21376263265306608
122 77 0.18483638968509353
122 49 0.34947514274174213
122 61 0.11621225320148039
122 75 0.10555846859176014
122 74 0.21217972993071474
122 60 0.11068639803624314
122 48 0.18583202188425563
122 64 0.1296580621032749
122 70 0.2493826602723146
122 58 0.17108639096646355
122 59 0.12626405798326654
122 71 0.6903606727284393
122 65 0.09299987908983748
122 73 0.08338129388399912
122 67 0.5569802633008891
122 66 0.2814894551520407
122 72 0.10534151211071108
122 57 0.5825681030087209
122 94 0.3682380445645396
122 80 0.733473363474862
122 81 0.20148426782252332
122 95 0.0967675403598818
122 56 0.1576013898682618
122 68 0.5603820972082197
122 54 0.13213406472825046
122 83 0.4033168115928141
122 82 0.1275271766509289
122 55 0.1451210124115869
122 69 0.33410313128166663
122 51 0.2697700381716148
122 79 0.1403078823237989
122 86 0.3862237181537679
122 92 0.4005963472386034
122 93 0.37028685450764615
122 87 0.2557607295883162
122 78 0.3762316881426421
122 50 0.38551841242438384
122 52 0.1448393840124015
122 46 0.19024446024539435
122 91 0.3604388292292984
122 85 0.677425819595047
122 84 0.19676859659904847
122 90 0.6008807844004005
122 47 0.11403473087880871
122 53 0.14853246351339183
136 76 0.042294574013428704
136 62 0.16743427354181528
136 89 0.17724217919906085
136 88 0.18402971688817346
136 63 0.1891090648148043
136 77 0.3762025538488807
136 49 0.30325338821203207
136 61 0.13668348384685358
136 75 0.09050937153822364
136 74 0.08584349238360203
136 60 0.13397429413979398
136 48 0.2800574588324312
136 64 0.0906791793525655
136 70 0.1743543827808693
136 58 0.049776048238400844
136 59 0.18151675639876677
136 71 0.08563824313610374
136 65 0.13797103639783748
136 73 0.14775150496397124
136 67 0.18757584193693494
136 66 0.12943442815501938
136 72 0.17031688826844285
136 57 0.1816964584547101
136 94 0.2301435227778675
136 80 0.09109892011574838
136 81 0.5372903200560998
136 95 0.12376435785621696
136 56 0.3807490560830018
136 68 0.31848210901374635
136 54 0.13809827672524566
136 83 0.0954028877695457
136 82 0.14392786455326861
136 55 0.17821727871825294
136 69 0.1358163370418896
136 51 0.153345318951828
136 79 0.7419572011645499
136 86 0.13490022400517016
136 92 0.22335822395422822
136 93 0.20288274120760916
136 87 0.17189258611550323
136 78 0.21346317676905072
136 50 0.16816741816263206
136 52 0.11810740616921829
136 46 0.25426755469896145
136 91 0.2521946411558043
136 85 0.190328566234152
136 84 0.07181380092480458
136 90 0.2120817387971628
136 47 0.3039876479675944
136 53 0.0672656729355808
137 76 0.13739912172422114
137 62 0.1539783785495668
137 89 0.14834670933798466
137 88 0.26311736197640534
137 63 0.12459068705841257
137 77 0.17013243820251464
137 49 0.10599759425954895
137 61 0.12712965884955768
137 75 0.13408043376173717
137 74 0.13818296300902955
137 60 0.10540609155564389
137 48 0.11024789443731413
137 64 0.1434814426832989
137 70 0.20145540276053778
137 58 0.11979196269841487
137 59 0.12077161381782109
137 71 0.1249191285389335
137 65 0.11122985556257806
137 73 0.15033842076877663
137 67 0.23591884294341178
137 66 0.33145591888178694
137 72 0.13527062427845377
137 57 0.2326912127028248
137 94 0.3205758601536961
137 80 0.1293650195654038
137 81 0.15957882268367174
137 95 0.14472486966418485
137 56 0.1973109574957223
137 68 0.3626792350470106
137 54 0.1633991311173915
137 83 0.13932615127530268
137 82 0.16976757967610798
137 55 0.1497639520597518
137 69 0.23014476123534078
137 51 0.16163321922721918
137 79 0.2388261226716436
137 86 0.09399964929537943
137 92 0.32399690453486873
137 93 0.28563001140452554
137 87 0.20974127983128887
137 78 0.25762321720167153
137 50 0.17336131298209076
137 52 0.15252422635244628
137 46 0.17919314365637984
137 91 0.2776579531428249
137 85 0.29674831186474865
137 84 0.1326227972112203
137 90 0.2941744304188299
137 47 0.12615729235634943
137 53 0.1393726451421859
123 76 0.15926386291685787
123 62 0.1839386700989722
123 89 0.1107380836876311
123 88 0.33350137658192863
123 63 0.06363675992155965
123 77 0.09835858803707158
123 49 0.27541982573357393
123 61 0.12376753646470233
123 75 0.1047547213639303
123 74 0.13048013593162755
123 60 0.13871475294951058
123 48 0.17129720313056457
123 64 0.1426528298808275
123 70 0.1939276204961544
123 58 0.09889801743195153
123 59 0.10460397792391846
123 71 0.461362466782534
123 65 0.13840966340173466
123 73 0.09597055468620413
123 67 0.37184428971172684
123 66 0.20580969335548113
123 72 0.11726559909714834
123 57 0.5270657486927891
123 94 0.7588136926940362
123 80 0.49818807987480407
123 81 0.1586548965873385
123 95 0.21249475323714853
123 56 0.2666577401333974
123 68 0.4470257214220419
123 54 0.14772256043645185
123 83 0.3215862707964421
123 82 0.13583213651250314
123 55 0.14632391250291865
123 69 0.2819096486640393
123 51 0.20271549214607876
123 79 0.1792322115960372
123 86 0.30739153332813246
123 92 0.4221587928714625
123 93 0.35178522112834715
123 87 0.24097461044238033
123 78 0.3719101518091345
123 50 0.28686840390779467
123 52 0.14704107186252918
123 46 0.15667732391197697
123 91 0.17335141687586947
123 85 0.22297012780755524
123 84 0.08932056635031135
123 90 0.24588536136868075
123 47 0.16536467297390703
123 53 0.11036154795877659
127 76 0.24401033647367953
127 62 0.16461531019512132
127 89 0.1905026690042052
127 88 0.35548743223108703
127 63 0.1587831487747868
127 77 0.156582615602666
127 49 0.33974529980231244
127 61 0.11449313096774814
127 75 0.08923933604975176
127 74 0.1244668836837717
127 60 0.13402654428168842
127 48 0.2152463892426297
127 64 0.12415179544598824
127 70 0.2988842102744337
127 58 0.0641519958969562
127 59 0.16789394758198548
127 71 0.4833397290526601
127 65 0.09197194855098431
127 73 0.08436996916863662
127 67 0.46337472723720197
127 66 0.3013724135449932
127 72 0.1787253958991864
127 57 0.4779061305451599
127 94 0.45487738354915846
127 80 0.5065460206329563
127 81 0.34411470428859087
127 95 0.1946008345320682
127 56 0.40942161924270104
127 68 0.7343150802951
127 54 0.19041550084461384
127 83 0.13775044285205806
127 82 0.05658651809379833
127 55 0.20947385524426437
127 69 0.3519282255163878
127 51 0.33375858971544486
127 79 0.3254379379996127
127 86 0.3152371264263306
127 92 0.45796829230775155
127 93 0.41473570617707267
127 87 0.4933428170297615
127 78 0.33758765011214653
127 50 0.45706509464825795
127 52 0.1219615732166351
127 46 0.28973696825954853
127 91 0.3809824599476808
127 85 0.4652960458740464
127 84 0.13034774434207
127 90 0.4457099288848512
127 47 0.20537246632375922
127 53 0.13205830264267804
133 76 0.11709486007016784
133 62 0.38142852917875675
133 89 0.11400894627948942
133 88 0.19251762270940523
133 63 0.14752661920626228
133 77 0.3821805346224117
133 49 0.49326021711419366
133 61 0.15890793568147596
133 75 0.1615586701634801
133 74 0.2534259297282174
133 60 0.09807116456717334
133 48 0.3529413651282054
133 64 0.14976986755572064
133 70 0.21786027040837005
133 58 0.24205935297396922
133 59 0.13347789123081671
133 71 0.37947010020773264
133 65 0.11380617704949494
133 73 0.14373238064344196
133 67 0.3151094330692257
133 66 0.15370075732832106
133 72 0.14013706388742728
133 57 0.452447212078273
133 94 0.23572219234339722
133 80 0.40261475736813856
133 81 0.2882123812721942
133 95 0.20730740790542843
133 56 0.20838481958345875
133 68 0.3703977154839297
133 54 0.19808512113870294
133 83 0.18181549015129453
133 82 0.2923055153892058
133 55 0.12083072261340538
133 69 0.17431220760496757
133 51 0.14800257040301998
133 79 0.4387481339505648
133 86 0.18091764208702335
133 92 0.2376233915623209
133 93 0.24253996701088754
133 87 0.13798313834460113
133 78 0.22528838860584527
133 50 0.21880051199172956
133 52 0.10049966050780357
133 46 0.140667642071107
133 91 0.26532244482853884
133 85 0.2673458765896125
133 84 0.21625297958341436
133 90 0.24815292827721103
133 47 0.3819535755538716
133 53 0.5545882733723161
132 76 0.16794974376649943
132 62 0.18873593299430455
132 89 0.2530560686507995
132 88 0.5315961503309636
132 63 0.14594880742192168
132 77 0.18239698633728574
132 49 0.11568761587829664
132 61 0.1477034018223835
132 75 0.12371853971559706
132 74 0.2148847594233961
132 60 0.14583472427854377
132 48 0.12057779370885849
132 64 0.13761575934643197
132 70 0.3774483234512048
132 58 0.15210988565731448
132 59 0.09710010124404714
132 71 0.1450235742616231
132 65 0.13583326795613554
132 73 0.07304365247537412
132 67 0.4084744028994604
132 66 0.33624601793788456
132 72 0.1753208638299475
132 57 0.316343090610742
132 94 0.6845074172501417
132 80 0.14730635479258813
132 81 0.29823935141486213
132 95 0.15916299061201367
132 56 0.4788635244699286
132 68 0.6650300037381717
132 54 0.18369704735186826
132 83 0.3135716542515937
132 82 0.02973562197294513
132 55 0.2541142040742377
132 69 0.3878002441674873
132 51 0.10282591423011166
132 79 0.19528317589284677
132 86 0.20705830892176355
132 92 0.7120667661269054
132 93 0.6483606122921024
132 87 0.44943882983819106
132 78 0.3856313273516738
132 50 0.14134666415760996
132 52 0.14448223915883832
132 46 0.4631405038742741
132 91 0.5951070297886318
132 85 0.6193348257782856
132 84 0.14882739503153913
132 90 0.623782738055082
132 47 0.15647513621999576
132 53 0.09675813379526554
126 76 0.1465394581275361
126 62 0.15025729472202087
126 89 0.21703461229649754
126 88 0.2879394862014181
126 63 0.1719220994748299
126 77 0.2055792127817031
126 49 0.2611692904221025
126 61 0.11767869341137421
126 75 0.13071221049329373
126 74 0.16996931773836685
126 60 0.1297810627239569
126 48 0.16809488829097868
126 64 0.12967378167152044
126 70 0.23366442993153394
126 58 0.17332470521923735
126 59 0.12153533327341905
126 71 0.46223773228364623
126 65 0.12200843259962102
126 73 0.1319801687919374
126 67 0.511586035427805
126 66 0.2767331612581513
126 72 0.1259934529660841
126 57 0.4806021062460484
126 94 0.559322347860161
126 80 0.5013892732793421
126 81 0.22111028549297657
126 95 0.08600477031259018
126 56 0.17901393203540156
126 68 0.51724720496479
126 54 0.13031641517308487
126 83 0.44584188938328556
126 82 0.1501330214607423
126 55 0.14484008417841987
126 69 0.33890470751704227
126 51 0.21589781742230232
126 79 0.1765048187624781
126 86 0.25314016878791973
126 92 0.5835167893352499
126 93 0.5277585946492733
126 87 0.3104891058157143
126 78 0.4147817001909604
126 50 0.28127205431271807
126 52 0.1304791372803596
126 46 0.19234996450323963
126 91 0.5869236728227847
126 85 0.7319371608385595
126 84 0.11541284141063853
126 90 0.7451742443641581
126 47 0.12752447057602923
126 53 0.14538811632509532
118 76 0.2447215319279713
118 62 0.33113792355196076
118 89 0.17086343923143624
118 88 0.15364422208679823
118 63 0.1273147710321429
118 77 0.058017869107096054
118 49 0.44241833260693025
118 61 0.07004894140123225
118 75 0.09564674300847725
118 74 0.15649002636991163
118 60 0.11025218849937254
118 48 0.2872199374452654
118 64 0.10500205293595373
118 70 0.15973243300539128
118 58 0.4309836535258019
118 59 0.3488103922643133
118 71 0.30692332326121363
118 65 0.13416540650181202
118 73 0.1089357063719052
118 67 0.2710554824732799
118 66 0.12295191451628036
118 72 0.047654003452757776
118 57 0.43123702995576996
118 94 0.15074579134809152
118 80 0.3290129285101825
118 81 0.5344618684947096
118 95 0.14291366014684204
118 56 0.4310805139699011
118 68 0.3129712379836144
118 54 0.11723919581048962
118 83 0.2186477008285409
118 82 0.14854864105870463
118 55 0.201215150902192
118 69 0.21616246035122733
118 51 0.2488561363483391
118 79 0.32515269958414816
118 86 0.17065544435464614
118 92 0.1642176410391039
118 93 0.15986549602796407
118 87 0.28311232767852357
118 78 0.16741890113408123
118 50 0.38002758950369553
118 52 0.10101382910613738
118 46 0.28243793775336595
118 91 0.16413029189044148
118 85 0.19317930132688735
118 84 0.2365277683894943
118 90 0.18332238635534845
118 47 0.49503117526226237
118 53 0.42530018308661854
130 76 0.10014500868126475
130 62 0.169079919411741
130 89 0.16235895478460904
130 88 0.3617780438490655
130 63 0.1470977051412446
130 77 0.15757538622917988
130 49 0.1543792081084421
130 61 0.12975541141629082
130 75 0.13102523811141448
130 74 0.06789980478823893
130 60 0.103467884052308
130 48 0.12782332716519582
130 64 0.14466106992086003
130 70 0.2603592889097221
130 58 0.09467372717491035
130 59 0.11972050901401037
130 71 0.15590946868652422
130 65 0.10799311569199367
130 73 0.12915387432820916
130 67 0.2702555395785595
130 66 0.26105787401905767
130 72 0.1401186686201191
130 57 0.14524932709114063
130 94 0.37910069004537317
130 80 0.15485384300724137
130 81 0.22909225287287407
130 95 0.17027103489691647
130 56 0.27756963836366133
130 68 0.35025087615684597
130 54 0.183102393481982
130 83 0.29438862524692067
130 82 0.1422055182236651
130 55 0.16328679401187465
130 69 0.2603870424251774
130 51 0.09089933416504564
130 79 0.1982777346158229
130 86 0.08241099571955696
130 92 0.38270617021369546
130 93 0.3499316109124266
130 87 0.2176561580053724
130 78 0.24664977343751343
130 50 0.1298280789775379
130 52 0.1251674371288215
130 46 0.36539295089496504
130 91 0.28323565054377137
130 85 0.33552013854065704
130 84 0.17077101398415742
130 90 0.3270116475253559
130 47 0.15243894495577018
130 53 0.1533899353485659
124 76 0.16231697511658555
124 62 0.2137629699396472
124 89 0.11931204972996758
124 88 0.4473678835103867
124 63 0.04919688003295866
124 77 0.05331826508806464
124 49 0.23628086028399065
124 61 0.13194844038260217
124 75 0.11627195254761521
124 74 0.1200783332234212
124 60 0.13078237214086785
124 48 0.1525638047363186
124 64 0.14499066266932814
124 70 0.2298399013376028
124 58 0.1789008978755216
124 59 0.10917940856317579
124 71 0.4101727160889978
124 65 0.11330830969334675
124 73 0.1349038690855589
124 67 0.39482194661257375
124 66 0.23370901045783357
124 72 0.1883827716388701
124 57 0.3922534175512076
124 94 0.3490121160256073
124 80 0.4389069152973303
124 81 0.176921248893589
124 95 0.32585260133619
124 56 0.22138533887590955
124 68 0.4553391732414917
124 54 0.14696290452503918
124 83 0.4090784444770395
124 82 0.10306750761579019
124 55 0.13321756641176802
124 69 0.3456396756328387
124 51 0.14957246675799502
124 79 0.1381839438800673
124 86 0.16764105283609562
124 92 0.43057803128762995
124 93 0.3652321805160648
124 87 0.25482952490245725
124 78 0.37077945401889784
124 50 0.22195203993693158
124 52 0.19507826234536843
124 46 0.16800740088057742
124 91 0.9894114576911934
124 85 0.3186309758632177
124 84 0.07729035080666624
124 90 0.33950683268809817
124 47 0.23389258304801885
124 53 0.16197045620284867
125 76 0.13625079289239458
125 62 0.21030123234688372
125 89 0.21607178127617363
125 88 0.34053228204987523
125 63 0.1713487905855116
125 77 0.13099289233551312
125 49 0.25978750979848164
125 61 0.11370173984471965
125 75 0.13420450454154464
125 74 0.13749195013190407
125 60 0.12859042419758865
125 48 0.1682925492867102
125 64 0.12060319058131955
125 70 0.26054042770500696
125 58 0.11991805887781022
125 59 0.1135478526354302
125 71 0.43215293671848926
125 65 0.12164857415564428
125 73 0.14991486257625264
125 67 0.5234171517166446
125 66 0.27687244447147696
125 72 0.08012563574972426
125 57 0.4666094292390209
125 94 0.36226385546409895
125 80 0.4693378311526148
125 81 0.2261738380203218
125 95 0.1258926945102125
125 56 0.43004396398011224
125 68 0.6731709196975602
125 54 0.12669151958894542
125 83 0.45128575642469515
125 82 0.1289339272390851
125 55 0.18862548781109345
125 69 0.3474768526920346
125 51 0.1874980961768738
125 79 0.16022630438629626
125 86 0.24719297496022902
125 92 0.3705319378650446
125 93 0.32915299182924757
125 87 0.3068564548955591
125 78 0.4005812900454222
125 50 0.2685851298159656
125 52 0.019354778838509945
125 46 0.16174913282412928
125 91 0.4569021486243324
125 85 0.42754118909231087
125 84 0.1519451968618431
125 90 0.41561674221319944
125 47 0.11777447758585304
125 53 0.11141510291322478
131 76 0.15302392247958077
131 62 0.23445813955381703
131 89 0.26060176757726256
131 88 0.6195197062562257
131 63 0.13933235323081417
131 77 0.07684105201078059
131 49 0.08148506087978452
131 61 0.09083815542105336
131 75 0.09553664976731344
131 74 0.22832166311532714
131 60 0.1659499018549263
131 48 0.15819132834344785
131 64 0.13194786339515302
131 70 0.3984463652918703
131 58 0.8011487359660592
131 59 0.2586120520616571
131 71 0.11416308761316127
131 65 0.13154586863272205
131 73 0.0832586461926138
131 67 0.42908235706407677
131 66 0.3134996580099064
131 72 0.09594997514255485
131 57 0.63239812535777
131 94 0.5522420210725356
131 80 0.11998826014143671
131 81 0.344047453220345
131 95 0.10723380168886362
131 56 0.2525914598123742
131 68 0.593958872949981
131 54 0.18792852990690645
131 83 0.11449294907839136
131 82 0.058675324953859964
131 55 0.19792579883468805
131 69 0.41212875142440164
131 51 0.12384683128141204
131 79 0.156245210796899
131 86 0.20084642198207447
131 92 0.5792356625437799
131 93 0.5230267251616612
131 87 0.5539590111920512
131 78 0.3531631333042473
131 50 0.040407058364014065
131 52 0.09634968838847391
131 46 0.23099966531991564
131 91 0.5793096751284286
131 85 0.5181230045872491
131 84 0.09925997108840276
131 90 0.5149350220248695
131 47 0.19533192666282043
131 53 0.08788215095688512
119 76 0.08669196207176946
119 62 0.22060547297124494
119 89 0.155166506571837
119 88 0.3168419132888717
119 63 0.12697647095396053
119 77 0.41031041836653037
119 49 0.11919736125072433
119 61 0.29204304513349444
119 75 0.13392183763146054
119 74 0.21474308672950368
119 60 0.14178709974920195
119 48 0.17036277989434234
119 64 0.13307484111782142
119 70 0.32927403677913314
119 58 0.5890090879716019
119 59 0.06908794661346024
119 71 0.19258759125091118
119 65 0.12338101216825974
119 73 0.06810880232820388
119 67 0.19219219761149872
119 66 0.155569144622559
119 72 0.0811045305056653
119 57 0.21521380178873428
119 94 0.20069967867057922
119 80 0.19185069700211385
119 81 0.0
119 95 0.03538743298109745
119 56 0.20199101458087523
119 68 0.2782324103403138
119 54 0.1200864298950191
119 83 0.11284313585071301
119 82 0.09316399751798643
119 55 0.2600873031182135
119 69 0.182803510323264
119 51 0.1350655529903027
119 79 0.4966553513147057
119 86 0.24963335381847968
119 92 0.22014667064259597
119 93 0.21689178493916722
119 87 0.19666467694675405
119 78 0.15608300274382936
119 50 0.03912066604199402
119 52 0.1014788393896419
119 46 0.14791522984590103
119 91 0.22998511973103855
119 85 0.2310980727463509
119 84 0.15472191895436102
119 90 0.206605677659819
119 47 0.17768235673484017
119 53 0.1063673982160655
