114 76 0.09990075217074408
114 62 0.21069822278984532
114 89 0.12353316075812684
114 88 0.31076943985700123
114 63 0.12466853772565799
114 77 0.04594335479843484
114 49 0.07439677171633485
114 61 0.048252052645461174
114 75 0.04694579873918861
114 74 0.17129082067733892
114 60 0.04980877820870325
114 48 0.08695431783684517
114 64 0.10398745978067521
114 70 0.3088534698565397
114 58 0.48268671533830554
114 59 0.06671142388839
114 71 0.08758852416174022
114 65 0.04819452403376773
114 73 0.048422653316567005
114 67 0.277517735714237
114 66 0.22137556582628157
114 72 0.058355367359973764
114 57 0.30968878118899135
114 94 0.3763852515786571
114 80 0.09044171844073841
114 81 0.24494856090917821
114 95 0.09349650243575382
114 56 0.18564485961253469
114 68 0.44095303829648047
114 54 0.11669353997497847
114 83 0.06944073110209069
114 82 0.097219092808435
114 55 0.19579058919479989
114 69 0.32989949488146375
114 51 0.04593547175478377
114 79 0.09903033148037585
114 86 0.054124162034724616
114 92 0.3802285373700105
114 93 0.3330177083067176
114 87 0.30426366249427694
114 78 0.2753818203460836
114 50 0.07171292165616597
114 52 0.0312556293609578
114 46 0.16681150073230208
114 91 0.32938311332650316
114 85 0.31684091885083987
114 84 0.05667388454993991
114 90 0.32280442600352965
114 47 0.14847839365175514
114 53 0.05192327042185427
100 76 0.05158541928169735
100 62 0.11916362037391492
100 89 0.06615156908818097
100 88 0.1577237171508923
100 63 0.21550800201708312
100 77 0.04185360512608005
100 49 0.1914631835408132
100 61 0.046071093211200675
100 75 0.03669017113258699
100 74 0.05021158345806556
100 60 0.04400149887925198
100 48 0.10590267868165656
100 64 0.14279330992154798
100 70 0.13560277556692796
100 58 0.15807005935738722
100 59 0.060415382145240004
100 71 0.3946068607714257
100 65 0.03925044169165723
100 73 0.03886174971542855
100 67 0.26567072434601013
100 66 0.13077417476546013
100 72 0.04733770204835397
100 57 0.34830863796869416
100 94 0.18078100646107387
100 80 0.4294889009518955
100 81 0.13135360397330242
100 95 0.07855927678845842
100 56 0.163978813024575
100 68 0.37107680609862426
100 54 0.07886546033792624
100 83 0.07951248621189258
100 82 0.07850037622365469
100 55 0.18980174548402837
100 69 0.17701645934013396
100 51 0.10336037588597898
100 79 0.062041480685083916
100 86 0.16768995044599602
100 92 0.17499785017218034
100 93 0.16101012860561567
100 87 0.16193304872434452
100 78 0.17105494400041743
100 50 0.1898528956154573
100 52 0.033307724506127595
100 46 0.17872712336410382
100 91 0.1635360017597264
100 85 0.1461532573848761
100 84 0.04484297915051971
100 90 0.15110382528745878
100 47 0.10260263816165315
100 53 0.04874004219423303
128 76 0.07200117387711373
128 62 0.11081974924234071
128 89 0.1538136843707306
128 88 0.40164759540386064
128 63 0.11561789523404593
128 77 0.0902751705947993
128 49 0.07967458500644528
128 61 0.05189851055694236
128 75 0.04274830940661453
128 74 0.07405081790233548
128 60 0.04998718541802971
128 48 0.08680800312495282
128 64 0.09655651811676544
128 70 0.2880935534039272
128 58 0.16680588303332194
128 59 0.06956674245864945
128 71 0.08747146305630206
128 65 0.045721016588738644
128 73 0.04678402627554773
128 67 0.3485096703872937
128 66 0.29414588871302527
128 72 0.08347607202766605
128 57 0.2831897184485306
128 94 0.5276781867753169
128 80 0.0911120552271386
128 81 0.2714079976772843
128 95 0.1204803427721344
128 56 0.2496499273858243
128 68 0.6533090943972976
128 54 0.1481484894690351
128 83 0.06794363081534413
128 82 0.09777512742101259
128 55 0.1385522123270375
128 69 0.34373167971235974
128 51 0.04674115425402023
128 79 0.1434633114022274
128 86 0.06018506623032746
128 92 0.5324089823869588
128 93 0.4518577388702122
128 87 0.389907854167438
128 78 0.34385227037753174
128 50 0.07515288597546144
128 52 0.03495549815332699
128 46 0.19910162517657945
128 91 0.44729718761397486
128 85 0.4398472444927364
128 84 0.052188254289613906
128 90 0.4483243888824431
128 47 0.1528416091450174
128 53 0.05402693499642283
129 76 0.1104859768346884
129 62 0.29396165227332366
129 89 0.24650015445432602
129 88 0.5918450999866635
129 63 0.2505879712824077
129 77 0.11218343641826081
129 49 0.16725480571010265
129 61 0.10967149863873775
129 75 0.09901493699665155
129 74 0.1399219736888679
129 60 0.10968659833485106
129 48 0.18660088204960396
129 64 0.20720241420341337
129 70 0.4933560963087702
129 58 0.6552223373136802
129 59 0.135172165753481
129 71 0.18240134771358563
129 65 0.11222568922352186
129 73 0.10802163757073246
129 67 0.5289053684483509
129 66 0.43411974465854164
129 72 0.11901548377215584
129 57 0.62978063448534
129 94 0.7494108768404819
129 80 0.18898107302123823
129 81 0.45121584994928055
129 95 0.17720232451355244
129 56 0.360498115732217
129 68 0.7959707134271464
129 54 0.27324908359085526
129 83 0.1457132934837095
129 82 0.32222511866001313
129 55 0.2558572850340079
129 69 0.5564175169183281
129 51 0.10382592345020868
129 79 0.2172927736530299
129 86 0.13296372517602903
129 92 0.7399848143716591
129 93 0.6407995701923379
129 87 0.5747563556536388
129 78 0.49909473832891593
129 50 0.15423940650037102
129 52 0.08177773488762025
129 46 0.3459594623378046
129 91 0.6296581435988873
129 85 0.615063467097844
129 84 0.11696649780914889
129 90 0.6283508220657299
129 47 0.30072330898537747
129 53 0.11808248077406217
101 76 0.05929566093334518
101 62 0.0757941515695182
101 89 0.05975957574119345
101 88 0.16657498738886933
101 63 0.06560780035958973
101 77 0.033898818112546025
101 49 0.12142169590112506
101 61 0.04780803121108354
101 75 0.0318525080024
101 74 0.04189666692675886
101 60 0.04180086594061189
101 48 0.0705235217101532
101 64 0.05663926133937658
101 70 0.12276964831479938
101 58 0.11515213168086837
101 59 0.06790233527481809
101 71 0.1833624913691806
101 65 0.03521018859429312
101 73 0.03471622179430431
101 67 0.17666490180554312
101 66 0.1310223712111369
101 72 0.04136449876210599
101 57 0.21365565856834848
101 94 0.20727344719113155
101 80 0.197579181661773
101 81 0.11751197879924853
101 95 0.06575086150657056
101 56 0.1360351155021352
101 68 0.2615486603135255
101 54 0.061260086457094576
101 83 0.057235049826198536
101 82 0.0643509265277857
101 55 0.10919566726651586
101 69 0.1487439441010385
101 51 0.06105711468625655
101 79 0.058677866900209374
101 86 0.09049342796174425
101 92 0.2121771162136537
101 93 0.19020254922161123
101 87 0.14042413317129096
101 78 0.14921925082132287
101 50 0.13638568745788787
101 52 0.036273169656362264
101 46 0.08405771792895413
101 91 0.18680423353112532
101 85 0.17072308634980482
101 84 0.06285161520875437
101 90 0.17395640423288092
101 47 0.08218680499132948
101 53 0.04156295689249048
115 76 0.04743360071229566
115 62 0.05555048722832609
115 89 0.0325768283698715
115 88 0.09806129072902516
115 63 0.04189609048028348
115 77 0.020878968716327134
115 49 0.03470858623382417
115 61 0.020125742782418854
115 75 0.010046591142749639
115 74 0.07669016027120593
115 60 0.0166295767712952
115 48 0.03333981170912231
115 64 0.0926453268779709
115 70 0.09549629017655079
115 58 0.06467991656335811
115 59 0.03009288760240178
115 71 0.03741100755382093
115 65 0.010298824270553675
115 73 0.01267076534255096
115 67 0.09181658812957781
115 66 0.1845110797732415
115 72 0.06768251047067414
115 57 0.10087075960530839
115 94 0.1809174935861091
115 80 0.03968016907053529
115 81 0.10529637648024022
115 95 0.027914960645753245
115 56 0.191623290766471
115 68 0.1606166805313788
115 54 0.04047427635176423
115 83 0.1481747450098102
115 82 0.054419183671506444
115 55 0.13225328216301485
115 69 0.0883941422391415
115 51 0.013599688861034409
115 79 0.03174899779600887
115 86 0.021916810417526272
115 92 0.17903544929675688
115 93 0.16046366854850497
115 87 0.10069628951563668
115 78 0.09025041443920964
115 50 0.03173004530335613
115 52 0.5597581562127689
115 46 0.4247124631137522
115 91 0.15459603278172984
115 85 0.14011556632196098
115 84 0.044555010371147286
115 90 0.14431986876766584
115 47 0.20891735366438038
115 53 0.15492790968524672
103 76 0.1027386399492331
103 62 0.19610461223024195
103 89 0.10608348989744378
103 88 0.2134599410186122
103 63 0.11312002134345363
103 77 0.06818139081717381
103 49 0.09891340788032303
103 61 0.0843784317979472
103 75 0.0681639631286474
103 74 0.08783089357984034
103 60 0.07798034923310572
103 48 0.09803192251155335
103 64 0.10109226309355512
103 70 0.2838901950146653
103 58 0.6950902192753109
103 59 0.11126103680599356
103 71 0.10541701844127091
103 65 0.07377845820970905
103 73 0.07107900595189733
103 67 0.2218251297407714
103 66 0.3652785280420923
103 72 0.07984551910123411
103 57 0.37762116539176876
103 94 0.23380092208457987
103 80 0.10801852304764425
103 81 0.24885303606311113
103 95 0.10174627907727284
103 56 0.18439964526138286
103 68 0.44172125759793557
103 54 0.10854801926545596
103 83 0.0876492608588484
103 82 0.11039343195618248
103 55 0.13357611376422895
103 69 0.32110741160828526
103 51 0.07444033383714728
103 79 0.10520970681284496
103 86 0.0837332539659185
103 92 0.2395483794383247
103 93 0.21791352094449593
103 87 0.21637612544592652
103 78 0.24267672125330653
103 50 0.10265235842058987
103 52 0.07049328831479504
103 46 0.13764582075417892
103 91 0.22223675844538934
103 85 0.20254069116892442
103 84 0.07512561728636218
103 90 0.2073214294431606
103 47 0.13449920640669746
103 53 0.07736114045175532
117 76 0.11867528619092267
117 62 0.22811349256918118
117 89 0.04831921620113136
117 88 0.1672923256755912
117 63 0.06855140817219539
117 77 0.2598821975788965
117 49 0.15045533197097363
117 61 0.07549264142331139
117 75 0.5231328254689379
117 74 0.2661351622891398
117 60 0.024225157644804485
117 48 0.3446467354192071
117 64 0.130440690464265
117 70 0.2356328338940272
117 58 0.5376158100103733
117 59 0.036754149758401605
117 71 0.08490548493005644
117 65 0.0239833345575535
117 73 0.3013682339434113
117 67 0.1592751304766551
117 66 0.09546308443367052
117 72 0.09724448134163766
117 57 0.24786100533729882
117 94 0.21977763595410538
117 80 0.08722679181782969
117 81 0.2335425492775592
117 95 0.08089752082704449
117 56 0.2517577011452105
117 68 0.2996262153198191
117 54 0.06305090774974198
117 83 0.5178801976390625
117 82 0.07697240629161434
117 55 0.1532252264951856
117 69 0.25502766073339245
117 51 0.09211160894826748
117 79 0.31178439023157095
117 86 0.0285288961946088
117 92 0.22084441684581796
117 93 0.2012592598864446
117 87 0.24886570678661835
117 78 0.26000994175924724
117 50 0.041029636087434096
117 52 0.01863898050219112
117 46 0.2721020253098212
117 91 0.22272571045466072
117 85 0.20699900989131467
117 84 0.09214289071134063
117 90 0.21096157298538204
117 47 0.08108101973996966
117 53 0.04335924016914636
116 76 0.18870899504874034
116 62 0.25231228390688765
116 89 0.19649290491988644
116 88 0.4378403505963285
116 63 0.17719314161869112
116 77 0.09546360727535375
116 49 0.13713315394957376
116 61 0.16351752106999098
116 75 0.09475199269404473
116 74 0.12303937600754103
116 60 0.10564832540692688
116 48 0.14320221455168766
116 64 0.15547270786299502
116 70 0.48208200129324374
116 58 0.6453228754266356
116 59 0.17744990731647675
116 71 0.1426097667472704
116 65 0.10071041382718189
116 73 0.09919924485644907
116 67 0.4043216086876291
116 66 0.3932332005485119
116 72 0.11305792429224934
116 57 0.5155976956498639
116 94 0.5270975446999098
116 80 0.14570456843653656
116 81 0.35320424373782244
116 95 0.1613180950195312
116 56 0.3837398065632325
116 68 0.6515152831637206
116 54 0.16839978742748474
116 83 0.2806103090707962
116 82 0.3205340060229971
116 55 0.2781119878784724
116 69 0.4746629173751554
116 51 0.09622994381603787
116 79 0.1681330776596185
116 86 0.11044720601178723
116 92 0.5395835282755582
116 93 0.4712364093359922
116 87 0.42516862737826755
116 78 0.41329042644487657
116 50 0.13587780730936452
116 52 0.09129232036057458
116 46 0.36754405571030774
116 91 0.46802033761875683
116 85 0.45286118740317927
116 84 0.1443525656184349
116 90 0.4602618878481053
116 47 0.21379648144260513
116 53 0.10609998925003918
102 76 0.02570018358404008
102 62 0.10027627602493186
102 89 0.03919532436590914
102 88 0.0984519241756181
102 63 0.055215980420532884
102 77 0.022081471057816437
102 49 0.039664855265509835
102 61 0.02242132967205973
102 75 0.019909215646383482
102 74 0.032831594033147754
102 60 0.021760383620663515
102 48 0.04110270412752495
102 64 0.04464561657009872
102 70 0.14257456607356347
102 58 0.41913167632333953
102 59 0.03327721170394379
102 71 0.05186880858595255
102 65 0.021825890594117353
102 73 0.021128453880455977
102 67 0.10555848222314536
102 66 0.07678320922149416
102 72 0.02631991386211338
102 57 0.20984845819332426
102 94 0.11223278028805567
102 80 0.05424117376976326
102 81 0.12224043310898002
102 95 0.03510892136165711
102 56 0.07894684153414801
102 68 0.21416047380103653
102 54 0.05031372638780093
102 83 0.032098490727721696
102 82 0.04778994771097017
102 55 0.05893478283367029
102 69 0.16326106322089837
102 51 0.02238995963872656
102 79 0.037521799507774484
102 86 0.029272312012460056
102 92 0.10829770929261412
102 93 0.0987903018733778
102 87 0.10172185962250659
102 78 0.1100086082240547
102 50 0.03854643242500036
102 52 0.015542589276301005
102 46 0.06597408926566624
102 91 0.09917937245494018
102 85 0.09074614484303796
102 84 0.024607168639814686
102 90 0.09235637683765875
102 47 0.06523874847502781
102 53 0.02486324805703935
106 76 0.0734184917755795
106 62 0.1244108979024989
106 89 0.05994786699961113
106 88 0.1434074115886862
106 63 0.07496272587680279
106 77 0.02980969869830899
106 49 0.05529019151697029
106 61 0.04048213604040424
106 75 0.030778950095975005
106 74 0.04401253731655266
106 60 0.03707808975370247
106 48 0.05691269607157229
106 64 0.06198811316794506
106 70 0.18514902711030337
106 58 0.46676815290895557
106 59 0.058338077028016605
106 71 0.06170488709781488
106 65 0.033959514328960605
106 73 0.03308619528317222
106 67 0.14397644722722494
106 66 0.12127554002615988
106 72 0.09009783046953046
106 57 0.25202094677826103
106 94 0.1569460978189645
106 80 0.06364092285714967
106 81 0.16183338774274045
106 95 0.0547680203830338
106 56 0.13000146127971768
106 68 0.2789447911597973
106 54 0.06872794572514611
106 83 0.04672644762687503
106 82 0.09771855924342139
106 55 0.1518385016473298
106 69 0.2131618386487482
106 51 0.033498248811510395
106 79 0.05523451119255948
106 86 0.04172002980555767
106 92 0.1580326912987119
106 93 0.1426870605060624
106 87 0.14490923883796655
106 78 0.15700541696216633
106 50 0.05583428164383525
106 52 0.02865950507028095
106 46 0.09021685137689699
106 91 0.14397212030975814
106 85 0.1289056184491903
106 84 0.038358017886218065
106 90 0.13255621319276042
106 47 0.08900732671813671
106 53 0.038379716672436115
112 76 0.09756306919912014
112 62 0.18835738528302626
112 89 0.11266583241461042
112 88 0.2321164516131562
112 63 0.1319204049729803
112 77 0.06353350867022473
112 49 0.10032883753584562
112 61 0.08179693062398755
112 75 0.07093418036987385
112 74 0.09482572054610008
112 60 0.07770913167282649
112 48 0.1037329357745179
112 64 0.11293358387309149
112 70 0.2764676804764057
112 58 0.6018725545973593
112 59 0.11063958652954228
112 71 0.11263169645799889
112 65 0.07493275181201377
112 73 0.07268700880566241
112 67 0.2241755750459462
112 66 0.19624350839373436
112 72 0.08682249950267039
112 57 0.3446798361470025
112 94 0.24473064909906528
112 80 0.11460224586452332
112 81 0.2486949111647977
112 95 0.10711121912158096
112 56 0.2182880246740646
112 68 0.3999952392798568
112 54 0.12288861933724529
112 83 0.0920198177082754
112 82 0.11799238685667453
112 55 0.2976047656751322
112 69 0.3187575319422753
112 51 0.07141727962406093
112 79 0.10608729844999266
112 86 0.07948808902867277
112 92 0.25273557852971473
112 93 0.23128782305159884
112 87 0.2351490111338784
112 78 0.2508252585435071
112 50 0.10233147306434583
112 52 0.0665106846942498
112 46 0.1546898390561899
112 91 0.23074287046752323
112 85 0.21478943170895512
112 84 0.08248369717863951
112 90 0.21698374394001446
112 47 0.1486780506886642
112 53 0.07708671294593294
113 76 0.11675313950616692
113 62 0.22900005329568324
113 89 0.20798634208096203
113 88 0.4980076104570158
113 63 0.18424651685934593
113 77 0.12649704295890668
113 49 0.1288183384130907
113 61 0.09414463066330525
113 75 0.08265124159215416
113 74 0.1244353660542553
113 60 0.09218928161934148
113 48 0.1405910664455554
113 64 0.15796701207632693
113 70 0.4161805973017698
113 58 0.5420216239750559
113 59 0.12080369424323682
113 71 0.13982242213234503
113 65 0.08862075494790973
113 73 0.08737338817950223
113 67 0.4455398296489498
113 66 0.37360609724915994
113 72 0.12697793787990883
113 57 0.4618079096802321
113 94 0.625136846635236
113 80 0.14405950083660465
113 81 0.3744562615213797
113 95 0.1706674090543111
113 56 0.4167773556081381
113 68 0.7420162775510464
113 54 0.17325832993677562
113 83 0.23528337092043566
113 82 0.15471961523578198
113 55 0.2578107290221739
113 69 0.497249371646728
113 51 0.08500126495463378
113 79 0.18258771271848284
113 86 0.1014407393719511
113 92 0.6317546158446927
113 93 0.5458317260936404
113 87 0.4770628485711472
113 78 0.4493088572916597
113 50 0.12346260949269978
113 52 0.07161613162983789
113 46 0.355797066043978
113 91 0.5392751289197883
113 85 0.5284991221762726
113 84 0.12366353861376776
113 90 0.5373214025147695
113 47 0.22552677617881708
113 53 0.09429827853362797
107 76 0.028135534584661864
107 62 0.030418547651792777
107 89 0.025953292297711955
107 88 0.07857874536235236
107 63 0.023664393333641648
107 77 0.007104651494396874
107 49 0.025114673091069906
107 61 0.018069787047366975
107 75 0.008226670881815862
107 74 0.014426076219882511
107 60 0.01451504333309983
107 48 0.020846190677670934
107 64 0.020079306459106244
107 70 0.06266079155603485
107 58 0.05045366321331027
107 59 0.03089331988216401
107 71 0.02922508037450769
107 65 0.011863724689515937
107 73 0.009975661866944985
107 67 0.11941130553005772
107 66 0.1941072391940157
107 72 0.011862691107103057
107 57 0.13059948921472092
107 94 0.08550575257369579
107 80 0.031014498430659898
107 81 0.060455950044352225
107 95 0.02663808852562044
107 56 0.4364047997225712
107 68 0.4248300491175466
107 54 0.0225930575944219
107 83 0.01799644649546908
107 82 0.0248447197867947
107 55 0.03245877409640968
107 69 0.07485946934717479
107 51 0.013151488616701734
107 79 0.024657726009394115
107 86 0.019090855265952278
107 92 0.08871063778191397
107 93 0.08015767494509132
107 87 0.07789284975350685
107 78 0.07643508764236115
107 50 0.028285390367724705
107 52 0.010754405217911434
107 46 0.036147977788043906
107 91 0.0837323121409046
107 85 0.06921018406863354
107 84 0.009911700065126094
107 90 0.07214059872278807
107 47 0.036123030574020526
107 53 0.014885149540224268
139 76 0.10933538775103466
139 62 0.08492260210147626
139 89 0.09696320518172172
139 88 0.24035512111953505
139 63 0.08258201782395404
139 77 0.0426232804434607
139 49 0.06805217475609862
139 61 0.08364500226432857
139 75 0.037667221581517946
139 74 0.059175226869456754
139 60 0.04670077979812101
139 48 0.06775040021524088
139 64 0.07145801990599848
139 70 0.23200077541406797
139 58 0.12462002587997717
139 59 0.12580289088888255
139 71 0.07021735653269048
139 65 0.040131337730228894
139 73 0.0411765585800169
139 67 0.2151171707828801
139 66 0.29980394217790857
139 72 0.048862922007409354
139 57 0.22504542473332864
139 94 0.34654287037749654
139 80 0.07280973812971137
139 81 0.1751209027272247
139 95 0.07981697162543966
139 56 0.16233170605267935
139 68 0.3481256193809732
139 54 0.10864776050812179
139 83 0.06952203257223291
139 82 0.1227142274007415
139 55 0.09660080294856765
139 69 0.20969299050633045
139 51 0.04318703065149565
139 79 0.09217003866826176
139 86 0.05383658720861814
139 92 0.3530366970346147
139 93 0.3059894222687356
139 87 0.23959140572630883
139 78 0.21279049293175106
139 50 0.06756079755284984
139 52 0.03962967912895382
139 46 0.1327808388692185
139 91 0.30187178335139764
139 85 0.28579582565178374
139 84 0.045589202204033286
139 90 0.2918474571826687
139 47 0.10809642453201912
139 53 0.04910462789240849
111 76 0.21369701570003224
111 62 0.31286717164492744
111 89 0.25416570842979
111 88 0.5197218270449347
111 63 0.2390810300636423
111 77 0.13259854732095455
111 49 0.19736477805552546
111 61 0.17916000686872144
111 75 0.1455561889715327
111 74 0.18608730387293218
111 60 0.1658543228645553
111 48 0.2001026522322843
111 64 0.21098956895567764
111 70 0.5415023009408702
111 58 0.6698653576089002
111 59 0.23776300465011246
111 71 0.1991708953629338
111 65 0.15746989327465782
111 73 0.15128074025525268
111 67 0.4974850125679515
111 66 0.48202010131615525
111 72 0.1714613073908481
111 57 0.5464574993715925
111 94 0.5873930398710815
111 80 0.20099190710298956
111 81 0.446003683023952
111 95 0.23040751327239525
111 56 0.4173419107551184
111 68 0.8338806733046971
111 54 0.22510616319647087
111 83 0.18242229931081644
111 82 0.22193791678258074
111 55 0.3946544984868848
111 69 0.6708346368805919
111 51 0.14922817985994583
111 79 0.26151126887431136
111 86 0.1637333113761874
111 92 0.6166397481742166
111 93 0.5438471636056499
111 87 0.5207002830456979
111 78 0.6489532340487868
111 50 0.20217998915489668
111 52 0.15186615427106245
111 46 0.3034463101275716
111 91 0.5404763433505696
111 85 0.5227526199684281
111 84 0.1649793623234127
111 90 0.5266526973870516
111 47 0.2794402352943819
111 53 0.15633028373936117
105 76 0.10437302670647296
105 62 0.12754767289810381
105 89 0.09463008364749598
105 88 0.19767328964716735
105 63 0.10556210819386824
105 77 0.06610335682041373
105 49 0.1918761017143404
105 61 0.08111118627277222
105 75 0.06086405641671147
105 74 0.085130827650092
105 60 0.07383898531345524
105 48 0.1222751878233132
105 64 0.09281993423221276
105 70 0.17214931934700348
105 58 0.15777726981636558
105 59 0.10553346217150979
105 71 0.3419392615182614
105 65 0.06482017170136875
105 73 0.06475176749392386
105 67 0.2901822615320337
105 66 0.249091324531915
105 72 0.07188332147239572
105 57 0.381990278237036
105 94 0.224106670942561
105 80 0.36896680761969103
105 81 0.16667749939864815
105 95 0.10831186714571399
105 56 0.329427573999971
105 68 0.505561655906653
105 54 0.09847684807862747
105 83 0.20813539748180415
105 82 0.10419133270677569
105 55 0.10345732437514875
105 69 0.23572479215385772
105 51 0.11602721452910118
105 79 0.09430989192833558
105 86 0.16908680478755894
105 92 0.2222131058552711
105 93 0.20126117134399485
105 87 0.19785364039032122
105 78 0.252069622175151
105 50 0.19185804884175714
105 52 0.06520030122260276
105 46 0.12695894057743023
105 91 0.20561791709158045
105 85 0.1874875700277513
105 84 0.06911403227924598
105 90 0.1907736648299067
105 47 0.12792508606640488
105 53 0.07569414643595153
104 76 0.03981169731098738
104 62 0.16794826081829625
104 89 0.062427961669832666
104 88 0.14688460899303235
104 63 0.0868433354121676
104 77 0.033107898394011404
104 49 0.05576164425329275
104 61 0.03442339099303557
104 75 0.033331814981865826
104 74 0.05142133296474183
104 60 0.034942106816937935
104 48 0.06233644815745104
104 64 0.07073201127966645
104 70 0.2316325837565698
104 58 0.7392084053943326
104 59 0.04706525955643942
104 71 0.06835784155191531
104 65 0.03735243688043888
104 73 0.034874407778209965
104 67 0.15632508254784444
104 66 0.11060817093234271
104 72 0.04327778170819624
104 57 0.33771321025140677
104 94 0.16176874645918607
104 80 0.07082306371585813
104 81 0.19696944347671552
104 95 0.051396454220942966
104 56 0.13614548073973648
104 68 0.3328731533920781
104 54 0.07989598502094536
104 83 0.049530364699342105
104 82 0.07457363274273096
104 55 0.1567727643673187
104 69 0.26626459935962854
104 51 0.03402301182663023
104 79 0.056298441259407084
104 86 0.042308076528866784
104 92 0.15814557777918808
104 93 0.14640438199142952
104 87 0.15179702937602207
104 78 0.167862702808777
104 50 0.0552457824651684
104 52 0.024146117396080524
104 46 0.10063277886175839
104 91 0.14648860195287677
104 85 0.13089314123681434
104 84 0.040106462419135874
104 90 0.1358810954782722
104 47 0.09916869744623048
104 53 0.03895409810038203
110 76 0.05786369189227461
110 62 0.1679210116119687
110 89 0.19341668166378523
110 88 0.34107453386608344
110 63 0.09457611882574825
110 77 0.19877854507221915
110 49 0.08749158813051773
110 61 0.03886071818333958
110 75 0.03560090611415995
110 74 0.08360385045750814
110 60 0.09558360309287697
110 48 0.09980539583805344
110 64 0.07687929640881848
110 70 0.2559865147651049
110 58 0.3905651316668031
110 59 0.055105350985935386
110 71 0.20135620007468524
110 65 0.03685188746479648
110 73 0.03641338533967592
110 67 0.23865621709663817
110 66 0.17825256256002323
110 72 0.13890479508250098
110 57 0.30601337902654246
110 94 0.34169594427414973
110 80 0.2049482208557206
110 81 0.27794345126861814
110 95 0.10904668545655191
110 56 0.20360796330744035
110 68 0.4555384395973484
110 54 0.11739211708729126
110 83 0.05387742490923117
110 82 0.17049265075424572
110 55 0.16301543235671723
110 69 0.4375503047712319
110 51 0.03503360473412731
110 79 0.16905489012440267
110 86 0.04235053389503321
110 92 0.34880226323013197
110 93 0.3936709904166029
110 87 0.29513499076270344
110 78 0.33815814027322955
110 50 0.05976273192730555
110 52 0.025255934282472497
110 46 0.18461610161431
110 91 0.3180822040319221
110 85 0.30448473810315196
110 84 0.04500598345635243
110 90 0.30921967891617125
110 47 0.15827042563245258
110 53 0.05094218654321708
138 76 0.15967733164054046
138 62 0.20138105998399825
138 89 0.1689449006218851
138 88 0.3751592095692699
138 63 0.14896112806439518
138 77 0.12604089751458433
138 49 0.13103100327447947
138 61 0.11214761446867139
138 75 0.08580163325215892
138 74 0.12377759571032752
138 60 0.10121738050772472
138 48 0.13002298529758727
138 64 0.13527378211830127
138 70 0.33535734128590355
138 58 0.18684647062428467
138 59 0.1474949024571045
138 71 0.12922006329445979
138 65 0.08701657560028354
138 73 0.09118053635543553
138 67 0.3674668519843526
138 66 0.4136615686767757
138 72 0.17976601658857314
138 57 0.35033114980805
138 94 0.44795245939150286
138 80 0.13256311368616208
138 81 0.28268024894175026
138 95 0.16208087766404447
138 56 0.31045648063216824
138 68 0.6224955314943893
138 54 0.14430906434644808
138 83 0.1374912590858398
138 82 0.159290656739741
138 55 0.15352378921131402
138 69 0.34938196156034373
138 51 0.0931739994650848
138 79 0.1630253333297868
138 86 0.10695056465593042
138 92 0.45752148491573796
138 93 0.3985549867281566
138 87 0.3852674056158148
138 78 0.3592233129783542
138 50 0.13074687076850477
138 52 0.08942202576771933
138 46 0.23351319705299706
138 91 0.4024486588005192
138 85 0.3783337752862006
138 84 0.09741451943206816
138 90 0.3863271358338568
138 47 0.22137806057258577
138 53 0.16444410113890545
140 76 0.12155825797847314
140 62 0.09334897916714938
140 89 0.08608299879652645
140 88 0.20737746920284955
140 63 0.09228608957238846
140 77 0.034054827815801075
140 49 0.09493408943069645
140 61 0.0744644965090707
140 75 0.03619050279366223
140 74 0.06227959655800261
140 60 0.04475678431831265
140 48 0.057712175916574904
140 64 0.059884744434727966
140 70 0.2309941434551797
140 58 0.1353052454054319
140 59 0.08832516044263206
140 71 0.0618954424642125
140 65 0.03964826839033064
140 73 0.03844756114619974
140 67 0.2002749768094653
140 66 0.27401686432812095
140 72 0.04651812061896918
140 57 0.25013016369472785
140 94 0.2493089357282999
140 80 0.06358131361413946
140 81 0.16398749781244062
140 95 0.07483308189959519
140 56 0.13521943650113358
140 68 0.35678600851954
140 54 0.06491904830274353
140 83 0.05034896328683433
140 82 0.1146235259141244
140 55 0.09562613554138553
140 69 0.2583025847478403
140 51 0.04114012815050161
140 79 0.0745446411616122
140 86 0.04809632684876183
140 92 0.2599940225051356
140 93 0.22449824075066022
140 87 0.2101832780965009
140 78 0.2756864881568399
140 50 0.09801697933817347
140 52 0.0384695726001108
140 46 0.09944163956714307
140 91 0.22670971000498702
140 85 0.2151530533834006
140 84 0.05245300040472614
140 90 0.21885974519634727
140 47 0.09720243481776132
140 53 0.043437681389401295
135 76 0.11107977725373924
135 62 0.27247280271303864
135 89 0.12311096998435715
135 88 0.32730040716236286
135 63 0.14511840065908593
135 77 0.23008820829592563
135 49 0.3529533573871074
135 61 0.06251646036113037
135 75 0.32613679900491477
135 74 0.1951710051597354
135 60 0.06076034756139437
135 48 0.3839121268102129
135 64 0.12190213055089631
135 70 0.2568367830918293
135 58 0.20420006393398643
135 59 0.07512032820594891
135 71 0.2646999666787453
135 65 0.05619513036781576
135 73 0.23358632998977727
135 67 0.3567680699009522
135 66 0.22997095640520143
135 72 0.08768303021804831
135 57 0.3891509341479079
135 94 0.4272643113029032
135 80 0.2836994973132781
135 81 0.3303498718391644
135 95 0.15020362341263555
135 56 0.3697821896372978
135 68 0.5550903384062328
135 54 0.16398240124161542
135 83 0.476988456105796
135 82 0.126384196805103
135 55 0.1392041798099822
135 69 0.3020879340564227
135 51 0.15288413986716334
135 79 0.225947292452907
135 86 0.12759063100707946
135 92 0.41112050151640084
135 93 0.3630439440750065
135 87 0.3718644828223448
135 78 0.3442603456059859
135 50 0.15509093797715184
135 52 0.04594141851653538
135 46 0.37476732523027056
135 91 0.37300248905533007
135 85 0.3513313483815092
135 84 0.15055786524069942
135 90 0.36193685149795
135 47 0.2835796761427304
135 53 0.2752681741254021
121 76 0.11150839827654868
121 62 0.12737612694606282
121 89 0.10150862341113781
121 88 0.35738903928497723
121 63 0.15677842705424155
121 77 0.06577439475585112
121 49 0.1554858391665466
121 61 0.03241957570195636
121 75 0.02444332621126155
121 74 0.0852049078367568
121 60 0.07533939157680788
121 48 0.12733623792824925
121 64 0.1208890946736225
121 70 0.21968811400424154
121 58 0.11682922875051845
121 59 0.043823614508783276
121 71 0.337344583881634
121 65 0.07159881208902126
121 73 0.027410372896939234
121 67 0.366448529466898
121 66 0.2203833046720662
121 72 0.05831768685445643
121 57 0.41510664221042815
121 94 0.4378953013885068
121 80 0.36639360744307176
121 81 0.15995846368701747
121 95 0.10700402374789181
121 56 0.21301797596277852
121 68 0.4706687266042484
121 54 0.14043062749862
121 83 0.29974523277231224
121 82 0.08348365081059993
121 55 0.17612442649682464
121 69 0.40265981521037525
121 51 0.09850267483620632
121 79 0.0987004859497724
121 86 0.1334579321414396
121 92 0.5430102260559957
121 93 0.37853794710032607
121 87 0.2821808942218802
121 78 0.5033567675502145
121 50 0.15104705451486605
121 52 0.019267963703367003
121 46 0.17016093281477504
121 91 0.36788026812460806
121 85 0.357894866962618
121 84 0.03244367858800118
121 90 0.36486014262482835
121 47 0.22281522546537058
121 53 0.04866375469824388
109 76 0.08678184030799828
109 62 0.1471848811561604
109 89 0.09923460850545122
109 88 0.26776428781402717
109 63 0.0900100353512803
109 77 0.16672804453910192
109 49 0.08829633569729003
109 61 0.04559015518668744
109 75 0.039620323802344926
109 74 0.11261823165182096
109 60 0.04402317311250345
109 48 0.08232568738066742
109 64 0.11651261014433743
109 70 0.29613580569479925
109 58 0.40766737406335235
109 59 0.06687592585285246
109 71 0.07331080105240739
109 65 0.042194555207398676
109 73 0.04028943833916898
109 67 0.25617494623408804
109 66 0.20970277719901348
109 72 0.08916354018269229
109 57 0.2963744185080402
109 94 0.3341247907263805
109 80 0.07492641841603496
109 81 0.2900477144634923
109 95 0.10448828752275012
109 56 0.17903323308348976
109 68 0.45962985414302293
109 54 0.08252831232142052
109 83 0.05594102998669301
109 82 0.08753960396656574
109 55 0.16109652328430657
109 69 0.35746651396491164
109 51 0.04002637546872309
109 79 0.17666301373123114
109 86 0.045093337446009324
109 92 0.3474639571585811
109 93 0.305490612930834
109 87 0.27463355483169355
109 78 0.3570619374986932
109 50 0.06371773252970767
109 52 0.0342464564680342
109 46 0.18502736391751853
109 91 0.3163537864582248
109 85 0.3037953527727039
109 84 0.44131388659832393
109 90 0.30735768578019584
109 47 0.10943262000421763
109 53 0.05286252353891205
108 76 0.21688193655461813
108 62 0.34235738331504983
108 89 0.2677043512119807
108 88 0.561393911177022
108 63 0.27265058591181734
108 77 0.19259632964510834
108 49 0.21483200026136173
108 61 0.17763358545052843
108 75 0.14946650860312582
108 74 0.19973800061201158
108 60 0.1679357967394958
108 48 0.22367061199314142
108 64 0.23761153419440295
108 70 0.5284234802954179
108 58 0.7454760098034271
108 59 0.22776218699028639
108 71 0.22137152127826082
108 65 0.16263856823400008
108 73 0.15744684811051132
108 67 0.5147446916515659
108 66 0.4687393509692621
108 72 0.20682519131588528
108 57 0.6251521604793685
108 94 0.6527620266419587
108 80 0.22570895801445762
108 81 0.5185302154033206
108 95 0.2472391531059437
108 56 0.49593033426896804
108 68 0.900833308370472
108 54 0.29999694674290356
108 83 0.1944075443482587
108 82 0.24793839185621352
108 55 0.37059394672700846
108 69 0.6107180967797868
108 51 0.15584665662933364
108 79 0.3078040754574526
108 86 0.17853514959727038
108 92 0.6638004593430451
108 93 0.5868607620045183
108 87 0.557896867568078
108 78 0.5529955132191849
108 50 0.21266560970312817
108 52 0.14861859043515158
108 46 0.35954166554831074
108 91 0.5834205734743997
108 85 0.5587468683341787
108 84 0.16913954730716407
108 90 0.5678292396218478
108 47 0.32014781160457695
108 53 0.16615749630432455
120 76 0.01130077048312067
120 62 0.15113238777622826
120 89 0.061261241937649646
120 88 0.19090568293503618
120 63 0.04535103532853946
120 77 0.22944967500157568
120 49 0.028150844689695087
120 61 0.010375133230341838
120 75 0.039432111915112616
120 74 0.021412636225725035
120 60 0.010708032955081687
120 48 0.030036559767832982
120 64 0.03523128348720708
120 70 0.12640261755045712
120 58 0.07235388835127776
120 59 0.01870327896564941
120 71 0.03982886879021996
120 65 0.007625254500561673
120 73 0.007522779273570507
120 67 0.1657350430537009
120 66 0.13412868701527453
120 72 0.010797369401800871
120 57 0.1187234635930144
120 94 0.2559355401442603
120 80 0.04259732637628935
120 81 0.10478189749103732
120 95 0.039283620859059704
120 56 0.11619536259864577
120 68 0.23329162898184597
120 54 0.0411106687791542
120 83 0.037152610052651025
120 82 0.034194346699883055
120 55 0.2303375025512154
120 69 0.15168282498002356
120 51 0.0430863312665849
120 79 0.04317850847273372
120 86 0.017474443085006203
120 92 0.2560473557000745
120 93 0.21795302219248977
120 87 0.22088831214610086
120 78 0.19945145597872393
120 50 0.08148713732901716
120 52 0.0
120 46 0.0788586132871767
120 91 0.21676527095246578
120 85 0.21139792018445097
120 84 0.0830080584657246
120 90 0.21578609583523906
120 47 0.10563001622938024
120 53 0.33016344619669546
134 76 0.08109163794607394
134 62 0.17935006633367662
134 89 0.06734827441817022
134 88 0.16920030066142963
134 63 0.10223591729082317
134 77 0.0516938745902879
134 49 0.3061320780635511
134 61 0.042573481474051655
134 75 0.3163274701592208
134 74 0.12055683982327485
134 60 0.041787383096626746
134 48 0.29159309228238994
134 64 0.08417293743097143
134 70 0.15603307221244925
134 58 0.15782931896412064
134 59 0.04941677774242756
134 71 0.38489031500617255
134 65 0.03727920975469562
134 73 0.21851104734827934
134 67 0.2793603787069565
134 66 0.13005980477118706
134 72 0.04809003625953173
134 57 0.3481458665830971
134 94 0.20665749865091254
134 80 0.4174180737095854
134 81 0.14617565715070258
134 95 0.06959779400422167
134 56 0.14726646883072675
134 68 0.3920516218904906
134 54 0.1236228742727516
134 83 0.2918168778127785
134 82 0.09233608575075172
134 55 0.2190077253998871
134 69 0.20119017226515304
134 51 0.13319569217291685
134 79 0.07158798407732311
134 86 0.15696830574521226
134 92 0.1869710855472528
134 93 0.17258433811160012
134 87 0.2261262047337576
134 78 0.19683937650830294
134 50 0.17682649730773395
134 52 0.4330715217761686
134 46 0.21199051425106652
134 91 0.1733473243535359
134 85 0.15381526384532435
134 84 0.09260459253205977
134 90 0.1616705186345428
134 47 0.22449115110074264
134 53 0.3524172101530917
122 76 0.06781063038324221
122 62 0.12683183023565142
122 89 0.11265216181308847
122 88 0.29100909546600384
122 63 0.1035947361279409
122 77 0.04924852606695326
122 49 0.24931380134183853
122 61 0.04616013709700656
122 75 0.03759305382105774
122 74 0.07864525569542827
122 60 0.045718481583681164
122 48 0.1321628486559923
122 64 0.08387271331426878
122 70 0.2053408216224822
122 58 0.14037787883064376
122 59 0.057950748583188744
122 71 0.5290776588527192
122 65 0.040240587114180576
122 73 0.040859293423640225
122 67 0.44961252481150915
122 66 0.2173733826255135
122 72 0.04670138898357509
122 57 0.48293064800078067
122 94 0.38203109283033826
122 80 0.5777758904666683
122 81 0.17901081858465004
122 95 0.10607431459755787
122 56 0.18323979280098435
122 68 0.562390480189638
122 54 0.09287477444368834
122 83 0.2985984701496275
122 82 0.08895975401389283
122 55 0.10304373279706938
122 69 0.3187800631515251
122 51 0.13102075854589582
122 79 0.08854799793801484
122 86 0.2213949793727256
122 92 0.3750897849320147
122 93 0.3243426279773589
122 87 0.2804440432592773
122 78 0.3458039154495971
122 50 0.2439509232946864
122 52 0.03034529387420193
122 46 0.1456143045618225
122 91 0.32297849120394045
122 85 0.7308342552083782
122 84 0.04655221411198607
122 90 0.32144768217884717
122 47 0.13083100978827072
122 53 0.052717121473464634
136 76 0.05081494011461271
136 62 0.12886684853050726
136 89 0.04917091115145389
136 88 0.16824425448113273
136 63 0.07524768468716236
136 77 0.25665110268372066
136 49 0.16589084645920182
136 61 0.07098798180448647
136 75 0.0198633394720244
136 74 0.11866528964032394
136 60 0.027313838086746034
136 48 0.17434742663658198
136 64 0.05915286220638655
136 70 0.16311384026815312
136 58 0.1338114024712339
136 59 0.04543864827963434
136 71 0.05442787368787089
136 65 0.0259398405342553
136 73 0.024203215744627443
136 67 0.14448258164743466
136 66 0.11190786789938192
136 72 0.05997302512655492
136 57 0.22645349165720602
136 94 0.21881631459058504
136 80 0.05719108767732134
136 81 0.3450085097750811
136 95 0.08978799418651424
136 56 0.23000778191857554
136 68 0.3280809431305508
136 54 0.10972079862947365
136 83 0.03867842488584977
136 82 0.06483866680480468
136 55 0.07469101067689944
136 69 0.13769821251518313
136 51 0.025668308455469246
136 79 0.3736411519240179
136 86 0.03810603318446465
136 92 0.21471306289041658
136 93 0.19242392737364164
136 87 0.17725611003117964
136 78 0.19377347338057732
136 50 0.047845457359096816
136 52 0.018904461139710838
136 46 0.1926536657423253
136 91 0.21161329836621617
136 85 0.19172867357688042
136 84 0.04737712211541234
136 90 0.1972987707945
136 47 0.23382666292118678
136 53 0.042218013280150735
137 76 0.2308227629128232
137 62 0.2247289487214537
137 89 0.20985556760788948
137 88 0.4254832442316158
137 63 0.17348079388781543
137 77 0.11151285904481606
137 49 0.16894605158082515
137 61 0.17061211133591406
137 75 0.11949083182820702
137 74 0.14727056547704587
137 60 0.1495176513907103
137 48 0.16053089301817944
137 64 0.15999997489604656
137 70 0.35871678417059005
137 58 0.2405902618644701
137 59 0.23285759737273448
137 71 0.15189263699184663
137 65 0.1332139165906036
137 73 0.12732227227423829
137 67 0.38481773080561177
137 66 0.4882619757916127
137 72 0.13894842857511958
137 57 0.39626996726610564
137 94 0.48362204221863103
137 80 0.15263267492825655
137 81 0.33904065375791753
137 95 0.2020031576741019
137 56 0.34671261829881184
137 68 0.6286236209964687
137 54 0.16608669710225113
137 83 0.1498648812239113
137 82 0.17454422145119836
137 55 0.20308464337494359
137 69 0.4110320359819947
137 51 0.13139936667656224
137 79 0.24856286572660796
137 86 0.1449668016148269
137 92 0.5179731837819266
137 93 0.44817215065421157
137 87 0.4048988326662488
137 78 0.42463924476998594
137 50 0.1764742992667637
137 52 0.14578654001072994
137 46 0.2322956989694661
137 91 0.45013298466354545
137 85 0.4367151842576903
137 84 0.13380961452608045
137 90 0.4381699861856108
137 47 0.2143114488151124
137 53 0.13219215872742437
123 76 0.06409507309693369
123 62 0.12256590137037582
123 89 0.1032473380728156
123 88 0.2661642852605297
123 63 0.1067068403155633
123 77 0.05864678096817
123 49 0.20743589520622735
123 61 0.05064882847257049
123 75 0.04175644685044386
123 74 0.0699988510372041
123 60 0.04950181921748556
123 48 0.12370000221007818
123 64 0.09004134923775894
123 70 0.19375808196817143
123 58 0.14854134626952803
123 59 0.058840832673084514
123 71 0.41379506035699404
123 65 0.04305554358773653
123 73 0.04538106143305112
123 67 0.37740002503821024
123 66 0.2008967969709799
123 72 0.05265996664556308
123 57 0.4533022102359464
123 94 0.7237244090226107
123 80 0.4505259518203435
123 81 0.16934367568559594
123 95 0.09703133952402117
123 56 0.2082327444523729
123 68 0.4830084075363804
123 54 0.09931589806591617
123 83 0.2358406827149115
123 82 0.09841023781685132
123 55 0.0985875690106884
123 69 0.2769981570337654
123 51 0.11058370030743117
123 79 0.08441554129327955
123 86 0.18030628125128134
123 92 0.33126575727091223
123 93 0.29137026964793383
123 87 0.2622354511873814
123 78 0.33755043585177397
123 50 0.20128637903915608
123 52 0.033915471097893835
123 46 0.14537913094195565
123 91 0.29376859588129167
123 85 0.2727470115274303
123 84 0.05170057230573141
123 90 0.2828796796283103
123 47 0.13753469790854056
123 53 0.06056127285971655
127 76 0.23888388073474262
127 62 0.26869511404986846
127 89 0.24584982756055107
127 88 0.540800346465788
127 63 0.22799714112305547
127 77 0.1944667304710836
127 49 0.3002265176872428
127 61 0.1595258727371951
127 75 0.12750056903773044
127 74 0.19192874321416054
127 60 0.14889451658979955
127 48 0.22828192280689238
127 64 0.2012623197765554
127 70 0.4323076505085384
127 58 0.305802843010214
127 59 0.2023663752966653
127 71 0.4692098592275812
127 65 0.13460830460346845
127 73 0.13502015772619624
127 67 0.5872273201001569
127 66 0.4536423437668782
127 72 0.19058103334358817
127 57 0.6319851607022253
127 94 0.6553290326676654
127 80 0.5015141830004848
127 81 0.4416654417649635
127 95 0.24999017353496825
127 56 0.461283232936595
127 68 0.9520487757484047
127 54 0.27329872737807126
127 83 0.1889904440826477
127 82 0.21596974265571567
127 55 0.2529043796040885
127 69 0.52015533142937
127 51 0.32592174404304053
127 79 0.3033474676046178
127 86 0.26218692091232365
127 92 0.6606109508413819
127 93 0.5782049177076476
127 87 0.5966471575561382
127 78 0.5266883131733127
127 50 0.47246364392029305
127 52 0.13108031056045702
127 46 0.3763929586619679
127 91 0.5819131269955929
127 85 0.5511768670218418
127 84 0.14394858595039267
127 90 0.5627771791618407
127 47 0.2824891839148768
127 53 0.15127926073860834
133 76 0.030778385659875646
133 62 0.2940548416397754
133 89 0.06831484547519041
133 88 0.21857503459707175
133 63 0.12561628432369254
133 77 0.253086276439005
133 49 0.42381830504328877
133 61 0.0812664782139181
133 75 0.03119012724775916
133 74 0.14719946808778755
133 60 0.03814477856836293
133 48 0.29064926077063086
133 64 0.09817175166333314
133 70 0.19860201427696178
133 58 0.1932696061090877
133 59 0.04467056972440783
133 71 0.3040433026001834
133 65 0.03971752632577352
133 73 0.07418090893841174
133 67 0.29665666529881196
133 66 0.133899972099645
133 72 0.042509801788140594
133 57 0.42843932579190724
133 94 0.2925215378144144
133 80 0.3308594172778193
133 81 0.2744080935122644
133 95 0.0963351764780293
133 56 0.22898449560287223
133 68 0.4188063067360838
133 54 0.15707491723058775
133 83 0.12545149649631487
133 82 0.2223774218183876
133 55 0.11866883747305464
133 69 0.16447441052231457
133 51 0.07950693706447509
133 79 0.362428024789274
133 86 0.13825975314555486
133 92 0.26826226756180416
133 93 0.24439789212998936
133 87 0.22978859303550897
133 78 0.22062641901197028
133 50 0.15182050114244056
133 52 0.022037728301267906
133 46 0.15857053744215785
133 91 0.2622520574696444
133 85 0.2379982226008908
133 84 0.13515448669487545
133 90 0.24772335907814283
133 47 0.3152527072776371
133 53 0.372052911749837
132 76 0.1519169459991901
132 62 0.21873239448375045
132 89 0.2464264610716287
132 88 0.5911879196113397
132 63 0.21615554804496118
132 77 0.1619451362621106
132 49 0.16082504718013432
132 61 0.11460247437270481
132 75 0.0968526334324985
132 74 0.14831330619460906
132 60 0.10966797584498295
132 48 0.1714448916264876
132 64 0.18701836793223012
132 70 0.43699907774174174
132 58 0.27135296587472485
132 59 0.1422433174428187
132 71 0.16718385474871506
132 65 0.10128869134432979
132 73 0.10479975815979323
132 67 0.5190116616198654
132 66 0.44826484838881553
132 72 0.15138106704011878
132 57 0.4478735067967471
132 94 0.8289238512316468
132 80 0.1729531029012171
132 81 0.4138243492498046
132 95 0.20120164791656597
132 56 0.46567393868180795
132 68 0.827341121414964
132 54 0.2519778778861228
132 83 0.28569538134768924
132 82 0.18975003173337243
132 55 0.22584183152177656
132 69 0.5066372458512052
132 51 0.10194537241218828
132 79 0.23254663714933144
132 86 0.12649354476334934
132 92 0.8311896019017067
132 93 0.7183957022942021
132 87 0.576909872434321
132 78 0.5096901929500481
132 50 0.14933596475459698
132 52 0.09073105405540449
132 46 0.44868055858240674
132 91 0.7030954397577555
132 85 0.6825415026372152
132 84 0.1476844954799813
132 90 0.6961165046960122
132 47 0.2720740935174466
132 53 0.11876900379717821
126 76 0.07343940500153172
126 62 0.12205335026621678
126 89 0.11917720759224586
126 88 0.3145344690829389
126 63 0.09682415189645555
126 77 0.049713451493795996
126 49 0.18651708931838273
126 61 0.04749986575802281
126 75 0.03619956639021385
126 74 0.08266097694652336
126 60 0.047387977727028074
126 48 0.10889173834841609
126 64 0.08066705012352277
126 70 0.21813031580409376
126 58 0.13556508623854993
126 59 0.056236724594100784
126 71 0.377009723499908
126 65 0.03978925345261519
126 73 0.0390537836790156
126 67 0.41959987003886023
126 66 0.2345616768376515
126 72 0.04638192794439061
126 57 0.40513466580072544
126 94 0.5457184359572671
126 80 0.41031794632254015
126 81 0.1820217940980404
126 95 0.09837499011134035
126 56 0.1950767596238927
126 68 0.5159449086628785
126 54 0.08846944682023972
126 83 0.3419294312777642
126 82 0.08413116842228029
126 55 0.10376754576520253
126 69 0.3405219348998132
126 51 0.0999897523117493
126 79 0.09110608841423032
126 86 0.16168560223361042
126 92 0.5457101310106814
126 93 0.47503278181681374
126 87 0.33219814950954485
126 78 0.3755723826925135
126 50 0.18353575969706995
126 52 0.028780201211699052
126 46 0.14483958783641332
126 91 0.4583989508956269
126 85 0.4499052590253354
126 84 0.04217052336762603
126 90 0.8211937395057212
126 47 0.1252101209162834
126 53 0.05222295704039234
118 76 0.07823083371904324
118 62 0.2406041149151894
118 89 0.046447756060407464
118 88 0.1336041152100262
118 63 0.11537492614177466
118 77 0.031180643777307393
118 49 0.3255083431730505
118 61 0.020492983581884477
118 75 0.020188102146222464
118 74 0.12149522140139886
118 60 0.022778796466599138
118 48 0.18647541792731373
118 64 0.06430734195121371
118 70 0.14718215512348765
118 58 0.3743535881879294
118 59 0.12832415841549286
118 71 0.22433700443834853
118 65 0.022021053130389434
118 73 0.04918296518665738
118 67 0.20751744822600648
118 66 0.09167968029630125
118 72 0.02857093263152824
118 57 0.3714153604559971
118 94 0.15939790871388337
118 80 0.24411073211105183
118 81 0.3034597002078724
118 95 0.04525312398889783
118 56 0.28583942609130153
118 68 0.3091223062856853
118 54 0.07379394773246742
118 83 0.16803796528836992
118 82 0.08817880992735304
118 55 0.14569744752346672
118 69 0.17705777564317987
118 51 0.13341444212452683
118 79 0.17094551594937238
118 86 0.0949562285017353
118 92 0.14262026848649162
118 93 0.13296128680989105
118 87 0.18983988036750807
118 78 0.13279495257960958
118 50 0.26166538425890673
118 52 0.01067386009530033
118 46 0.20955718527529577
118 91 0.1350653569575847
118 85 0.11482370862589868
118 84 0.11685278730808599
118 90 0.12202614398219604
118 47 0.3441887297870402
118 53 0.25916042871967815
130 76 0.03704203335884354
130 62 0.093042716069864
130 89 0.10170832327455052
130 88 0.27780662432804637
130 63 0.08165289295610033
130 77 0.031122213988038605
130 49 0.05276287383717845
130 61 0.03333789771993553
130 75 0.024758815252434258
130 74 0.043237775962311153
130 60 0.03174539240434168
130 48 0.05856154141633485
130 64 0.06871470773823161
130 70 0.20418006342372738
130 58 0.11487772036928091
130 59 0.04790165496092669
130 71 0.057625827621692244
130 65 0.027635851353483037
130 73 0.02776272923747522
130 67 0.23928136223732327
130 66 0.20369511920497876
130 72 0.03258969191524727
130 57 0.17443909160806637
130 94 0.3606764306519077
130 80 0.060271574910025216
130 81 0.1889006266374312
130 95 0.0709351143710194
130 56 0.22124858589791008
130 68 0.35703144438833534
130 54 0.12840874956544257
130 83 0.199764845843205
130 82 0.06460472799862985
130 55 0.09975853105045147
130 69 0.22517996434057863
130 51 0.027020743966657018
130 79 0.09602141319601601
130 86 0.03703216138616358
130 92 0.3642096424690663
130 93 0.3098760550590167
130 87 0.2769024179551349
130 78 0.22498963543541986
130 50 0.04876518213483627
130 52 0.02015245903823093
130 46 0.2796569434711126
130 91 0.306186050518673
130 85 0.30146923211606996
130 84 0.06808983769218888
130 90 0.3065740617742713
130 47 0.10749608957636027
130 53 0.03242526998418971
124 76 0.06351599391611493
124 62 0.11533900590458811
124 89 0.11238600146827905
124 88 0.30269591537230267
124 63 0.09601367847077454
124 77 0.04818093867533038
124 49 0.16927542190289818
124 61 0.040687088842536995
124 75 0.03426681126334907
124 74 0.07657307946789522
124 60 0.04061328882935558
124 48 0.10511007433487271
124 64 0.08075508028361364
124 70 0.20849089968561266
124 58 0.12731693234178362
124 59 0.050639970677984314
124 71 0.3342393720530905
124 65 0.03319454383945755
124 73 0.03702606344604173
124 67 0.38667315765383947
124 66 0.21905085542210495
124 72 0.04302951999734983
124 57 0.3730435567434982
124 94 0.3984314672514374
124 80 0.3638468595397596
124 81 0.17505539104709278
124 95 0.09687946147556002
124 56 0.1826697295580588
124 68 0.4807268726127829
124 54 0.0899344876618782
124 83 0.3062540748489452
124 82 0.08464672580761852
124 55 0.09584186219887161
124 69 0.3137086077319599
124 51 0.09067568826534331
124 79 0.08591958927170723
124 86 0.14612621799196657
124 92 0.39099431901124176
124 93 0.3373133139934118
124 87 0.2931487124093813
124 78 0.34535871035116905
124 50 0.16444650675308234
124 52 0.02557611528293391
124 46 0.14532538276282947
124 91 1.0
124 85 0.32119086225475624
124 84 0.041950704611100925
124 90 0.3307966711492548
124 47 0.12905004991966548
124 53 0.04937313647473768
125 76 0.07297855859790114
125 62 0.12612153339233662
125 89 0.1237167280078659
125 88 0.324097894304745
125 63 0.10312171916874908
125 77 0.04884964983017617
125 49 0.18260178251543166
125 61 0.04628674688789092
125 75 0.03877333825600254
125 74 0.08381978814398752
125 60 0.045891513964916086
125 48 0.11243405719307811
125 64 0.08612124679576105
125 70 0.22385295276213718
125 58 0.1430013854429187
125 59 0.05780775216120326
125 71 0.35949352900034104
125 65 0.04173089827051196
125 73 0.04222707019143812
125 67 0.4722439452105057
125 66 0.23751773927209627
125 72 0.04764056361027211
125 57 0.40187910143680594
125 94 0.42442219722021635
125 80 0.3911326163958532
125 81 0.1894863884289885
125 95 0.10386078349180151
125 56 0.29666200185113606
125 68 0.6217807973723528
125 54 0.09549674066717964
125 83 0.33410780147711583
125 82 0.08957618589431228
125 55 0.10809783760371702
125 69 0.3417299550678633
125 51 0.09760978469383721
125 79 0.09383362516788904
125 86 0.1583661307671972
125 92 0.42028157949832656
125 93 0.3623201897426794
125 87 0.31000387591300593
125 78 0.3746091665020989
125 50 0.17777558295162244
125 52 0.02987993972405273
125 46 0.153729502308318
125 91 0.36099273839082063
125 85 0.347531463881957
125 84 0.046370982839483293
125 90 0.3561966767354627
125 47 0.13521885306774062
125 53 0.05276922894676428
131 76 0.08853026706176374
131 62 0.21114781357600954
131 89 0.2037043293868125
131 88 0.6109369637869914
131 63 0.18565144131584324
131 77 0.07783103547692835
131 49 0.12083840182612346
131 61 0.08318580933311825
131 75 0.07393945488312198
131 74 0.11184508827630786
131 60 0.08298477128383204
131 48 0.13589569485972622
131 64 0.15522613079749864
131 70 0.41995090181076156
131 58 0.5498873349853313
131 59 0.1912602747610177
131 71 0.13307613117531303
131 65 0.08233904824141763
131 73 0.07914606302726171
131 67 0.4443135368737686
131 66 0.36694472879453344
131 72 0.08904453249880047
131 57 0.5185203912801136
131 94 0.6351048588284314
131 80 0.13746979133572906
131 81 0.3759876466283144
131 95 0.14856986230771763
131 56 0.26592967925026123
131 68 0.6774119219452636
131 54 0.21396878109534
131 83 0.10761319782554636
131 82 0.1507825628247375
131 55 0.20621554663225355
131 69 0.47756448592136613
131 51 0.0769175827980428
131 79 0.17694487655770685
131 86 0.09494490212530818
131 92 0.6392752349066506
131 93 0.550300749354916
131 87 0.5151834879405511
131 78 0.4254410321069865
131 50 0.11439251854541718
131 52 0.05970012298763572
131 46 0.2744887768515274
131 91 0.5422242789847873
131 85 0.5322579933389898
131 84 0.08754056810651693
131 90 0.5414462233043823
131 47 0.22646607852958447
131 53 0.08488140528652134
119 76 0.020305198382203626
119 62 0.12331562593266003
119 89 0.030575003095313857
119 88 0.12221172898735774
119 63 0.045534749991393036
119 77 0.1711454261125681
119 49 0.058622190383453676
119 61 0.048761565862411815
119 75 0.009351896679532234
119 74 0.10352322562490818
119 60 0.0127271734524452
119 48 0.04966361620830195
119 64 0.03431982303376474
119 70 0.16661079097208809
119 58 0.3814953546469195
119 59 0.07321832607549891
119 71 0.03304360374338369
119 65 0.013229309241083065
119 73 0.010461793834167898
119 67 0.11281004051170954
119 66 0.0724302149290646
119 72 0.016239142677449997
119 57 0.1794863180751674
119 94 0.15586028443998498
119 80 0.034533704846611
119 81 0.14061207799548847
119 95 0.055636084704486194
119 56 0.09373863677816838
119 68 0.2200858966220737
119 54 0.04013982214752185
119 83 0.020204119402137843
119 82 0.03613681005898081
119 55 0.10946482384697152
119 69 0.14764481568363114
119 51 0.011735306961530384
119 79 0.21551339972602437
119 86 0.016704818016410078
119 92 0.15965499725486876
119 93 0.14463469165893653
119 87 0.12329281479282246
119 78 0.14964274484054327
119 50 0.026628415833384628
119 52 0.006663485765887656
119 46 0.05556268920270979
119 91 0.16124816069441764
119 85 0.14677126998752021
119 84 0.0320648744820661
119 90 0.14973308815998315
119 47 0.05538883603179798
119 53 0.023778493828300162
