114 76 0.16428479345197122
114 62 0.22490695353141266
114 89 0.15870853328053677
114 88 0.3235127999133715
114 63 0.19459922273740868
114 77 0.05252906346433289
114 49 0.1119656273461552
114 61 0.052414450216277275
114 75 0.0806376866204774
114 74 0.22126526422581977
114 60 0.07790575395353364
114 48 0.12149998024050351
114 64 0.14742478619502486
114 70 0.32718214380884003
114 58 0.5558579846525615
114 59 0.13014131136237628
114 71 0.12351496547828929
114 65 0.06328405101242204
114 73 0.07598886202911875
114 67 0.31449277141024073
114 66 0.27436867709088364
114 72 0.12804883731616096
114 57 0.3300458704047682
114 94 0.4026385095865272
114 80 0.12543309592199162
114 81 0.29463024321927855
114 95 0.13015792814102253
114 56 0.20002483300269255
114 68 0.5122085311217595
114 54 0.15255901822619714
114 83 0.09767943987223862
114 82 0.02565249889137805
114 55 0.24017996078817438
114 69 0.3791856497902316
114 51 0.08372796300607097
114 79 0.1311315726811353
114 86 0.0899979129309443
114 92 0.42184977184239003
114 93 0.3652045950685405
114 87 0.30084020739668826
114 78 0.31272426562071465
114 50 0.11906111224687808
114 52 0.07076206450599526
114 46 0.19180744639430725
114 91 0.3640701692495194
114 85 0.38358032913681667
114 84 0.05148010366108813
114 90 0.3861839070691099
114 47 0.20648182735591225
114 53 0.1016741511093307
100 76 0.10086736574604718
100 62 0.13229362548022594
100 89 0.10051253925828436
100 88 0.16820461078595422
100 63 0.2686920219347268
100 77 0.07942373135079014
100 49 0.214923816818524
100 61 0.07441676668403963
100 75 0.0776062028364515
100 74 0.10321881209801262
100 60 0.07569827135062715
100 48 0.14543403806957372
100 64 0.16285978382070224
100 70 0.18618018324271535
100 58 0.1728940802596695
100 59 0.09797602111914594
100 71 0.4047415844152912
100 65 0.07419148708499862
100 73 0.05493969101522883
100 67 0.3042933144155672
100 66 0.1665377346495171
100 72 0.07048317807907711
100 57 0.33834943994667577
100 94 0.20754454277589612
100 80 0.42984563549074095
100 81 0.14743044415555462
100 95 0.1100446020016577
100 56 0.19144935781928085
100 68 0.3916623586595165
100 54 0.1426748915066386
100 83 0.10606486505900178
100 82 0.09657112004869257
100 55 0.25484027054609665
100 69 0.22384751055336355
100 51 0.1485276681717152
100 79 0.08665016143221785
100 86 0.2060599060694214
100 92 0.20980034466892003
100 93 0.19424123126441575
100 87 0.17341560469178763
100 78 0.19934217663111325
100 50 0.23625579041164388
100 52 0.06618547197982641
100 46 0.19557158811263375
100 91 0.2064246239808884
100 85 0.2149528729273972
100 84 0.0862469348546645
100 90 0.20483688256371188
100 47 0.1214709096217567
100 53 0.07703368189802015
128 76 0.1310680947150431
128 62 0.11510055013198407
128 89 0.19521120609637524
128 88 0.40481808476187586
128 63 0.14135122560939237
128 77 0.10733381729079956
128 49 0.11309824902600353
128 61 0.09562681627891706
128 75 0.07926999433662105
128 74 0.08942133891130224
128 60 0.08984311216597066
128 48 0.11912447118022454
128 64 0.14368887088922444
128 70 0.325549952849873
128 58 0.11172911712314224
128 59 0.10049998867778785
128 71 0.12162119144219895
128 65 0.06177203686794369
128 73 0.09705279048909032
128 67 0.4033209641315102
128 66 0.3178118500458334
128 72 0.11499670036511297
128 57 0.24459607435649816
128 94 0.5504015585755293
128 80 0.12611883163353815
128 81 0.30687410230118417
128 95 0.1814212681776251
128 56 0.30742600790563707
128 68 0.6721466447488658
128 54 0.19019460363230292
128 83 0.0925414879194805
128 82 0.08065301623613352
128 55 0.1979684722421971
128 69 0.38244535822717207
128 51 0.11594745272532926
128 79 0.19811557655285686
128 86 0.09102855990388083
128 92 0.5676225443271201
128 93 0.4880430115818277
128 87 0.4232077698134304
128 78 0.3810877502695278
128 50 0.14487619388834475
128 52 0.12596641229498928
128 46 0.23676416253563282
128 91 0.4450986411733554
128 85 0.4880254523301754
128 84 0.08753603647985231
128 90 0.49479681045651064
128 47 0.19683058805675765
128 53 0.07555586923685084
129 76 0.07745209711257545
129 62 0.2789234411281267
129 89 0.23115503316694605
129 88 0.5776926895428641
129 63 0.22489422821108979
129 77 0.10045200902188446
129 49 0.1410621575490219
129 61 0.09163886313719341
129 75 0.06263305691299334
129 74 0.15908537466256029
129 60 0.06200992578049139
129 48 0.22342840570557682
129 64 0.2695037543508806
129 70 0.4690108245403557
129 58 0.7462418227345342
129 59 0.08250283001953437
129 71 0.17501079136325848
129 65 0.0942969827046276
129 73 0.07140307298023735
129 67 0.5627500797361893
129 66 0.44110429817049435
129 72 0.08480306328147899
129 57 0.6864146943340318
129 94 0.7485361100108281
129 80 0.1902166518198734
129 81 0.42989582854429076
129 95 0.18638111102446223
129 56 0.358650215778739
129 68 0.8904057709500841
129 54 0.3390581445372312
129 83 0.10885587923129764
129 82 0.34976175670130655
129 55 0.23077980292913872
129 69 0.5847742529892841
129 51 0.11775860223928308
129 79 0.19553536115475428
129 86 0.09256199692100772
129 92 0.7761874074140247
129 93 0.6740829673931774
129 87 0.49075896369979205
129 78 0.5390246390795758
129 50 0.08859512457319267
129 52 0.0795660351451152
129 46 0.35304019861347513
129 91 0.6550640211614505
129 85 0.6493773804978258
129 84 0.10942339806087661
129 90 0.6558209094291889
129 47 0.33321278400354687
129 53 0.12950079273387133
101 76 0.058294472115048984
101 62 0.14312665748304465
101 89 0.14199102369919642
101 88 0.1887288329064184
101 63 0.09776770570640697
101 77 0.13343255230336612
101 49 0.1378833119886259
101 61 0.09068656938458003
101 75 0.07437937560476318
101 74 0.058102901655550654
101 60 0.07392380722957989
101 48 0.10233682721345354
101 64 0.09450455836309543
101 70 0.13309380971281398
101 58 0.10449361314616275
101 59 0.11814948797726069
101 71 0.1902705735921756
101 65 0.082373256113174
101 73 0.08632847130354093
101 67 0.22492430887188225
101 66 0.15249956871486797
101 72 0.0662709418222246
101 57 0.2488905331080582
101 94 0.22307954694070847
101 80 0.2090495921115035
101 81 0.17386789206433628
101 95 0.02755599244381421
101 56 0.18986048930934027
101 68 0.29182448644062037
101 54 0.07700317868332185
101 83 0.07915815592712658
101 82 0.11543544700524394
101 55 0.12253650565279182
101 69 0.15862197972260259
101 51 0.11572209062021194
101 79 0.16914807824542627
101 86 0.13854520560810557
101 92 0.22818417281467013
101 93 0.2037131541056997
101 87 0.1742784659892047
101 78 0.18111536327342104
101 50 0.14574510521350786
101 52 0.05972141567534589
101 46 0.14732754003617693
101 91 0.2538651658395861
101 85 0.1963460484890913
101 84 0.09922934380342126
101 90 0.20189403129767575
101 47 0.06232672478288387
101 53 0.06192167911931784
115 76 0.0731717875092257
115 62 0.06243206962997269
115 89 0.11587806299750636
115 88 0.10964151961699559
115 63 0.06288825494934205
115 77 0.0862293937237116
115 49 0.06612952537748928
115 61 0.07913860245253845
115 75 0.08623046727773653
115 74 0.17446570366784217
115 60 0.07371976798220056
115 48 0.08322461944000986
115 64 0.15576829182769433
115 70 0.08761933000189408
115 58 0.09341317585964427
115 59 0.10288189544019857
115 71 0.10770250042072606
115 65 0.05873996791425762
115 73 0.040940487939670756
115 67 0.13610111378965478
115 66 0.2466750744192333
115 72 0.16439586960589037
115 57 0.10368506141890059
115 94 0.209865346764403
115 80 0.1084718010553493
115 81 0.09521004205558477
115 95 0.10588704382381091
115 56 0.24393452267371923
115 68 0.19868691432009059
115 54 0.12342258632223554
115 83 0.16419974039039648
115 82 0.10350606139352451
115 55 0.15524204735955616
115 69 0.12810136062207111
115 51 0.11409036006748657
115 79 0.10296782455902469
115 86 0.10083401464592162
115 92 0.21350272758563818
115 93 0.1995866220619336
115 87 0.16082426182708104
115 78 0.1301257772257062
115 50 0.08093822961811858
115 52 0.6329353236571036
115 46 0.45218590550394944
115 91 0.1854335996934492
115 85 0.19739656648365367
115 84 0.0638638649171234
115 90 0.20295384078000445
115 47 0.28867451853927395
115 53 0.2417995654210073
103 76 0.0781015628009602
103 62 0.2125789239564216
103 89 0.11749073105686177
103 88 0.2089665351225751
103 63 0.13153796238224968
103 77 0.11466673471819148
103 49 0.10098284402001396
103 61 0.08976254017320028
103 75 0.0849238910541113
103 74 0.09545656998881438
103 60 0.06656965728730557
103 48 0.10666670252679555
103 64 0.12222379131593526
103 70 0.31467414268718497
103 58 0.7856710624035297
103 59 0.11320161948199173
103 71 0.11798706374708241
103 65 0.09360220445975194
103 73 0.09026240754367058
103 67 0.25800108127004845
103 66 0.3410496510473654
103 72 0.09383054671898683
103 57 0.3846026930305027
103 94 0.2787973470618463
103 80 0.12153883614572256
103 81 0.25344555872971364
103 95 0.12018774880968133
103 56 0.1774364528355426
103 68 0.48471447673068513
103 54 0.1254269283470761
103 83 0.0919320622735756
103 82 0.1480286585158201
103 55 0.11058173126762115
103 69 0.3560436441697796
103 51 0.07187769045960538
103 79 0.09422349746039818
103 86 0.07005123851004041
103 92 0.27519209244259113
103 93 0.25246473483998916
103 87 0.1611114592329925
103 78 0.29013264196507393
103 50 0.09707913148523835
103 52 0.07447396663023553
103 46 0.17100528701035356
103 91 0.25417745115471724
103 85 0.2301574693054995
103 84 0.10556808180637801
103 90 0.23547253584282957
103 47 0.14391772288507734
103 53 0.09485805717114587
117 76 0.19695062925573073
117 62 0.24056872822033046
117 89 0.08426576953232898
117 88 0.10966358887875746
117 63 0.11921348513974625
117 77 0.3068255923105798
117 49 0.20829003177809577
117 61 0.10896398089021947
117 75 0.485544698764392
117 74 0.3372729150561
117 60 0.07589703376055612
117 48 0.36867856944141775
117 64 0.17894121560906082
117 70 0.2445823001705857
117 58 0.6050598739382937
117 59 0.07690665318588188
117 71 0.11187840997677305
117 65 0.06848496684285874
117 73 0.38061850085387633
117 67 0.17340820920408842
117 66 0.12294273671598153
117 72 0.15098987546523002
117 57 0.2594488444444436
117 94 0.24966830294676062
117 80 0.11266012425199026
117 81 0.23434917718491158
117 95 0.1632952041168429
117 56 0.24787175180086993
117 68 0.3021707415838401
117 54 0.14383867759498928
117 83 0.5285565095518259
117 82 0.11727038462718962
117 55 0.1536798465145429
117 69 0.29967137072659034
117 51 0.15190359933100167
117 79 0.33817448443678555
117 86 0.053860530655902156
117 92 0.25449946989658345
117 93 0.22970724940476192
117 87 0.2696877384084372
117 78 0.3030171615775743
117 50 0.05854036736075102
117 52 0.09267511587822226
117 46 0.32670978474865453
117 91 0.2469929794066031
117 85 0.23748147742967463
117 84 0.11447664155421323
117 90 0.24921430011905096
117 47 0.1141629959693113
117 53 0.08804524883476939
116 76 0.10504818444306743
116 62 0.2424859930160885
116 89 0.15850811208655413
116 88 0.39300050691064264
116 63 0.14890851533472377
116 77 0.07584488423915536
116 49 0.10316410902835554
116 61 0.13332020138951173
116 75 0.08094326529096474
116 74 0.08679213330615726
116 60 0.0830733401480922
116 48 0.10871256440925511
116 64 0.15138780228872026
116 70 0.5005400478368216
116 58 0.7935193785799652
116 59 0.1581799801525197
116 71 0.09067771774505223
116 65 0.07908915109259693
116 73 0.07538514775091051
116 67 0.3850823121294161
116 66 0.3732623700431065
116 72 0.09859784669808183
116 57 0.5245112233136536
116 94 0.5257618845719076
116 80 0.09644419237315445
116 81 0.37867299190195525
116 95 0.12279355867773119
116 56 0.35798619617453775
116 68 0.6458689819551542
116 54 0.1470365957116635
116 83 0.250544055335751
116 82 0.3894579202064158
116 55 0.2345495747234149
116 69 0.44300810056561535
116 51 0.06295736018571202
116 79 0.1424488417548519
116 86 0.1007980163018532
116 92 0.5170814034973565
116 93 0.47418296173567953
116 87 0.2793022011934158
116 78 0.38711479498263357
116 50 0.11288008303452506
116 52 0.045553852999227235
116 46 0.3587271910475056
116 91 0.44780356753445016
116 85 0.41044699583934086
116 84 0.14180084605559962
116 90 0.42039482741267836
116 47 0.17113642600023693
116 53 0.06238734211209948
102 76 0.0896227519653358
102 62 0.14036107819756888
102 89 0.10745782315834493
102 88 0.128695736537903
102 63 0.11257400521457872
102 77 0.08906741494322096
102 49 0.09342290823696077
102 61 0.06724817778005857
102 75 0.07591054967063512
102 74 0.06872134560471735
102 60 0.08727644706626254
102 48 0.0888433395756525
102 64 0.08475218081842881
102 70 0.20068126600434472
102 58 0.44838739125509974
102 59 0.09329732223112734
102 71 0.11412628336818129
102 65 0.05848942544878394
102 73 0.07266262629300257
102 67 0.14403801540254713
102 66 0.11544664696830514
102 72 0.09622430564978911
102 57 0.20583556342916293
102 94 0.13260950182584558
102 80 0.11920331594445002
102 81 0.14509516432744785
102 95 0.07163493168968621
102 56 0.11602538481461849
102 68 0.2381607799827174
102 54 0.0912237018718541
102 83 0.10069689491279032
102 82 0.045470994477354865
102 55 0.11673704666838856
102 69 0.18383769007287637
102 51 0.07594271135033062
102 79 0.09380918919914377
102 86 0.09899768491106067
102 92 0.13306850565475478
102 93 0.12951008523434157
102 87 0.12395098036013309
102 78 0.1287058151099012
102 50 0.08853135050744501
102 52 0.07182212246140687
102 46 0.10252434671725304
102 91 0.1325637115626577
102 85 0.13474246655302896
102 84 0.06770636405869265
102 90 0.13332538268627303
102 47 0.13388227825953974
102 53 0.08498144852359513
106 76 0.11211806789894677
106 62 0.12872404424056813
106 89 0.09807968397002405
106 88 0.18340459630903355
106 63 0.07790359443301073
106 77 0.062327361820032096
106 49 0.09709813466439329
106 61 0.08796179227032658
106 75 0.06663666191231399
106 74 0.08061329130337605
106 60 0.08352831616680279
106 48 0.10898929668888699
106 64 0.10198645052953263
106 70 0.2235819853072722
106 58 0.46313039303490217
106 59 0.10952866453893964
106 71 0.10906361196421724
106 65 0.06858981145325069
106 73 0.07017408551250495
106 67 0.1824871500242612
106 66 0.15760151644050985
106 72 0.16613414804430787
106 57 0.24414815519662217
106 94 0.18531467506858051
106 80 0.10845117400153621
106 81 0.1830737659032516
106 95 0.12478737389424359
106 56 0.17438532903434717
106 68 0.3189713972237748
106 54 0.1137289019232546
106 83 0.07886694958731336
106 82 0.09730552343792909
106 55 0.18503123382677028
106 69 0.24971058202495305
106 51 0.0912250359336456
106 79 0.12030573926905898
106 86 0.09697528601801905
106 92 0.2029784655326802
106 93 0.18562427404905316
106 87 0.18298715889474132
106 78 0.1927535068821369
106 50 0.07600505676652641
106 52 0.09016113053465381
106 46 0.11805866746123252
106 91 0.1309346320596602
106 85 0.1942377222488481
106 84 0.07406358639575286
106 90 0.19428026925790712
106 47 0.16760801382573082
106 53 0.09647712318798038
112 76 0.1014178589546252
112 62 0.1971385305170766
112 89 0.1375541333888069
112 88 0.23549456517430659
112 63 0.1341650545586487
112 77 0.08189146278116732
112 49 0.08809925785802854
112 61 0.07890552438179937
112 75 0.07775462474318873
112 74 0.08799460227108889
112 60 0.07780090530865671
112 48 0.10501115856570892
112 64 0.13176452169858519
112 70 0.27724490791223233
112 58 0.632881982290805
112 59 0.115082602092494
112 71 0.10047162901205213
112 65 0.08503269865605356
112 73 0.06955181926859161
112 67 0.2399160461558869
112 66 0.20357504869411072
112 72 0.07832948446780844
112 57 0.3558705082962662
112 94 0.2517933814092025
112 80 0.10641417394095438
112 81 0.22001211863851755
112 95 0.1078960148503114
112 56 0.24269721366230435
112 68 0.44077245416281846
112 54 0.12961660660941943
112 83 0.10679415787000983
112 82 0.0912449396403735
112 55 0.2946620821481765
112 69 0.3304275532191788
112 51 0.08034064756126486
112 79 0.12018832226991379
112 86 0.0966375740270304
112 92 0.2686361252196047
112 93 0.2387058619795427
112 87 0.20471733374614037
112 78 0.2709699760689111
112 50 0.08757645132902742
112 52 0.08158942611492875
112 46 0.15770014138934466
112 91 0.24321548999717565
112 85 0.22938083975290716
112 84 0.054144908749402365
112 90 0.23335874216090152
112 47 0.1554388473649914
112 53 0.08003683312755105
113 76 0.10421775655461345
113 62 0.2397303897881772
113 89 0.20235093573453178
113 88 0.5205717581138831
113 63 0.18652879088349447
113 77 0.1471291504451489
113 49 0.13325464904661738
113 61 0.09625837629156053
113 75 0.07735555353880749
113 74 0.05922936662053371
113 60 0.06895817054287093
113 48 0.1460988421522379
113 64 0.18933445667576704
113 70 0.4726393347369329
113 58 0.5431994488559589
113 59 0.10809346234433943
113 71 0.15618531150027345
113 65 0.07536633376390947
113 73 0.08505553738035368
113 67 0.48384258633908855
113 66 0.402037211055999
113 72 0.10721315572433678
113 57 0.43320441140568244
113 94 0.6644591571119534
113 80 0.1617095598923149
113 81 0.3887227972876498
113 95 0.19170282692586113
113 56 0.4296459298550841
113 68 0.7980796398034731
113 54 0.2279447641372595
113 83 0.2247779175757426
113 82 0.1830059295062442
113 55 0.28155060824925615
113 69 0.546653266289223
113 51 0.08331580901297173
113 79 0.21456978471791593
113 86 0.07567080471965701
113 92 0.6800288738668815
113 93 0.5926576943659959
113 87 0.4033498472064816
113 78 0.5039447238560099
113 50 0.13831651338010212
113 52 0.08472081487350039
113 46 0.4014913342437305
113 91 0.5346338925685835
113 85 0.5667813302662663
113 84 0.13317406835911838
113 90 0.57236017111144
113 47 0.2323582505948857
113 53 0.09201366087131675
107 76 0.08970028342888839
107 62 0.12907451457016056
107 89 0.08533951043338667
107 88 0.16208435322554757
107 63 0.08191032146297073
107 77 0.05987122172715684
107 49 0.09337636856040775
107 61 0.07217326610988656
107 75 0.06304393641183159
107 74 0.051867634250094274
107 60 0.08827476782667287
107 48 0.07389813627726516
107 64 0.08244966768740977
107 70 0.10375745131213739
107 58 0.03536409884049263
107 59 0.0952883012034276
107 71 0.08769793393967468
107 65 0.07306393128408267
107 73 0.08077563930078555
107 67 0.1694795134800668
107 66 0.20471298271452087
107 72 0.04411281955589791
107 57 0.1409536922754004
107 94 0.11028137182707456
107 80 0.09199161334836392
107 81 0.08257729794335464
107 95 0.09565687513079309
107 56 0.4959601626309175
107 68 0.4165576428477623
107 54 0.06613733734387431
107 83 0.10595059213629951
107 82 0.0677963754269732
107 55 0.10909053848362658
107 69 0.10988903293177332
107 51 0.05167850893370979
107 79 0.09054680760821592
107 86 0.08259511799888514
107 92 0.12137841423923795
107 93 0.1357809673621641
107 87 0.12635008209671322
107 78 0.10039963485897192
107 50 0.08763588049832911
107 52 0.05256085961238108
107 46 0.0950549711706118
107 91 0.08760239257100105
107 85 0.10758711565432295
107 84 0.0722833914079834
107 90 0.10788858757760592
107 47 0.043526899734486924
107 53 0.05172751228824363
139 76 0.1631548476662075
139 62 0.09571410295343712
139 89 0.12658335906818763
139 88 0.26558330024026
139 63 0.11299306370588874
139 77 0.08501064468057781
139 49 0.09796872629777817
139 61 0.13473853073172948
139 75 0.06962606907789581
139 74 0.12903680623855673
139 60 0.08544193394908492
139 48 0.08867987588116664
139 64 0.1068538906728327
139 70 0.2308626590116721
139 58 0.09918101673526473
139 59 0.14884888466474816
139 71 0.11173271108574363
139 65 0.08021604874615057
139 73 0.06729769109329223
139 67 0.22988256112274685
139 66 0.3298642850918052
139 72 0.08231319787475597
139 57 0.25204938854320497
139 94 0.34541060598326667
139 80 0.11433403520486077
139 81 0.16502962584284617
139 95 0.08572053039307789
139 56 0.165628800321014
139 68 0.3566011929983516
139 54 0.13478021286261022
139 83 0.09116962450586062
139 82 0.11972860867000294
139 55 0.12588866898401818
139 69 0.217843850801292
139 51 0.0921117771554214
139 79 0.1387542998792707
139 86 0.1028725933240259
139 92 0.35776944193871885
139 93 0.3191063196352396
139 87 0.23718116569286282
139 78 0.22414393225282672
139 50 0.10756974749785425
139 52 0.11623619988975774
139 46 0.17627462755295398
139 91 0.29825742273925515
139 85 0.3175428086857823
139 84 0.07603812765546528
139 90 0.31601097005119816
139 47 0.11925030902124768
139 53 0.0804586120860799
111 76 0.12783642570288045
111 62 0.2614502752035446
111 89 0.22901443342768835
111 88 0.44479203719317184
111 63 0.18322988446397445
111 77 0.0979591088631059
111 49 0.09687906224953408
111 61 0.0784156009106513
111 75 0.08692974494205108
111 74 0.12085682687784581
111 60 0.08167813647248873
111 48 0.13156739771331
111 64 0.18919007288427309
111 70 0.5274845228695656
111 58 0.6823044447842626
111 59 0.16354651230744335
111 71 0.11663994237268722
111 65 0.08138851521702128
111 73 0.0838266617231889
111 67 0.5278765154962208
111 66 0.4169270397143541
111 72 0.082929609896323
111 57 0.516194451653766
111 94 0.5957793228935073
111 80 0.12471993530904549
111 81 0.3361568565197893
111 95 0.16359227406249158
111 56 0.36545126153252616
111 68 0.8902610016238901
111 54 0.19811520156944648
111 83 0.11358888866379026
111 82 0.13926573644728504
111 55 0.35801323466368307
111 69 0.6611236746386118
111 51 0.0903627819756684
111 79 0.18264821470708784
111 86 0.06078127556658963
111 92 0.6202843046644275
111 93 0.5374162891141898
111 87 0.4143184783349886
111 78 0.6393830471030743
111 50 0.13696388271161947
111 52 0.08308407621002895
111 46 0.24445832226536712
111 91 0.5488718711969967
111 85 0.5029539454007599
111 84 0.0768548965798361
111 90 0.5179237485700938
111 47 0.23261896383300587
111 53 0.08202241653047943
105 76 0.09936098969676391
105 62 0.12199153028131865
105 89 0.10566176875237997
105 88 0.19936910142930994
105 63 0.0949477779468421
105 77 0.08248463658124933
105 49 0.189960442026203
105 61 0.08711936948813921
105 75 0.07291557913556815
105 74 0.10851886795491346
105 60 0.08823956234009804
105 48 0.14649436620053552
105 64 0.11517485129217303
105 70 0.18908640634659052
105 58 0.13711768591218448
105 59 0.12425491300589153
105 71 0.34124051965725527
105 65 0.08060133654879917
105 73 0.07421077213620167
105 67 0.3216653625494547
105 66 0.24466211779986718
105 72 0.0888724112407053
105 57 0.3851216326253512
105 94 0.24317174903650313
105 80 0.36076446873557255
105 81 0.14609144817212713
105 95 0.12133372762378712
105 56 0.3450258661280512
105 68 0.5153251570560294
105 54 0.12442538265638516
105 83 0.17654509071741548
105 82 0.11135966307829548
105 55 0.12470473335072287
105 69 0.25413534122253956
105 51 0.14378454314712802
105 79 0.13146883856464556
105 86 0.19844796094848885
105 92 0.24230600861017718
105 93 0.2185391232195072
105 87 0.21188648522276043
105 78 0.25793804600986947
105 50 0.17930408126538838
105 52 0.07245108053853763
105 46 0.13922615682503414
105 91 0.2118806147048052
105 85 0.24227453933543225
105 84 0.08916426380088785
105 90 0.23639629616552646
105 47 0.14784898579443323
105 53 0.08278756419347169
104 76 0.09682427564049263
104 62 0.19066518220001344
104 89 0.08792984054594884
104 88 0.1804324157631814
104 63 0.13364895390800852
104 77 0.06509018287843352
104 49 0.10872597978550014
104 61 0.0791204834195966
104 75 0.08297448037648386
104 74 0.08417827008800288
104 60 0.07720240622177996
104 48 0.11472969561899213
104 64 0.11308346297393125
104 70 0.30290547937033674
104 58 0.8350144189460444
104 59 0.08452766088815925
104 71 0.12079147943638123
104 65 0.059785470866228124
104 73 0.08342502399962345
104 67 0.1868860056661667
104 66 0.1604886059615906
104 72 0.12030559299299498
104 57 0.3244908702747113
104 94 0.2016018858964146
104 80 0.12050060412891482
104 81 0.23838715674252245
104 95 0.12143256903303436
104 56 0.13181447942755944
104 68 0.36474437827464823
104 54 0.12575469791353538
104 83 0.08047235807226649
104 82 0.06421173571573724
104 55 0.20184087283674657
104 69 0.32342263719333025
104 51 0.06802583850173113
104 79 0.0972050585293393
104 86 0.074250226431541
104 92 0.20974705758134923
104 93 0.19243449391931922
104 87 0.15131382063973636
104 78 0.21346473452806905
104 50 0.09446480954423182
104 52 0.07113631449790705
104 46 0.11730181459747907
104 91 0.15946272717726173
104 85 0.19017148089733718
104 84 0.09045687193046092
104 90 0.1896845991847973
104 47 0.17752236361358295
104 53 0.09787620824213997
110 76 0.019152015926230698
110 62 0.2378384955089979
110 89 0.23094334382228163
110 88 0.42229449554006093
110 63 0.09289559316000878
110 77 0.2813533511933308
110 49 0.0914017772017224
110 61 0.08374946150591986
110 75 0.08833215109539275
110 74 0.10405612155551285
110 60 0.12355672114032103
110 48 0.14458104489363682
110 64 0.12741300475624054
110 70 0.26760195328287356
110 58 0.4433630973643744
110 59 0.08401090223825275
110 71 0.22079882734436268
110 65 0.09877806700543901
110 73 0.07982324502940397
110 67 0.2603272911371157
110 66 0.21682003756660106
110 72 0.1962288594410034
110 57 0.3079464083843023
110 94 0.3308061530264381
110 80 0.2271403976730712
110 81 0.37617655467858646
110 95 0.13159483680618517
110 56 0.24144645525299996
110 68 0.48956354022160786
110 54 0.17283135524975157
110 83 0.06468249766988948
110 82 0.2641729350755344
110 55 0.17262364486104684
110 69 0.426460378208826
110 51 0.10793483200688071
110 79 0.21226322588271201
110 86 0.053067149268811564
110 92 0.3621148780189724
110 93 0.42667308978611906
110 87 0.24789761891424997
110 78 0.3469368172294296
110 50 0.07108642795776021
110 52 0.07098677584548838
110 46 0.2359305772389576
110 91 0.3304736957087737
110 85 0.3387936747553979
110 84 0.06385568664487931
110 90 0.33695475012062337
110 47 0.1449461610408458
110 53 0.0927469700635945
138 76 0.10548178007307762
138 62 0.17873628386639198
138 89 0.14495991668333322
138 88 0.3286324548243021
138 63 0.12292536810342157
138 77 0.15479256007602557
138 49 0.11100903172977895
138 61 0.09629570467704972
138 75 0.0693884394694165
138 74 0.11261961387223916
138 60 0.08314517575942368
138 48 0.14040234588077938
138 64 0.13245119033153502
138 70 0.3226558654381698
138 58 0.23788830303486855
138 59 0.11928260920188344
138 71 0.12736984455170167
138 65 0.08368305915996477
138 73 0.07385557083384064
138 67 0.3473205567853649
138 66 0.38648304362923475
138 72 0.1748062537849035
138 57 0.3547524672588823
138 94 0.4329073737936192
138 80 0.1346467301127917
138 81 0.2637664887071808
138 95 0.11758623997389887
138 56 0.25019204204611706
138 68 0.5964032926261302
138 54 0.15117082808871998
138 83 0.10390654464243476
138 82 0.19377255181800102
138 55 0.10883721686406458
138 69 0.32220458925574375
138 51 0.07072431483824729
138 79 0.1075466561993274
138 86 0.1090828985544097
138 92 0.4348816031888926
138 93 0.3929318163152474
138 87 0.2845283312906414
138 78 0.3476131862681917
138 50 0.05776328483392548
138 52 0.05311209639215855
138 46 0.2135048371800468
138 91 0.3809865816213318
138 85 0.35564244928549676
138 84 0.11433237825492562
138 90 0.3651364110303283
138 47 0.21598442944745067
138 53 0.1564125547863008
140 76 0.18189673270341
140 62 0.12277199771860592
140 89 0.11440249996368161
140 88 0.17000932041126815
140 63 0.1286067799329581
140 77 0.09668875623415929
140 49 0.1414960301584064
140 61 0.08636071149706312
140 75 0.08189557530694097
140 74 0.059997661703859784
140 60 0.04740816067742415
140 48 0.10803631833371727
140 64 0.09527272062213929
140 70 0.2714976743068372
140 58 0.1359298239678951
140 59 0.1534203504660695
140 71 0.09858767130877862
140 65 0.056637896139133226
140 73 0.10019779740813921
140 67 0.23833730018734486
140 66 0.29313873265923523
140 72 0.049974717386894685
140 57 0.25288258556574666
140 94 0.2804863424043732
140 80 0.10017775388052395
140 81 0.20253038407671334
140 95 0.11908786888546312
140 56 0.14010410733654227
140 68 0.35887128362997633
140 54 0.11189817802127489
140 83 0.08825867663962082
140 82 0.15596272499205774
140 55 0.1336367380794517
140 69 0.3011771570834375
140 51 0.07662255951319169
140 79 0.1024215840988335
140 86 0.04037991079515929
140 92 0.2851983063385249
140 93 0.24562367871904106
140 87 0.2136169684700468
140 78 0.33033183984175457
140 50 0.1425344865455604
140 52 0.03250008016497269
140 46 0.09626908886067054
140 91 0.2546920564543611
140 85 0.23573803757542813
140 84 0.10717902784688839
140 90 0.2415182267950513
140 47 0.12601100761025147
140 53 0.09738020678316418
135 76 0.16023354954920846
135 62 0.30739639250739037
135 89 0.14776245181687142
135 88 0.3267659366467692
135 63 0.20704623844703043
135 77 0.24504755090232855
135 49 0.326563148217978
135 61 0.08934998459898887
135 75 0.3080178621014915
135 74 0.22133807920283624
135 60 0.07219041325403641
135 48 0.3628954633929483
135 64 0.17259821507063333
135 70 0.2939253940869849
135 58 0.2152784876833016
135 59 0.07542494940853559
135 71 0.2804825967036927
135 65 0.06702041954866775
135 73 0.24491198926823673
135 67 0.40373797796132616
135 66 0.24886936461484327
135 72 0.09368094086831459
135 57 0.4090028266249286
135 94 0.4327265749247465
135 80 0.3013755050718312
135 81 0.31712110446125386
135 95 0.17769157345297515
135 56 0.37551397918852714
135 68 0.5998010077441941
135 54 0.2098717521619749
135 83 0.5079280140163913
135 82 0.08147350340766993
135 55 0.2010032644882197
135 69 0.34510593702259773
135 51 0.16589257925874423
135 79 0.21319050970701436
135 86 0.150068954590636
135 92 0.45535923611338025
135 93 0.3883463673502802
135 87 0.34703509090357265
135 78 0.38460321920205137
135 50 0.18520203641545835
135 52 0.02478422012245951
135 46 0.41021317384938505
135 91 0.43186109435309794
135 85 0.4120741898389666
135 84 0.18648712706807002
135 90 0.4108612066042631
135 47 0.29380683980895544
135 53 0.2842527665897169
121 76 0.12341666815523117
121 62 0.2038589526080119
121 89 0.18755152355791846
121 88 0.3751247596196404
121 63 0.21203561585215794
121 77 0.1402302918511038
121 49 0.17051849966001675
121 61 0.09247148756640015
121 75 0.07290666275688362
121 74 0.12692973698352003
121 60 0.10504712411039152
121 48 0.1707831206289417
121 64 0.17413529233194805
121 70 0.22018547446569348
121 58 0.14156172807346848
121 59 0.09139750063246878
121 71 0.3551342080114998
121 65 0.11958078969097859
121 73 0.06882512811798258
121 67 0.42475082968245126
121 66 0.2483416853793332
121 72 0.1025294077155668
121 57 0.44564269409096346
121 94 0.5776412457102256
121 80 0.38550282143929965
121 81 0.23987142788256782
121 95 0.13525962497747823
121 56 0.273126029120767
121 68 0.4972120920992142
121 54 0.18839114492300796
121 83 0.3163348773849211
121 82 0.1412531811590281
121 55 0.2395384084401744
121 69 0.41735763441558904
121 51 0.1556553376140582
121 79 0.15466139407204216
121 86 0.17792643030920552
121 92 0.4798746843659611
121 93 0.3950870857215172
121 87 0.30160059224240476
121 78 0.4927054882354519
121 50 0.17674869752514397
121 52 0.06754393432290576
121 46 0.24454631553602396
121 91 0.41774467240267754
121 85 0.370117111870567
121 84 0.0787143608259516
121 90 0.38774572586964773
121 47 0.25186529562786086
121 53 0.09477530480518281
109 76 0.12119784444392834
109 62 0.19683911838170298
109 89 0.09189038354700635
109 88 0.23196666923975184
109 63 0.1647508455098825
109 77 0.16918814356759698
109 49 0.13991089060371437
109 61 0.09971494172704505
109 75 0.07607962081650313
109 74 0.16298718149984912
109 60 0.05796896396370296
109 48 0.11331373608447101
109 64 0.14975402240988034
109 70 0.3473817786531952
109 58 0.5145449572931522
109 59 0.07083189148928537
109 71 0.08527615770598418
109 65 0.09661008862407812
109 73 0.045697174658180545
109 67 0.28087451119605894
109 66 0.20848482457703107
109 72 0.1643448530434599
109 57 0.3655795155736591
109 94 0.37461142041475426
109 80 0.08619528010679417
109 81 0.3626964478304312
109 95 0.1381772132481336
109 56 0.1353136288930089
109 68 0.49028056892599614
109 54 0.11895780312891911
109 83 0.08623193457042433
109 82 0.09925316132848581
109 55 0.17014206820276462
109 69 0.39909444981362197
109 51 0.03965978569406997
109 79 0.12105822872845508
109 86 0.0835885936315876
109 92 0.36942002360902515
109 93 0.33104022770534525
109 87 0.2515809562877061
109 78 0.4192980284997001
109 50 0.14113306798780803
109 52 0.08463326881715635
109 46 0.23807308269520688
109 91 0.34151552647298616
109 85 0.33934137813421067
109 84 0.5338931543707616
109 90 0.34544039677445626
109 47 0.09787865047993048
109 53 0.06669120614654908
108 76 0.1432413028422886
108 62 0.2924123588095263
108 89 0.21404195347760113
108 88 0.5238266707902295
108 63 0.2507452937474408
108 77 0.1407005804369973
108 49 0.11089371857027722
108 61 0.09664090146510917
108 75 0.09641710384280203
108 74 0.14436921490872404
108 60 0.08309040855919597
108 48 0.16205278501544063
108 64 0.22265769020976084
108 70 0.5106895762439254
108 58 0.8201970682250173
108 59 0.12823718334432954
108 71 0.1582493666084443
108 65 0.07904520283310892
108 73 0.09270565542788599
108 67 0.51972838681693
108 66 0.45056170205328033
108 72 0.12471723629526986
108 57 0.5962541957116745
108 94 0.6628842091418126
108 80 0.17136224851617737
108 81 0.44071003960128274
108 95 0.1738744312568741
108 56 0.4073265429532811
108 68 0.9690732949054703
108 54 0.2779353032372359
108 83 0.1098877780587332
108 82 0.17820018183330624
108 55 0.3337234495552162
108 69 0.6254662600728105
108 51 0.10531787259188186
108 79 0.2619979116687468
108 86 0.07122280787292715
108 92 0.6872299691730571
108 93 0.5888152459962962
108 87 0.45238482072198727
108 78 0.5606369462289444
108 50 0.1441292774424297
108 52 0.07117295000122018
108 46 0.3118106360813513
108 91 0.5953070462364691
108 85 0.5583205367711541
108 84 0.09377968962794535
108 90 0.5648421944901274
108 47 0.2712791833018747
108 53 0.08954434190634834
120 76 0.0776767226031122
120 62 0.149172560348385
120 89 0.12624082659414346
120 88 0.23912670759129667
120 63 0.07335612515419024
120 77 0.2772629167617272
120 49 0.07617856692031755
120 61 0.05243910024064086
120 75 0.12141280949620144
120 74 0.08138381165222719
120 60 0.07662431493496547
120 48 0.09917466844966391
120 64 0.11884044601189588
120 70 0.16855407551084609
120 58 0.10338246308111014
120 59 0.11574903780542166
120 71 0.13050018981883182
120 65 0.050046776835964174
120 73 0.08102763995827852
120 67 0.23581820885162372
120 66 0.22338215224311536
120 72 0.09103295834945024
120 57 0.15120146673324558
120 94 0.29568310447395507
120 80 0.13365038480396563
120 81 0.1630252892068833
120 95 0.07763695197557366
120 56 0.16382679172593853
120 68 0.2689307081015718
120 54 0.12494579706511191
120 83 0.09934288536194459
120 82 0.09959132428115244
120 55 0.2906081628083785
120 69 0.1865074775392796
120 51 0.13783692484311233
120 79 0.10554077943944569
120 86 0.09233554210138109
120 92 0.28638489431231084
120 93 0.26396573854834693
120 87 0.2099941324491237
120 78 0.2209788631384669
120 50 0.13083328589795562
120 52 0.04848237590394591
120 46 0.12916080549941056
120 91 0.2553321764097065
120 85 0.24352022177622432
120 84 0.11525881189309234
120 90 0.2441290589450553
120 47 0.14564609959273722
120 53 0.39787678531298987
134 76 0.18828263306866982
134 62 0.1591763100224367
134 89 0.10274876832998307
134 88 0.22262071197792263
134 63 0.13057535535939846
134 77 0.09175554075371116
134 49 0.2989483274502848
134 61 0.06703872057112717
134 75 0.34169303197939926
134 74 0.15929305076315683
134 60 0.10448461999457555
134 48 0.305467468208708
134 64 0.16574537722218552
134 70 0.22755607247927695
134 58 0.1812504414365584
134 59 0.07729069267333466
134 71 0.4120704862162804
134 65 0.04152184326426525
134 73 0.2743173419654643
134 67 0.3518538160373068
134 66 0.19628154411212062
134 72 0.11465324449196222
134 57 0.3896967391193149
134 94 0.3180406389466068
134 80 0.4417923576784881
134 81 0.062456029017306264
134 95 0.17199362054567463
134 56 0.12786670996566235
134 68 0.45508523261856354
134 54 0.1811944968259993
134 83 0.3146934303918628
134 82 0.05271655312605128
134 55 0.25165986944762886
134 69 0.23553088236322525
134 51 0.1690620015029033
134 79 0.06503489470112117
134 86 0.16793522744275818
134 92 0.24695779707804422
134 93 0.2393628256760275
134 87 0.18114036684166462
134 78 0.21655897646137415
134 50 0.16802727265001496
134 52 0.4904855634106505
134 46 0.21973910277818665
134 91 0.1824935307192444
134 85 0.22180362648322471
134 84 0.12391127887471788
134 90 0.20909228739938704
134 47 0.3276896972909184
134 53 0.4448463618784995
122 76 0.11674238323522991
122 62 0.08781876762733559
122 89 0.16726789701505423
122 88 0.2264408028827316
122 63 0.21541250354471725
122 77 0.13520165373136273
122 49 0.2834111137863781
122 61 0.07728265335799497
122 75 0.06703164483150242
122 74 0.15962102365086547
122 60 0.07375238577808801
122 48 0.172654196988801
122 64 0.1423192744421174
122 70 0.26704551773893515
122 58 0.19364395877693985
122 59 0.09458962136357649
122 71 0.5598987556498619
122 65 0.05735187764213576
122 73 0.05167987377045549
122 67 0.522370863908894
122 66 0.2845604382693289
122 72 0.07410173551328514
122 57 0.5366015058011091
122 94 0.40546715490499424
122 80 0.5975921775540314
122 81 0.2123031611674706
122 95 0.08207055368839822
122 56 0.17353272164402822
122 68 0.5937627817006312
122 54 0.15306751628065232
122 83 0.30928406845436385
122 82 0.11351722044230778
122 55 0.14016361209400363
122 69 0.345402087532095
122 51 0.20510466910881667
122 79 0.12545564050049118
122 86 0.2976883492732757
122 92 0.436510982608915
122 93 0.3919076844855973
122 87 0.27282799340120295
122 78 0.3715153562080502
122 50 0.30563211914558613
122 52 0.09475621677042159
122 46 0.20822267855937243
122 91 0.38742346912016673
122 85 0.6140602029045582
122 84 0.14042779368714886
122 90 0.5705732477413675
122 47 0.1572812960850019
122 53 0.11154810783750625
136 76 0.026442174922394313
136 62 0.1391910203250596
136 89 0.14350406720530356
136 88 0.20060040691993591
136 63 0.17540383890412592
136 77 0.273806868057416
136 49 0.23594881760228353
136 61 0.09191398443758363
136 75 0.05377876103609272
136 74 0.058304872505568206
136 60 0.08942689836447942
136 48 0.23110416400318332
136 64 0.09633131869078622
136 70 0.18198530064099364
136 58 0.07924303855653425
136 59 0.13656181100978948
136 71 0.08118620925733264
136 65 0.09153220057404127
136 73 0.09836159853545709
136 67 0.2057596405594018
136 66 0.14558921347028234
136 72 0.12095574148054053
136 57 0.2020481765438766
136 94 0.2552034390399689
136 80 0.08833370977970453
136 81 0.44533448865735614
136 95 0.09511038380007633
136 56 0.32148069653248257
136 68 0.3534371590845566
136 54 0.13971521123931446
136 83 0.06347173457744434
136 82 0.11919338551785845
136 55 0.15181119259127746
136 69 0.16320870425541897
136 51 0.11050297618799107
136 79 0.5714297392648748
136 86 0.09964739115097343
136 92 0.2550157175882137
136 93 0.223016055950505
136 87 0.1799828774644416
136 78 0.21838907850599565
136 50 0.12889393046656716
136 52 0.07169631952955985
136 46 0.22830460987985451
136 91 0.25876024287348515
136 85 0.21233109675574785
136 84 0.042792990667091496
136 90 0.23013823607206044
136 47 0.2820203523354138
136 53 0.04148312192104489
137 76 0.14672112549574742
137 62 0.15571555350402289
137 89 0.16835518320403778
137 88 0.390970508755216
137 63 0.13201634959275826
137 77 0.14156247129949456
137 49 0.08935819312862271
137 61 0.09870062610835907
137 75 0.08812546586373003
137 74 0.11615885242627076
137 60 0.06925841928336077
137 48 0.10610944970943302
137 64 0.14239186402397147
137 70 0.3455105461429159
137 58 0.1608718693408746
137 59 0.2135567105198734
137 71 0.11138839031741128
137 65 0.07114596074204999
137 73 0.10122765474013687
137 67 0.4150517584677984
137 66 0.46746894697701985
137 72 0.11073404300301772
137 57 0.3387297218651022
137 94 0.5125143208717848
137 80 0.1177427901564515
137 81 0.22747589334879714
137 95 0.14114201145543692
137 56 0.28815099458760995
137 68 0.679590587718474
137 54 0.16641253233308245
137 83 0.10122225729519736
137 82 0.16411094100586957
137 55 0.15586321914579143
137 69 0.4065072410718712
137 51 0.11707655049958968
137 79 0.24425607305996225
137 86 0.06885300716192214
137 92 0.5300231652541783
137 93 0.4514114013156897
137 87 0.35338801334689735
137 78 0.45951916599315096
137 50 0.1379541769792392
137 52 0.09920508372443514
137 46 0.20955971246371957
137 91 0.4464896101435527
137 85 0.4575780023070413
137 84 0.09409405553441542
137 90 0.45970701890017374
137 47 0.18293015228050924
137 53 0.09661259555301924
123 76 0.11783434107465299
123 62 0.16766707382946533
123 89 0.10496706789397257
123 88 0.35055512495021873
123 63 0.10589442640178212
123 77 0.07109787389985417
123 49 0.23043251149173216
123 61 0.08295998876347119
123 75 0.06666581522431309
123 74 0.09822883696173491
123 60 0.09521724205156636
123 48 0.16237499250215454
123 64 0.155252712382007
123 70 0.22731666125885436
123 58 0.13701056875546086
123 59 0.07540668731019198
123 71 0.3942262505804894
123 65 0.09195490349369612
123 73 0.06170732640821902
123 67 0.3880887904008231
123 66 0.22883990866996348
123 72 0.08330479137182961
123 57 0.4973477180940369
123 94 0.7062015019539181
123 80 0.42796862189116314
123 81 0.17903676863948673
123 95 0.17093794727239411
123 56 0.25701921995951327
123 68 0.5154923799344947
123 54 0.16753951061527922
123 83 0.2512128994230658
123 82 0.11916468376920375
123 55 0.14216241299846666
123 69 0.30817057217752264
123 51 0.15724081966010484
123 79 0.1543649171663839
123 86 0.240900173310216
123 92 0.4589176695923096
123 93 0.3831157792594967
123 87 0.2650093119196243
123 78 0.37075223063069784
123 50 0.2357847211674655
123 52 0.09693292816844588
123 46 0.18881928911714913
123 91 0.25159152313424454
123 85 0.27947578713276544
123 84 0.06132865136768942
123 90 0.3060300470063155
123 47 0.19515598526092331
123 53 0.08722157058997033
127 76 0.21382583771633068
127 62 0.1903644366317936
127 89 0.21077978629330948
127 88 0.5055755367871337
127 63 0.22197846256278528
127 77 0.12955828604939168
127 49 0.2973329403847099
127 61 0.08447848183823278
127 75 0.053807536630475855
127 74 0.10953443821393329
127 60 0.09329891237493279
127 48 0.2288195281977829
127 64 0.1817500528378682
127 70 0.44060068852274253
127 58 0.1822102205449309
127 59 0.19651473442386108
127 71 0.4347517368486468
127 65 0.05649187055107402
127 73 0.05233765518642189
127 67 0.6163817424301405
127 66 0.4457546663308335
127 72 0.14289730364776226
127 57 0.5841891724186208
127 94 0.6620278402777389
127 80 0.4605768333203428
127 81 0.40902050325158473
127 95 0.18612351967547522
127 56 0.4643339138709629
127 68 1.0
127 54 0.248980247906312
127 83 0.11620060901691837
127 82 0.09462560082153354
127 55 0.23370735433058776
127 69 0.5198296797157773
127 51 0.26252414583545414
127 79 0.31513060682254795
127 86 0.25522896352459346
127 92 0.6813319282661858
127 93 0.5926598496020022
127 87 0.5900718999732806
127 78 0.5171295965652662
127 50 0.3790798532316336
127 52 0.07455874156059497
127 46 0.3535933559812707
127 91 0.5759783042969078
127 85 0.6248707204842555
127 84 0.09388896502551704
127 90 0.6195740257316159
127 47 0.3085910491719176
127 53 0.10514995512917187
133 76 0.0820474031004747
133 62 0.32739596932028664
133 89 0.11065401171707064
133 88 0.26063811629093914
133 63 0.19235394462529268
133 77 0.2816194821946613
133 49 0.4060992877511671
133 61 0.10751792570937346
133 75 0.10810453746260629
133 74 0.1907955280897909
133 60 0.06283387307888061
133 48 0.3236018914290372
133 64 0.18271002264747124
133 70 0.2547211780237716
133 58 0.2836682635848411
133 59 0.08822849695617684
133 71 0.341026227508059
133 65 0.07324173627896371
133 73 0.09642681482024393
133 67 0.35220047528810156
133 66 0.19412833245964137
133 72 0.10017527745558323
133 57 0.47654242864593394
133 94 0.32388383765710577
133 80 0.36536882718977143
133 81 0.2970327191738697
133 95 0.16885615531862436
133 56 0.2235673530764081
133 68 0.4710247448724865
133 54 0.23395115392635568
133 83 0.13876973825610023
133 82 0.25315033320936836
133 55 0.13748454738145977
133 69 0.23707815308237726
133 51 0.11579690014792395
133 79 0.3591497292579032
133 86 0.14825789525932975
133 92 0.33385382207831005
133 93 0.31044662523082167
133 87 0.1930843349130754
133 78 0.2605389209340768
133 50 0.18511774733717692
133 52 0.057294568476437935
133 46 0.18999588248744287
133 91 0.3258505108529809
133 85 0.3261528973864283
133 84 0.15505609476183577
133 90 0.31618000093236986
133 47 0.4062515573441268
133 53 0.41778384493221166
132 76 0.1403428179555806
132 62 0.2045235645283497
132 89 0.2493941726715461
132 88 0.6162767104359279
132 63 0.22577024298981116
132 77 0.13670699297451097
132 49 0.12375086629139982
132 61 0.10404106544316968
132 75 0.07845537996192417
132 74 0.172933680626922
132 60 0.1021929431727729
132 48 0.1555418651657705
132 64 0.20383097160725633
132 70 0.4702447864963719
132 58 0.2484589988795382
132 59 0.09997115001713289
132 71 0.18099717400288884
132 65 0.0897507674301802
132 73 0.043699591308930336
132 67 0.5358600144823142
132 66 0.4267324146156093
132 72 0.13605227702211878
132 57 0.4334904381590394
132 94 0.8012958466514439
132 80 0.1911895610257719
132 81 0.36116976157016717
132 95 0.15223301717027565
132 56 0.4861203272410189
132 68 0.8809394740989336
132 54 0.25568840508658747
132 83 0.2547730695460353
132 82 0.06386807113749518
132 55 0.26378989885432036
132 69 0.5119920599533647
132 51 0.08829943441467553
132 79 0.19684090966223763
132 86 0.17376781393849927
132 92 0.8376499441596563
132 93 0.7390634662341389
132 87 0.5253626045873578
132 78 0.5047169094688198
132 50 0.1391683991076967
132 52 0.08509805088398245
132 46 0.49229032527814753
132 91 0.6922918478208688
132 85 0.711845382009257
132 84 0.11058385340033128
132 90 0.7198658271710638
132 47 0.25722069906804085
132 53 0.0814097336774125
126 76 0.10861317875449886
126 62 0.13674009697421174
126 89 0.1824730567754027
126 88 0.3042198180060261
126 63 0.17455199646609312
126 77 0.1527681404557007
126 49 0.21645833335310252
126 61 0.08026520242689647
126 75 0.0862600814879442
126 74 0.12664876377571183
126 60 0.09255918704188865
126 48 0.15389794352020045
126 64 0.13455348323107802
126 70 0.24847931182247832
126 58 0.1865483975117341
126 59 0.09237010128624953
126 71 0.39256249888603273
126 65 0.07936532509710709
126 73 0.08814014456944848
126 67 0.4839250581167975
126 66 0.27779026395567474
126 72 0.08957077127982771
126 57 0.45418515933754444
126 94 0.5456443110091285
126 80 0.4278048283421531
126 81 0.22195167627374776
126 95 0.07294907989434724
126 56 0.18477523929677903
126 68 0.5539706593431986
126 54 0.1427929761264395
126 83 0.34017420107767105
126 82 0.1273374474327627
126 55 0.13762800771465128
126 69 0.34319704861941497
126 51 0.16481716457838805
126 79 0.15002755174013702
126 86 0.19880114110161665
126 92 0.5706109088219767
126 93 0.5072331217529389
126 87 0.3095292163962679
126 78 0.39693857708301195
126 50 0.2280780651010689
126 52 0.0842315496624014
126 46 0.20089131481335054
126 91 0.5521158517638578
126 85 0.6567633120340371
126 84 0.08017533184110598
126 90 0.6909315277189896
126 47 0.15633185523380838
126 53 0.11062381205877278
118 76 0.1767523760948357
118 62 0.265885515920353
118 89 0.1393778302852053
118 88 0.17847079119582993
118 63 0.13333388490408793
118 77 0.030927639556526387
118 49 0.34321515305911343
118 61 0.040324101867297485
118 75 0.05740219609550898
118 74 0.11195541968474962
118 60 0.07187334067838591
118 48 0.23860317163088085
118 64 0.10864124375315468
118 70 0.17028425278657966
118 58 0.38445237906659957
118 59 0.2513861852276149
118 71 0.2557447139945074
118 65 0.08868008838429009
118 73 0.06888043010954403
118 67 0.2669246459265175
118 66 0.1340037059052653
118 72 0.028170125990512496
118 57 0.3955409851155792
118 94 0.19446540387046388
118 80 0.2760703250510101
118 81 0.44818034405753476
118 95 0.10910005553154727
118 56 0.35718188085684555
118 68 0.3469583424763366
118 54 0.12515727632441664
118 83 0.1587365441719659
118 82 0.12276203598389089
118 55 0.1741159442330288
118 69 0.22712343959510595
118 51 0.18454176043676607
118 79 0.25251713183288704
118 86 0.1286607716922781
118 92 0.2095623814570488
118 93 0.19133875883269685
118 87 0.26185838300867975
118 78 0.18037736842182553
118 50 0.29228114093406676
118 52 0.05774043662034939
118 46 0.25109813877947845
118 91 0.1966250207343005
118 85 0.21338883292213642
118 84 0.16483350139258504
118 90 0.20907976765805067
118 47 0.42761032604691107
118 53 0.3148295312927715
130 76 0.07186032534220727
130 62 0.1418517568758576
130 89 0.13723115339376218
130 88 0.3492698841067882
130 63 0.14629118705260855
130 77 0.10838539456349335
130 49 0.11835222872645128
130 61 0.0872129501922727
130 75 0.08460140687094131
130 74 0.046747795690515764
130 60 0.06806340125535079
130 48 0.11236519725945152
130 64 0.14083299639201496
130 70 0.26004720493327793
130 58 0.11995885660329543
130 59 0.0919404016339391
130 71 0.1313610717664826
130 65 0.06879261646285903
130 73 0.08452078585042819
130 67 0.27997982890315576
130 66 0.25502732784449444
130 72 0.09914774912314564
130 57 0.1734184739256988
130 94 0.3868506808309608
130 80 0.13316645465620264
130 81 0.22359441167748798
130 95 0.1324090434152
130 56 0.2478321086597501
130 68 0.3975723324531736
130 54 0.17769627218991615
130 83 0.21801475632966094
130 82 0.11449608072646743
130 55 0.1449055416933342
130 69 0.27368170207132064
130 51 0.06274519610398083
130 79 0.1596831577769324
130 86 0.058407957771477725
130 92 0.39548742211660864
130 93 0.3514823671276094
130 87 0.22737676500438278
130 78 0.2593948602500637
130 50 0.09885198544418118
130 52 0.07598787405256086
130 46 0.32227013563566587
130 91 0.29814358226924476
130 85 0.33847794834652434
130 84 0.11867153237488945
130 90 0.3337938490231682
130 47 0.16095555946722973
130 53 0.10785525498408056
124 76 0.12104365391974803
124 62 0.18424757433298192
124 89 0.10812613228258333
124 88 0.4249784064266495
124 63 0.08138348709961979
124 77 0.036585152609107136
124 49 0.19521600607123757
124 61 0.08978299842277548
124 75 0.07521319559030115
124 74 0.08927715832415374
124 60 0.08882765384856638
124 48 0.14139475672447782
124 64 0.14616094127984225
124 70 0.245420919682588
124 58 0.19077415485351323
124 59 0.08300651886053484
124 71 0.3471366813448731
124 65 0.07277218699881452
124 73 0.09035578680824571
124 67 0.39321553825038047
124 66 0.2439878292665248
124 72 0.1367689559136065
124 57 0.3840624188403588
124 94 0.37944908879676686
124 80 0.37387566935537797
124 81 0.18780777367920481
124 95 0.2541931427969173
124 56 0.21651246662251694
124 68 0.503257652741097
124 54 0.15540803965273223
124 83 0.3118267942929905
124 82 0.09140667456883339
124 55 0.1280876664699228
124 69 0.34723690322918316
124 51 0.11529698751313126
124 79 0.12080614202083377
124 86 0.13181690968471088
124 92 0.44751501534752414
124 93 0.37748276830138405
124 87 0.26680796607657387
124 78 0.36234589920701243
124 50 0.18325919628840087
124 52 0.13318613997920895
124 46 0.183024245513283
124 91 0.8642979235296915
124 85 0.3380853585711462
124 84 0.05080742898259896
124 90 0.3601055152338467
124 47 0.23721173787637667
124 53 0.12216516700532765
125 76 0.10123556538263659
125 62 0.1833196730517288
125 89 0.18312166944960964
125 88 0.3494608286826594
125 63 0.1777549394914616
125 77 0.09485403117499414
125 49 0.21301938074246207
125 61 0.0757334853081475
125 75 0.08910244178647282
125 74 0.10283381572653028
125 60 0.08713402194075594
125 48 0.15546206363415055
125 64 0.13107738013977802
125 70 0.27366397024944294
125 58 0.15077845458982975
125 59 0.08723007022477428
125 71 0.3615196623158103
125 65 0.07968210003547524
125 73 0.10234248281129309
125 67 0.4939901130836922
125 66 0.27996115939410143
125 72 0.05508477084695235
125 57 0.441889209892236
125 94 0.3964900997398173
125 80 0.3944266288166721
125 81 0.22887926438009562
125 95 0.10393249150218056
125 56 0.36714041294854105
125 68 0.6678386974666216
125 54 0.14397858032063704
125 83 0.34481463295647574
125 82 0.11239887344347081
125 55 0.1717573878807391
125 69 0.35408900255254927
125 51 0.14174755887105078
125 79 0.139236143622586
125 86 0.1912448273743568
125 92 0.40933950112404643
125 93 0.35895067072717757
125 87 0.3095615367473148
125 78 0.3898450016937906
125 50 0.21522977202026075
125 52 0.0
125 46 0.18199132480626798
125 91 0.45381230877491174
125 85 0.42658354940200904
125 84 0.10679974842447434
125 90 0.42415924250043824
125 47 0.15371087130762814
125 53 0.08318827485256447
131 76 0.118788182984079
131 62 0.21451276217115664
131 89 0.2302367275238109
131 88 0.6031888473966223
131 63 0.16960489031835468
131 77 0.05465141563715903
131 49 0.07525746149660945
131 61 0.0589549143149527
131 75 0.058298793364097684
131 74 0.17558123772455872
131 60 0.11597830419878541
131 48 0.15768562584403945
131 64 0.15828045718741007
131 70 0.42015333852093995
131 58 0.723478933021215
131 59 0.20624235244728323
131 71 0.11455552800759665
131 65 0.08659007567475491
131 73 0.050456070254076224
131 67 0.45765022316436
131 66 0.342002492129598
131 72 0.0706870206306428
131 57 0.6046031952714872
131 94 0.591261599126901
131 80 0.12294888958562675
131 81 0.35508659576769486
131 95 0.09570436188037647
131 56 0.26815817016935883
131 68 0.6829800681553613
131 54 0.2138465804247677
131 83 0.08755593691373319
131 82 0.06857248220090281
131 55 0.20135057270866022
131 69 0.45448230138767004
131 51 0.09058158868055952
131 79 0.1481681836882491
131 86 0.15318928950876365
131 92 0.6214672437716995
131 93 0.5480428925538909
131 87 0.5311477982252486
131 78 0.399467772401226
131 50 0.03785602370312058
131 52 0.05765804986362902
131 46 0.2588600494537463
131 91 0.5862859383690113
131 85 0.5405762721237242
131 84 0.06554998759964281
131 90 0.541066755834208
131 47 0.23868860859952398
131 53 0.06197047353153953
119 76 0.0523854260619625
119 62 0.15951667592544413
119 89 0.11192318076158764
119 88 0.25162905450302653
119 63 0.09833702491768846
119 77 0.2871456640095565
119 49 0.07604789978971471
119 61 0.20757168080695332
119 75 0.0830247606872471
119 74 0.14787398427306037
119 60 0.09465391128833761
119 48 0.12244592077120066
119 64 0.10092792576127133
119 70 0.2571246362225222
119 58 0.4647570766046194
119 59 0.038412142785393955
119 71 0.13992119655021912
119 65 0.08053422328277646
119 73 0.034995556819845786
119 67 0.15433113742244287
119 66 0.1220784990874695
119 72 0.05065108500427634
119 57 0.17563146377765815
119 94 0.16672921024892826
119 80 0.13997692336185702
119 81 0.008930622367490038
119 95 0.01629217984398812
119 56 0.14813149520957664
119 68 0.23761083230597926
119 54 0.09372699674790028
119 83 0.06390650443467955
119 82 0.06466136339513687
119 55 0.19572086023603788
119 69 0.15685479492308105
119 51 0.08952871665995124
119 79 0.3621835769923995
119 86 0.17703832262353772
119 92 0.18299686045763416
119 93 0.17661960197594045
119 87 0.15370473606435062
119 78 0.13034288112437947
119 50 0.01719981194003839
119 52 0.05546384875866259
119 46 0.10723102216539145
119 91 0.1835308267044158
119 85 0.18524289604378366
119 84 0.09706770797628823
119 90 0.1669051049392317
119 47 0.14072491577544513
119 53 0.06467748277017477
