114 76 0.11618752868085866
114 62 0.16199959550016846
114 89 0.11393691459092326
114 88 0.26978916768241207
114 63 0.16464600369829654
114 77 0.09795384202961305
114 49 0.07099972390910923
114 61 0.0398734670341592
114 75 0.07119193480748871
114 74 0.1893129173002855
114 60 0.058552303962497235
114 48 0.08555638850469356
114 64 0.1251496152330015
114 70 0.20548124550287497
114 58 0.46828630932819887
114 59 0.09987082547880836
114 71 0.09878117337444939
114 65 0.053870658231840854
114 73 0.06396737979462297
114 67 0.20999104482131387
114 66 0.19285949112322803
114 72 0.10955310200366641
114 57 0.2303088620097267
114 94 0.2991829092511433
114 80 0.09889295847234224
114 81 0.22980521474976656
114 95 0.10493254597912621
114 56 0.12793063017727815
114 68 0.2968646468514763
114 54 0.13097528450776352
114 83 0.09233967986237207
114 82 0.026851359134038966
114 55 0.19046744675507468
114 69 0.2508094019050298
114 51 0.06020610086819862
114 79 0.11442199794246835
114 86 0.06516145518724709
114 92 0.31033659593200125
114 93 0.2777631606318589
114 87 0.27301620755869144
114 78 0.1951663383661928
114 50 0.08885517432589765
114 52 0.09688152175074757
114 46 0.16168388641786854
114 91 0.27460502387969954
114 85 0.29230492385289425
114 84 0.0977258260694802
114 90 0.28793689692444846
114 47 0.16207663670575603
114 53 0.07677585485980978
100 76 0.06700887615430019
100 62 0.07845108119395869
100 89 0.05158547468556991
100 88 0.09490839467317468
100 63 0.18475489819617144
100 77 0.07898856218425429
100 49 0.1432719485162655
100 61 0.0578866601586631
100 75 0.05267106544638933
100 74 0.06724013067544587
100 60 0.046261676419019376
100 48 0.08612372124530833
100 64 0.11844963219164495
100 70 0.1113177613300953
100 58 0.17199037340792409
100 59 0.04605062095568532
100 71 0.3014822401019497
100 65 0.05888904058731419
100 73 0.03569621409841561
100 67 0.16583550358976323
100 66 0.07581105217517868
100 72 0.04272078226081849
100 57 0.2131247756936307
100 94 0.09500218989324123
100 80 0.3214208491457569
100 81 0.09791541255339294
100 95 0.08253335058476734
100 56 0.12885504322542882
100 68 0.2165328909356692
100 54 0.10616142968242052
100 83 0.0741195322933591
100 82 0.055308185654468794
100 55 0.17127437109646124
100 69 0.12477216029401578
100 51 0.11210633912664714
100 79 0.05919565431399053
100 86 0.14896036245964425
100 92 0.08268669053723435
100 93 0.08045918099045478
100 87 0.10355848864490877
100 78 0.0936605281639208
100 50 0.16932440402092067
100 52 0.116274346406196
100 46 0.12634953008917452
100 91 0.10836889690044979
100 85 0.13593280207342617
100 84 0.12930267266816067
100 90 0.09588567947224737
100 47 0.06637112287769849
100 53 0.06600529615778877
128 76 0.08691206345816022
128 62 0.05839630843320617
128 89 0.11185441352851681
128 88 0.2596289346513244
128 63 0.08442691092905519
128 77 0.1131065060432298
128 49 0.06682711420500201
128 61 0.05310042800982788
128 75 0.05947856353560815
128 74 0.06489398607258857
128 60 0.048720990030580655
128 48 0.059556826971052315
128 64 0.08475541538576015
128 70 0.1747368473653568
128 58 0.08015032896797543
128 59 0.0429668554633231
128 71 0.06255837329394334
128 65 0.031086803756877474
128 73 0.06856387529731288
128 67 0.21553388268171608
128 66 0.16846325289068648
128 72 0.06882980345884442
128 57 0.1331387430463235
128 94 0.32904981227658625
128 80 0.06483087791901086
128 81 0.19835780667211578
128 95 0.11489878530199926
128 56 0.16642210683683467
128 68 0.35864922253431114
128 54 0.11676099490503655
128 83 0.07436356996040734
128 82 0.05027155886446326
128 55 0.1117107191540184
128 69 0.19093461010922952
128 51 0.0665464549618012
128 79 0.13703739017346775
128 86 0.04818314036926058
128 92 0.3376620203572587
128 93 0.29575479884705835
128 87 0.2863115279502422
128 78 0.19410331649058976
128 50 0.08312380496148779
128 52 0.11911015218453776
128 46 0.14636497201001722
128 91 0.2625763594396124
128 85 0.29619383077797856
128 84 0.06431665790915418
128 90 0.2959414804154204
128 47 0.10648470917641487
128 53 0.04589579733560524
129 76 0.047311039788945936
129 62 0.20430800332933116
129 89 0.14870028522348228
129 88 0.3487874999024906
129 63 0.17495973685506616
129 77 0.12254438992323183
129 49 0.10723818891752578
129 61 0.08094724399772106
129 75 0.05885032968317179
129 74 0.14563445906606778
129 60 0.06311652076501964
129 48 0.15205426973762248
129 64 0.16572200358655942
129 70 0.26656195911344566
129 58 0.5292306506348463
129 59 0.06709335827632629
129 71 0.12060828068680955
129 65 0.10703666953387381
129 73 0.07137336048021738
129 67 0.3036055228199458
129 66 0.24585388325143487
129 72 0.06860824703422093
129 57 0.4857380633946234
129 94 0.4396449426778623
129 80 0.12851804613568024
129 81 0.30570004004595086
129 95 0.12651146268733138
129 56 0.23146621965747605
129 68 0.4551806828353471
129 54 0.20821202228973215
129 83 0.09277875546918815
129 82 0.2883329112899476
129 55 0.1582540010478258
129 69 0.3192124913614368
129 51 0.09001240371057126
129 79 0.13024551325853703
129 86 0.08950962638617711
129 92 0.41596144561369275
129 93 0.37394835255458025
129 87 0.31585580515813694
129 78 0.2914871040071635
129 50 0.0764931697162462
129 52 0.10353099091434376
129 46 0.22164767761703186
129 91 0.3594064474561982
129 85 0.33796819793418503
129 84 0.12943852558782426
129 90 0.3470643603126335
129 47 0.2215663320187547
129 53 0.10577378117070131
101 76 0.03008935473858451
101 62 0.07606076522827786
101 89 0.07036832775638208
101 88 0.08943572869328367
101 63 0.0617734285606614
101 77 0.09987877236960797
101 49 0.0766008008983052
101 61 0.05242826072669329
101 75 0.03581388315607428
101 74 0.01924588164413321
101 60 0.037096867953196944
101 48 0.04771870599332892
101 64 0.06432871108620518
101 70 0.047797950999181216
101 58 0.08763824142390508
101 59 0.06420382824462012
101 71 0.12273734826097571
101 65 0.04713693845377548
101 73 0.04367165273656143
101 67 0.10033137453898197
101 66 0.07255190952621363
101 72 0.024031310241669407
101 57 0.13512344983915245
101 94 0.10597724547608092
101 80 0.1371962654135895
101 81 0.10687150729814066
101 95 0.0
101 56 0.10669157197091986
101 68 0.12037200590543637
101 54 0.05447641491091805
101 83 0.03839087441812067
101 82 0.06112800924221887
101 55 0.0728729102607152
101 69 0.056696655510085237
101 51 0.06717974269181344
101 79 0.10033479880802926
101 86 0.08399690868588013
101 92 0.10065411052108053
101 93 0.09297762416707296
101 87 0.0828901018666355
101 78 0.07578627154600014
101 50 0.08695150911987604
101 52 0.09015984536738376
101 46 0.09653889510226182
101 91 0.12683866595262033
101 85 0.08781090865745762
101 84 0.09150614895884367
101 90 0.09069629352129838
101 47 0.023154887677592384
101 53 0.04856450709214183
115 76 0.11542162793991878
115 62 0.12863418146381306
115 89 0.16188162473156292
115 88 0.16432939936317376
115 63 0.05347522444000334
115 77 0.3310361768541089
115 49 0.16281368712135025
115 61 0.12466684356996496
115 75 0.1195572813633628
115 74 0.14956601356053856
115 60 0.10848476119395908
115 48 0.14590344358390953
115 64 0.19387960477341581
115 70 0.14234713677812014
115 58 0.11709595269297657
115 59 0.10975836005575085
115 71 0.1387224789327007
115 65 0.09018207664636389
115 73 0.09323464735204363
115 67 0.19778383234080615
115 66 0.31519035224510183
115 72 0.21230836860430966
115 57 0.12154759028243851
115 94 0.2867501868908459
115 80 0.14209122147057432
115 81 0.10404702459082472
115 95 0.14154916289231015
115 56 0.32892485512016223
115 68 0.23295195418883136
115 54 0.16700513965306085
115 83 0.24800261298881343
115 82 0.1332374479751871
115 55 0.21257699941091146
115 69 0.11862118401595587
115 51 0.16417038213960725
115 79 0.25933472499350024
115 86 0.14346553719457722
115 92 0.27483334798239395
115 93 0.26068704315677343
115 87 0.215198520448595
115 78 0.14470135862741218
115 50 0.12331662128117538
115 52 0.9074249693543286
115 46 0.5965584399760319
115 91 0.2699530306601605
115 85 0.276455442460321
115 84 0.12630168830938418
115 90 0.2828758874162298
115 47 0.3952127736998661
115 53 0.4187976674851527
103 76 0.10212322865135119
103 62 0.22826311287799744
103 89 0.11189169765816748
103 88 0.15986780005312498
103 63 0.1807392711403299
103 77 0.1308993586076584
103 49 0.09588310629501813
103 61 0.11568818600132272
103 75 0.10626347805293603
103 74 0.10372509584924489
103 60 0.098577458522822
103 48 0.10553140508314812
103 64 0.18560803192064387
103 70 0.25914249842841797
103 58 0.9786003502555947
103 59 0.09332133851923231
103 71 0.08790939995653824
103 65 0.130375525322735
103 73 0.11598742576946398
103 67 0.15043532503570387
103 66 0.22390911215406212
103 72 0.10718935015781553
103 57 0.41371216559082935
103 94 0.15431640078208447
103 80 0.08994966322347576
103 81 0.2522226753949807
103 95 0.10481441612153186
103 56 0.12510854186786036
103 68 0.2971505217362942
103 54 0.19678687856994848
103 83 0.09508809841506756
103 82 0.156812730029483
103 55 0.1423224184139751
103 69 0.24646274776016538
103 51 0.0954725042791466
103 79 0.08910243317788785
103 86 0.10924586997642785
103 92 0.15727707211156394
103 93 0.1544934948886339
103 87 0.13578951665514805
103 78 0.19223565979916518
103 50 0.09633337385515514
103 52 0.1473901702022605
103 46 0.19575244786048493
103 91 0.16206914962868357
103 85 0.14039525142506915
103 84 0.12372562054589774
103 90 0.13934668599685907
103 47 0.16033711805210413
103 53 0.11953555342182176
117 76 0.24038627343660712
117 62 0.25163626131192124
117 89 0.11893246804847034
117 88 0.15112792368009176
117 63 0.08991465739086901
117 77 0.4741588771339137
117 49 0.24161676567710094
117 61 0.14754513564462188
117 75 0.4580063631776795
117 74 0.3219051095706567
117 60 0.10979769361630094
117 48 0.33947026575911543
117 64 0.15475908923414008
117 70 0.2644549513780755
117 58 0.5814597189674564
117 59 0.12782904224272346
117 71 0.11358939799514517
117 65 0.06745266269824714
117 73 0.3749271157267876
117 67 0.1973159097647517
117 66 0.16822446169075572
117 72 0.1949923122247251
117 57 0.25072702547406456
117 94 0.27954653216718917
117 80 0.11444094968667141
117 81 0.21883987100613467
117 95 0.2412774556068472
117 56 0.31809417552738867
117 68 0.3266429011910611
117 54 0.12374513698924963
117 83 0.5419140267505581
117 82 0.13838317300837863
117 55 0.1615342098221935
117 69 0.27697050723305716
117 51 0.16965217358928747
117 79 0.4326656289096143
117 86 0.09175157714391863
117 92 0.27930538743143957
117 93 0.2544840425517841
117 87 0.3228664334958175
117 78 0.3016270625343701
117 50 0.09340232024730366
117 52 0.368860421497128
117 46 0.3882440365500036
117 91 0.2918471483683217
117 85 0.3065488911818222
117 84 0.19973163271513383
117 90 0.3038656150679722
117 47 0.17806494529328465
117 53 0.21960208320514396
116 76 0.13751904691449232
116 62 0.20213689978031857
116 89 0.12511432997039756
116 88 0.2507714135503632
116 63 0.11700840498747303
116 77 0.2510584595790534
116 49 0.13023128371215448
116 61 0.1396702887238217
116 75 0.14506699548709812
116 74 0.1131323602646725
116 60 0.09511133035332538
116 48 0.11181094860031557
116 64 0.1287549630748865
116 70 0.3557311527244843
116 58 0.7564310631767873
116 59 0.14041001353410276
116 71 0.08742090948792341
116 65 0.0908610438261315
116 73 0.13315215091927085
116 67 0.23498629856796913
116 66 0.26650649095070694
116 72 0.12752602836887517
116 57 0.3873955070091498
116 94 0.3347375277850152
116 80 0.09011892251261959
116 81 0.25991734986721365
116 95 0.16594016729879146
116 56 0.3062393363061544
116 68 0.40044175481019884
116 54 0.12621503123067346
116 83 0.30101795696550115
116 82 0.2915627897290466
116 55 0.1804401994466964
116 69 0.31769505771117806
116 51 0.08273001232914748
116 79 0.22702685612215773
116 86 0.10051386608602754
116 92 0.319846776220199
116 93 0.3023818809692195
116 87 0.2211599720713284
116 78 0.266323486668223
116 50 0.1031241814591827
116 52 0.19096942583385773
116 46 0.3196789969886399
116 91 0.30637615846115684
116 85 0.2974741179730275
116 84 0.18656760857077215
116 90 0.2942581928049693
116 47 0.10516219527310601
116 53 0.11874485351949397
102 76 0.1104660458759055
102 62 0.1627247460032829
102 89 0.11800761633361964
102 88 0.12191432267508337
102 63 0.13427231758809616
102 77 0.12348344675888961
102 49 0.13922019238317387
102 61 0.0997872725489693
102 75 0.11557014137298025
102 74 0.11971928683018614
102 60 0.114259486037328
102 48 0.11871180463445308
102 64 0.12189220218584738
102 70 0.18767559501140058
102 58 0.5932875906604979
102 59 0.12931442539305096
102 71 0.19834788619217897
102 65 0.09666329350611688
102 73 0.11055876316298247
102 67 0.1525402252806989
102 66 0.1090300553539263
102 72 0.12936010203967996
102 57 0.2479792865358706
102 94 0.12350360575960198
102 80 0.20575923540210242
102 81 0.16191824152393425
102 95 0.12341544515242295
102 56 0.11910685802820134
102 68 0.21246725395056004
102 54 0.1338599795878499
102 83 0.1275878929997207
102 82 0.09066184846287895
102 55 0.12743380257800116
102 69 0.16883657491108894
102 51 0.12003786713749859
102 79 0.11247937341745105
102 86 0.14036058624722372
102 92 0.1089717966825109
102 93 0.11073697757674891
102 87 0.1264195619370863
102 78 0.1222320915431859
102 50 0.1333468657534565
102 52 0.10274134935494043
102 46 0.12585646640484127
102 91 0.11641752406382747
102 85 0.12474995850644396
102 84 0.10788297000607949
102 90 0.11192248602756164
102 47 0.14294026915692698
102 53 0.12190030981247851
106 76 0.06849059957971206
106 62 0.08891650859246486
106 89 0.047819699913989266
106 88 0.11329207170491494
106 63 0.06399706939852581
106 77 0.06695342231300498
106 49 0.05949000261159684
106 61 0.057278553704257454
106 75 0.04061423849918164
106 74 0.05063257452763356
106 60 0.0543548793226105
106 48 0.06306003042728943
106 64 0.08635036688323117
106 70 0.12476832652515793
106 58 0.45049606120201263
106 59 0.047668958162421934
106 71 0.08835714916653069
106 65 0.049306457294906916
106 73 0.04475424712613693
106 67 0.08849242293541389
106 66 0.07336721554981059
106 72 0.1092667193100428
106 57 0.18450442575321577
106 94 0.09748625371500602
106 80 0.08786192563351186
106 81 0.12732981855905284
106 95 0.07430406832812825
106 56 0.09793147483352199
106 68 0.16340053692756878
106 54 0.09735184537715022
106 83 0.05843907934802543
106 82 0.05862147442053027
106 55 0.1284001270480127
106 69 0.14081140016725274
106 51 0.05974274223953849
106 79 0.0806962349987431
106 86 0.06675845860632036
106 92 0.10362601536424391
106 93 0.09720043452166227
106 87 0.11761387054002437
106 78 0.09243579290482609
106 50 0.0541542476575399
106 52 0.07807121705178166
106 46 0.08322620303342691
106 91 0.058083408126990796
106 85 0.09697332220773641
106 84 0.09633902072349203
106 90 0.09866024548223046
106 47 0.11125737109011656
106 53 0.06369789967920819
112 76 0.09062164898901236
112 62 0.15736475801778443
112 89 0.10780135744378465
112 88 0.19331350322176774
112 63 0.13939806992761045
112 77 0.16978359019095454
112 49 0.09772241734351299
112 61 0.08719359159070386
112 75 0.09597616771678115
112 74 0.099175301167534
112 60 0.07738146339700422
112 48 0.08425229044734912
112 64 0.14561644695623657
112 70 0.19890636273523674
112 58 0.6139760928323684
112 59 0.08632478309060838
112 71 0.13751737954185694
112 65 0.08817605729046082
112 73 0.08515730277172229
112 67 0.14856387565448098
112 66 0.12446025526844881
112 72 0.08836791078408422
112 57 0.2681813147894317
112 94 0.1491519247137044
112 80 0.14183512782601618
112 81 0.17812749561444569
112 95 0.10882683038732746
112 56 0.17605976969711515
112 68 0.26719516259775283
112 54 0.14840987410995923
112 83 0.1412482085286415
112 82 0.087166183526322
112 55 0.25939472082558107
112 69 0.24058241863281932
112 51 0.09133043042628511
112 79 0.14639664388596246
112 86 0.10473494321614402
112 92 0.17368374743751086
112 93 0.17141216499150425
112 87 0.1871667737954821
112 78 0.18503927242650575
112 50 0.10737951704899416
112 52 0.14586585063433893
112 46 0.14121333391033603
112 91 0.1733727087224717
112 85 0.1510041929594104
112 84 0.1661591910218248
112 90 0.15047059916723976
112 47 0.1303898889414899
112 53 0.09132226597157866
113 76 0.10134648157107752
113 62 0.16421130705785206
113 89 0.13873034066847384
113 88 0.3772103367611637
113 63 0.14860588435260694
113 77 0.23592093703426836
113 49 0.10946881615976975
113 61 0.0904699601739767
113 75 0.11040344791034595
113 74 0.08250840721956544
113 60 0.06268222881446085
113 48 0.094324163527735
113 64 0.14568968877343133
113 70 0.26886550520570196
113 58 0.38515732401749925
113 59 0.07807371501982477
113 71 0.10434499155282746
113 65 0.06655535709960798
113 73 0.10915269746445352
113 67 0.28273922907600485
113 66 0.24644648468181074
113 72 0.10331992806978357
113 57 0.26436458497999654
113 94 0.4310833174681146
113 80 0.10477705649140255
113 81 0.2805256828483965
113 95 0.16906333793380368
113 56 0.28367723287126306
113 68 0.40934222075541893
113 54 0.17229438208564163
113 83 0.23122671601121006
113 82 0.1324864568205013
113 55 0.1863819482423544
113 69 0.2963227211290881
113 51 0.06976254071606543
113 79 0.21311835748986846
113 86 0.055221068793667685
113 92 0.4366685916377843
113 93 0.3944620943768735
113 87 0.3202116144406605
113 78 0.2792405025112994
113 50 0.09363325095929922
113 52 0.17630646747218257
113 46 0.2913341979089372
113 91 0.35002005338244374
113 85 0.3778336130456797
113 84 0.15778923316817867
113 90 0.37360004810219255
113 47 0.15758399747890908
113 53 0.10358432721105551
107 76 0.15694068412294476
107 62 0.1901841066318293
107 89 0.13434541552576662
107 88 0.20894417242700658
107 63 0.08844512877684495
107 77 0.08336822047227585
107 49 0.13446097401627766
107 61 0.11740076740192304
107 75 0.09524404617443659
107 74 0.07856751465131197
107 60 0.13766136155885086
107 48 0.10772994830467132
107 64 0.11987187907250157
107 70 0.09129610845918709
107 58 0.07538132502693903
107 59 0.10298866091522203
107 71 0.18444760574909133
107 65 0.13358693498208699
107 73 0.11888672286013949
107 67 0.2169210478454092
107 66 0.2008294251903432
107 72 0.06654012879080422
107 57 0.20834330933553974
107 94 0.13108688315240669
107 80 0.19763181171815683
107 81 0.08923394484014019
107 95 0.12741246236453607
107 56 0.8531230076772165
107 68 0.5713028505789699
107 54 0.10639372106324888
107 83 0.15093539944630838
107 82 0.07680592353754707
107 55 0.18994725833055762
107 69 0.10946425382452094
107 51 0.09266505714758713
107 79 0.14506828614578243
107 86 0.1380873622915944
107 92 0.11892123938391189
107 93 0.17059596272566713
107 87 0.1842384408234562
107 78 0.09513760928558938
107 50 0.1452321151125781
107 52 0.13735806609580256
107 46 0.11649442441962052
107 91 0.1564600748846953
107 85 0.0913578900772259
107 84 0.09125688613680248
107 90 0.10190465380275104
107 47 0.07174153459223043
107 53 0.10019450296530698
139 76 0.14894899326147548
139 62 0.059017836995176334
139 89 0.0825012303973042
139 88 0.18798045455743168
139 63 0.06263227774565039
139 77 0.11416185087714319
139 49 0.0678201619094154
139 61 0.10300804007011807
139 75 0.049343938614754376
139 74 0.08156846076996083
139 60 0.06176552411176947
139 48 0.04946758492900466
139 64 0.05925741228054918
139 70 0.1651472545132161
139 58 0.11155887241641582
139 59 0.1053053631153925
139 71 0.06272848199275467
139 65 0.06941464346566616
139 73 0.04642604803867938
139 67 0.1499034643959048
139 66 0.23816561510662598
139 72 0.06095801954995478
139 57 0.18795647771621493
139 94 0.22184743514480165
139 80 0.06394186587762549
139 81 0.12781447418080755
139 95 0.06303550750394464
139 56 0.11337458342048545
139 68 0.23139430510352937
139 54 0.07952308429285729
139 83 0.07322387136363577
139 82 0.08497500977301782
139 55 0.08864504360516605
139 69 0.13113812447012907
139 51 0.06095239738758863
139 79 0.11329942401565415
139 86 0.07393482215818194
139 92 0.22936687578936696
139 93 0.20668225552061795
139 87 0.19186270103182063
139 78 0.14181298412258914
139 50 0.0697970467379093
139 52 0.2079579065079526
139 46 0.15946952822012045
139 91 0.21261437398471128
139 85 0.20440982753813475
139 84 0.051555762345489115
139 90 0.2051835570809873
139 47 0.08979915273655993
139 53 0.10603469278801989
111 76 0.12752832490548435
111 62 0.21273190122511465
111 89 0.16542939481707863
111 88 0.26444664183281585
111 63 0.16022957318246164
111 77 0.1782627366846961
111 49 0.10184349636014241
111 61 0.09719424742820196
111 75 0.10922528163571758
111 74 0.13418632966722935
111 60 0.09851157534427087
111 48 0.09404170572002667
111 64 0.15054597870432473
111 70 0.34433379267805414
111 58 0.5858190921331188
111 59 0.11862015392224126
111 71 0.16236778734312368
111 65 0.09414331531445662
111 73 0.10337894685432383
111 67 0.2953468179893124
111 66 0.22026137170738125
111 72 0.0980356917042598
111 57 0.3176201101720717
111 94 0.30057821722282263
111 80 0.1672415399396464
111 81 0.22517541826025178
111 95 0.14334776758967965
111 56 0.23632451491951104
111 68 0.479248139605715
111 54 0.1564892823676462
111 83 0.144104671365405
111 82 0.11220805849365303
111 55 0.29054011568268456
111 69 0.42421918609000503
111 51 0.11200657489304319
111 79 0.16162131654661524
111 86 0.09288142487887481
111 92 0.3247771495746824
111 93 0.29974475456821886
111 87 0.27293462859952144
111 78 0.3888119101906429
111 50 0.154193030158859
111 52 0.15398617183380037
111 46 0.1676965734288448
111 91 0.3088358023391067
111 85 0.2808351930620585
111 84 0.214102111638231
111 90 0.28608431421209046
111 47 0.151344743975887
111 53 0.09297930467481907
105 76 0.09140533127617707
105 62 0.12327686130671808
105 89 0.08934905875072363
105 88 0.11221935396688104
105 63 0.09941590281306989
105 77 0.09679221008769046
105 49 0.1851358306605312
105 61 0.10030119527912036
105 75 0.10288952224850174
105 74 0.1288716953330203
105 60 0.10382048851761579
105 48 0.13879993313113242
105 64 0.10582628501893064
105 70 0.1207769218525028
105 58 0.20811925339832354
105 59 0.10848478355756036
105 71 0.3205731820159017
105 65 0.09671014142788277
105 73 0.10018393666395058
105 67 0.1965907257993224
105 66 0.1290073473198884
105 72 0.1098382368804669
105 57 0.28825488974836344
105 94 0.11819089665488004
105 80 0.3346349898583481
105 81 0.10761273360372373
105 95 0.14028923036966037
105 56 0.43686296497943156
105 68 0.333174921044865
105 54 0.10772306613370189
105 83 0.16944670369265705
105 82 0.11274211163102386
105 55 0.09928481904081865
105 69 0.1563031629778977
105 51 0.14830396853932482
105 79 0.10928859820662763
105 86 0.19018301710565644
105 92 0.09746976992617497
105 93 0.09619214113816195
105 87 0.1268799677897609
105 78 0.13827390064178036
105 50 0.17354550681824363
105 52 0.10395832394002938
105 46 0.10935295037782758
105 91 0.091236792928697
105 85 0.16766310179810429
105 84 0.1153604359981344
105 90 0.11966103094980572
105 47 0.11580314069734118
105 53 0.10191817773879781
104 76 0.1267163214635954
104 62 0.21644915451796967
104 89 0.09903785545551144
104 88 0.1728950965965276
104 63 0.1871823027066997
104 77 0.10321920285027153
104 49 0.10675303209831523
104 61 0.11223099500579306
104 75 0.10458407210007822
104 74 0.1035283226809637
104 60 0.1067918802163531
104 48 0.11579257374007446
104 64 0.18336546647723667
104 70 0.278469561626952
104 58 1.0
104 59 0.0991288343893794
104 71 0.12649372713523466
104 65 0.10596262896139921
104 73 0.1106231077178988
104 67 0.1375680564628771
104 66 0.1379319892871409
104 72 0.1284128678188165
104 57 0.39383075685331437
104 94 0.15033240981772866
104 80 0.12635346835463523
104 81 0.2606319469724374
104 95 0.11732293483670604
104 56 0.11658083853038817
104 68 0.2816666767784117
104 54 0.2010260194754318
104 83 0.09108049410210776
104 82 0.1022840262071471
104 55 0.2152763735764576
104 69 0.24874089471752003
104 51 0.0960401441465784
104 79 0.1018518673895137
104 86 0.11575508459522477
104 92 0.16122054396754773
104 93 0.15631250101933747
104 87 0.16823837708730094
104 78 0.17480271970004096
104 50 0.1022010284753534
104 52 0.11524549016601549
104 46 0.16973252566353816
104 91 0.14462367341379487
104 85 0.1438590975921032
104 84 0.15290794707072722
104 90 0.1461734638182457
104 47 0.19601189062661536
104 53 0.12477427820463041
110 76 0.024740767266452218
110 62 0.1906962400322194
110 89 0.17727383753330211
110 88 0.336669975403836
110 63 0.09601962522119196
110 77 0.281549563652455
110 49 0.07064135636570029
110 61 0.06234322058536351
110 75 0.0874834232585301
110 74 0.10979747059038725
110 60 0.09653607491768797
110 48 0.09975161338372594
110 64 0.09503584801589238
110 70 0.20679093374198174
110 58 0.3563516685534801
110 59 0.06990839940572592
110 71 0.1856952071493439
110 65 0.0852542590510651
110 73 0.0772112577784749
110 67 0.18176814078294132
110 66 0.14523259289226403
110 72 0.1711687799732481
110 57 0.20834007025136897
110 94 0.22323210341521454
110 80 0.18760245354886043
110 81 0.30166932357089266
110 95 0.11873918192473118
110 56 0.17743986385441057
110 68 0.3419765577553203
110 54 0.12983572849746897
110 83 0.08961509870201122
110 82 0.2095583282205112
110 55 0.18068095589808894
110 69 0.34684512054450745
110 51 0.0788258514245954
110 79 0.19217939042478183
110 86 0.03259110477351304
110 92 0.2592969688156462
110 93 0.31932970941817573
110 87 0.2313880109057848
110 78 0.2719116069381645
110 50 0.06696872761169573
110 52 0.11299449395501554
110 46 0.17975337236802288
110 91 0.250594918697043
110 85 0.2436343283800263
110 84 0.07578248772931946
110 90 0.23894156567479508
110 47 0.11160481571787567
110 53 0.08291837717640523
138 76 0.1390362028686955
138 62 0.1470402807335992
138 89 0.13764958519676873
138 88 0.28955799738697885
138 63 0.09760634570362263
138 77 0.14462555685526468
138 49 0.09366717569757849
138 61 0.09049752662328864
138 75 0.09405141289419156
138 74 0.10704461629506343
138 60 0.07956342160728103
138 48 0.1206417144990869
138 64 0.10857446989774074
138 70 0.2932351815918279
138 58 0.1625542143713758
138 59 0.08834239920718381
138 71 0.09315670917297467
138 65 0.05998528661666576
138 73 0.0927877644636972
138 67 0.28174962611979903
138 66 0.3174783135760624
138 72 0.15521584466505856
138 57 0.2564810570540374
138 94 0.3227232159929556
138 80 0.0998171466697329
138 81 0.2241319114765375
138 95 0.13575972221854496
138 56 0.1761067593831902
138 68 0.45675728395295684
138 54 0.12283521915719209
138 83 0.10258597540983283
138 82 0.17340464126875868
138 55 0.07353883705815559
138 69 0.235546547842458
138 51 0.08857542780197983
138 79 0.09054217014643483
138 86 0.09739252573489321
138 92 0.32012561237432346
138 93 0.30164398802964126
138 87 0.30468193224143086
138 78 0.2738595564866799
138 50 0.06528263075336103
138 52 0.09011566659271264
138 46 0.15617681130307604
138 91 0.33451797200942857
138 85 0.2204821712509028
138 84 0.1035746128199641
138 90 0.2517936960333613
138 47 0.1701066676570885
138 53 0.15246861003940593
140 76 0.17808649650450817
140 62 0.08957701033908488
140 89 0.08157217151429928
140 88 0.12303854454661636
140 63 0.08924669607046534
140 77 0.07728317703415856
140 49 0.10045197682627756
140 61 0.07897993919687964
140 75 0.06171112511847822
140 74 0.039566696191769474
140 60 0.04396058879773346
140 48 0.07284154588013257
140 64 0.06185170040974114
140 70 0.19591994258974432
140 58 0.17140067323820865
140 59 0.11823450958612285
140 71 0.07025840796696467
140 65 0.063125921748012
140 73 0.07799907801851022
140 67 0.15502230978401013
140 66 0.23588752111810973
140 72 0.04785512536651998
140 57 0.21123046673209384
140 94 0.1948276217291368
140 80 0.0736638942799579
140 81 0.17126805311597004
140 95 0.08951226908432153
140 56 0.1129962927742296
140 68 0.2430825081022824
140 54 0.07112543253820111
140 83 0.063728637847103
140 82 0.12358840209605246
140 55 0.10592177348742507
140 69 0.20444390550054822
140 51 0.05733950858597696
140 79 0.07885404721577834
140 86 0.04249932643472862
140 92 0.20780416045006067
140 93 0.17588183073530728
140 87 0.17090944025465787
140 78 0.225358311243713
140 50 0.10784678123513813
140 52 0.040391709348907734
140 46 0.053572550811950864
140 91 0.18500538610513698
140 85 0.1718367135902378
140 84 0.0850371403702379
140 90 0.17941836711220968
140 47 0.07681030107422668
140 53 0.06794801749078433
135 76 0.13657381855428768
135 62 0.2319923252100278
135 89 0.10589607531341622
135 88 0.23259648131443542
135 63 0.15145485930065353
135 77 0.2912597642333264
135 49 0.24636534050615772
135 61 0.0785411111431511
135 75 0.2580889293941281
135 74 0.16865946421246852
135 60 0.06069482004171961
135 48 0.2639118442737995
135 64 0.12141502580505457
135 70 0.19484801960584863
135 58 0.17743371695493082
135 59 0.0601903678392923
135 71 0.19536578440590757
135 65 0.054185664720628704
135 73 0.20730953250959222
135 67 0.27345315733430536
135 66 0.15737373345437386
135 72 0.09180370118500356
135 57 0.31560213779735075
135 94 0.30799435670942815
135 80 0.20859448761734187
135 81 0.21470246886621094
135 95 0.15115182501424113
135 56 0.26583410823086906
135 68 0.3820166182311523
135 54 0.14738841072988376
135 83 0.40905755378574377
135 82 0.09904164439305412
135 55 0.1318525321887251
135 69 0.21516464750348466
135 51 0.12807542934601646
135 79 0.2042081826073981
135 86 0.11395096822735147
135 92 0.2864973156354457
135 93 0.2528638411321351
135 87 0.272394919087246
135 78 0.24913693085646155
135 50 0.135167252563405
135 52 0.25147491062305877
135 46 0.34189981333824304
135 91 0.2824632242039366
135 85 0.24979843254270745
135 84 0.16668124318472016
135 90 0.2564714602371669
135 47 0.21278603437200072
135 53 0.30210736633923885
121 76 0.1609341619675261
121 62 0.22702688127048504
121 89 0.1780088810915901
121 88 0.35230359171776304
121 63 0.25888301962849375
121 77 0.22749655499627425
121 49 0.1580780536703807
121 61 0.11590594253396047
121 75 0.09125981438906632
121 74 0.1409732419223877
121 60 0.1346844214399004
121 48 0.16002255098756604
121 64 0.17095126667543
121 70 0.1488492902694089
121 58 0.07055567880756355
121 59 0.07856460799532572
121 71 0.3671457541282538
121 65 0.16425820969207636
121 73 0.07754000419217302
121 67 0.37005939714496155
121 66 0.24523510290472506
121 72 0.12600612820254342
121 57 0.3671452921960957
121 94 0.5504091253899281
121 80 0.39634374683936857
121 81 0.22285762674050494
121 95 0.13990513175942654
121 56 0.24388013092254823
121 68 0.39466780294019854
121 54 0.17905461135029693
121 83 0.24879326047416958
121 82 0.1524851083556484
121 55 0.33551655053723206
121 69 0.377274133133516
121 51 0.16146753633032232
121 79 0.12100252783400478
121 86 0.1375838781316844
121 92 0.4739466394381684
121 93 0.43076018285213913
121 87 0.2730025036979304
121 78 0.45663183039915806
121 50 0.1796148842036961
121 52 0.08278163588527607
121 46 0.20418267429454715
121 91 0.44651530382775667
121 85 0.3998084676620131
121 84 0.11176780093841475
121 90 0.42420543259047905
121 47 0.26690295235116257
121 53 0.2108237790245511
109 76 0.12928546782312908
109 62 0.17857255159707539
109 89 0.07274351546453789
109 88 0.21824685882491024
109 63 0.1430121571805389
109 77 0.16349702703676475
109 49 0.15708451646565177
109 61 0.128653313886506
109 75 0.088366137360365
109 74 0.1442846928934793
109 60 0.07194005559622098
109 48 0.11533472213149032
109 64 0.1498331891508411
109 70 0.29871608864733085
109 58 0.4979975814138779
109 59 0.05494989868632451
109 71 0.17767161980188345
109 65 0.08634995775183829
109 73 0.05189252235996432
109 67 0.2196280319607185
109 66 0.16069080138533906
109 72 0.15026435886034709
109 57 0.3275053251539972
109 94 0.24805077347874144
109 80 0.17990743515805024
109 81 0.3200180053077373
109 95 0.14782242670293977
109 56 0.10589257073300637
109 68 0.39285467691572384
109 54 0.13182190251751563
109 83 0.09620910600473939
109 82 0.08796902713334488
109 55 0.16581754779256802
109 69 0.3188167984821271
109 51 0.09109791456786136
109 79 0.0957384282578121
109 86 0.1265966217617286
109 92 0.25314903316238246
109 93 0.24083118867507228
109 87 0.2209667490660788
109 78 0.30523438622190335
109 50 0.1814840178827209
109 52 0.1609742033002815
109 46 0.22583278369692222
109 91 0.25584088214174916
109 85 0.23406358247828496
109 84 0.5611143187151401
109 90 0.23533493628679514
109 47 0.08287096727072422
109 53 0.08453393040446008
108 76 0.1401812370749525
108 62 0.2127398216094159
108 89 0.14240361160713594
108 88 0.2872496543404532
108 63 0.1870610263198124
108 77 0.19832541125563535
108 49 0.0805347735569056
108 61 0.10197519187299525
108 75 0.11221572002445045
108 74 0.14295010572965228
108 60 0.09359110262052663
108 48 0.09814197749716992
108 64 0.18220445318323006
108 70 0.3005854149601497
108 58 0.7140311097802637
108 59 0.09394908577249546
108 71 0.12874831583341645
108 65 0.09536486839026406
108 73 0.104483877210676
108 67 0.25391700088956265
108 66 0.2214675638042042
108 72 0.11501997207283982
108 57 0.3498084212163748
108 94 0.31746757561639105
108 80 0.1340503858061479
108 81 0.27923124200424704
108 95 0.13995087252229105
108 56 0.24088116734390863
108 68 0.48027868660362844
108 54 0.21670880701497422
108 83 0.129082598886642
108 82 0.13481492888721863
108 55 0.23119619083894793
108 69 0.3666504604596279
108 51 0.09147072169150214
108 79 0.20143550458612675
108 86 0.0680729612043078
108 92 0.32274446928442746
108 93 0.2941386038220843
108 87 0.2691334282143758
108 78 0.3102570563661416
108 50 0.1176282942267983
108 52 0.13914434793980132
108 46 0.1941291675355174
108 91 0.2998168245665465
108 85 0.27772504000010917
108 84 0.17216138076717075
108 90 0.2763445827325489
108 47 0.1528165896061118
108 53 0.08892526265445219
120 76 0.045935054087760996
120 62 0.09618894651308468
120 89 0.07723196784830579
120 88 0.1920430834877762
120 63 0.05767398647421908
120 77 0.2056577883228641
120 49 0.0491279409218892
120 61 0.022275002525185328
120 75 0.08337800028468105
120 74 0.05921588851425802
120 60 0.04322812417541372
120 48 0.05516388198019154
120 64 0.08686113382425799
120 70 0.10466208530579786
120 58 0.08161248047046422
120 59 0.06489816851405605
120 71 0.10369401113025936
120 65 0.04146383667210013
120 73 0.05417717261644614
120 67 0.15236518125700935
120 66 0.14856303755515804
120 72 0.05016416524425309
120 57 0.08834673488202927
120 94 0.2166376368628872
120 80 0.10868666275755733
120 81 0.12878511124622555
120 95 0.04922458508172241
120 56 0.12574229538710524
120 68 0.16262417773929475
120 54 0.09452901617302732
120 83 0.06507216703367996
120 82 0.052951740544843445
120 55 0.22133172385438046
120 69 0.110039663334099
120 51 0.09257503388821565
120 79 0.07187507377961586
120 86 0.0694624848722332
120 92 0.21238776824395753
120 93 0.19598262057215293
120 87 0.17733104629680882
120 78 0.13930998529789274
120 50 0.09511380983853854
120 52 0.031503162180012784
120 46 0.10104391022293001
120 91 0.1836530634889139
120 85 0.181574932877698
120 84 0.06835655177600715
120 90 0.1768510952928096
120 47 0.1036315010392546
120 53 0.29680564388149155
134 76 0.14397994512191536
134 62 0.1174214728636079
134 89 0.06788814256774951
134 88 0.16126324240241569
134 63 0.0957183062426001
134 77 0.15633982052450673
134 49 0.2415229525387252
134 61 0.08355059541271248
134 75 0.2640438372575233
134 74 0.1185686186650628
134 60 0.10459646507117505
134 48 0.22014515352875458
134 64 0.1163923198644331
134 70 0.14855611685860673
134 58 0.12565831531632501
134 59 0.042461345580481674
134 71 0.4089277918374733
134 65 0.05695202425056188
134 73 0.20886790826787255
134 67 0.24490726524262918
134 66 0.12297106494958912
134 72 0.1098344142404651
134 57 0.33838822879397656
134 94 0.2411423730498402
134 80 0.43757299414139134
134 81 0.039834831583322405
134 95 0.1116595589279244
134 56 0.09323156423153861
134 68 0.2863188271014378
134 54 0.12952325837708617
134 83 0.24229516669842538
134 82 0.06531550823303345
134 55 0.16787503706561488
134 69 0.14068921920955335
134 51 0.14427342059479054
134 79 0.0878370780765774
134 86 0.14320153872261915
134 92 0.15103435294193537
134 93 0.1554548095755245
134 87 0.1484745924549604
134 78 0.131199768959687
134 50 0.15898007092154412
134 52 0.5343600397157404
134 46 0.20439569970138322
134 91 0.13319760177821435
134 85 0.1260859563606341
134 84 0.13244197701245813
134 90 0.13445176130166153
134 47 0.24498776187073246
134 53 0.38872602109270116
122 76 0.12213567540222758
122 62 0.06503890699111
122 89 0.20169806750743755
122 88 0.1140740937797337
122 63 0.2391564801242289
122 77 0.11697274423074445
122 49 0.2677953060917878
122 61 0.07864107470919095
122 75 0.0766078182767598
122 74 0.20883164887343766
122 60 0.09419957708189727
122 48 0.1240054380445959
122 64 0.06996734409988627
122 70 0.17925187598380599
122 58 0.10889661600965522
122 59 0.1055649502090575
122 71 0.5005684381010336
122 65 0.05520996147584317
122 73 0.05741797921549749
122 67 0.4332138655607494
122 66 0.2288336301211072
122 72 0.04664618048969271
122 57 0.43527836349559185
122 94 0.24389833450077975
122 80 0.5339025812762285
122 81 0.18316898025175152
122 95 0.06906412764939727
122 56 0.12169836173624851
122 68 0.40277238633010437
122 54 0.07524238528158542
122 83 0.2584986336229923
122 82 0.07594910162900591
122 55 0.16565887297092655
122 69 0.20194820930989177
122 51 0.2054546297825336
122 79 0.12323405253590264
122 86 0.34374153913563354
122 92 0.2603208243801379
122 93 0.22761594359356846
122 87 0.1688141532622394
122 78 0.23478804276705226
122 50 0.3102105508438897
122 52 0.11241466900099994
122 46 0.1307793090086081
122 91 0.2210452694310391
122 85 0.6279784572865659
122 84 0.16773900103307723
122 90 0.5017392375049751
122 47 0.074908853253373
122 53 0.10113151408256758
136 76 0.030572196509615346
136 62 0.09475568592168657
136 89 0.08824473563246975
136 88 0.1306501500118908
136 63 0.12986992131712205
136 77 0.27235254687980637
136 49 0.16635298232312043
136 61 0.06734268833643743
136 75 0.060925916281483694
136 74 0.04633368693005095
136 60 0.05992505403875638
136 48 0.15118610039376182
136 64 0.05334626752124691
136 70 0.11055912954707199
136 58 0.08879515600554864
136 59 0.09236332915042317
136 71 0.04431616861696916
136 65 0.058876109130598986
136 73 0.08811743435268685
136 67 0.11515211288307292
136 66 0.07625542213399002
136 72 0.09410820053757399
136 57 0.16400488060266594
136 94 0.16446986978628111
136 80 0.04924398731853567
136 81 0.32549869183248614
136 95 0.08581033165373819
136 56 0.23434710419575344
136 68 0.21081680051041474
136 54 0.08566571868856374
136 83 0.08664427895247824
136 82 0.08933961973192386
136 55 0.10422047309762301
136 69 0.08445148671734813
136 51 0.073244660522848
136 79 0.444263483842034
136 86 0.06122701725799286
136 92 0.14683783713116322
136 93 0.13035163444125308
136 87 0.12165085878969058
136 78 0.1295703061287639
136 50 0.07885900537607674
136 52 0.11222379483689192
136 46 0.1698943278762842
136 91 0.15981902373095178
136 85 0.13614570223518643
136 84 0.05296787749635519
136 90 0.14325557351576615
136 47 0.19750757508133723
136 53 0.04431422973472099
137 76 0.16015701461665527
137 62 0.11532857822856626
137 89 0.12329644403061141
137 88 0.22706372054144486
137 63 0.10040871598600523
137 77 0.12396871212419805
137 49 0.09456002689081706
137 61 0.12965084617394124
137 75 0.0958452705115055
137 74 0.10004980362208694
137 60 0.10122488792802713
137 48 0.08069979608120666
137 64 0.10412194228589121
137 70 0.1875817758970999
137 58 0.1696464719374525
137 59 0.1645051312667748
137 71 0.08161409256090278
137 65 0.09131378374308376
137 73 0.10864690482251815
137 67 0.20182150735961202
137 66 0.30371750554576915
137 72 0.10504428297665251
137 57 0.2143414708782622
137 94 0.24610238424236475
137 80 0.08108048631455243
137 81 0.16528854392360884
137 95 0.1371433812708177
137 56 0.1905447064424729
137 68 0.3244761109027765
137 54 0.12247270686145692
137 83 0.10423727723629268
137 82 0.11938427936931192
137 55 0.1115221400845115
137 69 0.2258161078740597
137 51 0.11556851672964188
137 79 0.1765085396978547
137 86 0.08120459705725144
137 92 0.27804771490917174
137 93 0.23636932717725914
137 87 0.19058035003466967
137 78 0.2565146000705064
137 50 0.14052411404244738
137 52 0.17205950850145824
137 46 0.13738812010988286
137 91 0.23484175694449438
137 85 0.24155750416464994
137 84 0.09996038542112232
137 90 0.23646021977460824
137 47 0.10068033205835343
137 53 0.10342191699562017
123 76 0.12473277962791922
123 62 0.13967745836749865
123 89 0.06226961497019601
123 88 0.22945117009556026
123 63 0.06370287258713966
123 77 0.15241318136254242
123 49 0.23223664595937385
123 61 0.13160016411156295
123 75 0.10059938551033355
123 74 0.10273102820284978
123 60 0.1316691419239399
123 48 0.1424340050965196
123 64 0.10099027389118868
123 70 0.16307784052383364
123 58 0.14708206817639508
123 59 0.06440539558892323
123 71 0.4747585959064013
123 65 0.12506699961471154
123 73 0.08713616810301032
123 67 0.3234129292945135
123 66 0.17483720636708255
123 72 0.1242698687527456
123 57 0.49049180767779943
123 94 0.5759608878684932
123 80 0.5101324118515266
123 81 0.10666939597947533
123 95 0.14838049416857488
123 56 0.19653850218960767
123 68 0.3817414266698907
123 54 0.10453043648224604
123 83 0.22319124691860995
123 82 0.14213264000549486
123 55 0.08927706922209756
123 69 0.2101636398819408
123 51 0.16943761358975307
123 79 0.12295870832602
123 86 0.22798717621622175
123 92 0.3306736791991215
123 93 0.30840203503268776
123 87 0.2011772310142976
123 78 0.259099116795939
123 50 0.2486290867225322
123 52 0.10799122973897614
123 46 0.12469705432290343
123 91 0.237512506850319
123 85 0.21063085946304902
123 84 0.13199164438195182
123 90 0.2544198287100219
123 47 0.1544701726826326
123 53 0.14587215251975447
127 76 0.16232953046174364
127 62 0.10812844922553598
127 89 0.10603743379159607
127 88 0.251282133850101
127 63 0.13889073786101477
127 77 0.14024229485185397
127 49 0.23370763112210177
127 61 0.07859533913585955
127 75 0.06858550040551382
127 74 0.1191038097165569
127 60 0.09295882161763602
127 48 0.14549759652069105
127 64 0.08962348852912626
127 70 0.1840239008983343
127 58 0.1017045700799265
127 59 0.13288620303534604
127 71 0.39021214905645535
127 65 0.06276295284619321
127 73 0.052092759216774226
127 67 0.2914097273897124
127 66 0.19996280223133556
127 72 0.12112790405422821
127 57 0.3382856865362925
127 94 0.30967366038684774
127 80 0.41177074365954824
127 81 0.23973181686661355
127 95 0.1923278165113638
127 56 0.24931168559352718
127 68 0.44087994766656075
127 54 0.13169948594561115
127 83 0.08333351778248035
127 82 0.07598210158092174
127 55 0.13280038147654227
127 69 0.20615043294775037
127 51 0.26234928825424664
127 79 0.18430914638805515
127 86 0.24057638806921824
127 92 0.295835387103773
127 93 0.2677350676358814
127 87 0.3815499213703415
127 78 0.21042427255504292
127 50 0.3252910815904517
127 52 0.1654506475106173
127 46 0.19542008448843215
127 91 0.3155496085483218
127 85 0.2914114950791781
127 84 0.11927205788252995
127 90 0.2780377445709712
127 47 0.16864858156300272
127 53 0.120854504404519
133 76 0.06433221779460847
133 62 0.24406967724874096
133 89 0.07206171296640304
133 88 0.18678037589215807
133 63 0.15524487942478202
133 77 0.2609717336017977
133 49 0.2780948843435528
133 61 0.07502230192815712
133 75 0.09224561706207518
133 74 0.1536532093483344
133 60 0.042630428099348805
133 48 0.22179742272830266
133 64 0.11890928944125384
133 70 0.15555682102201496
133 58 0.2316277922338976
133 59 0.07015935734866181
133 71 0.24857322828928324
133 65 0.06917913710777743
133 73 0.07966344555524311
133 67 0.22281891635391626
133 66 0.12660386386886305
133 72 0.07203498183967544
133 57 0.37465853267688254
133 94 0.2196370201063322
133 80 0.2663930838004151
133 81 0.24740336509066857
133 95 0.12132861472838687
133 56 0.16551917770050148
133 68 0.2930969992935955
133 54 0.15562187359705432
133 83 0.12205265985194341
133 82 0.20735511297875103
133 55 0.11071968529151999
133 69 0.1455454352551649
133 51 0.07352663049730725
133 79 0.27018243909384027
133 86 0.10830615902903322
133 92 0.20401086052801903
133 93 0.19666356238927885
133 87 0.14593484709114923
133 78 0.16447277498545976
133 50 0.1273865677903592
133 52 0.13213256895914913
133 46 0.13514124410165396
133 91 0.20243419419668104
133 85 0.19239090640490034
133 84 0.12167475247330146
133 90 0.18780214293653438
133 47 0.28970457787203546
133 53 0.3167948983645871
132 76 0.11098623773152225
132 62 0.15627555078757363
132 89 0.16935069674782693
132 88 0.4321724758460883
132 63 0.1594696389789878
132 77 0.25680094026433137
132 49 0.11604955254234292
132 61 0.10374291877800394
132 75 0.08930542249480654
132 74 0.162355318086173
132 60 0.09332736597674846
132 48 0.11844362787232432
132 64 0.14497351515370657
132 70 0.2763876572023304
132 58 0.15031779167909243
132 59 0.0707174488480691
132 71 0.13104222616511488
132 65 0.08343443538885524
132 73 0.05991475623651356
132 67 0.32222862661540974
132 66 0.25219736446347196
132 72 0.1375627177654438
132 57 0.3113490751924968
132 94 0.5140937662592748
132 80 0.1364255262536031
132 81 0.26927974174683256
132 95 0.11641543406827161
132 56 0.3346034177832785
132 68 0.4940856089573503
132 54 0.1817346742627965
132 83 0.23162124039193177
132 82 0.09311098189281648
132 55 0.17371012843351935
132 69 0.2793836508268266
132 51 0.08996314682211491
132 79 0.20659110002486622
132 86 0.13950075478823049
132 92 0.52299494190879
132 93 0.4781664764724687
132 87 0.39383264306868204
132 78 0.2804069318604328
132 50 0.10926554612606268
132 52 0.3700226592820366
132 46 0.4063334285483754
132 91 0.44162068178367125
132 85 0.46005441769176825
132 84 0.10996188680167664
132 90 0.4571075245925249
132 47 0.18554282735166563
132 53 0.1988837858931951
126 76 0.12062213261271619
126 62 0.11766232980660923
126 89 0.12787730997488794
126 88 0.1764705527408535
126 63 0.12589074882704565
126 77 0.1881648576531369
126 49 0.22983086257366694
126 61 0.1324983257566938
126 75 0.10123035035257914
126 74 0.12519294555114982
126 60 0.14682927508901836
126 48 0.12724105645273887
126 64 0.10698071327261369
126 70 0.15627272093939862
126 58 0.11842523709971028
126 59 0.09904747877524152
126 71 0.44119835491494835
126 65 0.10402107392010466
126 73 0.09753552773891319
126 67 0.3833457542278333
126 66 0.21231216211952997
126 72 0.10894535662923843
126 57 0.40017431048126517
126 94 0.47874572544216765
126 80 0.47545704945388173
126 81 0.13678898550875376
126 95 0.04364081465903702
126 56 0.10686859447787894
126 68 0.3883886641883023
126 54 0.09853800304952554
126 83 0.28009417873701786
126 82 0.11712389593108782
126 55 0.11273301995282986
126 69 0.22308700981207272
126 51 0.18288449328150502
126 79 0.12178400625657014
126 86 0.2103999921564622
126 92 0.44680139747713044
126 93 0.4278292725386751
126 87 0.22716226739891449
126 78 0.270885997951898
126 50 0.26260608022246834
126 52 0.09178312076507435
126 46 0.11148732510280429
126 91 0.4607198404295245
126 85 0.590104491334251
126 84 0.06707865756599107
126 90 0.5863233985516298
126 47 0.07787874011491744
126 53 0.14497513032751147
118 76 0.14150826439014585
118 62 0.178261870112581
118 89 0.08543023669671927
118 88 0.1056434236023777
118 63 0.08596730406922616
118 77 0.10797928607506031
118 49 0.24790106412152552
118 61 0.03821535164160286
118 75 0.0672293195347139
118 74 0.09437441568738386
118 60 0.05187580874229357
118 48 0.15506786195528685
118 64 0.05962335004556177
118 70 0.1064974848496681
118 58 0.33477241538034586
118 59 0.18505029238081622
118 71 0.22859054026795955
118 65 0.05436474724892462
118 73 0.070935666851415
118 67 0.15746138691638376
118 66 0.069707166264632
118 72 0.03163843143475689
118 57 0.26532037631053906
118 94 0.10198713798503764
118 80 0.24653450113658099
118 81 0.3082702403955394
118 95 0.11076325618663149
118 56 0.2602609874381207
118 68 0.2016661961884576
118 54 0.07024170372087368
118 83 0.1557236731232744
118 82 0.0872415434327622
118 55 0.10531411674424737
118 69 0.13624481987034623
118 51 0.1647514177878146
118 79 0.2260462310644572
118 86 0.1157965416491096
118 92 0.10321003474462521
118 93 0.09641759401666236
118 87 0.20828440565811956
118 78 0.09876510393355442
118 50 0.2340438908766293
118 52 0.134229975674304
118 46 0.18424804156995836
118 91 0.1444458656015127
118 85 0.13367440338685757
118 84 0.19091279801450833
118 90 0.12382192036263909
118 47 0.2861320004682086
118 53 0.2494151385890851
130 76 0.05028578819869693
130 62 0.08840713944185435
130 89 0.1030471867295198
130 88 0.3038594115578177
130 63 0.13303335776751452
130 77 0.13336567909258668
130 49 0.07614411460959258
130 61 0.055326503625182516
130 75 0.07160815354749471
130 74 0.06186211339524375
130 60 0.0470769331963478
130 48 0.08148298975639882
130 64 0.12347195515537757
130 70 0.18068859498651288
130 58 0.1048410748498876
130 59 0.06632838025933613
130 71 0.0706981988889883
130 65 0.044983248378054536
130 73 0.06774315509402762
130 67 0.20373598522118105
130 66 0.191303413918886
130 72 0.06796948473932982
130 57 0.10389993841960361
130 94 0.3096479378592091
130 80 0.07060912687856273
130 81 0.20007746109469304
130 95 0.1046613921367922
130 56 0.17361766955250482
130 68 0.26333420267440166
130 54 0.15372580195280636
130 83 0.17607442745654522
130 82 0.0727943679793729
130 55 0.09500142951784529
130 69 0.17984798692413687
130 51 0.03318095862578194
130 79 0.13447436040551983
130 86 0.024983197725963274
130 92 0.3152169819036693
130 93 0.2875217007770672
130 87 0.22998633679909017
130 78 0.17996999491769725
130 50 0.052203897589934226
130 52 0.16417347560481305
130 46 0.25939254168989473
130 91 0.24570227371330036
130 85 0.27799647279391976
130 84 0.09327252758722826
130 90 0.26922743148609396
130 47 0.13771935084597964
130 53 0.1158419909767898
124 76 0.07877486400389622
124 62 0.11643493262142814
124 89 0.05504598030264074
124 88 0.294954403750293
124 63 0.040469787611933455
124 77 0.0697554497286229
124 49 0.16303547936504917
124 61 0.07261063741128923
124 75 0.07087717001200802
124 74 0.10114789643026625
124 60 0.07911334346853174
124 48 0.10205397477191569
124 64 0.08516754302672112
124 70 0.1380155183553548
124 58 0.12630531803514244
124 59 0.05779524112866345
124 71 0.3216639475495279
124 65 0.06556626433495184
124 73 0.0692179453309642
124 67 0.25324666719806294
124 66 0.13664873817521145
124 72 0.11408610777552634
124 57 0.2683768278260706
124 94 0.23887392573799782
124 80 0.3448080058191711
124 81 0.11959329764384896
124 95 0.24182535106331937
124 56 0.1501519539298725
124 68 0.29883651856721644
124 54 0.09203608420242143
124 83 0.22051653892825762
124 82 0.08739163042831306
124 55 0.0674025600423272
124 69 0.19546492082588607
124 51 0.14090395204248796
124 79 0.07904694480069835
124 86 0.14122967705389672
124 92 0.27064377820720664
124 93 0.23713142933819747
124 87 0.23850961152600536
124 78 0.2096691314290908
124 50 0.17763768423222465
124 52 0.1302730625044503
124 46 0.11164088349598557
124 91 0.6261107413242102
124 85 0.20174108306571534
124 84 0.0606042513940933
124 90 0.21089833588325357
124 47 0.16029017524165487
124 53 0.12088059445133581
125 76 0.09341374119295877
125 62 0.12823817731873932
125 89 0.1372662351468218
125 88 0.23175894816835874
125 63 0.10256018218645117
125 77 0.07344312163110242
125 49 0.1719215565433981
125 61 0.06547137932878214
125 75 0.0961780208779146
125 74 0.09039690484880614
125 60 0.08120060955840151
125 48 0.10031897109994939
125 64 0.06737240770407889
125 70 0.14974769761737022
125 58 0.07235559532755444
125 59 0.05589504575416511
125 71 0.3018331150201428
125 65 0.10471081502138473
125 73 0.1036431076951518
125 67 0.34074325734804445
125 66 0.18136703361982476
125 72 0.036012437520414636
125 57 0.30274058742878984
125 94 0.2350042710950521
125 80 0.328744961204235
125 81 0.13562809811995644
125 95 0.09909630218544681
125 56 0.45549035933809
125 68 0.45461256265094674
125 54 0.07476283343154048
125 83 0.2680613038558246
125 82 0.07909290999009345
125 55 0.12107367265189656
125 69 0.19250824537676306
125 51 0.12627878255065983
125 79 0.09648869038236992
125 86 0.1764496827843965
125 92 0.22514772980591363
125 93 0.20834950622591797
125 87 0.2258256000697263
125 78 0.22177989248944802
125 50 0.1892730354501878
125 52 0.00803163126291942
125 46 0.10515538029870507
125 91 0.301409755584658
125 85 0.2623138371305048
125 84 0.08437312049807262
125 90 0.23942941642835608
125 47 0.08076656697242797
125 53 0.09139299499698293
131 76 0.08030158435942349
131 62 0.17656873068542506
131 89 0.17521179847736454
131 88 0.4847505825808878
131 63 0.15864629876741304
131 77 0.043613863205695574
131 49 0.05488499494664904
131 61 0.05358412004504942
131 75 0.05143968815574977
131 74 0.17269110619542133
131 60 0.0967079890024125
131 48 0.11708762683281942
131 64 0.1429349580018976
131 70 0.2955566240702992
131 58 0.5854662512314853
131 59 0.157569627310936
131 71 0.07135296656923946
131 65 0.08204764902228603
131 73 0.048752559010509205
131 67 0.3164004705878537
131 66 0.24691567005449044
131 72 0.05482951634439737
131 57 0.4509509931562281
131 94 0.44456976162791867
131 80 0.0767241283525621
131 81 0.29325878403839734
131 95 0.09100388017833906
131 56 0.19221987343512398
131 68 0.43846437076717665
131 54 0.18414414547571428
131 83 0.07824829851640283
131 82 0.07295282584692116
131 55 0.1646751652785578
131 69 0.30305755023072123
131 51 0.060221472116568225
131 79 0.13653739050042493
131 86 0.1117817362724392
131 92 0.4635083785973246
131 93 0.42119212996421
131 87 0.45510717018703145
131 78 0.2595956263115371
131 50 0.026869987966862435
131 52 0.05497666187942009
131 46 0.22203386659851612
131 91 0.44343542024630567
131 85 0.4163676053471106
131 84 0.07832048650245858
131 90 0.40926742691154916
131 47 0.19078989426608556
131 53 0.040259846704382624
119 76 0.14426583482388006
119 62 0.20731926384246985
119 89 0.1479416598013093
119 88 0.2756122789182782
119 63 0.07341115670823863
119 77 0.47138990625442556
119 49 0.15713082798632064
119 61 0.22046697068199245
119 75 0.1786815409042815
119 74 0.19497537782373126
119 60 0.12637867443813694
119 48 0.17667229760450817
119 64 0.09045911003373924
119 70 0.29788467189506307
119 58 0.5148718397405603
119 59 0.10450006947423669
119 71 0.1316192501844745
119 65 0.06225924375904808
119 73 0.13580716205480867
119 67 0.20828264095101795
119 66 0.18697853693032515
119 72 0.12947558964086886
119 57 0.21562453516740002
119 94 0.2527550154106325
119 80 0.13177109231772044
119 81 0.07958620281573756
119 95 0.14648776374551725
119 56 0.2664800917214753
119 68 0.32224724898462886
119 54 0.07708846601442862
119 83 0.22514181642085485
119 82 0.10818517886210186
119 55 0.205055842959375
119 69 0.20356873436502115
119 51 0.13058435693815873
119 79 0.4621632910522612
119 86 0.18381200618732174
119 92 0.2620046580872081
119 93 0.24544157334090083
119 87 0.263632814984501
119 78 0.2047123312568485
119 50 0.07068786498842178
119 52 0.24798686114205676
119 46 0.24743827145139474
119 91 0.27530876711939034
119 85 0.29886462919767187
119 84 0.19389330624824253
119 90 0.2749176730572564
119 47 0.12060773129282382
119 53 0.15910067710023765
