114 76 0.20131815986272913
114 62 0.22964313555110857
114 89 0.16030526484115265
114 88 0.2570585248375804
114 63 0.1787208397820398
114 77 0.08328275922276665
114 49 0.1307467953175896
114 61 0.07887121725070878
114 75 0.12360818347071478
114 74 0.27238557724630286
114 60 0.11181390712157672
114 48 0.11260355031928677
114 64 0.12969950822367815
114 70 0.25923396267525733
114 58 0.5173983603791387
114 59 0.16267953485673492
114 71 0.12805124789286923
114 65 0.09433593482833197
114 73 0.11392822821619257
114 67 0.24043753363983178
114 66 0.22877865107835862
114 72 0.16311623922616506
114 57 0.2603262509542451
114 94 0.3137583518302426
114 80 0.12692584218008596
114 81 0.25374069032448915
114 95 0.14675095816322206
114 56 0.15858204732770045
114 68 0.35662988447342436
114 54 0.12438268285278051
114 83 0.12842680150960947
114 82 0.011501468493254091
114 55 0.2292388535392636
114 69 0.2925896426783997
114 51 0.1116046689019045
114 79 0.13668024330320705
114 86 0.11446185083886118
114 92 0.3272990027448417
114 93 0.28750694387206577
114 87 0.25365544696098435
114 78 0.23431445034790327
114 50 0.14563516976700747
114 52 0.11247356620080412
114 46 0.15083299700332825
114 91 0.29222824319591145
114 85 0.3156896335475063
114 84 0.08860200108190588
114 90 0.31695678181553644
114 47 0.16658228581479156
114 53 0.1326300983069711
100 76 0.12578782833858534
100 62 0.1342851176759916
100 89 0.10546835301374984
100 88 0.11379533207162273
100 63 0.3003892126021679
100 77 0.1092824327346781
100 49 0.25342781113727836
100 61 0.10470131155200346
100 75 0.11580217926886631
100 74 0.1331647641179447
100 60 0.11140171922214018
100 48 0.15976024279710657
100 64 0.1818411631521119
100 70 0.13872898374418707
100 58 0.13138332820707543
100 59 0.11843383738526012
100 71 0.4695841503836855
100 65 0.11013866947518455
100 73 0.08534502581049132
100 67 0.26371945189320517
100 66 0.12535214740488182
100 72 0.09475762965545673
100 57 0.31038174930736423
100 94 0.15041620298272929
100 80 0.49620771845611034
100 81 0.12149769429648122
100 95 0.12937694942285305
100 56 0.17951541880637756
100 68 0.28302748972717073
100 54 0.1527557763505126
100 83 0.13823012044872976
100 82 0.10689023967674816
100 55 0.28140943816571584
100 69 0.1625008947141253
100 51 0.19008997876574188
100 79 0.0965639346347912
100 86 0.25442593739012576
100 92 0.12370395930966151
100 93 0.12435765251680407
100 87 0.13141003572142915
100 78 0.1405077139265688
100 50 0.2868024464997233
100 52 0.11547672068316672
100 46 0.1949478796025949
100 91 0.15545684525241474
100 85 0.1711455681376431
100 84 0.13407333132556554
100 90 0.15052469307683217
100 47 0.10088961661579923
100 53 0.10290433952730407
128 76 0.15436442950257556
128 62 0.10000864709571769
128 89 0.20568066915438502
128 88 0.35449925900609003
128 63 0.11250501453070158
128 77 0.13835095184698204
128 49 0.12288279915844003
128 61 0.12974335240705898
128 75 0.11842999677718624
128 74 0.10782329238524876
128 60 0.12544242142182266
128 48 0.11122226655307077
128 64 0.12521776851227367
128 70 0.2616547155315254
128 58 0.04095235721577928
128 59 0.10334636484695907
128 71 0.11432273400208878
128 65 0.09328211092732538
128 73 0.13728940368928833
128 67 0.3331099869508106
128 66 0.26247432618841043
128 72 0.14385389783432848
128 57 0.15881079416857286
128 94 0.48187377053647507
128 80 0.11482948945045934
128 81 0.29040802524745496
128 95 0.20584100032961122
128 56 0.2847583472223897
128 68 0.5370430561290815
128 54 0.17165898647564615
128 83 0.11622245524356514
128 82 0.0761205555741763
128 55 0.190401249403186
128 69 0.30328310020096966
128 51 0.1452198272149287
128 79 0.20740839583133946
128 86 0.11001232288090684
128 92 0.4936557742738602
128 93 0.4295593577347019
128 87 0.39339313606891096
128 78 0.30660286121042424
128 50 0.1667144843454167
128 52 0.183235780938509
128 46 0.20887750428099833
128 91 0.37791342305016135
128 85 0.4321251124378026
128 84 0.11820699772238813
128 90 0.43767220704826443
128 47 0.1521958978498767
128 53 0.09972265597851476
129 76 0.08057023010606897
129 62 0.2315535037311909
129 89 0.19822384325701706
129 88 0.4007341061667292
129 63 0.11330295895965681
129 77 0.12973097087028396
129 49 0.11943687157378033
129 61 0.12624518532874135
129 75 0.10355949410432216
129 74 0.17829680795178313
129 60 0.08974597470981772
129 48 0.17338323111803522
129 64 0.18413531004703976
129 70 0.30296006043126283
129 58 0.6242463341204006
129 59 0.08686478904604922
129 71 0.11992299760750094
129 65 0.1331547501693079
129 73 0.10787013024078883
129 67 0.3770147750667254
129 66 0.3007724880685431
129 72 0.09737782373180803
129 57 0.526686746718786
129 94 0.5167550007621714
129 80 0.12776792907564538
129 81 0.30145022975618885
129 95 0.1821142794534581
129 56 0.25271247393805285
129 68 0.5534891671873523
129 54 0.2418287607050531
129 83 0.12446326371028274
129 82 0.36499658105792343
129 55 0.14927445958591845
129 69 0.3928772235649617
129 51 0.1331669977770108
129 79 0.16135430605509676
129 86 0.09089922083588883
129 92 0.5293705147574819
129 93 0.47259335646093426
129 87 0.34644204624602254
129 78 0.3670863505013055
129 50 0.0678620890829601
129 52 0.12553029004648608
129 46 0.22771147508045464
129 91 0.45925948317913956
129 85 0.4486019610720373
129 84 0.15352285407359184
129 90 0.45238835008922895
129 47 0.19734060044824334
129 53 0.1546509714301618
101 76 0.06927662328070291
101 62 0.16405568998541337
101 89 0.1626942874524563
101 88 0.16335426472138473
101 63 0.11416719862962954
101 77 0.17479844626100274
101 49 0.17174004827425393
101 61 0.12281677178007312
101 75 0.10954885977511186
101 74 0.07837709849265881
101 60 0.10779643859830766
101 48 0.12435509008065775
101 64 0.1160246137294864
101 70 0.0953080326883471
101 58 0.0849056106579187
101 59 0.12640071915963574
101 71 0.22593116952736514
101 65 0.11871229356622817
101 73 0.12316126788950703
101 67 0.18679388735895647
101 66 0.11648976084430206
101 72 0.08936453829678342
101 57 0.2337335981122338
101 94 0.182006248899654
101 80 0.24672313145450764
101 81 0.180100806812793
101 95 0.031121501749671987
101 56 0.18815400539609484
101 68 0.19839207011909998
101 54 0.0922736650189597
101 83 0.10914739244560581
101 82 0.1384753517483746
101 55 0.13667026783055913
101 69 0.10975859096526715
101 51 0.15381715344562144
101 79 0.19754329650560776
101 86 0.17820726568463274
101 92 0.17569505476061073
101 93 0.16231825714393916
101 87 0.14768737992265854
101 78 0.13189020213578043
101 50 0.18359004198020962
101 52 0.1036021496247421
101 46 0.16333169889325855
101 91 0.22949603567094146
101 85 0.16140511335588853
101 84 0.1425898026077919
101 90 0.16409032835481593
101 47 0.05233711039121211
101 53 0.09241913921296781
115 76 0.10025858689530245
115 62 0.1068002647478254
115 89 0.14478617709447583
115 88 0.11619922559219027
115 63 0.07781212014144384
115 77 0.1789388755413661
115 49 0.1252783421364952
115 61 0.1115694360693204
115 75 0.12956322465220904
115 74 0.24689102985757821
115 60 0.10661772446428396
115 48 0.12844069432462707
115 64 0.20282560930701185
115 70 0.10144992620316774
115 58 0.12192375310106564
115 59 0.12602062439972275
115 71 0.14010853027649006
115 65 0.08932477320409166
115 73 0.07006479526694531
115 67 0.14506162437033507
115 66 0.3014330044909357
115 72 0.2210242986074198
115 57 0.10103764326367527
115 94 0.2397578940572984
115 80 0.14019798791734378
115 81 0.11070233719766892
115 95 0.14483228050433533
115 56 0.3258504224565243
115 68 0.18349980683517247
115 54 0.15576601069128074
115 83 0.25206061393266826
115 82 0.1326071422011941
115 55 0.21677440299713852
115 69 0.11917722035280406
115 51 0.15136269491388096
115 79 0.16125299989443473
115 86 0.13705933607988025
115 92 0.24424827959659856
115 93 0.2342277626043705
115 87 0.17725673106072987
115 78 0.124741168952649
115 50 0.10759225398383669
115 52 0.915342456293041
115 46 0.6237177526242124
115 91 0.21905716848426598
115 85 0.23254228995858894
115 84 0.10721443965270869
115 90 0.23782899615975486
115 47 0.39054355579360023
115 53 0.3742797234516761
103 76 0.08987698252065263
103 62 0.23102550530933616
103 89 0.11459089043355389
103 88 0.1428229470714683
103 63 0.15909018917738027
103 77 0.15015637516484298
103 49 0.11733243832356327
103 61 0.12318619757602198
103 75 0.12567684078469915
103 74 0.11816816628589068
103 60 0.0994054021097399
103 48 0.12478633057459668
103 64 0.1683885874742746
103 70 0.24988049409537352
103 58 0.8977194550977877
103 59 0.11406420123070879
103 71 0.1196340600619763
103 65 0.13382582134886575
103 73 0.13004107421734776
103 67 0.16653212513951648
103 66 0.3023211897523925
103 72 0.11852143055636742
103 57 0.3358580759550704
103 94 0.17045782106683793
103 80 0.1200674743862698
103 81 0.23119177038036656
103 95 0.1345985839212637
103 56 0.13078269151574054
103 68 0.31271633170840996
103 54 0.17470322764148918
103 83 0.12410067288102467
103 82 0.1651894287429168
103 55 0.10676959960365039
103 69 0.2725279773893817
103 51 0.09674968762054972
103 79 0.08823902400849386
103 86 0.08811764686441972
103 92 0.16022746515330089
103 93 0.1590374311383312
103 87 0.08542046960400272
103 78 0.20642676268531393
103 50 0.11589524419465576
103 52 0.13202537705393025
103 46 0.19240040504751463
103 91 0.15739553344881657
103 85 0.13528508558277091
103 84 0.1548703688860104
103 90 0.1370776672886759
103 47 0.14366233504998072
103 53 0.13576692539873103
117 76 0.26444521996566833
117 62 0.30078578485952223
117 89 0.10583214835117374
117 88 0.09123270479643604
117 63 0.1297763484509075
117 77 0.44079930849731097
117 49 0.2825505291404866
117 61 0.15315800616219583
117 75 0.6407872040889276
117 74 0.4450583922446055
117 60 0.10892950189263337
117 48 0.46048607802077235
117 64 0.21178375487004272
117 70 0.26120444409863386
117 58 0.6718046511928085
117 59 0.1156990951065121
117 71 0.1387391921865846
117 65 0.1002757414827738
117 73 0.5022398768428787
117 67 0.17253539044717978
117 66 0.12379295804021649
117 72 0.1991739286594736
117 57 0.26619693026427976
117 94 0.2582382744790947
117 80 0.1385099832572205
117 81 0.24560447369874855
117 95 0.21349613443372564
117 56 0.31277182063800196
117 68 0.2813826151153965
117 54 0.1653436415010351
117 83 0.7053285144802134
117 82 0.1476510016164545
117 55 0.17628262708039882
117 69 0.30208932460924237
117 51 0.20198009448661963
117 79 0.4527647113588413
117 86 0.07999309195366835
117 92 0.2605673984099388
117 93 0.2402576207615354
117 87 0.3065280217325789
117 78 0.32721940873289695
117 50 0.08527586435351722
117 52 0.1928927561216843
117 46 0.4045772551342696
117 91 0.26927627691296047
117 85 0.25584749111731797
117 84 0.1783349928299165
117 90 0.269803098118337
117 47 0.12576320367703436
117 53 0.1557500688213131
116 76 0.12497593787149819
116 62 0.251075353756
116 89 0.14896052047706104
116 88 0.305595984492643
116 63 0.11875091809618443
116 77 0.12790093283089746
116 49 0.12544845909393873
116 61 0.18013071388031054
116 75 0.13470803217309485
116 74 0.11403488120625738
116 60 0.1166621760797674
116 48 0.09937682397203174
116 64 0.13664875876143406
116 70 0.4384894122037147
116 58 0.8062489284099851
116 59 0.1734197276357559
116 71 0.08388022131126302
116 65 0.11389673791361453
116 73 0.12027934509062829
116 67 0.2814695725503293
116 66 0.3145795718278479
116 72 0.12258889734298423
116 57 0.4649420157968135
116 94 0.40550058571404335
116 80 0.08703447926113213
116 81 0.33972397371622187
116 95 0.13244282325376644
116 56 0.34493236114135717
116 68 0.4526855326048588
116 54 0.12080554631006407
116 83 0.3367493040480232
116 82 0.4534376631676353
116 55 0.21577132878835636
116 69 0.33814770166107166
116 51 0.08498076249844898
116 79 0.15690608776237405
116 86 0.12605027089565737
116 92 0.3814572266713536
116 93 0.37084644405034567
116 87 0.1867700324262801
116 78 0.28538218811796967
116 50 0.13501951097723816
116 52 0.10353680953883859
116 46 0.3478419211891101
116 91 0.3473673770133233
116 85 0.29938343416179564
116 84 0.20154801739971287
116 90 0.3091855072617514
116 47 0.11220821197555096
116 53 0.09674547339991284
102 76 0.12304077895919685
102 62 0.16656775663858917
102 89 0.1352498534223196
102 88 0.13832299930767916
102 63 0.14662407993895438
102 77 0.12865341294450877
102 49 0.12612149433632333
102 61 0.09937821960202672
102 75 0.11263937729991583
102 74 0.09681691338864302
102 60 0.12317742176745627
102 48 0.11370076606652524
102 64 0.12247005917205447
102 70 0.2119330396637383
102 58 0.5003911598845392
102 59 0.13074847102102705
102 71 0.15421576136254606
102 65 0.08795184306483836
102 73 0.10736534189758011
102 67 0.14326883344119398
102 66 0.1310011163131486
102 72 0.13195086249557525
102 57 0.19983609389925366
102 94 0.12691661022045791
102 80 0.1603933263490988
102 81 0.15603517127650038
102 95 0.09614172942270326
102 56 0.1331758295029142
102 68 0.21252531040164765
102 54 0.13185668954510354
102 83 0.13777973387468911
102 82 0.05944493887235608
102 55 0.14313903672470413
102 69 0.17998434149644513
102 51 0.10858879988253667
102 79 0.12086355925343012
102 86 0.1376571367980183
102 92 0.12734475671792558
102 93 0.13050592689571977
102 87 0.13673335498027514
102 78 0.13258737501987544
102 50 0.12306899014499004
102 52 0.10814345519986253
102 46 0.13342683088206392
102 91 0.13481027323800154
102 85 0.13670307038343432
102 84 0.10542477646537848
102 90 0.136360745368801
102 47 0.16432683118877445
102 53 0.12016090084112788
106 76 0.13757114549426175
106 62 0.1407670412929631
106 89 0.10606683618037513
106 88 0.15125434658058276
106 63 0.08577237894611839
106 77 0.0969316121296259
106 49 0.12753167736707774
106 61 0.12139834229392472
106 75 0.1050583652158775
106 74 0.10848907992950738
106 60 0.11839468578719128
106 48 0.13060906777686992
106 64 0.12384221788214513
106 70 0.18704218256968
106 58 0.501540886075358
106 59 0.12142048736258006
106 71 0.13651184798478866
106 65 0.10040500855067915
106 73 0.10667759619818848
106 67 0.1340110140713222
106 66 0.12140456871239655
106 72 0.21289288843095083
106 57 0.21549955543311455
106 94 0.12278888390021088
106 80 0.13468737031610326
106 81 0.17436306501164117
106 95 0.1512375459040716
106 56 0.16569161981046163
106 68 0.21417966724808524
106 54 0.13579944308248243
106 83 0.11760226183983594
106 82 0.1136988998542825
106 55 0.2036673346422825
106 69 0.19811998248158078
106 51 0.12759382911583866
106 79 0.14137607175261066
106 86 0.13167657220864037
106 92 0.13782919350349088
106 93 0.13559134083792335
106 87 0.15621717216208833
106 78 0.13683704453387383
106 50 0.1049972738028586
106 52 0.1351312656904515
106 46 0.12116552844330843
106 91 0.07064528807846038
106 85 0.14924789504423108
106 84 0.12022781324443314
106 90 0.14827508966859945
106 47 0.17744084866578647
106 53 0.13376313152307007
112 76 0.11890777828760331
112 62 0.2028712346428152
112 89 0.14026941169436297
112 88 0.17136964520028664
112 63 0.14753024740996634
112 77 0.13193440589236927
112 49 0.11507734695872307
112 61 0.10958730627167763
112 75 0.1259938146699106
112 74 0.1168846245851457
112 60 0.11120040689386419
112 48 0.11836118738353804
112 64 0.1593870786513717
112 70 0.194810407044508
112 58 0.6297855143315356
112 59 0.1183675183536788
112 71 0.12268881343413009
112 65 0.12067809467936293
112 73 0.11069676897473098
112 67 0.15176570898725433
112 66 0.138251528684744
112 72 0.10157068688612027
112 57 0.287900792821396
112 94 0.14727344968513995
112 80 0.12896234139809837
112 81 0.17959186376868339
112 95 0.12239296675313334
112 56 0.22117385736786463
112 68 0.26030260346678447
112 54 0.15443850456393265
112 83 0.16086475828914248
112 82 0.09604869988933236
112 55 0.3159251296222584
112 69 0.22487835951757773
112 51 0.11530011046314195
112 79 0.13665070121280232
112 86 0.13144355852183082
112 92 0.1581145932739456
112 93 0.14808009315202308
112 87 0.1434152362684566
112 78 0.17475001507383844
112 50 0.11886643326146203
112 52 0.13288435008152188
112 46 0.1565234442194066
112 91 0.15795819776666173
112 85 0.14236344595872316
112 84 0.10966238065659341
112 90 0.14575734941252225
112 47 0.14740912926876815
112 53 0.11591045251379684
113 76 0.11513276046627781
113 62 0.21838766721068864
113 89 0.18426738294560563
113 88 0.40280522387287543
113 63 0.12086190544433592
113 77 0.20628920838621467
113 49 0.140376436828489
113 61 0.13042885426554657
113 75 0.12911385951110704
113 74 0.06891923780478651
113 60 0.09955971016492418
113 48 0.11225420431877028
113 64 0.13974444647130074
113 70 0.3494690111213588
113 58 0.43688978439831283
113 59 0.10684617703851482
113 71 0.13324393948469893
113 65 0.11012889461627673
113 73 0.1306153230956043
113 67 0.3376591181960453
113 66 0.2950898065801895
113 72 0.1283381665490777
113 57 0.2936579439254925
113 94 0.5052514009447114
113 80 0.13294666014063017
113 81 0.3102277584167007
113 95 0.20137860857750525
113 56 0.3813707070721799
113 68 0.5275936746142678
113 54 0.16922454788167093
113 83 0.2902695437938482
113 82 0.1798936475814214
113 55 0.24571797347610574
113 69 0.39278406349928086
113 51 0.10076342345748267
113 79 0.21925040424938735
113 86 0.08374441439629175
113 92 0.5086530923078318
113 93 0.4529549184479647
113 87 0.2910856077156529
113 78 0.357262612771285
113 50 0.14858313934732184
113 52 0.15540665996484737
113 46 0.3468671493586504
113 91 0.38678975400255233
113 85 0.4270448718268421
113 84 0.18479378471262656
113 90 0.43006648722549234
113 47 0.13250132625536448
113 53 0.12685484092088983
107 76 0.11757556193457439
107 62 0.17330724980828582
107 89 0.11232499322266432
107 88 0.19814781515157046
107 63 0.1179036445647321
107 77 0.0886618398091745
107 49 0.14258050586138438
107 61 0.10231877472283428
107 75 0.09961538344367984
107 74 0.07787169272991762
107 60 0.12550699061055
107 48 0.11092329444528111
107 64 0.1187895614555718
107 70 0.11614475384212526
107 58 0.064765209790694
107 59 0.11253001197954753
107 71 0.1460751467566723
107 65 0.11295912222862968
107 73 0.12175328365990244
107 67 0.20762044157202944
107 66 0.2378760721253902
107 72 0.06702748096160599
107 57 0.18153607376670167
107 94 0.11195957832727164
107 80 0.15362674143034533
107 81 0.10947480779697062
107 95 0.13467948156863296
107 56 0.7778203656932395
107 68 0.5758511791694362
107 54 0.09907527803570475
107 83 0.15348120955175001
107 82 0.09545994949426452
107 55 0.14983639831351686
107 69 0.1195123155421983
107 51 0.08427110222102502
107 79 0.11907882413127982
107 86 0.12579903907288148
107 92 0.12634469427792316
107 93 0.180752048765387
107 87 0.14718412631255015
107 78 0.10076049297368128
107 50 0.13362418381702273
107 52 0.09319972639247273
107 46 0.13412096981464064
107 91 0.08848152025862648
107 85 0.11400309998267602
107 84 0.10537297292267553
107 90 0.11234930311902958
107 47 0.06502848507692538
107 53 0.085485348661676
139 76 0.20149469680101367
139 62 0.10664333505075516
139 89 0.1398933141607237
139 88 0.24254936085447293
139 63 0.1203361934155226
139 77 0.12320300149957593
139 49 0.1253600695654099
139 61 0.18008712014443973
139 75 0.10366573135840466
139 74 0.16762684106872275
139 60 0.1201855726682335
139 48 0.10373778756108405
139 64 0.1162877942318762
139 70 0.20809860268572355
139 58 0.08481561915509453
139 59 0.1654017373921397
139 71 0.12205469932569703
139 65 0.11592498040869366
139 73 0.09914924403261559
139 67 0.18070452663173558
139 66 0.32969531026947985
139 72 0.10872567564331229
139 57 0.23517997622469
139 94 0.30514683745921656
139 80 0.12212266894564001
139 81 0.159044022579795
139 95 0.09979957649922912
139 56 0.15548517671393744
139 68 0.2609324958293084
139 54 0.14552418450698912
139 83 0.12709556164541008
139 82 0.14402306883303873
139 55 0.1393090846727624
139 69 0.17311605577031358
139 51 0.1209655024126635
139 79 0.16029937534104366
139 86 0.1314024799815828
139 92 0.314971154085647
139 93 0.2888360432210707
139 87 0.21339845932939314
139 78 0.17384172416536375
139 50 0.13045891712773766
139 52 0.19111674603044118
139 46 0.19368492513909344
139 91 0.26214998686097696
139 85 0.28838315763944816
139 84 0.10740460983350336
139 90 0.2841024322083131
139 47 0.11522248491673232
139 53 0.1227582885437614
111 76 0.12008684062963955
111 62 0.23146522511368864
111 89 0.194113947766126
111 88 0.26211689798034815
111 63 0.14976361380679754
111 77 0.1303729027869062
111 49 0.10380568630073998
111 61 0.1047595298395883
111 75 0.1373442822896147
111 74 0.1345205205886374
111 60 0.11464060132726588
111 48 0.10820367608678245
111 64 0.17056535131743783
111 70 0.35198204118473586
111 58 0.560524086331209
111 59 0.11630648563254621
111 71 0.11232105560504269
111 65 0.11669470727124422
111 73 0.12757262172279976
111 67 0.3231142164384354
111 66 0.23073038952763344
111 72 0.09199697376565501
111 57 0.3438067815631105
111 94 0.34159407993966695
111 80 0.11828560456174048
111 81 0.2217867715930703
111 95 0.15474959375423541
111 56 0.2519309703824578
111 68 0.5175616235928941
111 54 0.16777515155460662
111 83 0.15410982079844981
111 82 0.11580949362516255
111 55 0.32582662685539865
111 69 0.45769054790219776
111 51 0.12111280502571703
111 79 0.14973359635465974
111 86 0.07669650006558854
111 92 0.35006956061222255
111 93 0.3140722175809519
111 87 0.24203847659514754
111 78 0.4378608575447953
111 50 0.1643034370337189
111 52 0.13372249342605141
111 46 0.17182481460891977
111 91 0.33461879866863453
111 85 0.2788407939764496
111 84 0.13138035637243192
111 90 0.2935548239660093
111 47 0.14242913278604372
111 53 0.11068992760603345
105 76 0.11103074253043849
105 62 0.12306154178262453
105 89 0.1032444203765204
105 88 0.12916291428695867
105 63 0.09014224674601978
105 77 0.10136111945477637
105 49 0.21761658671748
105 61 0.11580271656372544
105 75 0.10775969791161602
105 74 0.13442823823779815
105 60 0.12688491391981854
105 48 0.16153183562695927
105 64 0.1210616261079045
105 70 0.11566516507332847
105 58 0.1363489438155941
105 59 0.11810152567885357
105 71 0.38377334706704125
105 65 0.11828871166135814
105 73 0.10905309191746966
105 67 0.23814224596921874
105 66 0.18036342274690473
105 72 0.1134312141660214
105 57 0.35594376827517094
105 94 0.17487042565388777
105 80 0.40251686820142085
105 81 0.11429972788543462
105 95 0.1355339099057035
105 56 0.42854398683639355
105 68 0.40204780098875115
105 54 0.12613844473275032
105 83 0.22027753041580683
105 82 0.12024300959648938
105 55 0.12846025320933124
105 69 0.16999171538130467
105 51 0.179876894570513
105 79 0.13291815027440534
105 86 0.24135513568858902
105 92 0.12560213128066772
105 93 0.12603015616895982
105 87 0.1461195141259079
105 78 0.1685947068987932
105 50 0.20619640942350664
105 52 0.11950144180717583
105 46 0.1231888357515078
105 91 0.13110148530620774
105 85 0.18907002126890035
105 84 0.12623980452925682
105 90 0.15893736243477236
105 47 0.12862974785355993
105 53 0.10704126927022078
104 76 0.1291325721524481
104 62 0.21128413498045576
104 89 0.09405633327969042
104 88 0.14941935992091424
104 63 0.1541660541400736
104 77 0.11006014908746603
104 49 0.13858392507851663
104 61 0.11507063343090461
104 75 0.1281534771361828
104 74 0.11473548143698634
104 60 0.11060078946506792
104 48 0.13296094569026692
104 64 0.14558366107082396
104 70 0.29500148562920664
104 58 0.932974020742391
104 59 0.12005733792390211
104 71 0.14722570327653994
104 65 0.08954978873280194
104 73 0.12498791232749809
104 67 0.15523445009955908
104 66 0.14866324473686762
104 72 0.15914762854003509
104 57 0.3071482731177455
104 94 0.15315755206161358
104 80 0.1455567428208391
104 81 0.22818342316802598
104 95 0.14944666400288653
104 56 0.11761621093500751
104 68 0.288350284997349
104 54 0.16070199865368276
104 83 0.12119804560802346
104 82 0.07012897537427071
104 55 0.21701460251470367
104 69 0.28994495786079416
104 51 0.10000848172746453
104 79 0.11894956899589187
104 86 0.10284201405059802
104 92 0.1570323546915835
104 93 0.15170309102387058
104 87 0.1286007407098423
104 78 0.18932277372405182
104 50 0.12922624435247881
104 52 0.11507306419945829
104 46 0.1279182556477002
104 91 0.1157809578946492
104 85 0.15340105223514172
104 84 0.14845857306139362
104 90 0.15186409383112584
104 47 0.1895750543269999
104 53 0.1374994778928989
110 76 0.02558674917294962
110 62 0.2663277759408624
110 89 0.2645446804507928
110 88 0.4185861853498348
110 63 0.07428395530244358
110 77 0.37380805275984574
110 49 0.11525869987753205
110 61 0.11760344858139805
110 75 0.1357719179740949
110 74 0.1368335480583952
110 60 0.1672180547823201
110 48 0.15706967973452107
110 64 0.12418660234925878
110 70 0.2283015990186324
110 58 0.4274296977130464
110 59 0.1010425688421715
110 71 0.2539115018543828
110 65 0.13821788520910822
110 73 0.12091086144605062
110 67 0.21193686303345194
110 66 0.18216501629487397
110 72 0.2498060411904271
110 57 0.2692716027885861
110 94 0.2687760720914797
110 80 0.25888671728619467
110 81 0.3890115023944567
110 95 0.1562226033415738
110 56 0.2424045968286817
110 68 0.40151244389474444
110 54 0.1716279275673714
110 83 0.10276213570727748
110 82 0.3125274435751574
110 55 0.17407204164762138
110 69 0.4068520032401539
110 51 0.14270927405106434
110 79 0.25503039201973743
110 86 0.07126887604066717
110 92 0.29986692507099033
110 93 0.40613577193532946
110 87 0.2177134575162705
110 78 0.3182910813841183
110 50 0.0893202366998586
110 52 0.12222744364375662
110 46 0.23308729611608864
110 91 0.2883197663727216
110 85 0.2984387953383077
110 84 0.09940111988011882
110 90 0.29433472978586495
110 47 0.11653768743389721
110 53 0.1324618483881252
138 76 0.11400049540026018
138 62 0.18380083178299517
138 89 0.13812637407805534
138 88 0.24687142114214983
138 63 0.10266110798385046
138 77 0.1891379790276811
138 49 0.12174982328934285
138 61 0.12667244951897438
138 75 0.10384375944955114
138 74 0.13405333533082778
138 60 0.11611498437279387
138 48 0.14522009117269308
138 64 0.12324705821942047
138 70 0.25150748531462536
138 58 0.23037042088829007
138 59 0.10300584992324946
138 71 0.12827865891136686
138 65 0.12076761766951981
138 73 0.10696018508486954
138 67 0.24365035564557266
138 66 0.3288833397239056
138 72 0.2176085653774126
138 57 0.2922512718139918
138 94 0.30508205440815744
138 80 0.1328158659845092
138 81 0.24310683147478337
138 95 0.12303862889035704
138 56 0.20277912916981758
138 68 0.4248063245120616
138 54 0.138565594794197
138 83 0.1260986538612398
138 82 0.2143678804192901
138 55 0.09021530782895774
138 69 0.22050512112487997
138 51 0.08843590228843749
138 79 0.09015485529424767
138 86 0.13441037689615537
138 92 0.3016873979414278
138 93 0.28872012171850786
138 87 0.20361468245054154
138 78 0.24418307781821955
138 50 0.057151870157084395
138 52 0.0978770681211022
138 46 0.18513198349233198
138 91 0.2728657734739762
138 85 0.24509005813919518
138 84 0.14774845436976006
138 90 0.2528687527424041
138 47 0.1849667086057751
138 53 0.19877072915384875
140 76 0.223092731513574
140 62 0.13940232166138616
140 89 0.12667986704044049
140 88 0.1347972569080954
140 63 0.15107383140566671
140 77 0.13275662553309858
140 49 0.18102049991196514
140 61 0.1196827546708233
140 75 0.1222096780138865
140 74 0.08214695345609486
140 60 0.07351893257278513
140 48 0.13384661565063247
140 64 0.11304449194884911
140 70 0.2564628292033023
140 58 0.11997811051662835
140 59 0.16760570418717138
140 71 0.12083392011700804
140 65 0.08665959290702846
140 73 0.14273233178897876
140 67 0.20195827880602113
140 66 0.2878740883108275
140 72 0.06902619739776394
140 57 0.23804898106808073
140 94 0.23617305015460094
140 80 0.12126106919158637
140 81 0.20660059157770896
140 95 0.14339597177890545
140 56 0.12375349491696777
140 68 0.26804177854814437
140 54 0.1300161317973971
140 83 0.12719155816364602
140 82 0.1918629771026135
140 55 0.1479046474402607
140 69 0.27496668531462265
140 51 0.10546897922726017
140 79 0.11759226188599868
140 86 0.06015764704375637
140 92 0.2391834400055479
140 93 0.2095134421802489
140 87 0.19246117936548207
140 78 0.30528605763222594
140 50 0.17998321147212695
140 52 0.0652287121075498
140 46 0.09477357231659948
140 91 0.21969043311956113
140 85 0.19820032529809706
140 84 0.14844152060271462
140 90 0.20398968741224577
140 47 0.12900595882282595
140 53 0.13505231386932381
135 76 0.20017199392501744
135 62 0.3331843741469178
135 89 0.1429943803866258
135 88 0.23893261259567744
135 63 0.1693171207066266
135 77 0.32840447145257035
135 49 0.37398974262702467
135 61 0.12359243924147778
135 75 0.4116508272437963
135 74 0.27810939933522844
135 60 0.10221422026134697
135 48 0.39048756521608585
135 64 0.13799497606862055
135 70 0.22223154974403025
135 58 0.17041544375523804
135 59 0.09193029293596147
135 71 0.27702053644240726
135 65 0.09999804922883533
135 73 0.32562602073619384
135 67 0.32275199496921125
135 66 0.17677365705101078
135 72 0.12060336154761772
135 57 0.3385373643030096
135 94 0.3070093911402745
135 80 0.29423830890821384
135 81 0.281280758204919
135 95 0.1973432371468715
135 56 0.3723210290014504
135 68 0.44601468937301736
135 54 0.1692732738020722
135 83 0.6338781766955724
135 82 0.07056718539437351
135 55 0.18937947079393191
135 69 0.26177496650825144
135 51 0.19752940177475692
135 79 0.24159974247234714
135 86 0.17013013671621804
135 92 0.3301218029870372
135 93 0.2850867526704987
135 87 0.28932922144701473
135 78 0.31875186159814334
135 50 0.19984794694513008
135 52 0.10586170083216447
135 46 0.40459525972538346
135 91 0.33932688015226053
135 85 0.3165143002119214
135 84 0.24613234185328375
135 90 0.3103162769666709
135 47 0.24355548435944685
135 53 0.37017258549515797
121 76 0.1762426737873318
121 62 0.24262919512803727
121 89 0.21684963717927205
121 88 0.41803990884719056
121 63 0.2390668331783851
121 77 0.2113916062331034
121 49 0.20511917109459676
121 61 0.13415185924605694
121 75 0.10787110771015214
121 74 0.1687975247564933
121 60 0.16426754930057635
121 48 0.19535139000213203
121 64 0.18796337950547481
121 70 0.20327497530869038
121 58 0.10901566587323175
121 59 0.1154345956098802
121 71 0.43788633530983745
121 65 0.17801951118609172
121 73 0.10126457554945385
121 67 0.4387169103708592
121 66 0.262410424385142
121 72 0.14438791877841786
121 57 0.4706620400452417
121 94 0.6219841850863267
121 80 0.47321955060581067
121 81 0.24369718737028223
121 95 0.17202573806379862
121 56 0.30579793302340474
121 68 0.4769153197857404
121 54 0.20007452483079444
121 83 0.3926357456201752
121 82 0.17094413476716672
121 55 0.31137305224096445
121 69 0.4606422676672375
121 51 0.20826205729822844
121 79 0.18263129364991776
121 86 0.2274177980802658
121 92 0.5561514068406757
121 93 0.4395183214277627
121 87 0.3103166822523167
121 78 0.5664434756604289
121 50 0.22250509620500009
121 52 0.10821362074321368
121 46 0.24927413141395866
121 91 0.4398111001993158
121 85 0.40793147081954495
121 84 0.1125333656646607
121 90 0.4252175603048017
121 47 0.28711478784739086
121 53 0.1608637774526855
109 76 0.15074442182314002
109 62 0.21644850407894387
109 89 0.0932056363635628
109 88 0.18574598027891312
109 63 0.17541970592596087
109 77 0.23464222002281893
109 49 0.18166195525897277
109 61 0.13734764139784084
109 75 0.12033675379261612
109 74 0.20894676050156272
109 60 0.08650812949632643
109 48 0.12358853361487276
109 64 0.16400391490902555
109 70 0.3248041933619056
109 58 0.5239416801064298
109 59 0.08233239767216935
109 71 0.1194958438219993
109 65 0.13528110261360543
109 73 0.07879642986520735
109 67 0.2488889890225781
109 66 0.1713899509332141
109 72 0.21070791278192347
109 57 0.36419971666557516
109 94 0.32505966167440636
109 80 0.12110368957635634
109 81 0.3741813905196788
109 95 0.1648010481764723
109 56 0.1088541306736431
109 68 0.414773967224057
109 54 0.11970898211942084
109 83 0.12895129377208658
109 82 0.11165840711494844
109 55 0.16751961432542142
109 69 0.3624933599686536
109 51 0.07091824208734485
109 79 0.14198665106977457
109 86 0.12083659797306828
109 92 0.3107939713286139
109 93 0.28953931712279457
109 87 0.22477668221915179
109 78 0.40389456680591174
109 50 0.19707323406638874
109 52 0.14966390903842305
109 46 0.25194570447575576
109 91 0.30350143571310945
109 85 0.300779587943134
109 84 0.7146021859689554
109 90 0.30682165035733333
109 47 0.0687933526029404
109 53 0.10928479934171892
108 76 0.14184874271849174
108 62 0.24079367716061237
108 89 0.1619171614325844
108 88 0.30879832816014047
108 63 0.18105244753988592
108 77 0.18899345867396686
108 49 0.09757784979198211
108 61 0.12780715500685802
108 75 0.15357052325756312
108 74 0.1624281617545406
108 60 0.1158878229717121
108 48 0.11759894420560901
108 64 0.17152529384100038
108 70 0.2873515570899413
108 58 0.6902039516786107
108 59 0.08912965991108579
108 71 0.12106595049552467
108 65 0.11449524090466784
108 73 0.14076067119367172
108 67 0.2665941533681584
108 66 0.24787264617955163
108 72 0.14108796828753858
108 57 0.37497597755384277
108 94 0.36209374359995405
108 80 0.12873652488392562
108 81 0.2995881335995536
108 95 0.15721451630407643
108 56 0.27096301024575087
108 68 0.5332468136904226
108 54 0.21922513117268663
108 83 0.1471251734679106
108 82 0.15042261404724475
108 55 0.270767319383976
108 69 0.3698163829580153
108 51 0.12760932009345377
108 79 0.2388872099688432
108 86 0.07330695524621944
108 92 0.3681777822552692
108 93 0.32399370244942394
108 87 0.2543606780811207
108 78 0.31190699382568887
108 50 0.15108569526649376
108 52 0.12459488498246231
108 46 0.20167001078929636
108 91 0.3381074138919945
108 85 0.2930934627779743
108 84 0.14428571000316953
108 90 0.2960861257270886
108 47 0.14030955797943884
108 53 0.11567333564358878
120 76 0.10574369590248132
120 62 0.17674689594324816
120 89 0.15174004802972335
120 88 0.24721363683176234
120 63 0.075929051739511
120 77 0.35562868223340727
120 49 0.09336910736713652
120 61 0.078389431554819
120 75 0.16697934812142745
120 74 0.10864733927816976
120 60 0.11129032799436754
120 48 0.11448334006332149
120 64 0.136877547307794
120 70 0.1640695756857409
120 58 0.0967719554370216
120 59 0.14673033440020344
120 71 0.15056681711488443
120 65 0.08035840041564997
120 73 0.11707590908456406
120 67 0.2300520209844898
120 66 0.2342212569846669
120 72 0.1243653874402915
120 57 0.1296210443781342
120 94 0.29264081732939085
120 80 0.15189662544533278
120 81 0.17567334563920944
120 95 0.0974429888347678
120 56 0.1738865308510261
120 68 0.22017247907632503
120 54 0.1403428186855648
120 83 0.1295183799043927
120 82 0.1223487682398451
120 55 0.35064412130833256
120 69 0.1733572217433097
120 51 0.18160995114321024
120 79 0.12609869407546936
120 86 0.12053266277748763
120 92 0.2822931928517771
120 93 0.2631609120127912
120 87 0.21717804182658723
120 78 0.2196105332833709
120 50 0.1670243126355041
120 52 0.07971779334557005
120 46 0.1372577634415566
120 91 0.2560407671737489
120 85 0.24208540195090242
120 84 0.15422950094966925
120 90 0.23640888680075278
120 47 0.15279798734881972
120 53 0.5067779454122265
134 76 0.23333428402105325
134 62 0.16391927278006346
134 89 0.10498855845586935
134 88 0.1697525959776524
134 63 0.11227206707437809
134 77 0.13653211762375328
134 49 0.3490451844865958
134 61 0.09594566501526086
134 75 0.4420808023040151
134 74 0.20334624191988987
134 60 0.1454930495995206
134 48 0.3484381126762271
134 64 0.165075565807461
134 70 0.18656211330909672
134 58 0.14240838740299305
134 59 0.09605777571114886
134 71 0.46330332932284646
134 65 0.06942540677721645
134 73 0.35475330441446784
134 67 0.3080183630498769
134 66 0.15551089484216968
134 72 0.14885847414473424
134 57 0.3625017547538102
134 94 0.2596241656062868
134 80 0.49389296858665144
134 81 0.015046099245231287
134 95 0.2009065257101107
134 56 0.09650020970632614
134 68 0.3471770465050221
134 54 0.17688888664717303
134 83 0.3890630059399646
134 82 0.05061442206329078
134 55 0.2725024295347585
134 69 0.17638217725560346
134 51 0.20519855830405653
134 79 0.0682208888487153
134 86 0.20113721418776942
134 92 0.1507063440067753
134 93 0.1635677653710228
134 87 0.131449279001092
134 78 0.15763450462589243
134 50 0.18642621347756405
134 52 0.668790148797136
134 46 0.20980769861664128
134 91 0.09005864357205041
134 85 0.1443076408584245
134 84 0.16612383550907597
134 90 0.12252345190412155
134 47 0.3405638390965092
134 53 0.5620169086488127
122 76 0.1462597050667406
122 62 0.06814137172099546
122 89 0.17758030448642764
122 88 0.14801577324729256
122 63 0.20354374845633966
122 77 0.17330153468669973
122 49 0.33356668030100134
122 61 0.10917255456797276
122 75 0.101026968439831
122 74 0.1946428861840305
122 60 0.10820563365769116
122 48 0.17079330155484232
122 64 0.1232184332097935
122 70 0.2208358416623646
122 58 0.1547383968613798
122 59 0.1187510959004682
122 71 0.6722866937030124
122 65 0.09069535320716188
122 73 0.08139706492431689
122 67 0.5208486771702243
122 66 0.254017668003389
122 72 0.09752083071313437
122 57 0.5413930131366639
122 94 0.35086736874224506
122 80 0.7154299859669525
122 81 0.17524830921040271
122 95 0.08804196857130127
122 56 0.13446599101141016
122 68 0.5087154476111254
122 54 0.12453577090746909
122 83 0.372827267411421
122 82 0.11911123422379484
122 55 0.12581494862490922
122 69 0.29407758007492824
122 51 0.25467073268207086
122 79 0.12810711917946965
122 86 0.3709300151382787
122 92 0.3517179787448341
122 93 0.32220467144993886
122 87 0.22841955178363899
122 78 0.33724491523256883
122 50 0.3677684836474022
122 52 0.14685511789519928
122 46 0.17569139146615126
122 91 0.3390762360989511
122 85 0.7512555070512222
122 84 0.18806141392413983
122 90 0.5588149575807041
122 47 0.1088653493476743
122 53 0.14147871707489618
136 76 0.04167912407106289
136 62 0.15987572539839154
136 89 0.165575709190842
136 88 0.1725293102824746
136 63 0.1827521505266744
136 77 0.36399176959166013
136 49 0.2857252378275181
136 61 0.12811984821967198
136 75 0.09266912243328347
136 74 0.08530499261925616
136 60 0.12513007187706923
136 48 0.26716452799119056
136 64 0.0897602581393914
136 70 0.16143779217714768
136 58 0.056674607059960996
136 59 0.17054010750620352
136 71 0.08258954554600807
136 65 0.1291121420757908
136 73 0.14330970276877847
136 67 0.17365328179235132
136 66 0.11877694762976426
136 72 0.1588805117776803
136 57 0.1768275845985364
136 94 0.21181834534508134
136 80 0.08801157385608564
136 81 0.5050899887993842
136 95 0.11580262639749116
136 56 0.3597101252071041
136 68 0.2938429474783652
136 54 0.13593675575288566
136 83 0.10183928436267987
136 82 0.13892762171439144
136 55 0.16688308739336255
136 69 0.1251255500795076
136 51 0.14297645843886012
136 79 0.7011223387838751
136 86 0.1264818184934538
136 92 0.20577298202773375
136 93 0.18643263147173025
136 87 0.15866723496274276
136 78 0.19538815155721526
136 50 0.1565919840761121
136 52 0.1273201712083508
136 46 0.23816116630633
136 91 0.2318928632845223
136 85 0.1743318024148875
136 84 0.07412519470685427
136 90 0.19477180414455672
136 47 0.2973306994016497
136 53 0.07151761117305153
137 76 0.13287315651192816
137 62 0.13580563427461162
137 89 0.13443173089820387
137 88 0.23334454788507422
137 63 0.11634192281964875
137 77 0.16226290343671518
137 49 0.09809355485077186
137 61 0.12389998296088973
137 75 0.12724584653533128
137 74 0.1272944794268227
137 60 0.09959088697762784
137 48 0.10480656840288051
137 64 0.13599055970131502
137 70 0.1737853878849766
137 58 0.10538803397865257
137 59 0.134289122118103
137 71 0.11102555118449373
137 65 0.10484619856184609
137 73 0.1415718520636886
137 67 0.21000170634869825
137 66 0.303278150611141
137 72 0.1259442238359592
137 57 0.199773027463567
137 94 0.2779462653440517
137 80 0.11466859667688266
137 81 0.14488695478693814
137 95 0.13131370004569726
137 56 0.17383867420540872
137 68 0.3163068989256782
137 54 0.1557521392514833
137 83 0.1319171585263934
137 82 0.16063725438481885
137 55 0.1322124513070818
137 69 0.19932891983947293
137 51 0.14998007331567947
137 79 0.21922150892746828
137 86 0.08568184183500234
137 92 0.28137868928766274
137 93 0.2477026847515985
137 87 0.18673517033687465
137 78 0.2369023500160486
137 50 0.15888709656658995
137 52 0.1617903194884631
137 46 0.1636585002237672
137 91 0.23934229250781391
137 85 0.2573146256561703
137 84 0.123086399480814
137 90 0.255469340207655
137 47 0.12024344068528861
137 53 0.137985874335869
123 76 0.14737467280569522
123 62 0.16797785277003308
123 89 0.1027366551863035
123 88 0.3070718945634059
123 63 0.06939285292766292
123 77 0.09324898439319552
123 49 0.26956770449364714
123 61 0.1163410081276478
123 75 0.10123931137208138
123 74 0.1217126796172374
123 60 0.13414789203947758
123 48 0.15752477238228832
123 64 0.14122789928843926
123 70 0.17859324334077645
123 58 0.08664927424840507
123 59 0.09825547700461595
123 71 0.4707204570589052
123 65 0.13420591380255592
123 73 0.09402737620965126
123 67 0.348173074445933
123 66 0.18159634110959094
123 72 0.10851777580067261
123 57 0.5028590043314282
123 94 0.8275885684976154
123 80 0.5092380609440589
123 81 0.1408864005638628
123 95 0.19601276501674758
123 56 0.2424577215624623
123 68 0.41051835873064413
123 54 0.14582903932199343
123 83 0.3024640934659981
123 82 0.12561305740064543
123 55 0.12837610376703384
123 69 0.25664507690584637
123 51 0.19408677603285218
123 79 0.16577171825326667
123 86 0.30178702303470106
123 92 0.3872868794670734
123 93 0.3154162982944818
123 87 0.21824916106345982
123 78 0.3384807449154398
123 50 0.27986933612728027
123 52 0.1460528821824873
123 46 0.15314372972178986
123 91 0.17886842616935017
123 85 0.20841277514717998
123 84 0.0851381586462922
123 90 0.22846463261467986
123 47 0.1544912780085275
123 53 0.10811530070078139
127 76 0.2261688921992413
127 62 0.13953930308463924
127 89 0.1701024051414903
127 88 0.3050682347403693
127 63 0.14984993032637037
127 77 0.143144454398446
127 49 0.31287319413605796
127 61 0.1077968209677794
127 75 0.08727574917459918
127 74 0.11148089193859913
127 60 0.12736040609104393
127 48 0.20370093311950546
127 64 0.11387515000296158
127 70 0.24242723544127995
127 58 0.032909904771386556
127 59 0.16791899974691482
127 71 0.458717313499463
127 65 0.08887458015777722
127 73 0.08129689224532717
127 67 0.38868007381015285
127 66 0.24814337950582513
127 72 0.16399096603607227
127 57 0.4117979521506068
127 94 0.3765429162946668
127 80 0.4812432077465284
127 81 0.30862489606415794
127 95 0.17189512441031463
127 56 0.3588979553449022
127 68 0.6088597397253664
127 54 0.17660584232347235
127 83 0.1266465662556383
127 82 0.05486780619076856
127 55 0.17575646556445995
127 69 0.2847443148367431
127 51 0.3238394967985527
127 79 0.2968863308931498
127 86 0.29705786046461513
127 92 0.3862840117097499
127 93 0.3478913048844454
127 87 0.43199729455705604
127 78 0.27312166195993604
127 50 0.44377880879839426
127 52 0.13697487740362374
127 46 0.2558955048074177
127 91 0.3686036039002397
127 85 0.39142290004461733
127 84 0.13096426982315057
127 90 0.37509809913165604
127 47 0.20203617174194555
127 53 0.12366724332784586
133 76 0.11038758479587325
133 62 0.3597865807218936
133 89 0.11100110358631236
133 88 0.19574042769319153
133 63 0.15526887435898823
133 77 0.36475799225433225
133 49 0.4618645043394767
133 61 0.14832146354351516
133 75 0.15687055066838318
133 74 0.23838274788866087
133 60 0.09360690023125395
133 48 0.3455700299493511
133 64 0.15509214947113362
133 70 0.21280181668751252
133 58 0.24534468136520715
133 59 0.1262236858040643
133 71 0.3531897862966332
133 65 0.10772601533471729
133 73 0.13795620587451163
133 67 0.3004864693222586
133 66 0.15201369124399192
133 72 0.13101706004953145
133 57 0.44342315050674475
133 94 0.22499669377747067
133 80 0.37472865554633433
133 81 0.28663476835682533
133 95 0.1944343271715319
133 56 0.2031720020122926
133 68 0.35846232597582717
133 54 0.20497577061464606
133 83 0.17559679096844463
133 82 0.2856130584025769
133 55 0.11896533603338266
133 69 0.17482859565716874
133 51 0.136369628446179
133 79 0.4155999910718844
133 86 0.16812037199160917
133 92 0.2369535059171988
133 93 0.23626216983892998
133 87 0.1376412832041975
133 78 0.2170360480502214
133 50 0.201239836175491
133 52 0.12209332768751242
133 46 0.13593132286470705
133 91 0.25527391640990743
133 85 0.2575306645913634
133 84 0.2040951694483742
133 90 0.24056392118697084
133 47 0.3928156514624055
133 53 0.5291236591225659
132 76 0.15413028494801298
132 62 0.17075462585153645
132 89 0.23347184499233165
132 88 0.4890491539485521
132 63 0.1509965537354621
132 77 0.1920620756877745
132 49 0.11644873596186937
132 61 0.13897880440142008
132 75 0.1257020816995229
132 74 0.20352616471512244
132 60 0.13934345896106426
132 48 0.11228485969936268
132 64 0.13611883183762316
132 70 0.3375550640726237
132 58 0.11937548350835787
132 59 0.09364654100878483
132 71 0.1433508652270924
132 65 0.12807291494125322
132 73 0.07427185692502883
132 67 0.37703315004853566
132 66 0.2988406563893876
132 72 0.16347237514432897
132 57 0.28909391216154856
132 94 0.626449503451593
132 80 0.1464314678226039
132 81 0.28043858280227085
132 95 0.14545961722351292
132 56 0.43472599459881256
132 68 0.6060648895738167
132 54 0.17843268243959073
132 83 0.30280581879933194
132 82 0.02785890639061292
132 55 0.22271652748703974
132 69 0.3485596441944304
132 51 0.09834564084231595
132 79 0.18208757284272195
132 86 0.19602834429662064
132 92 0.6532230214114695
132 93 0.5939030097706021
132 87 0.41234260842102316
132 78 0.34693402632512604
132 50 0.13554275948986907
132 52 0.19507486983619973
132 46 0.4375284981689881
132 91 0.5414023069876945
132 85 0.5642721435419856
132 84 0.14218752230080786
132 90 0.5697374130000491
132 47 0.1428578142377023
132 53 0.11965882708181604
126 76 0.13506844596298417
126 62 0.13688503898190418
126 89 0.19886925136940065
126 88 0.2560441653711267
126 63 0.16312950058662376
126 77 0.19789942063277796
126 49 0.2624545498514418
126 61 0.11855371335359964
126 75 0.12305493345711224
126 74 0.1564313006745308
126 60 0.1470466141279464
126 48 0.15499245037298565
126 64 0.12206063285600886
126 70 0.20711976514411815
126 58 0.1508423464199792
126 59 0.1144391779328474
126 71 0.4856392893430651
126 65 0.11620889286935764
126 73 0.1251742842955706
126 67 0.4834293638235352
126 66 0.2533420845199801
126 72 0.11659887167524252
126 57 0.46038900236988567
126 94 0.5289171546332831
126 80 0.5277785464590697
126 81 0.19899170444593464
126 95 0.0801231442245974
126 56 0.15712548438660112
126 68 0.48265773779328003
126 54 0.12160950687204192
126 83 0.41570496508427907
126 82 0.13964754528021628
126 55 0.1303023176905107
126 69 0.30031022378072286
126 51 0.2111831400245134
126 79 0.16157043252956554
126 86 0.2562749866568992
126 92 0.5594890203586466
126 93 0.5050179806720739
126 87 0.2853821796040842
126 78 0.37660575461670265
126 50 0.2834122241770324
126 52 0.13031366001071884
126 46 0.1770308934284186
126 91 0.5539631425101447
126 85 0.6859740194893712
126 84 0.11002041133320428
126 90 0.8106819685054434
126 47 0.12039495841625009
126 53 0.14551545842977576
118 76 0.23023409530518738
118 62 0.303114203922828
118 89 0.1567168880655917
118 88 0.1285140352585385
118 63 0.12020793287449306
118 77 0.06796903535878113
118 49 0.41060579920729273
118 61 0.0651642505086516
118 75 0.09895434069633241
118 74 0.15117500497175382
118 60 0.10414290743296661
118 48 0.26797720145882137
118 64 0.09621302872955974
118 70 0.12971656603620096
118 58 0.3779667176923932
118 59 0.3279155552099772
118 71 0.2872574229065844
118 65 0.12633912904915456
118 73 0.10810199637572361
118 67 0.23024079625471167
118 66 0.10009401636881153
118 72 0.04374866017513995
118 57 0.37512896025331544
118 94 0.11743795556050714
118 80 0.30806357197681683
118 81 0.4844596600138408
118 95 0.13142036337112095
118 56 0.40005159507071
118 68 0.24922635847529648
118 54 0.1080525260083863
118 83 0.2176669225210372
118 82 0.1399313925147767
118 55 0.17560512688694188
118 69 0.17685351632639004
118 51 0.23649886795278316
118 79 0.31243337882380573
118 86 0.15922562150664116
118 92 0.1325922405757039
118 93 0.13044340779956376
118 87 0.250430262875716
118 78 0.13715216797971164
118 50 0.35995706843820363
118 52 0.1143952564185849
118 46 0.2564874533857639
118 91 0.15324122111406766
118 85 0.16181881097369463
118 84 0.23080200974755619
118 90 0.1530833017296731
118 47 0.46751486925993235
118 53 0.40448972205898504
130 76 0.09394448452388068
130 62 0.15570968807573163
130 89 0.15441712260890766
130 88 0.34776699837980396
130 63 0.14313460829200847
130 77 0.15625537778303308
130 49 0.14806964263875944
130 61 0.12110223680779933
130 75 0.1299536186812265
130 74 0.06563573232610095
130 60 0.09996690964977005
130 48 0.11798785009895299
130 64 0.14257671776242398
130 70 0.23793230354821673
130 58 0.08938706745039547
130 59 0.11415658864661114
130 71 0.14538028087403262
130 65 0.1012310478801898
130 73 0.1254521857945368
130 67 0.2519255567241744
130 66 0.24671024636465758
130 72 0.1304807780020381
130 57 0.12842909632995386
130 94 0.36353056717338195
130 80 0.1444611842742855
130 81 0.22657385086655057
130 95 0.1587955006886421
130 56 0.2544973025090728
130 68 0.315956462179533
130 54 0.1811756174412101
130 83 0.28357855499915496
130 82 0.13180986011929582
130 55 0.14655093803547944
130 69 0.23663526994379264
130 51 0.08470060217758553
130 79 0.18849750822530273
130 86 0.0765802581128146
130 92 0.36806043494525575
130 93 0.33453865317829035
130 87 0.20971628807534087
130 78 0.22733808808975856
130 50 0.12050020991388274
130 52 0.14283223485514707
130 46 0.3446633815573768
130 91 0.270590906533006
130 85 0.3203737994291133
130 84 0.16401759096643267
130 90 0.31317938651685284
130 47 0.14415230924848593
130 53 0.15669667329356218
124 76 0.1535096028077943
124 62 0.19426372377349632
124 89 0.10787399667006652
124 88 0.4047472283851433
124 63 0.04863804374039005
124 77 0.05353459101857774
124 49 0.22972865146597504
124 61 0.1248291917534275
124 75 0.10967392768571395
124 74 0.11142297514774947
124 60 0.12438486193267338
124 48 0.14036266085185437
124 64 0.13637192708647555
124 70 0.20358805438010014
124 58 0.1560524498216631
124 59 0.10289444672790489
124 71 0.41316888864180523
124 65 0.10807995207712175
124 73 0.12790603726471056
124 67 0.369193524418668
124 66 0.20998387491108828
124 72 0.17477384079595626
124 57 0.3670832101113143
124 94 0.3173702123020241
124 80 0.4431449826390984
124 81 0.1584075301345876
124 95 0.3024007789903694
124 56 0.19700228123194446
124 68 0.412154463955748
124 54 0.13716311775759016
124 83 0.3795778577183113
124 82 0.09595447527080624
124 55 0.1175110837281055
124 69 0.3075747714185472
124 51 0.16009177141798991
124 79 0.12595947079903125
124 86 0.16764482060567085
124 92 0.38474336441080514
124 93 0.3231944291428794
124 87 0.23573857134066967
124 78 0.3316122831457933
124 50 0.23920913310781375
124 52 0.19067171110273828
124 46 0.15333497857808306
124 91 1.0
124 85 0.28719424632155366
124 84 0.0741509529567356
124 90 0.30453980317151286
124 47 0.21928531178225355
124 53 0.15830592146962044
125 76 0.12556141503282378
125 62 0.19019364303951614
125 89 0.1982616273321287
125 88 0.3071979142500514
125 63 0.1626473507061612
125 77 0.12341141147680065
125 49 0.25279415396498717
125 61 0.10690064013904078
125 75 0.13382690222108323
125 74 0.12678441577610114
125 60 0.12260459676415487
125 48 0.1546198848617892
125 64 0.11365793362835648
125 70 0.23160402049883666
125 58 0.1001862357453513
125 59 0.10704728613044219
125 71 0.4220566108815387
125 65 0.12393605169591193
125 73 0.1491458389999982
125 67 0.4920986503741396
125 66 0.25008681001312905
125 72 0.07361022404477555
125 57 0.4258899477171763
125 94 0.3300537508656326
125 80 0.4587446958300986
125 81 0.20387573667006753
125 95 0.12339751638032424
125 56 0.4406752140556449
125 68 0.6070864727003794
125 54 0.11822243368783662
125 83 0.42695386712679145
125 82 0.11972616340378081
125 55 0.1669012625901066
125 69 0.30867125759518516
125 51 0.17879890223679412
125 79 0.146483772168521
125 86 0.23770645180187425
125 92 0.3283810655355696
125 93 0.32765168076094403
125 87 0.27480275711746244
125 78 0.35847539614430124
125 50 0.2603025531418862
125 52 0.026713834475371928
125 46 0.1483540381563825
125 91 0.4176638911472078
125 85 0.3890198987468113
125 84 0.144743961408013
125 90 0.3755771110946716
125 47 0.11074371454286275
125 53 0.10889087037750782
131 76 0.14168079999345748
131 62 0.21578068926234312
131 89 0.24099855161773232
131 88 0.5804565343133933
131 63 0.1372089035197604
131 77 0.07656720921686835
131 49 0.07559090798517187
131 61 0.08596383664027885
131 75 0.09406196101604289
131 74 0.21200273010242499
131 60 0.15790756229002842
131 48 0.14689772987036134
131 64 0.13494719146027084
131 70 0.3690123282721586
131 58 0.7456499091695019
131 59 0.24288654167947313
131 71 0.10191594157401848
131 65 0.12354219648974667
131 73 0.080883487906359
131 67 0.3929576678017609
131 66 0.28682028673165655
131 72 0.08878343247239376
131 57 0.5868967732355307
131 94 0.5086252735024817
131 80 0.10701602531240915
131 81 0.31739646131715676
131 95 0.09746029826758812
131 56 0.2290468790016005
131 68 0.5435354910587072
131 54 0.1905479321461141
131 83 0.11084491431569776
131 82 0.05657985554541284
131 55 0.18565925772027886
131 69 0.3798107110593917
131 51 0.11466801524866674
131 79 0.1436184533173298
131 86 0.18596172030199565
131 92 0.5344894524143478
131 93 0.4818465175853881
131 87 0.5153387813320672
131 78 0.3239947640413351
131 50 0.035097373540466825
131 52 0.09579911619687397
131 46 0.22153616620703753
131 91 0.5330759677817682
131 85 0.47595801480337174
131 84 0.0995841316999142
131 90 0.4740287356892846
131 47 0.1855206710325246
131 53 0.08189967755901542
119 76 0.09189417525842156
119 62 0.22292170148485319
119 89 0.15401865227434974
119 88 0.30761545844986743
119 63 0.12081352238422689
119 77 0.4323762479611978
119 49 0.1330805415227464
119 61 0.2759066547857161
119 75 0.1497728317311235
119 74 0.22163436330032718
119 60 0.13270085597278647
119 48 0.17328260255567648
119 64 0.13001169100560572
119 70 0.31971109479208637
119 58 0.5466869739036597
119 59 0.0705639467663714
119 71 0.18332033425125652
119 65 0.11513174642765872
119 73 0.08028448942259168
119 67 0.19041907794874946
119 66 0.15025690153962284
119 72 0.07767688899132943
119 57 0.20484159642994756
119 94 0.21160752701787133
119 80 0.18315809546702866
119 81 0.0
119 95 0.04169934802057956
119 56 0.2224216941804146
119 68 0.2749354374422769
119 54 0.11962620504800588
119 83 0.15112086183879683
119 82 0.09124253075887781
119 55 0.25228827431012113
119 69 0.1733351692376004
119 51 0.12797213688841935
119 79 0.5014711282367429
119 86 0.23728573593192215
119 92 0.23112135422649527
119 93 0.2244978960734688
119 87 0.19937008606184184
119 78 0.15635938109596526
119 50 0.0425290438946688
119 52 0.1187615026966766
119 46 0.1608508873041071
119 91 0.23999100706766086
119 85 0.24086051445403017
119 84 0.16565644835119053
119 90 0.2182185465230681
119 47 0.16490734785098038
119 53 0.10988900495069087
