114 76 0.05750179360802776
114 62 0.13490802329536833
114 89 0.05854319578132469
114 88 0.17030431478063035
114 63 0.02705102721914869
114 77 0.00425572232259476
114 49 0.008792810238116705
114 61 0.0012563742957307639
114 75 7.391197216324863e-05
114 74 0.11904983111332032
114 60 0.0015695857433251637
114 48 0.017739854845645442
114 64 0.025957151949100393
114 70 0.20199282426238857
114 58 0.37402955326001414
114 59 0.00529122818786236
114 71 0.01476459626307483
114 65 4.765636957848596e-05
114 73 0.0004088768666340309
114 67 0.1645753022032122
114 66 0.11941265842442614
114 72 0.0044037206096519815
114 57 0.17286295051989603
114 94 0.24057459814619708
114 80 0.016107159601148086
114 81 0.11990792350648284
114 95 0.030436028102972676
114 56 0.09223045135214115
114 68 0.28435952733011477
114 54 0.03085734469600758
114 83 0.006848553584271985
114 82 0.012436935779666938
114 55 0.11425241069300075
114 69 0.21210154900391823
114 51 0.0036045260920867794
114 79 0.03566268434830454
114 86 0.004770615046982493
114 92 0.25204143612218605
114 93 0.20651848502892942
114 87 0.14695086262852725
114 78 0.158385324350655
114 50 0.007350463708319363
114 52 0.00014585617919267435
114 46 0.06315230932078048
114 91 0.20124640862315057
114 85 0.20913670140565468
114 84 0.0031141403800185458
114 90 0.21089667145206975
114 47 0.0448427090120032
114 53 0.0036671075170988665
100 76 0.0048399716033910856
100 62 0.052779640188896
100 89 0.01109943598320931
100 88 0.03465669964728087
100 63 0.16393274448403722
100 77 0.004718528920733572
100 49 0.15012307576912035
100 61 0.0015715676121299815
100 75 0.0004797948274924968
100 74 0.00432687800581695
100 60 0.0014028510142601591
100 48 0.055140265607801144
100 64 0.09541699233864084
100 70 0.033757270792306115
100 58 0.04033350806853695
100 59 0.0060338489763756276
100 71 0.3731102195132221
100 65 0.00034957265589180553
100 73 0.0006449691113896427
100 67 0.17486189667241192
100 66 0.029563334690462698
100 72 0.002974650417791519
100 57 0.23638733727352523
100 94 0.04800307745197862
100 80 0.4108263050447459
100 81 0.02492306133422681
100 95 0.027913878444937062
100 56 0.08440347925117928
100 68 0.23302118209937905
100 54 0.016522957908679164
100 83 0.03232426982472342
100 82 0.008792642284524102
100 55 0.13454193612189486
100 69 0.06642525021709218
100 51 0.07476573536534198
100 79 0.01005316771038832
100 86 0.13709790494442844
100 92 0.04787277835363581
100 93 0.04202525231175447
100 87 0.03085862350331768
100 78 0.06392565553864224
100 50 0.1480750952499647
100 52 0.0005572186820384101
100 46 0.10777816341744148
100 91 0.04320675759511716
100 85 0.04109917454069482
100 84 0.003062355783608639
100 90 0.043018735643220916
100 47 0.021570204238247945
100 53 0.005446398837343644
128 76 0.02407532461148222
128 62 0.02769099641297608
128 89 0.09887764694844489
128 88 0.28475856929670157
128 63 0.026325046617757822
128 77 0.05103354127312984
128 49 0.011248772153052977
128 61 0.0021397298710126716
128 75 0.00016636657787988396
128 74 0.022307376413557914
128 60 0.0016540828230232202
128 48 0.017939554406564487
128 64 0.024258591429542634
128 70 0.19062316050536812
128 58 0.04049367531984465
128 59 0.011885714123502783
128 71 0.017403786069933536
128 65 0.00012937444349363225
128 73 0.0005326060382859904
128 67 0.2507995265840089
128 66 0.2004284615556659
128 72 0.038314142860955094
128 57 0.13767772181378668
128 94 0.41400344346458595
128 80 0.01912118907251456
128 81 0.15948673971424163
128 95 0.06771329248566854
128 56 0.16778986528198037
128 68 0.5341262635172809
128 54 0.07514498343201217
128 83 0.006733849480156276
128 82 0.013275049966623917
128 55 0.0659801176077173
128 69 0.24385109040124298
128 51 0.004720138643903998
128 79 0.09037329289384749
128 86 0.006160225599996377
128 92 0.4330283149704558
128 93 0.35207901838100536
128 87 0.26164303739197786
128 78 0.24703384339125772
128 50 0.009419645435415472
128 52 0.00035751055891412864
128 46 0.10728377527991793
128 91 0.34509172915040554
128 85 0.3597055108459597
128 84 0.003106404287013642
128 90 0.3627841583350576
128 47 0.05549682021154526
128 53 0.004726785495730482
129 76 0.010224304064315237
129 62 0.13089796377949234
129 89 0.12218295691069891
129 88 0.35884920188769026
129 63 0.06184930957584927
129 77 0.009118386424710412
129 49 0.026758715457816676
129 61 0.0019114607321909227
129 75 0.00014965397328325913
129 74 0.02000115555912793
129 60 0.0020087728025427465
129 48 0.044411368353668775
129 64 0.05706823757501911
129 70 0.3120917579049859
129 58 0.44606625311198606
129 59 0.009824940183288805
129 71 0.03909106917705919
129 65 0.0001063177535990667
129 73 0.0009735941481972543
129 67 0.3336086912581094
129 66 0.2502893698142303
129 72 0.007520306811617319
129 57 0.3650591799155957
129 94 0.5094417569549617
129 80 0.042944279479926045
129 81 0.2287803095001491
129 95 0.06502620433838205
129 56 0.18299900723550572
129 68 0.5408919246498686
129 54 0.11845989748241965
129 83 0.013027486537160266
129 82 0.15940114052082163
129 55 0.10039852257232443
129 69 0.365832000032248
129 51 0.009728195500880304
129 79 0.09581876476436997
129 86 0.013818924173314456
129 92 0.5335680765430882
129 93 0.4354506986122582
129 87 0.3222504266693631
129 78 0.3058762981243175
129 50 0.019477682334752014
129 52 0.00030784999490612863
129 46 0.15458032387324236
129 91 0.42563816838650603
129 85 0.44277675131042865
129 84 0.00564961423681444
129 90 0.44648466551076593
129 47 0.106976919669027
129 53 0.008572028461971012
101 76 0.00581838455245362
101 62 0.014879263072980833
101 89 0.008630322299574097
101 88 0.05583913783299468
101 63 0.007658948157614684
101 77 0.0038894355501235545
101 49 0.07624960815779316
101 61 0.0017294218790028376
101 75 0.00022321677210901392
101 74 0.0033626964003491966
101 60 0.000692445573771433
101 48 0.022698474273845054
101 64 0.006782641437156622
101 70 0.027228260134760943
101 58 0.02451704730312107
101 59 0.011732613519474147
101 71 0.14682903405642084
101 65 0.00016586977081303744
101 73 0.0002857065094358652
101 67 0.08429488863478364
101 66 0.026536886781730967
101 72 0.0026083245683322376
101 57 0.10383943752785868
101 94 0.09343709111270473
101 80 0.16166657373716567
101 81 0.017433683751998066
101 95 0.013692011056300482
101 56 0.055925165987531895
101 68 0.11911846846801126
101 54 0.00791457541101026
101 83 0.013184143111459268
101 82 0.006045875436929457
101 55 0.05565252183143123
101 69 0.04299725384952866
101 51 0.02953366861803161
101 79 0.008727860230561837
101 86 0.053923600335495404
101 92 0.09683412865036085
101 93 0.08604875989453978
101 87 0.025181189434529933
101 78 0.04398228044065426
101 50 0.09176812866945426
101 52 0.0004136177307055289
101 46 0.012700470330755928
101 91 0.07978400923740632
101 85 0.07601674890976833
101 84 0.029160431576837134
101 90 0.0773422495386081
101 47 0.01296042015781522
101 53 0.0024930190294448484
115 76 0.0299640968133687
115 62 0.022911991614532667
115 89 0.0061852008114631485
115 88 0.01961014553650768
115 63 0.008725845501208002
115 77 0.004301763586478824
115 49 0.0054773722963601945
115 61 0.00108230327287831
115 75 0.0001427883894220272
115 74 0.07456053576591784
115 60 0.0006540982064355688
115 48 0.005508933622888193
115 64 0.07206467846729285
115 70 0.035868918180333886
115 58 0.009021680707079274
115 59 0.005519389119264348
115 71 0.008356842095234393
115 65 0.00010729317350106904
115 73 0.0004580749259296135
115 67 0.023167091371644452
115 66 0.13313542327319
115 72 0.058709252433462436
115 57 0.017168832843151807
115 94 0.09908306504574704
115 80 0.009206437018043037
115 81 0.04914554351400229
115 95 0.004528425738727221
115 56 0.15905760472263147
115 68 0.05547856313524415
115 54 0.008273509613145949
115 83 0.14308956955054825
115 82 0.02137179083115537
115 55 0.11697905911523876
115 69 0.02058071664105679
115 51 0.0025797170431980654
115 79 0.00652469696809406
115 86 0.003060091361360845
115 92 0.10336099389660541
115 93 0.09216098728602919
115 87 0.018424819543325865
115 78 0.02186254028330918
115 50 0.00492684393613016
115 52 0.6226730444064168
115 46 0.4277273732032238
115 91 0.0836411653100605
115 85 0.07990597103581216
115 84 0.03389094171270393
115 90 0.08090953004841525
115 47 0.18294281223691305
115 53 0.15632682255698493
103 76 0.009157411048814318
103 62 0.09743680726710796
103 89 0.015467442751831192
103 88 0.0469562365772609
103 63 0.015013055499141503
103 77 0.006015428861367744
103 49 0.008995763664632797
103 61 0.002956662926988346
103 75 0.0003224166227055597
103 74 0.005885496017080799
103 60 0.0011047737034155514
103 48 0.01187352710071364
103 64 0.013884249404421484
103 70 0.14682682021617272
103 58 0.5821038038417632
103 59 0.013641460515930126
103 71 0.015592492271518474
103 65 0.00026036542271946905
103 73 0.00038347894310010455
103 67 0.07853484316532637
103 66 0.23626518374696964
103 72 0.00438512688951348
103 57 0.21497828788920015
103 94 0.06339535613888515
103 80 0.017099393131506407
103 81 0.09928184957067175
103 95 0.009909138027381886
103 56 0.0543946635557794
103 68 0.2489566816235949
103 54 0.01657957972834767
103 83 0.00483429673604803
103 82 0.011812743037376242
103 55 0.025222153099886124
103 69 0.17249290949406615
103 51 0.004081330832970562
103 79 0.015019631954572649
103 86 0.005392790613725593
103 92 0.0656241413125708
103 93 0.0561855005494015
103 87 0.04352095516827153
103 78 0.08734898286248872
103 50 0.008627600815256778
103 52 0.000709438874431978
103 46 0.024346053867052117
103 91 0.05711220064284016
103 85 0.05514115637313623
103 84 0.002858624318287234
103 90 0.05654213468996174
103 47 0.025279070549980895
103 53 0.0035934546854059363
117 76 0.1042029666874533
117 62 0.19440424988674054
117 89 0.008375521948030776
117 88 0.07297498487386704
117 63 0.012783929958113699
117 77 0.2710292219436392
117 49 0.12699211568244817
117 61 0.05806349697871441
117 75 0.5714572097817084
117 74 0.2668235859502692
117 60 0.00039111211774321697
117 48 0.3468537782804809
117 64 0.09766222632697728
117 70 0.1680014728750815
117 58 0.47826626330041616
117 59 0.0006271665851559083
117 71 0.044882313936956346
117 65 0.0
117 73 0.3172551780453209
117 67 0.07895142882082548
117 66 0.01926680312404709
117 72 0.07746077440411346
117 57 0.15280579856346224
117 94 0.12192938223438196
117 80 0.04590802342034305
117 81 0.16547706847923088
117 95 0.05248116279871521
117 56 0.20741353710190968
117 68 0.18242216062024835
117 54 0.014365675936758707
117 83 0.5504995688472505
117 82 0.029109411597995405
117 55 0.1076323707858861
117 69 0.17639040800729527
117 51 0.08250587249512233
117 79 0.31183872603897317
117 86 0.0023896398712897476
117 92 0.12782816552186127
117 93 0.11416437331091597
117 87 0.15713948532520847
117 78 0.1890170770036716
117 50 0.0035452652890686637
117 52 0.0017492126107130634
117 46 0.23145222355943895
117 91 0.13885686599222744
117 85 0.1331903647560754
117 84 0.07365642692291359
117 90 0.1342393751443301
117 47 0.016899688689804473
117 53 0.019521043012719244
116 76 0.07444404265258803
116 62 0.10809959151706897
116 89 0.07163141309919704
116 88 0.20714600029228922
116 63 0.027200117061771223
116 77 0.006181734984666357
116 49 0.01036655079654411
116 61 0.06128171590954545
116 75 0.0001031483947380174
116 74 0.012104648916767283
116 60 0.0014073361786382382
116 48 0.018275043693956147
116 64 0.025434812116020264
116 70 0.2939748541496417
116 58 0.45790881149071755
116 59 0.0486995720872743
116 71 0.016368320836117445
116 65 5.512535517356032e-05
116 73 0.0004941553225160933
116 67 0.20430683833951102
116 66 0.19591577024553114
116 72 0.005359873086448266
116 57 0.2897640802504916
116 94 0.29617416059930407
116 80 0.01789888486822186
116 81 0.14202053733991718
116 95 0.03771580839687144
116 56 0.2177109668440275
116 68 0.37465131369621796
116 54 0.030025048156723258
116 83 0.18317599736576956
116 82 0.19783854033503645
116 55 0.1378244981182255
116 69 0.260826835662077
116 51 0.004127061009874533
116 79 0.044524154361677185
116 86 0.005461862939530077
116 92 0.3102557975792361
116 93 0.253648967087013
116 87 0.1812829212989599
116 78 0.19689193105326952
116 50 0.008592988703329266
116 52 0.0009013957572135273
116 46 0.21739585833334293
116 91 0.24796419852134172
116 85 0.2574854017110938
116 84 0.04397663565443455
116 90 0.2596359405098576
116 47 0.049713295549016386
116 53 0.004602902231810174
102 76 0.0014036395264650087
102 62 0.05583164513281976
102 89 0.005061299389820237
102 88 0.015729545947139725
102 63 0.007306418574752366
102 77 0.001078771507682444
102 49 0.005168307378687884
102 61 0.0002670656482275241
102 75 2.0211236554573686e-05
102 74 0.0019009673369280167
102 60 0.00014596184740721385
102 48 0.006158618881419206
102 64 0.006899784959954025
102 70 0.07540853737644343
102 58 0.34691215774932566
102 59 0.00031072871536481916
102 71 0.009953822186761316
102 65 0.0
102 73 8.374538496935813e-05
102 67 0.032535975799987085
102 66 0.01188782243070896
102 72 0.001121198001582141
102 57 0.12064413012637154
102 94 0.020401095902253863
102 80 0.010926365243679348
102 81 0.052970321412954983
102 95 0.003160208032510936
102 56 0.023210812465443334
102 68 0.10620094451284473
102 54 0.00825294295949397
102 83 0.002395755742006331
102 82 0.0043281025039624416
102 55 0.01120528480503688
102 69 0.08887666276144086
102 51 0.0020544846623409274
102 79 0.004492625917180193
102 86 0.0034845515462307852
102 92 0.020774651845461706
102 93 0.01761866565719425
102 87 0.013004947645845352
102 78 0.03516748972899024
102 50 0.004450968582027537
102 52 7.037303336426826e-06
102 46 0.010196456102307794
102 91 0.0174188807262734
102 85 0.017678850188248774
102 84 0.001077770712644116
102 90 0.01734561879221866
102 47 0.010622675046248503
102 53 0.0009609099524749837
106 76 0.03202270054691557
106 62 0.06638702810400605
106 89 0.010420802727245923
106 88 0.03104782623048935
106 63 0.010970933715709758
106 77 0.002953110817350779
106 49 0.00422582160827481
106 61 0.001251494432745387
106 75 1.3240351416032858e-05
106 74 0.0037392569756803523
106 60 0.00022026434690031182
106 48 0.007581305602036695
106 64 0.010451440125111011
106 70 0.09924344725738359
106 58 0.40074129855812735
106 59 0.00978318113737199
106 71 0.007227399743714141
106 65 0.0
106 73 0.00014871561855266113
106 67 0.05095835454727625
106 66 0.028456263400631412
106 72 0.05854675003751615
106 57 0.14442560761280968
106 94 0.040170961926518325
106 80 0.00787215425693688
106 81 0.06674895033406693
106 95 0.006047101248367867
106 56 0.05429575858732228
106 68 0.1452729034060872
106 54 0.01244116504438629
106 83 0.002640485687705446
106 82 0.041402831430785055
106 55 0.09716041081053005
106 69 0.11737207399577368
106 51 0.0016161430743748817
106 79 0.009664344933192903
106 86 0.0022868464106356873
106 92 0.042398174725335074
106 93 0.03595117159635912
106 87 0.028183335308776356
106 78 0.05827785821753667
106 50 0.0036980709742936574
106 52 1.524408861153237e-05
106 46 0.01682961595774156
106 91 0.035058796373396955
106 85 0.03503654574365361
106 84 0.0015629193263920482
106 90 0.03537519507079635
106 47 0.01687766380992539
106 53 0.0013721244643425806
112 76 0.008148775769538083
112 62 0.07734156321235264
112 89 0.01644821127434601
112 88 0.04853902860082278
112 63 0.016968032836689684
112 77 0.004187987140479882
112 49 0.006676272082791784
112 61 0.0017426964973538822
112 75 2.6792332308372968e-05
112 74 0.005871816460225596
112 60 0.00034625352433495515
112 48 0.011859372769474824
112 64 0.01650096931812521
112 70 0.12320260419214984
112 58 0.4547643395727444
112 59 0.013021905206000689
112 71 0.012765980855244524
112 65 0.0
112 73 0.0002009350129701798
112 67 0.07048473791028564
112 66 0.042989771395873476
112 72 0.004852013471357802
112 57 0.17227030710592345
112 94 0.06192157133784026
112 80 0.013881075055628384
112 81 0.08449471366758898
112 95 0.009261862666330278
112 56 0.08700499758990873
112 68 0.18589443437958603
112 54 0.019761107335632536
112 83 0.004194664680232191
112 82 0.01155946780374685
112 55 0.19549671234413107
112 69 0.14753895350696417
112 51 0.0026276555679497354
112 79 0.014426477268001267
112 86 0.003945212841268822
112 92 0.0653547108394224
112 93 0.05574944813030552
112 87 0.04325015047633786
112 78 0.08148068857633689
112 50 0.006087480217325261
112 52 3.0846967348924226e-05
112 46 0.026486745341979784
112 91 0.05416953005839416
112 85 0.05401115226725242
112 84 0.0025130470649439712
112 90 0.05453320260027713
112 47 0.025648425120457286
112 53 0.0018280139974901355
113 76 0.026396747782891902
113 62 0.10106504759573622
113 89 0.1062198207461309
113 88 0.30878456938766374
113 63 0.04204879704828076
113 77 0.05194479450527222
113 49 0.016201346544648998
113 61 0.0026594529245270587
113 75 0.00020134589859679974
113 74 0.025603171779306363
113 60 0.0024168162320056807
113 48 0.028264106335671266
113 64 0.03965231017516043
113 70 0.26256119712959247
113 58 0.38417111042988117
113 59 0.013648930597735032
113 71 0.025492951556158328
113 65 0.00013803000877446459
113 73 0.0007764658134376962
113 67 0.2883996304214206
113 66 0.21894983041037083
113 72 0.03953329863104824
113 57 0.2593898457329186
113 94 0.4420027410734326
113 80 0.02794047592882913
113 81 0.19635326198070407
113 95 0.07148851194169185
113 56 0.2893935695174148
113 68 0.5424184374374268
113 54 0.04686011419229931
113 83 0.14605398997405983
113 82 0.020412109344465842
113 55 0.13844323597203906
113 69 0.3387257415111169
113 51 0.0066031163078567184
113 79 0.0808612879615655
113 86 0.00875605228666558
113 92 0.4626500269790984
113 93 0.3777690166040215
113 87 0.26899509630291435
113 78 0.28924625475715776
113 50 0.013335744881750114
113 52 0.0010083827629233377
113 46 0.21986886399630817
113 91 0.3696329151540588
113 85 0.38416514908147287
113 84 0.03603043385502103
113 90 0.38752181109773187
113 47 0.07514266274512693
113 53 0.007008139780115788
107 76 0.0035403193810851497
107 62 0.0025033007470189744
107 89 0.0033281868521370384
107 88 0.01043039849783546
107 63 0.0008032135907142662
107 77 0.0028447483092752107
107 49 0.003010031422555723
107 61 0.0015500116066376607
107 75 0.0007696718318248585
107 74 0.00145046608474661
107 60 0.0005756662796601447
107 48 0.001164546343711173
107 64 0.0003275521539221615
107 70 0.010137447459107482
107 58 0.001131635770935835
107 59 0.006925755422332466
107 71 0.005859092086582168
107 65 0.0008240772502777771
107 73 0.000732344227381429
107 67 0.06765523555126317
107 66 0.14914996478889173
107 72 0.0012608422305314948
107 57 0.06713058072361666
107 94 0.0147464545715498
107 80 0.006455924642598268
107 81 0.005072784369958769
107 95 0.003192326558817682
107 56 0.4349325636780542
107 68 0.36652850586053964
107 54 0.0003771399071965803
107 83 0.001303244004535964
107 82 0.0024094425583378737
107 55 0.002694184653626003
107 69 0.011920678396944537
107 51 0.0017780686678239843
107 79 0.003563100032498559
107 86 0.002147613898320619
107 92 0.014881204990490018
107 93 0.015836971256006735
107 87 0.011105348032198856
107 78 0.014435145327444929
107 50 0.0036611203178243262
107 52 0.00048053455373589515
107 46 0.002773395387605751
107 91 0.013952671766672614
107 85 0.012789289776952817
107 84 0.0008517694004000209
107 90 0.013373777550263671
107 47 0.003115756382605306
107 53 0.0019717307264650735
139 76 0.05565045248967729
139 62 0.01393142719817117
139 89 0.041222730017410336
139 88 0.11895213483408262
139 63 0.01225376725236861
139 77 0.004633363329014081
139 49 0.006607055112814134
139 61 0.03751718890081529
139 75 0.0001480279537291046
139 74 0.016960364097941633
139 60 0.0009674016419354003
139 48 0.00808083956774569
139 64 0.010854442135298653
139 70 0.1352864380115289
139 58 0.0207358906275147
139 59 0.07179952382309779
139 71 0.01107208884593898
139 65 0.00011954461348741285
139 73 0.00038005892656763074
139 67 0.11036235250851692
139 66 0.20449157886737618
139 72 0.003055325444809312
139 57 0.09512008741054812
139 94 0.22769892273029185
139 80 0.012180053636850152
139 81 0.06584308505856984
139 95 0.022389567746541286
139 56 0.07535992949308395
139 68 0.19537432957948364
139 54 0.04771361011015714
139 83 0.018849141747498993
139 82 0.05766862273270488
139 55 0.03231496687962773
139 69 0.09886721271376327
139 51 0.0032149555262115243
139 79 0.03810499823425631
139 86 0.0039800733124436966
139 92 0.23796568274929913
139 93 0.1994748639097773
139 87 0.11536619889583971
139 78 0.10161381047291854
139 50 0.006421301926389483
139 52 0.0008830745735177864
139 46 0.053175678831925234
139 91 0.190589662144532
139 85 0.19308778277760408
139 84 0.00208271356840993
139 90 0.19494250376709424
139 47 0.02450037314443476
139 53 0.003641563664440045
111 76 0.01855107360515844
111 62 0.10643809370361709
111 89 0.07148586445172848
111 88 0.20756888401443838
111 63 0.034423930540097486
111 77 0.010190908110143268
111 49 0.012798911876585647
111 61 0.004758692990031094
111 75 8.969011064663412e-05
111 74 0.015569086076277494
111 60 0.001424167238376156
111 48 0.024160809795793617
111 64 0.032924983613492276
111 70 0.2775812398084788
111 58 0.4047639844120463
111 59 0.033477937730358245
111 71 0.01997337561323284
111 65 5.1393618185152645e-05
111 73 0.0004492306435741056
111 67 0.23889246059591462
111 66 0.19900327180689265
111 72 0.009342343767071201
111 57 0.24207475638411619
111 94 0.29122260531575017
111 80 0.021783547065673675
111 81 0.1453302064295771
111 95 0.038715172328938646
111 56 0.16738283722537983
111 68 0.48559554925849613
111 54 0.03935559191585187
111 83 0.008481412417015333
111 82 0.023653205998381277
111 55 0.19177929923052567
111 69 0.3850491711538682
111 51 0.004566548846571344
111 79 0.08298483698850953
111 86 0.006430886203146552
111 92 0.3055727381834856
111 93 0.25173400139473145
111 87 0.20350511635432972
111 78 0.369590571897851
111 50 0.01057254231286639
111 52 0.0003901644869048343
111 46 0.07800629243303298
111 91 0.2464913794790663
111 85 0.2534341088818678
111 84 0.004769080568847006
111 90 0.2556472307186692
111 47 0.06358882403702792
111 53 0.004066939186498225
105 76 0.02104021358224495
105 62 0.03408574259262928
105 89 0.01300883076485157
105 88 0.04050085993149554
105 63 0.014829589271237315
105 77 0.00684927002530844
105 49 0.11626898312751241
105 61 0.002864515788147212
105 75 0.0005330375955493738
105 74 0.01810409165251224
105 60 0.0015137163438995044
105 48 0.043859822680296
105 64 0.01269298551114735
105 70 0.04001500637727605
105 58 0.03091562069006687
105 59 0.017035864242946355
105 71 0.2856877351412362
105 65 0.0003906098525078977
105 73 0.0006331633949212406
105 67 0.1663089542005453
105 66 0.11295744501491455
105 72 0.0038772592844621284
105 57 0.23674468122833303
105 94 0.05892798959800007
105 80 0.3146195912096531
105 81 0.02501232365018964
105 95 0.024776975777636753
105 56 0.2314740681097896
105 68 0.3391283226917643
105 54 0.014687257347612587
105 83 0.148125069676602
105 82 0.010482465610283431
105 55 0.014237206594282292
105 69 0.09668125526799912
105 51 0.05791129890455806
105 79 0.01373049578947802
105 86 0.105141077409165
105 92 0.05835273847751149
105 93 0.0503634604863727
105 87 0.039420272194009814
105 78 0.11526377955341494
105 50 0.11502711999052664
105 52 0.000454385575856614
105 46 0.021347761593109624
105 91 0.05285011057528546
105 85 0.05054872120905717
105 84 0.0031935729386460138
105 90 0.05198660240074762
105 47 0.023335428357041818
105 53 0.00558914732407606
104 76 0.003161951956551154
104 62 0.10635611504029097
104 89 0.011127883878109507
104 88 0.0341501870796035
104 63 0.01586586536070049
104 77 0.002013093540963476
104 49 0.005973252850446947
104 61 0.0005158823412680785
104 75 1.8774581866887186e-05
104 74 0.004024865276162609
104 60 0.0002776300356639033
104 48 0.011657599424996598
104 64 0.015274669160841609
104 70 0.14649661796721344
104 58 0.6613087599621528
104 59 0.000763221555494159
104 71 0.009937466316039853
104 65 0.0
104 73 0.0001650909096183456
104 67 0.06109198974070736
104 66 0.02530857667057286
104 72 0.002694576578369079
104 57 0.22612651720194993
104 94 0.04191709705389202
104 80 0.010820012649532376
104 81 0.10326061860947765
104 95 0.0060383354792725025
104 56 0.060927653555196554
104 68 0.20210492927584894
104 54 0.01834513076587857
104 83 0.003819528598083863
104 82 0.009038675584644704
104 55 0.09052720988999655
104 69 0.17252507020192942
104 51 0.0020303558294702817
104 79 0.00944038799786276
104 86 0.0031286095698196126
104 92 0.04424112143793456
104 93 0.03779229322946094
104 87 0.027789083943305787
104 78 0.07005863954179152
104 50 0.004493231274193044
104 52 2.1615845428146763e-05
104 46 0.022035931126642677
104 91 0.036399152493460415
104 85 0.03654656382585518
104 84 0.0018774308470007744
104 90 0.036899808387678076
104 47 0.02261725760373369
104 53 0.0015916734271457234
110 76 0.017762254948627806
110 62 0.10740104488473842
110 89 0.15521837960589857
110 88 0.2364937713347291
110 63 0.01867866790426377
110 77 0.19309940700200312
110 49 0.038341150154988284
110 61 0.001168198739911308
110 75 9.309786339804782e-05
110 74 0.03868269746126257
110 60 0.06523462967815008
110 48 0.051905402365015646
110 64 0.017454539400711802
110 70 0.16697719679119483
110 58 0.30141751434895614
110 59 0.0059615983731903105
110 71 0.15594558883625112
110 65 5.975416966651215e-05
110 73 0.00030593161614374254
110 67 0.14485796160100078
110 66 0.09102967381109439
110 72 0.10720956066880902
110 57 0.200860069345365
110 94 0.23267267088886473
110 80 0.15833767915327046
110 81 0.18769767626427444
110 95 0.06276310094005647
110 56 0.1326297736005388
110 68 0.3303533470079051
110 54 0.0560729230433926
110 83 0.004237866721945122
110 82 0.1167716175614294
110 55 0.09574634383857009
110 69 0.3563013998371038
110 51 0.0026895309687634955
110 79 0.13533758130383658
110 86 0.0036208398790577856
110 92 0.2435320516976252
110 93 0.30269063428802284
110 87 0.17259009009122728
110 78 0.251438769582268
110 50 0.005588805600940203
110 52 0.0005427965587240097
110 46 0.10968876698936848
110 91 0.21575177126121112
110 85 0.21792524759583723
110 84 0.0022682356152526895
110 90 0.2197833350915251
110 47 0.08478510339653075
110 53 0.012498935666984554
138 76 0.03898476773222396
138 62 0.07617479998253894
138 89 0.053935970472517906
138 88 0.15737080819828136
138 63 0.02243551910148632
138 77 0.04695491272005324
138 49 0.010673966105393423
138 61 0.003316895220694227
138 75 0.00023132516677355774
138 74 0.03314158071003771
138 60 0.0017632098828428838
138 48 0.014527224656907256
138 64 0.020221609212782668
138 70 0.15225396153631363
138 58 0.02924789336083107
138 59 0.01978944716088514
138 71 0.01771957395261131
138 65 0.0001768223136556918
138 73 0.0006002930194983491
138 67 0.18179447908598495
138 66 0.2229733239939961
138 72 0.09447249697365205
138 57 0.1371412533856771
138 94 0.22795860540189566
138 80 0.019495634610669957
138 81 0.08820546689087892
138 95 0.04396732148195483
138 56 0.15352443896063878
138 68 0.3711576494622236
138 54 0.02348976506043493
138 83 0.03233721770595707
138 82 0.030103423351523717
138 55 0.03282926040186397
138 69 0.15162218522267562
138 51 0.005334314359212458
138 79 0.050120226586351596
138 86 0.006380866254360851
138 92 0.23704937440112428
138 93 0.19414747380802255
138 87 0.16340687334745224
138 78 0.15723101334290812
138 50 0.010567874382310563
138 52 0.00047968672254829203
138 46 0.0897817142140712
138 91 0.19137290842961205
138 85 0.19712847760668936
138 84 0.003434864587574457
138 90 0.19926107797265774
138 47 0.07792501373057414
138 53 0.07721536303265389
140 76 0.06655700769979803
140 62 0.02920421846701919
140 89 0.03311903409112589
140 88 0.09478890574273958
140 63 0.03357124795088866
140 77 0.0040547430025660025
140 49 0.04481818310692897
140 61 0.02903172170599276
140 75 0.00014277848710297913
140 74 0.018350194287244992
140 60 0.0007911526445165962
140 48 0.00551451592080783
140 64 0.006994245739290833
140 70 0.14003488001031517
140 58 0.028119958872920695
140 59 0.029005911381130567
140 71 0.007503801437496835
140 65 9.988641297456469e-05
140 73 0.00018969202208894698
140 67 0.10590039856183504
140 66 0.18188214146784987
140 72 0.0030268971091131636
140 57 0.13869248052907765
140 94 0.13836397144122803
140 80 0.008226622119017896
140 81 0.058607291092276866
140 95 0.017911602938095295
140 56 0.04895110973210041
140 68 0.2180855298349882
140 54 0.008296169002651094
140 83 0.0025365711065085395
140 82 0.059817081714805286
140 55 0.02938300101422714
140 69 0.1569355522567331
140 51 0.0020808278137098846
140 79 0.02126374402057417
140 86 0.0025871044974348084
140 92 0.143956322807009
140 93 0.11782731188228351
140 87 0.0966448419254428
140 78 0.17869507399804965
140 50 0.0444676753407548
140 52 0.00027967300225748004
140 46 0.028263768622834542
140 91 0.11624480812968989
140 85 0.12019106757985086
140 84 0.012697337302301798
140 90 0.12101504342415609
140 47 0.027070451360209857
140 53 0.0019233003898876805
135 76 0.06346108870963002
135 62 0.19085528856374423
135 89 0.04779106015418384
135 88 0.1688970967427683
135 63 0.03666980258697587
135 77 0.1857018591438581
135 49 0.30125935397622366
135 61 0.0013955776571214357
135 75 0.31176020377899033
135 74 0.1561753231110288
135 60 0.0017678058792321566
135 48 0.33433617724358844
135 64 0.032209763930599974
135 70 0.1327791953057658
135 58 0.06279677918694263
135 59 0.0059225411229671815
135 71 0.20019294221174794
135 65 0.00019602059368625802
135 73 0.199785327067618
135 67 0.22759116640280846
135 66 0.1030322848473391
135 72 0.028470671848577614
135 57 0.2135396284742293
135 94 0.2531267588589863
135 80 0.21859118897159707
135 81 0.20735599490839213
135 95 0.09416780126353504
135 56 0.28329204045404305
135 68 0.384030397975275
135 54 0.07025055632236857
135 83 0.4552701087683538
135 82 0.015570247348675473
135 55 0.057700844483853625
135 69 0.1764785971340968
135 51 0.11699306891065547
135 79 0.1698607643745514
135 86 0.06610532864208685
135 92 0.2631506118927867
135 93 0.22071785370185443
135 87 0.20688457429250157
135 78 0.22418410294874802
135 50 0.08588096340880708
135 52 0.0016698316577602873
135 46 0.2780671745315676
135 91 0.2318757554505394
135 85 0.23372106353577393
135 84 0.10178964353110947
135 90 0.23634748466690197
135 47 0.17249351458998263
135 53 0.240574391895364
121 76 0.09158446734108604
121 62 0.07840259087599101
121 89 0.06629036930463261
121 88 0.280431628793103
121 63 0.10695092853251091
121 77 0.042165935915350845
121 49 0.12397325976740195
121 61 0.0013865570274959743
121 75 0.0004071470352989687
121 74 0.05903204275416497
121 60 0.052052406963829075
121 48 0.09162841117352838
121 64 0.08129349120500666
121 70 0.15208069829954035
121 58 0.027078184811090686
121 59 0.004249234694765167
121 71 0.3256693771267002
121 65 0.05041667789714581
121 73 0.0006168182444370174
121 67 0.30850013793565767
121 66 0.15182745301171757
121 72 0.030783632067360858
121 57 0.33304078600324816
121 94 0.3565058950116691
121 80 0.3567054963326887
121 81 0.07628600923796011
121 95 0.07828850504507442
121 56 0.15961388944006516
121 68 0.37478869577757756
121 54 0.09751213663541207
121 83 0.2967527708375405
121 82 0.026437929574978994
121 55 0.13905492230923983
121 69 0.34991720233352913
121 51 0.08409031277350347
121 79 0.06519181175640518
121 86 0.11208657914975631
121 92 0.48787981161135646
121 93 0.3093990704088751
121 87 0.18735709069657824
121 78 0.46611896901578437
121 50 0.12151540628996499
121 52 0.0002939792518777268
121 46 0.11037382147205883
121 91 0.29639854074732647
121 85 0.30198938009911414
121 84 0.0029581078997942267
121 90 0.3053661131993953
121 47 0.1695190693354433
121 53 0.019853201598326514
109 76 0.03873354836377326
109 62 0.07927728774749994
109 89 0.0437842539407739
109 88 0.1521846790974549
109 63 0.01627312734585104
109 77 0.15568564579972272
109 49 0.03634357034607899
109 61 0.0011580273049043577
109 75 6.058645661942419e-05
109 74 0.06390021741939358
109 60 0.0006285827430980162
109 48 0.030471472746625372
109 64 0.06408071187281489
109 70 0.20544873088863155
109 58 0.3041389167028627
109 59 0.006792352580818728
109 71 0.009381138620327856
109 65 3.3153758574322456e-05
109 73 0.00023289725126597605
109 67 0.1634516080639154
109 66 0.11689550165291959
109 72 0.046523255279396596
109 57 0.18535935716479557
109 94 0.2284794528202121
109 80 0.01016667603964265
109 81 0.19300211710937615
109 95 0.04951602537468339
109 56 0.0955819442669111
109 68 0.32852903809814665
109 54 0.01871034441976417
109 83 0.004097777716813175
109 82 0.02251139186471454
109 55 0.08596655036566597
109 69 0.25529600429509824
109 51 0.001998103679660329
109 79 0.1360904510523226
109 86 0.002763843065628338
109 92 0.2392729349022823
109 93 0.20109944136726898
109 87 0.15016719843979282
109 78 0.2639929276759922
109 50 0.004399154518801948
109 52 0.0008227153770076767
109 46 0.1120668530055215
109 91 0.21180085391572362
109 85 0.2140109307759348
109 84 0.44962629771743173
109 90 0.21574525976051478
109 47 0.030686217047751624
109 53 0.011756795034922121
108 76 0.03490082617970096
108 62 0.1247112502715351
108 89 0.08113034132335027
108 88 0.23950039872589413
108 63 0.04954960171321267
108 77 0.060184353051549976
108 49 0.02062078662769473
108 61 0.004345291212933602
108 75 0.00018194001683162486
108 74 0.026895887715555553
108 60 0.0021007186947644557
108 48 0.035560424785673575
108 64 0.046596564200840344
108 70 0.2580224047646151
108 58 0.46520051333823775
108 59 0.02789119851953467
108 71 0.030867023804579063
108 65 0.00012094047329218316
108 73 0.0007467498315544829
108 67 0.2418538921586062
108 66 0.18371646101876044
108 72 0.04620227929057087
108 57 0.2910925118258755
108 94 0.33445979937288073
108 80 0.03383169920213966
108 81 0.21773336859493522
108 95 0.062005840917003015
108 56 0.2513634060923361
108 68 0.5484198621104212
108 54 0.10576793370923575
108 83 0.0117987353811118
108 82 0.029099901305781398
108 55 0.16044265579459488
108 69 0.31983802517079324
108 51 0.007525528503305734
108 79 0.13046589589159213
108 86 0.010605281659303106
108 92 0.3506294687664506
108 93 0.28853936659775115
108 87 0.22366303206986635
108 78 0.26149063196850303
108 50 0.016073070412467028
108 52 0.0006288353351349141
108 46 0.11961445772868545
108 91 0.2828847004443333
108 85 0.2909648785570926
108 84 0.005829838344115226
108 90 0.2937070812291703
108 47 0.08461827066167973
108 53 0.006701283181775763
120 76 0.003142697686797258
120 62 0.1367789714469541
120 89 0.04655190515856797
120 88 0.13410476365035268
120 63 0.011104997142192333
120 77 0.2514843963199589
120 49 0.006371304972211625
120 61 0.0011828362372609674
120 75 0.03823401689487819
120 74 0.006393015661570078
120 60 0.0013818020994035424
120 48 0.007977050686894388
120 64 0.010115687373265639
120 70 0.08339695952033184
120 58 0.01652714913095843
120 59 0.003976645875390497
120 71 0.011618354688439886
120 65 0.00028393997894481104
120 73 0.00038506219372111405
120 67 0.11856333704917121
120 66 0.09352372174429022
120 72 0.0017876934266045919
120 57 0.04625030664047588
120 94 0.19649219593861672
120 80 0.012771872503402448
120 81 0.053331637463714394
120 95 0.024536220702562755
120 56 0.08356440962961839
120 68 0.15518941244644086
120 54 0.011957134052718185
120 83 0.022643963982447002
120 82 0.0054591249856437984
120 55 0.22816962991209955
120 69 0.10398599599907817
120 51 0.04079974193113334
120 79 0.026540980563649577
120 86 0.004139633892974559
120 92 0.2043997422096803
120 93 0.1669850441665089
120 87 0.16157022627365134
120 78 0.16087010911856803
120 50 0.06831249305516027
120 52 0.0001581128309957186
120 46 0.039752909087690455
120 91 0.16506944870917528
120 85 0.1705563257898048
120 84 0.08435495787010006
120 90 0.1727461021051312
120 47 0.07087774792202237
120 53 0.3641752439733065
134 76 0.05193064559767083
134 62 0.11634964952837903
134 89 0.013433139803215213
134 88 0.04349917329513795
134 63 0.0254031914533083
134 77 0.005987028690706317
134 49 0.2749025839963873
134 61 0.0013584244412454954
134 75 0.32026874942337363
134 74 0.09347745404588521
134 60 0.0014772398269516512
134 48 0.258543752287141
134 64 0.021583006432081525
134 70 0.05887628954599909
134 58 0.03391550295407823
134 59 0.005016521612488431
134 71 0.3558758510261688
134 65 0.00029596253884461854
134 73 0.2050949207218846
134 67 0.18523893758964163
134 66 0.035458692138828796
134 72 0.0033015634071013322
134 57 0.21701690927447367
134 94 0.06174707534328033
134 80 0.3899766717081581
134 81 0.043822301860719365
134 95 0.02737172852268309
134 56 0.06917695890022005
134 68 0.2570261764745267
134 54 0.05839217330688258
134 83 0.27154453955280405
134 82 0.010620818165961485
134 55 0.17249435965330723
134 69 0.10011097589782747
134 51 0.11341917642505361
134 79 0.024207958970880794
134 86 0.12321176031320366
134 92 0.06114465408401803
134 93 0.05266375032331683
134 87 0.09669576724782888
134 78 0.09951915840895369
134 50 0.13450568821179348
134 52 0.4607303934282545
134 46 0.13515970694607904
134 91 0.053080090268193825
134 85 0.05178389872483775
134 84 0.05675404969544821
134 90 0.05357327373619453
134 47 0.14450735333471043
134 53 0.34934058583437333
122 76 0.02846158032160477
122 62 0.06037735725225032
122 89 0.062320895120892464
122 88 0.18235721302170999
122 63 0.02691713406364013
122 77 0.00691321875730716
122 49 0.21280995745501802
122 61 0.002008173419921891
122 75 0.0007618831388109953
122 74 0.03467489418931599
122 60 0.0025254117272332094
122 48 0.0804582207016202
122 64 0.02334117395323193
122 70 0.11711567978621211
122 58 0.035700467882496756
122 59 0.004450220688755613
122 71 0.5253607841038376
122 65 0.0005188058513644067
122 73 0.0009769181174249103
122 67 0.3812704461283771
122 66 0.12840579132126767
122 72 0.003343151468536837
122 57 0.38221838137295594
122 94 0.2665042207749453
122 80 0.5785491520863223
122 81 0.07728511107963082
122 95 0.06286997769011207
122 56 0.10742694430937326
122 68 0.45487367020363534
122 54 0.027077265137980408
122 83 0.27859037632775135
122 82 0.012700911144706742
122 55 0.03970639021573701
122 69 0.23692742751256263
122 51 0.10576421286580724
122 79 0.03795349412931204
122 86 0.19334071867098973
122 92 0.27536894915525045
122 93 0.22635997957771054
122 87 0.1595290151276651
122 78 0.2682952006107494
122 50 0.2091296959036774
122 52 0.00047211503990636505
122 46 0.06331582921887488
122 91 0.224827305877799
122 85 0.7097560728144421
122 84 0.004489398841974884
122 90 0.23456507121935888
122 47 0.04645959503299133
122 53 0.008900688602031817
136 76 0.02054087770281536
136 62 0.0834736463819145
136 89 0.009302615207518752
136 88 0.06868382737697967
136 63 0.01786743800359547
136 77 0.2671286162299161
136 49 0.13986640690837857
136 61 0.04722444759989638
136 75 7.068150400466044e-05
136 74 0.10084524041716961
136 60 0.000525929242782816
136 48 0.14950500664057131
136 64 0.016174905334057424
136 70 0.09145922256936592
136 58 0.05154205220369445
136 59 0.004557394189832337
136 71 0.012067735855211772
136 65 4.240741627695166e-05
136 73 0.0003221962671797335
136 67 0.05992532782413132
136 66 0.025256070387303653
136 72 0.0380024832238286
136 57 0.11881813954077593
136 94 0.11161905766111524
136 80 0.013295632828212181
136 81 0.2849741877576251
136 95 0.061655326475249406
136 56 0.1763506021141695
136 68 0.2123208390922694
136 54 0.06823463903056938
136 83 0.0037641334901307444
136 82 0.009317471502609406
136 55 0.026377161092603796
136 69 0.051359798082529634
136 51 0.0031114371095762455
136 79 0.38025135746344035
136 86 0.004422773334342309
136 92 0.116904763868805
136 93 0.10315145171539893
136 87 0.07691983383726689
136 78 0.11467692131900543
136 50 0.0062103511027494784
136 52 0.000652069565079183
136 46 0.14094085856013078
136 91 0.12350558307324008
136 85 0.11889818873735505
136 84 0.025487092521556745
136 90 0.11999693037659465
136 47 0.18732396365237475
136 53 0.0164382035942615
137 76 0.04426893131769652
137 62 0.06086638495417033
137 89 0.05739291765123518
137 88 0.16672289990340114
137 63 0.021307839397709263
137 77 0.011640415920222233
137 49 0.010248424151602292
137 61 0.006354291536490822
137 75 0.00016214480638761242
137 74 0.012800522115252247
137 60 0.0015685947671634087
137 48 0.01535903228964064
137 64 0.019955002916314205
137 70 0.1309330118568638
137 58 0.04097989881898139
137 59 0.048244962490758825
137 71 0.014275871047375557
137 65 0.0001300405772652058
137 73 0.00037292405012112617
137 67 0.16924802311570114
137 66 0.2316382725067147
137 72 0.00827342223412457
137 57 0.14426494636861403
137 94 0.23941432305148375
137 80 0.015702565171481248
137 81 0.07793029096481449
137 95 0.0328539439424716
137 56 0.12744214313610777
137 68 0.3274088291343472
137 54 0.023764839800617166
137 83 0.005143132502455475
137 82 0.019256775472361445
137 55 0.03640815522580007
137 69 0.15876903174934126
137 51 0.003777524222159906
137 79 0.09537567342914392
137 86 0.005124311523472674
137 92 0.2508288185658878
137 93 0.20583313491408017
137 87 0.15579417292958014
137 78 0.17056880870531707
137 50 0.009024404997325916
137 52 0.0006628982156704627
137 46 0.05637059987984312
137 91 0.20397755614248597
137 85 0.20835673430114465
137 84 0.0034977544004109185
137 90 0.2104908872894346
137 47 0.04772328732560614
137 53 0.0034315413045179766
123 76 0.021489654638035274
123 62 0.04846024244474895
123 89 0.04837561574654826
123 88 0.14353336302701536
123 63 0.028063871122105094
123 77 0.007098295925436496
123 49 0.15737277971069275
123 61 0.0019307552359269509
123 75 0.0008591608738026807
123 74 0.026470689856005383
123 60 0.0025056432121699224
123 48 0.06281491947687196
123 64 0.023941962362136665
123 70 0.09454840728160328
123 58 0.03323912139244595
123 59 0.00342107656306484
123 71 0.385308302993634
123 65 0.0006032052276725985
123 73 0.0011870221965418065
123 67 0.2877622773667563
123 66 0.10210676307317113
123 72 0.003329205410838712
123 57 0.3318142079525943
123 94 0.645357627682611
123 80 0.42432505452406805
123 81 0.06312060180214593
123 95 0.04794443865650973
123 56 0.13041880263897496
123 68 0.3492428557546244
123 54 0.027414997255589227
123 83 0.2016952494309709
123 82 0.012289811787077276
123 55 0.034015138438927645
123 69 0.18140728735638356
123 51 0.07880501277853114
123 79 0.030387059505915803
123 86 0.14177994613041586
123 92 0.21505472733953312
123 93 0.17825662218264954
123 87 0.12563462597668307
123 78 0.25048717729158204
123 50 0.1553065381016312
123 52 0.0003937791148925923
123 46 0.05586653421066626
123 91 0.17817384306127038
123 85 0.18053898700408116
123 84 0.004961821632025368
123 90 0.1840159393231993
123 47 0.042207669605818184
123 53 0.010384865086112194
127 76 0.08507721756476905
127 62 0.08758086716501456
127 89 0.09086008321233673
127 88 0.2677415545876318
127 63 0.04646083086397348
127 77 0.07792734892246647
127 49 0.14358312341413787
127 61 0.005337582519243517
127 75 0.0006859570235124152
127 74 0.05349571746938892
127 60 0.003282642895889004
127 48 0.07024378617113568
127 64 0.041682156449253306
127 70 0.2028670208807438
127 58 0.0703870395118642
127 59 0.029830054682239454
127 71 0.3403025830095819
127 65 0.00043432264468741544
127 73 0.0011684972758994883
127 67 0.3688602835752127
127 66 0.20465244364846386
127 72 0.056752837991629224
127 57 0.35748298816904656
127 94 0.3839680179639964
127 80 0.3747417928162246
127 81 0.18779238885077587
127 95 0.09123185415562078
127 56 0.2584277551229705
127 68 0.6701682405693935
127 54 0.11499454831239408
127 83 0.03557074997968475
127 82 0.02637767949497659
127 55 0.0805284573092279
127 69 0.279548309232604
127 51 0.2209823607162168
127 79 0.15721349192460501
127 86 0.12509842197573895
127 92 0.39985757796172566
127 93 0.328382345386189
127 87 0.3215161156154252
127 78 0.2850941421643632
127 50 0.3386854098606426
127 52 0.0008734762158796455
127 46 0.18507967845169482
127 91 0.33118905669944365
127 85 0.33324355308513937
127 84 0.0068410322603925655
127 90 0.3376215755625281
127 47 0.08156958174890408
127 53 0.011266354195816689
133 76 0.003118873867394442
133 62 0.24298159896388088
133 89 0.01507901212198652
133 88 0.09254561112253032
133 63 0.03623742886301182
133 77 0.23817847601491826
133 49 0.4111244769942215
133 61 0.05050360728896317
133 75 0.00029448453252219065
133 74 0.12117492549724612
133 60 0.0010475728598065698
133 48 0.25680022338993924
133 64 0.03202865300129974
133 70 0.1118335595071199
133 58 0.07621084597802197
133 59 0.00022909934818861333
133 71 0.2688712370127975
133 65 0.00019604135984278848
133 73 0.04201261626426409
133 67 0.2015708797164259
133 66 0.03760026830640953
133 72 0.0030330621096275323
133 57 0.29256420734647076
133 94 0.14525199972858688
133 80 0.2961184764577184
133 81 0.17853133159836793
133 95 0.06581925049907876
133 56 0.15681490467596884
133 68 0.2836664349751986
133 54 0.09056416783387414
133 83 0.08081104858173964
133 82 0.15169898303992863
133 55 0.05812319043166326
133 69 0.06506991054214621
133 51 0.05457981343770191
133 79 0.3551016892187442
133 86 0.09900174016383005
133 92 0.14957696986226104
133 93 0.1315795422994033
133 87 0.09627809465974661
133 78 0.12909659963249875
133 50 0.10795476151365085
133 52 0.001010331899239103
133 46 0.0633912473410862
133 91 0.1537883279379054
133 85 0.14831845488945486
133 84 0.11008846273532182
133 90 0.15039917123472718
133 47 0.24238324014248547
133 53 0.3740955885871211
132 76 0.04575313378841887
132 62 0.06346202629926466
132 89 0.1253788268187397
132 88 0.3649306971662239
132 63 0.05145339833192293
132 77 0.06337365910907583
132 49 0.02241216817021871
132 61 0.0026916465752902657
132 75 0.00021800926742313043
132 74 0.04599837408408391
132 60 0.0026039641651513373
132 48 0.03274307347958988
132 64 0.04616168756741223
132 70 0.249955192389331
132 58 0.06740082110290557
132 59 0.014803660147170827
132 71 0.035422608648922105
132 65 0.00015909313188589014
132 73 0.00136059348702533
132 67 0.3267828500447905
132 66 0.25790712038715013
132 72 0.04697786167238004
132 57 0.18914350087893086
132 94 0.6114770452928046
132 80 0.03896177409487068
132 81 0.20609768218696423
132 95 0.08582514641646952
132 56 0.3117350411084347
132 68 0.5814676752565651
132 54 0.10782492336007776
132 83 0.1804816347813003
132 82 0.021986416942539555
132 55 0.08969984714314402
132 69 0.3158012622590934
132 51 0.010014759682951124
132 79 0.1142812108420763
132 86 0.01271396256383657
132 92 0.6399149396694978
132 93 0.529709898138283
132 87 0.33318040985144265
132 78 0.31795462895990584
132 50 0.019286382451380743
132 52 0.0020536975296443355
132 46 0.28913976667173374
132 91 0.5097804127218701
132 85 0.5239022178131594
132 84 0.04455456291320423
132 90 0.5283633943648411
132 47 0.08556492311794507
132 53 0.0124336819046659
126 76 0.034928733625765054
126 62 0.0574718594484557
126 89 0.07463091177240458
126 88 0.21580507804722743
126 63 0.023294614331741265
126 77 0.006810817728304663
126 49 0.1414942317881364
126 61 0.0028052561325963704
126 75 0.0006518977434538803
126 74 0.042123196076812135
126 60 0.005200714765503045
126 48 0.05617584275054431
126 64 0.020285260861644755
126 70 0.1352709564529853
126 58 0.031617601647666124
126 59 0.004961581096510584
126 71 0.3474407532647896
126 65 0.0003182476973204035
126 73 0.0007202223368249772
126 67 0.3486358877646435
126 66 0.15116771438516308
126 72 0.0031696172128247296
126 57 0.29559800179098344
126 94 0.45095281679984484
126 80 0.3826086234318729
126 81 0.08715004873295215
126 95 0.05844869427969422
126 56 0.1263510731013069
126 68 0.40520350809297184
126 54 0.02358368505241913
126 83 0.3299390513551288
126 82 0.01121098514030286
126 55 0.04309932606968488
126 69 0.2644304323845828
126 51 0.07025802159471642
126 79 0.04336675007660311
126 86 0.1277916439139754
126 92 0.46985546550610263
126 93 0.39657889332313256
126 87 0.22462505383527592
126 78 0.3054549316796817
126 50 0.13900950093639536
126 52 0.0003432622586556078
126 46 0.06789755913008871
126 91 0.3760151522459584
126 85 0.37942442075892324
126 84 0.00433111531479588
126 90 0.8098615431398127
126 47 0.044562444721175355
126 53 0.008387784857604913
118 76 0.07255476215662375
118 62 0.20774362972287747
118 89 0.010773650442391564
118 88 0.03504652113535192
118 63 0.05821660144241287
118 77 0.0038835237967006914
118 49 0.32213451858587944
118 61 0.0006799154025623616
118 75 0.0002692120934248976
118 74 0.10214054440276049
118 60 0.0009140577074200212
118 48 0.16147580014465007
118 64 0.018348791422766866
118 70 0.07861911338072378
118 58 0.297661810577849
118 59 0.1164284448286053
118 71 0.19375379582808464
118 65 0.00014393049333666363
118 73 0.03069754463152194
118 67 0.13511973372551978
118 66 0.02622425596517905
118 72 0.002460953025395965
118 57 0.2789411464151697
118 94 0.04511729821875068
118 80 0.21332608456577395
118 81 0.24799157099926555
118 95 0.017156538534727206
118 56 0.2534566547890319
118 68 0.20239670890797742
118 54 0.021538093641505413
118 83 0.15110159300341625
118 82 0.03240119604094373
118 55 0.10430149895121019
118 69 0.10456369590719547
118 51 0.12755673351265825
118 79 0.15559594088908119
118 86 0.0711075153133711
118 92 0.04646929745666036
118 93 0.039803163642861066
118 87 0.08689104526533387
118 78 0.059522567066099555
118 50 0.25262726294908494
118 52 0.0007906487723838562
118 46 0.1549646596059615
118 91 0.04258121750463608
118 85 0.03902319701373277
118 84 0.10498969151263421
118 90 0.04002716569266323
118 47 0.30729357243535455
118 53 0.2631020516619989
130 76 0.0043761296520589965
130 62 0.03956712636345569
130 89 0.06357400217309836
130 88 0.1841843964621359
130 63 0.020294996304108803
130 77 0.004009385490629083
130 49 0.007420147996462345
130 61 0.0010891358566342546
130 75 8.939059711797481e-05
130 74 0.009362111139696011
130 60 0.0014566462675733999
130 48 0.013034602176426574
130 64 0.019313503546969285
130 70 0.1298901806559828
130 58 0.031179541252863943
130 59 0.005646223253329863
130 71 0.011520381754467401
130 65 5.808137531886082e-05
130 73 0.0004175112851761281
130 67 0.1608734440577944
130 66 0.1279395077985893
130 72 0.0027830916352626495
130 57 0.06489780042235589
130 94 0.26635168172649
130 80 0.012651214215950377
130 81 0.10531775297634431
130 95 0.03319783138168979
130 56 0.1656310923959371
130 68 0.24142455002255614
130 54 0.08130588451136204
130 83 0.18192066449871694
130 82 0.00837790010325358
130 55 0.05218283548065788
130 69 0.14503759712337702
130 51 0.003127962276016888
130 79 0.05764555644162
130 86 0.004056742727701804
130 92 0.2787622968723782
130 93 0.22673701326170487
130 87 0.17554975266554373
130 78 0.14542980161808208
130 50 0.0061688769221655
130 52 0.0009275237477567311
130 46 0.23265596842970043
130 91 0.22183934152299667
130 85 0.23145869685207077
130 84 0.042898073201770984
130 90 0.23336164689532113
130 47 0.03777012018885119
130 53 0.0038433006449520024
124 76 0.031690328764686373
124 62 0.05215259483284579
124 89 0.06708132488534639
124 88 0.19510213675348914
124 63 0.023190724769036095
124 77 0.006308549547537817
124 49 0.12492551161488054
124 61 0.0019055409154628972
124 75 0.0005864648746542467
124 74 0.03800285175614426
124 60 0.0020208170735553366
124 48 0.05101565987483216
124 64 0.020285260861644755
124 70 0.12336053348183203
124 58 0.031617601647666124
124 59 0.004961581096510584
124 71 0.3055612950718476
124 65 0.0003182476973204035
124 73 0.0007202223368249772
124 67 0.3113705499784001
124 66 0.13660266420720305
124 72 0.0031180489922856963
124 57 0.2638658657160965
124 94 0.2839483919645054
124 80 0.33648558879313895
124 81 0.07987820339726374
124 95 0.05225510222548192
124 56 0.11426540799076104
124 68 0.3636465098624589
124 54 0.02358368505241913
124 83 0.29085521109755
124 82 0.011044787393168415
124 55 0.03983314847622192
124 69 0.2372309481681325
124 51 0.06347574319407837
124 79 0.039558345799962036
124 86 0.11237027980378293
124 92 0.29515343257364407
124 93 0.24124912825779715
124 87 0.1714011935794765
124 78 0.27301223790505663
124 50 0.12455964583291035
124 52 0.0003432622586556078
124 46 0.06371171697189133
124 91 1.0000000000000002
124 85 0.24618026587223413
124 84 0.00402973788532919
124 90 0.2493372913370709
124 47 0.04307821681097315
124 53 0.007741288832169485
125 76 0.03386614213684981
125 62 0.05621966990912619
125 89 0.07261857011624676
125 88 0.21142981677951292
125 63 0.02483203197267693
125 77 0.006166284492422944
125 49 0.1351730760465815
125 61 0.0018429062700231064
125 75 0.0011684898330766719
125 74 0.04111303728457237
125 60 0.0020576384243553014
125 48 0.055150570291267256
125 64 0.021684738562818703
125 70 0.1333667293004793
125 58 0.033798896173396056
125 59 0.005303879978171097
125 71 0.329736692392244
125 65 0.001151950049244746
125 73 0.001496911174079324
125 67 0.4013011331794534
125 66 0.14774971742286425
125 72 0.0032738714039445838
125 57 0.28505332265482763
125 94 0.3073728777696036
125 80 0.36310587372889397
125 81 0.08616672444703408
125 95 0.05711432954398476
125 56 0.22953884645912137
125 68 0.5116864763009679
125 54 0.025210720640843592
125 83 0.3172283478046695
125 82 0.011769162806776132
125 55 0.04253248061617556
125 69 0.25706638882625904
125 51 0.06690840410742066
125 79 0.04271793496510735
125 86 0.1212661774538026
125 92 0.319518376729996
125 93 0.26458305696728146
125 87 0.18458825351631586
125 78 0.2959686754964025
125 50 0.13235115915953521
125 52 0.0004983690162767701
125 46 0.06816323228985974
125 91 0.2575837301402628
125 85 0.2664881579040959
125 84 0.003799757661439654
125 90 0.26988585010667965
125 47 0.04615950315426455
125 53 0.0076106740010200985
131 76 0.007258986228482825
131 62 0.08151532108862078
131 89 0.10486220047056274
131 88 0.427067482897275
131 63 0.03281956390592851
131 77 0.005764380941483016
131 49 0.011801410883303234
131 61 0.0017807951982463932
131 75 0.00012825659890756957
131 74 0.0148878593968719
131 60 0.0018314848076710494
131 48 0.022100557967191
131 64 0.03169567747013212
131 70 0.26479298926131944
131 58 0.38523314049729945
131 59 0.10386873061297425
131 71 0.018366799301953868
131 65 9.518504131568462e-05
131 73 0.0004991038665570074
131 67 0.27979170114729085
131 66 0.2107777480073582
131 72 0.00478027667817249
131 57 0.3117741147855798
131 94 0.43742616545742197
131 80 0.020136720308812736
131 81 0.1902064613263214
131 95 0.05441503484684799
131 56 0.11552368252786085
131 68 0.4524717368916817
131 54 0.0860775575340133
131 83 0.007259266970352049
131 82 0.015818020165650523
131 55 0.07687669317942229
131 69 0.3106120093194388
131 51 0.0046561232737176855
131 79 0.07845742891002468
131 86 0.006331654839332804
131 92 0.4577954493122741
131 93 0.37255908213746003
131 87 0.3074792960992988
131 78 0.25856811660452306
131 50 0.009470846159891591
131 52 0.0002690209697921303
131 46 0.11893732000153197
131 91 0.36447308010907553
131 85 0.3800998297601336
131 84 0.0033263432520941882
131 90 0.38322172691625245
131 47 0.06409439844066225
131 53 0.0044416316588224425
119 76 0.0015829094430628021
119 62 0.09721150578495469
119 89 0.0054369408626911975
119 88 0.049309317268358945
119 63 0.007620935938947665
119 77 0.1884146534320519
119 49 0.04056651108213049
119 61 0.04047526988528832
119 75 5.919491469764948e-05
119 74 0.09173248333458177
119 60 0.0001372854035280452
119 48 0.02915521935344735
119 64 0.007447120802381774
119 70 0.11649539332876126
119 58 0.33677242601268864
119 59 0.05380194267117637
119 71 0.004238062537143053
119 65 0.0
119 73 0.00012076156929782811
119 67 0.05326569242247476
119 66 0.012200006759752482
119 72 0.0014272617764815587
119 57 0.10667330757407531
119 94 0.08250017266835667
119 80 0.004593066664702383
119 81 0.07996071449510732
119 95 0.03616728828716026
119 56 0.04638113344355626
119 68 0.1254102015129083
119 54 0.008936822976788758
119 83 0.001885072231920637
119 82 0.004296944324667068
119 55 0.07514019232096382
119 69 0.08189456559295655
119 51 0.000828609684903378
119 79 0.21688927946069675
119 86 0.0012613509315373278
119 92 0.08647388408108306
119 93 0.07746115956293803
119 87 0.04636059074250382
119 78 0.0890578532919538
119 50 0.0018551429507953354
119 52 0.0005628922207557147
119 46 0.01091544118161683
119 91 0.09469401533032668
119 85 0.09066538563840305
119 84 0.021645449498557942
119 90 0.09137559194804908
119 47 0.010852148752093102
119 53 0.012667880069851617
