114 76 0.08196257890278216
114 62 0.13234881793689016
114 89 0.11913784652041205
114 88 0.2842228146972787
114 63 0.18050604345333193
114 77 0.16087856510803197
114 49 0.07867984380282632
114 61 0.07190190677654759
114 75 0.0842973055352903
114 74 0.12989313662186658
114 60 0.07379082967997146
114 48 0.11541118884931574
114 64 0.16869835889875542
114 70 0.18830676857574885
114 58 0.38434829616977617
114 59 0.0907837182174781
114 71 0.12314724656389439
114 65 0.07717620804547014
114 73 0.0798009318816701
114 67 0.20510257491908304
114 66 0.18901976541365834
114 72 0.10366341653390833
114 57 0.22334275655345615
114 94 0.289707393579301
114 80 0.12531390888818167
114 81 0.22773131476087888
114 95 0.11220085212279662
114 56 0.14572922270937563
114 68 0.2566885229436976
114 54 0.18592891366377615
114 83 0.11654272384974819
114 82 0.11233478401544858
114 55 0.17947533231705376
114 69 0.23246256183106612
114 51 0.07628522798704478
114 79 0.1390014223877733
114 86 0.0804001604074349
114 92 0.2970425366472117
114 93 0.274963916545886
114 87 0.2843134804268087
114 78 0.1958428276540556
114 50 0.09230330392749393
114 52 0.12971040388316876
114 46 0.20965319925418133
114 91 0.26533577825627
114 85 0.27271626217802475
114 84 0.1582841422999347
114 90 0.2660635380209805
114 47 0.18957345033510958
114 53 0.08189264247800612
100 76 0.07255066291299847
100 62 0.08584308419327015
100 89 0.06965122716245568
100 88 0.13171659639894528
100 63 0.10481312198154404
100 77 0.10971270208471097
100 49 0.08282857832615122
100 61 0.07628000845923927
100 75 0.0627880201439799
100 74 0.06909165961355969
100 60 0.05844657829527216
100 48 0.07498221448362898
100 64 0.11055155456646024
100 70 0.13429030412320997
100 58 0.25028160607759736
100 59 0.04980964022364861
100 71 0.1432736005919341
100 65 0.07435257603054295
100 73 0.061885347950780795
100 67 0.11221220964449483
100 66 0.0921687891551382
100 72 0.06318084906018802
100 57 0.1464591526135486
100 94 0.13206264374673543
100 80 0.1519280715601042
100 81 0.12799582496046524
100 95 0.09267452103650291
100 56 0.12268567270112592
100 68 0.1778323557960825
100 54 0.11975303085349319
100 83 0.07947744395458808
100 82 0.07197859200811385
100 55 0.1033506866988042
100 69 0.13791328875170675
100 51 0.08983419603836915
100 79 0.09068950746864492
100 86 0.0892380365690854
100 92 0.11243348725075078
100 93 0.10761804047122121
100 87 0.12761963085687372
100 78 0.10981934683908305
100 50 0.09792364514457517
100 52 0.1622160771162328
100 46 0.11166343259510712
100 91 0.13778655180359184
100 85 0.16152855396014287
100 84 0.1679220517909913
100 90 0.12150925323417675
100 47 0.09995844428322617
100 53 0.09617565068652756
128 76 0.07942926158155968
128 62 0.08534184598259552
128 89 0.07874701669342055
128 88 0.18786388530015016
128 63 0.11930979812235794
128 77 0.13298666744007095
128 49 0.07890232576333393
128 61 0.050597511004491384
128 75 0.06968248212425171
128 74 0.08585598360778149
128 60 0.04877381844932451
128 48 0.08231106802457962
128 64 0.11150522585681365
128 70 0.13240775030301447
128 58 0.18328620932507012
128 59 0.06000567563337396
128 71 0.08248013676108669
128 65 0.047344185633568577
128 73 0.06596565541487157
128 67 0.13556746544222084
128 66 0.12493714681896291
128 72 0.05984573457775223
128 57 0.15645837203200014
128 94 0.19148904923749724
128 80 0.08620522762158243
128 81 0.1505244736987673
128 95 0.07835284708620611
128 56 0.09674720793010165
128 68 0.18222999859691197
128 54 0.1228941742333945
128 83 0.09633743593348786
128 82 0.09350749621046577
128 55 0.09115175130136025
128 69 0.12293449912003765
128 51 0.05684660367656737
128 79 0.10992797680549701
128 86 0.05990795471692174
128 92 0.19633738795174815
128 93 0.18174399453004558
128 87 0.18792381298833105
128 78 0.12525078318561292
128 50 0.06516032225944272
128 52 0.10722220410870038
128 46 0.13857530972468465
128 91 0.17538004563586235
128 85 0.18025835347477703
128 84 0.07681882411261914
128 90 0.17586107590470001
128 47 0.12530311814567266
128 53 0.06769472119357872
129 76 0.08370714704983119
129 62 0.19809316153389572
129 89 0.14031568957250246
129 88 0.29554813325234225
129 63 0.26588642405134727
129 77 0.16222137821877333
129 49 0.15242847616988975
129 61 0.09238281471734931
129 75 0.08500091404271916
129 74 0.14576788632807985
129 60 0.09689375079089227
129 48 0.18515878031034763
129 64 0.19572984025263457
129 70 0.25934823315768085
129 58 0.4060196967911293
129 59 0.10501110123333957
129 71 0.17348355192170525
129 65 0.1206871963127943
129 73 0.09616353456835969
129 67 0.24476315931794917
129 66 0.21515984717369951
129 72 0.09819655994673837
129 57 0.3988350841294835
129 94 0.3360029839335197
129 80 0.18074148018985337
129 81 0.3034425948902337
129 95 0.11749185775655224
129 56 0.23273274449334042
129 68 0.35352799796213097
129 54 0.21708543263935678
129 83 0.12411802125735436
129 82 0.21039237526955337
129 55 0.2115550434791699
129 69 0.26720271887442404
129 51 0.10205512151406054
129 79 0.15044865149085448
129 86 0.13778323414041374
129 92 0.29653220010490117
129 93 0.27257697214776927
129 87 0.28128352771078297
129 78 0.2376917209084021
129 50 0.1400035458704706
129 52 0.13079306415439204
129 46 0.24697648547851578
129 91 0.2621433087157944
129 85 0.2416613393462655
129 84 0.15297603857736808
129 90 0.25176122128365497
129 47 0.2953972332373968
129 53 0.10907235598973275
101 76 0.06581469237145854
101 62 0.05676255439072468
101 89 0.048032799421811725
101 88 0.07858578286308576
101 63 0.0764822410575445
101 77 0.0835274748419298
101 49 0.05139594769057731
101 61 0.05330128995397996
101 75 0.04185632150586413
101 74 0.04388496108500101
101 60 0.045434627702032715
101 48 0.047252172143476365
101 64 0.08066958111530283
101 70 0.07926890116784197
101 58 0.15449616408050232
101 59 0.07174042209775962
101 71 0.07711754782583458
101 65 0.0495655910154065
101 73 0.04125457395201061
101 67 0.07623180808444312
101 66 0.09260173396046789
101 72 0.04035656939146603
101 57 0.08939686224990685
101 94 0.0984887462478465
101 80 0.08162356763621725
101 81 0.09292841232038933
101 95 0.05401843392038661
101 56 0.08178583986190402
101 68 0.1055193296948587
101 54 0.08738390766302319
101 83 0.04829537738372689
101 82 0.05367968626434255
101 55 0.07541510055346468
101 69 0.08411757602544398
101 51 0.051906630343890266
101 79 0.06329977388944658
101 86 0.05538867025077267
101 92 0.08840233708925281
101 93 0.08642387501470185
101 87 0.08173822953092233
101 78 0.09078421903464316
101 50 0.058250113177220224
101 52 0.1319538532872481
101 46 0.09083205847499087
101 91 0.08662336172183656
101 85 0.08513502728822576
101 84 0.0991210543026891
101 90 0.0865966068413774
101 47 0.07293977783385756
101 53 0.07823360006050677
115 76 0.1631386603698652
115 62 0.20147049262167918
115 89 0.19314328220211685
115 88 0.24145533948520964
115 63 0.10211991356033222
115 77 0.45082291378500106
115 49 0.24093737739686716
115 61 0.16271301164904314
115 75 0.14599977200439032
115 74 0.10954695620187595
115 60 0.14435874347876465
115 48 0.20093289972881478
115 64 0.20255128923900645
115 70 0.22917255956712743
115 58 0.1612677476986683
115 59 0.13173637376835204
115 71 0.17534074485908072
115 65 0.13205630278300629
115 73 0.15466845727265632
115 67 0.2722396745579104
115 66 0.3146683734344767
115 72 0.2030023637125689
115 57 0.18097499828689456
115 94 0.33697442097011215
115 80 0.18171172382553247
115 81 0.14816050703157252
115 95 0.1699509046109939
115 56 0.32151433445824396
115 68 0.300889989338267
115 54 0.19891499714037844
115 83 0.2606646830361066
115 82 0.15923130552830211
115 55 0.2274043306019598
115 69 0.16296485214870612
115 51 0.1876265174533044
115 79 0.3416479255571463
115 86 0.1732878279513527
115 92 0.31985975465655986
115 93 0.3013924564711384
115 87 0.2585031871836424
115 78 0.20080508456749233
115 50 0.17020909439453502
115 52 0.7121946489666123
115 46 0.4902479494834314
115 91 0.3288415699769979
115 85 0.32448873385357946
115 84 0.18273788953801196
115 90 0.32966723406181564
115 47 0.3611322690711596
115 53 0.42225027874855897
103 76 0.1558739252732647
103 62 0.23621246644391375
103 89 0.14921115963263415
103 88 0.21745236961165648
103 63 0.2295063648641407
103 77 0.1509396510058805
103 49 0.12443626908844851
103 61 0.14533615553980936
103 75 0.12938939115535242
103 74 0.13168910522960323
103 60 0.13892395688177303
103 48 0.1405721883463542
103 64 0.24207165037117823
103 70 0.2770382220206567
103 58 0.8919281792905542
103 59 0.1224042137615886
103 71 0.11588524008885306
103 65 0.15412333903060263
103 73 0.13781871506969845
103 67 0.17958099511560077
103 66 0.17221489379761662
103 72 0.13373184873880328
103 57 0.4376271457978064
103 94 0.1891725004296988
103 80 0.11960294374248359
103 81 0.27885770355763834
103 95 0.12070113535560772
103 56 0.16600854767073764
103 68 0.30054205415594626
103 54 0.2622198659199182
103 83 0.12012995893504537
103 82 0.17102833258818942
103 55 0.22630411118401675
103 69 0.2515330037045883
103 51 0.13805568628187007
103 79 0.1390714592287328
103 86 0.1627011778502823
103 92 0.2032376122286922
103 93 0.19425938947890742
103 87 0.22088178441322115
103 78 0.22175598788690712
103 50 0.12780438016864482
103 52 0.1976469908365402
103 46 0.238773638339798
103 91 0.20575714551605453
103 85 0.1934897704301965
103 84 0.14075512505437454
103 90 0.19090373702625518
103 47 0.2188762127413546
103 53 0.1475320692860565
117 76 0.21162112396049912
117 62 0.2150099474078653
117 89 0.17086840215238377
117 88 0.24136870135490285
117 63 0.10933977719281923
117 77 0.4286503094540241
117 49 0.20949709839088815
117 61 0.16308882061017418
117 75 0.22460460210829283
117 74 0.19055990611140036
117 60 0.1432908322872226
117 48 0.1998079592873221
117 64 0.13922034353387566
117 70 0.2736048842588504
117 58 0.4211274791350495
117 59 0.1679526318340918
117 71 0.13396918663118312
117 65 0.09076675793245528
117 73 0.2126243115285567
117 67 0.24113872596452426
117 66 0.23287365453873354
117 72 0.19289822912373597
117 57 0.24705019669433145
117 94 0.30141077806226435
117 80 0.13632625101864057
117 81 0.20528514273317813
117 95 0.25255142336160313
117 56 0.31184118992032966
117 68 0.36033161744365316
117 54 0.13672099713592137
117 83 0.3105203891473255
117 82 0.15897748141051518
117 55 0.18573918563716615
117 69 0.2543488720239403
117 51 0.15577413674699697
117 79 0.35432620564437795
117 86 0.1455938163325161
117 92 0.3015639838860321
117 93 0.27691618718713745
117 87 0.3092877661715597
117 78 0.26636167269835775
117 50 0.14665511999338926
117 52 0.4895154410748895
117 46 0.33696397687859136
117 91 0.3083226850197989
117 85 0.3387646238326217
117 84 0.23434733082925968
117 90 0.3243908031938356
117 47 0.2482184080395018
117 53 0.29022688073480013
116 76 0.17987827962338637
116 62 0.1784019882588163
116 89 0.14177605753638337
116 88 0.20961284908413438
116 63 0.1595746426847063
116 77 0.3556675790878192
116 49 0.17382776628696622
116 61 0.13532104077234963
116 75 0.18636304073963958
116 74 0.1581148525570197
116 60 0.11889389159659862
116 48 0.16578831647810036
116 64 0.16831122367758541
116 70 0.2544580046579084
116 58 0.5654257082195392
116 59 0.1393567312291099
116 71 0.14410544072281145
116 65 0.11298593905723944
116 73 0.17642253479974973
116 67 0.2017262497618433
116 66 0.22622227741735418
116 72 0.16005504871827303
116 57 0.27742776222816523
116 94 0.2500920666100201
116 80 0.14664084316055034
116 81 0.1950053736033789
116 95 0.20955158869852308
116 56 0.2587465788140872
116 68 0.3255913629354301
116 54 0.18232017850037593
116 83 0.2576506598259729
116 82 0.1319097051738426
116 55 0.17486109369172792
116 69 0.29244188019583695
116 51 0.12925176741821945
116 79 0.2939980235391047
116 86 0.12080476566341243
116 92 0.2502191873497929
116 93 0.229767966416556
116 87 0.2566279053334425
116 78 0.25635346960960664
116 50 0.12168536995883585
116 52 0.2867615415431538
116 46 0.2695322501514238
116 91 0.25582714053915784
116 85 0.2810859831003283
116 84 0.19444695590654862
116 90 0.26915947359809284
116 47 0.15218355038239995
116 53 0.18104685279669105
102 76 0.13374987058290858
102 62 0.18387421932932965
102 89 0.1373663953940116
102 88 0.15291027575271637
102 63 0.16138652156816086
102 77 0.15137451989231915
102 49 0.18074174395347495
102 61 0.13751335829385697
102 75 0.15019657607318196
102 74 0.16839801616478098
102 60 0.13765339267942772
102 48 0.15968226474651437
102 64 0.17022230144595218
102 70 0.18926933285303632
102 58 0.5909482241480668
102 59 0.1530974951523325
102 71 0.25624227571043917
102 65 0.14096361890787693
102 73 0.14661192353790084
102 67 0.18825285437624503
102 66 0.13688874197114428
102 72 0.1526487751886365
102 57 0.2899504586276273
102 94 0.16480525142958266
102 80 0.2643618172699881
102 81 0.19608987670687583
102 95 0.17431467065161602
102 56 0.14989479199910372
102 68 0.233847864267262
102 54 0.1843903199457508
102 83 0.14951734740741315
102 82 0.15788046391678665
102 55 0.1591347296280115
102 69 0.19366421980364248
102 51 0.16223561309111612
102 79 0.14138766490280583
102 86 0.17200909793190922
102 92 0.14531878000997608
102 93 0.14210557259474943
102 87 0.15589639249890594
102 78 0.1630056923344583
102 50 0.17530884383720974
102 52 0.13638715170281288
102 46 0.16790317321545858
102 91 0.1464121476785801
102 85 0.1565740675630354
102 84 0.15061988928684308
102 90 0.1392335275871608
102 47 0.1621852562008419
102 53 0.1528293580431065
106 76 0.06573722767713763
106 62 0.09961866719901694
106 89 0.0648486517199252
106 88 0.13189442907211857
106 63 0.10852808450831061
106 77 0.1046279620172298
106 49 0.06404271207667249
106 61 0.061293099084347144
106 75 0.055451319193701894
106 74 0.06646023908165158
106 60 0.05858886126936046
106 48 0.06708738059592559
106 64 0.11446990824895532
106 70 0.11986103120371427
106 58 0.37615583036667544
106 59 0.05162193519268935
106 71 0.10101469078598066
106 65 0.0655411719703768
106 73 0.058122743972889836
106 67 0.10785593361015702
106 66 0.09430386555032867
106 72 0.062210852898211384
106 57 0.1845619481935291
106 94 0.1345393821939714
106 80 0.10279195118629304
106 81 0.1318651551795172
106 95 0.06279850275207531
106 56 0.0925315363242682
106 68 0.16338738798873
106 54 0.12399751869696936
106 83 0.07579398583116265
106 82 0.07212834615463039
106 55 0.10770736553894746
106 69 0.13950624744924742
106 51 0.06257491687117162
106 79 0.08648641554251676
106 86 0.06861650755847715
106 92 0.13224417028017266
106 93 0.12163419721581893
106 87 0.1299987020599237
106 78 0.11752988421301912
106 50 0.07571415492365463
106 52 0.08435763460231259
106 46 0.11291035704146295
106 91 0.11826899985156057
106 85 0.11026770212425352
106 84 0.1298366316493827
106 90 0.11354137959835418
106 47 0.1035013391777362
106 53 0.06221918907433962
112 76 0.11427705139994203
112 62 0.1537824188904132
112 89 0.126804789338152
112 88 0.2424468508457051
112 63 0.17536146239087974
112 77 0.23147449805257633
112 49 0.13284632023483517
112 61 0.11296952176808017
112 75 0.12128823049150755
112 74 0.13263277345729943
112 60 0.09642301736574337
112 48 0.11268619414856676
112 64 0.18496235883302156
112 70 0.232777278061937
112 58 0.5565811606097896
112 59 0.10908953161498751
112 71 0.1934842367200848
112 65 0.10330861368314743
112 73 0.11481878048224338
112 67 0.1897373145325322
112 66 0.16221818381897346
112 72 0.12415239657649454
112 57 0.2606520515870573
112 94 0.20411295979482547
112 80 0.19688841357130968
112 81 0.2130698846795705
112 95 0.13637973113690466
112 56 0.16839666580637014
112 68 0.29727373115632705
112 54 0.20035722836217487
112 83 0.1676834231252952
112 82 0.12928779665628942
112 55 0.21494846859727473
112 69 0.2784085758566334
112 51 0.11985642815353453
112 79 0.19133890443908172
112 86 0.12632165235244364
112 92 0.23157127948152098
112 93 0.2298494579503705
112 87 0.2486732648572376
112 78 0.2345509845087457
112 50 0.1450234155084173
112 52 0.18662927911429034
112 46 0.1824424103638455
112 91 0.22359220738432012
112 85 0.20566673826439075
112 84 0.2486899814029237
112 90 0.2025560353933047
112 47 0.1672391646812159
112 53 0.11782836513407689
113 76 0.13393958032699166
113 62 0.1509112510030251
113 89 0.13831507660947018
113 88 0.3299732330001275
113 63 0.20956151179417515
113 77 0.27130203961124294
113 49 0.13259523866547304
113 61 0.10322243724888322
113 75 0.14215710408716578
113 74 0.15080161063528777
113 60 0.09069186280684509
113 48 0.13398855102310545
113 64 0.19585318281689343
113 70 0.21471752042133227
113 58 0.33614858862064523
113 59 0.10630084842981445
113 71 0.13000196378042816
113 65 0.08320798511161759
113 73 0.13457451940745874
113 67 0.2381172666057222
113 66 0.21944565977541736
113 72 0.12208945577415853
113 57 0.25466744107996625
113 94 0.3363406466339438
113 80 0.13228922853758432
113 81 0.26438848080177124
113 95 0.15984525090392937
113 56 0.19737102480560959
113 68 0.2930907386108385
113 54 0.21585728371306995
113 83 0.19653506146735247
113 82 0.12809017149673166
113 55 0.1671731477402608
113 69 0.2233145956176215
113 51 0.09859281583622384
113 79 0.2242607089248889
113 86 0.09214947115308914
113 92 0.34485650372731236
113 93 0.3192239602498453
113 87 0.33007849289605523
113 78 0.21862183240116734
113 50 0.0974411617702713
113 52 0.2285459071592935
113 46 0.24340039007918704
113 91 0.30804601198210785
113 85 0.3166145082984952
113 84 0.16709467656360336
113 90 0.30889091685951786
113 47 0.22008846955052033
113 53 0.13810193370706625
107 76 0.2041990856739479
107 62 0.20879767575416291
107 89 0.1765582884383049
107 88 0.22548747550846476
107 63 0.1090519727663189
107 77 0.12943766125753817
107 49 0.16795444621766256
107 61 0.1608039264677825
107 75 0.13678034193568706
107 74 0.126568620891816
107 60 0.17032187201237084
107 48 0.14461629798645095
107 64 0.15065964146068891
107 70 0.1186805223956787
107 58 0.13734140500021488
107 59 0.13384307632194584
107 71 0.250944260708394
107 65 0.18024426777686234
107 73 0.15210045604144842
107 67 0.24444829394743395
107 66 0.18171397696746272
107 72 0.11693644359035812
107 57 0.24565940908023842
107 94 0.18073686337940773
107 80 0.26673389083482446
107 81 0.12184448730489948
107 95 0.1564975742884381
107 56 0.7950930645455865
107 68 0.5260400007104019
107 54 0.14806246778974586
107 83 0.1735540040610332
107 82 0.11135850102668161
107 55 0.22852501917588164
107 69 0.14300880228963406
107 51 0.14721883357560875
107 79 0.18700160261149096
107 86 0.18100208006100785
107 92 0.15345346256827494
107 93 0.21370563108995733
107 87 0.2281094612162682
107 78 0.13970875560858467
107 50 0.19035285738275876
107 52 0.20448119850078186
107 46 0.14075714893165728
107 91 0.23570271587440733
107 85 0.12270000249434071
107 84 0.12248054698816829
107 90 0.1386985383558765
107 47 0.13007559762127116
107 53 0.15815570209779348
139 76 0.1311526182527624
139 62 0.08242330780534064
139 89 0.08500949436838981
139 88 0.15824283358603128
139 63 0.07610458930901166
139 77 0.15271098049292192
139 49 0.081614713925601
139 61 0.08193978264852383
139 75 0.06500997105262576
139 74 0.06268158714463906
139 60 0.06914264317324628
139 48 0.06953451374249504
139 64 0.07337547747388272
139 70 0.15840834454285513
139 58 0.1818604073369941
139 59 0.09713307243542722
139 71 0.07404935812516852
139 65 0.08238016154106818
139 73 0.06391375794162196
139 67 0.15540405247245917
139 66 0.16494289389752062
139 72 0.07711820285405037
139 57 0.16652871319596513
139 94 0.1618310093337723
139 80 0.07639575798868932
139 81 0.13823063159033752
139 95 0.08828000038402739
139 56 0.12335441574655588
139 68 0.21801406894779363
139 54 0.07895328387556047
139 83 0.08829710759844904
139 82 0.08725216882364019
139 55 0.09671616837145364
139 69 0.1375265388378103
139 51 0.06800943570660309
139 79 0.11572923225478789
139 86 0.07769502664614691
139 92 0.1655447522732458
139 93 0.1513198278632254
139 87 0.18599566566501746
139 78 0.1498459808562831
139 50 0.07444436401049613
139 52 0.2412475937222918
139 46 0.16606574945736505
139 91 0.18037686375369721
139 85 0.14850215150618634
139 84 0.06741127375392655
139 90 0.15312625625986195
139 47 0.12232932535410379
139 53 0.1430323351129704
111 76 0.1696837689686323
111 62 0.21078195112188428
111 89 0.16597102739435365
111 88 0.2851852123927389
111 63 0.20681614626697928
111 77 0.24489852543837637
111 49 0.14769542961083987
111 61 0.1360183749109309
111 75 0.1308591517786858
111 74 0.16735214466403747
111 60 0.12501181913513473
111 48 0.1359089102587174
111 64 0.183256274208952
111 70 0.3335320599042657
111 58 0.5622556249806593
111 59 0.16568131187104226
111 71 0.2329602802389118
111 65 0.11527539098198215
111 73 0.12683346378096494
111 67 0.27186277751688753
111 66 0.23243232953636864
111 72 0.14603789433944042
111 57 0.29896650966882027
111 94 0.2778152136746394
111 80 0.23705900169905564
111 81 0.26658795418459785
111 95 0.16004562491327923
111 56 0.23566219701769323
111 68 0.42594500946786956
111 54 0.2013773249783159
111 83 0.1774079797529863
111 82 0.1520785591588405
111 55 0.2528394345258772
111 69 0.3802109554384062
111 51 0.14431039739675058
111 79 0.20243532635496725
111 86 0.15209470306793663
111 92 0.3076758858632275
111 93 0.291880885348645
111 87 0.3019112406940269
111 78 0.33571035041390357
111 50 0.17461213425319827
111 52 0.19745257314840595
111 46 0.21379598005649517
111 91 0.286500963912371
111 85 0.29291889365239626
111 84 0.2994294974223132
111 90 0.28900396811423246
111 47 0.2049971380023133
111 53 0.1246616500690965
105 76 0.11886625451650272
105 62 0.15880285128347554
105 89 0.12243291010024406
105 88 0.14217538382766645
105 63 0.15209374876838275
105 77 0.13753842106579772
105 49 0.1738955097153933
105 61 0.12634599171660715
105 75 0.13704680618821713
105 74 0.15135067857120515
105 60 0.1262174949480863
105 48 0.14750595375704195
105 64 0.1350476399324576
105 70 0.16265298781340842
105 58 0.3079723879211748
105 59 0.14243016297257224
105 71 0.24864062355418398
105 65 0.12057868435856472
105 73 0.13232657394986275
105 67 0.17704604436225815
105 66 0.12389666383288765
105 72 0.14076882864810128
105 57 0.22647671632997607
105 94 0.1610017786833223
105 80 0.2565192917823015
105 81 0.14298667932850692
105 95 0.16815659166942162
105 56 0.42153665613315866
105 68 0.27889206028791047
105 54 0.13441498034914373
105 83 0.14188399263685902
105 82 0.14195116055499274
105 55 0.12115773199609382
105 69 0.17134371284997926
105 51 0.14884018185600478
105 79 0.12694070249605935
105 86 0.160698574368685
105 92 0.13149433487864426
105 93 0.12980842001484752
105 87 0.14713072397221674
105 78 0.14840732175522106
105 50 0.16890274545594341
105 52 0.13875234276920137
105 46 0.1414949532393871
105 91 0.13663961823507426
105 85 0.20613106796737482
105 84 0.14615161798774612
105 90 0.14956900648300597
105 47 0.14775993820141253
105 53 0.1406942650020671
104 76 0.15430659671958485
104 62 0.23383732549109787
104 89 0.14771082588143153
104 88 0.22628969517401973
104 63 0.23883356818945323
104 77 0.1494219370938888
104 49 0.12318504944209777
104 61 0.14387478535836137
104 75 0.12808836735072623
104 74 0.13704098756599112
104 60 0.13752706202569448
104 48 0.14628508168317617
104 64 0.2519095104394274
104 70 0.27425257384330787
104 58 0.8829597485489595
104 59 0.12117342664319826
104 71 0.15020870253265411
104 65 0.15257361280392515
104 73 0.13643293353515684
104 67 0.17032541215260938
104 66 0.17176976420261147
104 72 0.1323871610708866
104 57 0.43322675926573023
104 94 0.1968605241414162
104 80 0.15285148623784006
104 81 0.29019055919086445
104 95 0.12560646350075202
104 56 0.16433931443327904
104 68 0.29752007249843415
104 54 0.27287655514428494
104 83 0.12282979131224234
104 82 0.16930862489054985
104 55 0.23550117401762038
104 69 0.2401837882147188
104 51 0.13666752197710832
104 79 0.13767308122119246
104 86 0.16106520056084764
104 92 0.21070900652501826
104 93 0.20215414579467855
104 87 0.2298584823592652
104 78 0.21054421962952016
104 50 0.1265192938145769
104 52 0.1544105041777618
104 46 0.24847746626996586
104 91 0.21411917387635826
104 85 0.18351733085464994
104 84 0.19306688789043525
104 90 0.18821860768177212
104 47 0.22777140368963822
104 53 0.14604861896317448
110 76 0.09563595434344632
110 62 0.14195654954434045
110 89 0.1235411526324615
110 88 0.23620687800454487
110 63 0.16052933016731993
110 77 0.1896995220002619
110 49 0.0927131009792398
110 61 0.07217508218468888
110 75 0.09939893829371452
110 74 0.1292191390820358
110 60 0.07965079104952712
110 48 0.09806575773395648
110 64 0.12193931138080398
110 70 0.2056872529314616
110 58 0.27892207698602867
110 59 0.09626055971079686
110 71 0.139839386189432
110 65 0.08602168931649591
110 73 0.09409705154296216
110 67 0.17902782534443099
110 66 0.14937325518445682
110 72 0.12095702579687856
110 57 0.17325425874406922
110 94 0.19885960500301952
110 80 0.13925343357221726
110 81 0.20654667818167413
110 95 0.12209959779552405
110 56 0.14868071554728768
110 68 0.2699298980831425
110 54 0.13533341320117295
110 83 0.13742103550003623
110 82 0.12596025358029328
110 55 0.2094162350309597
110 69 0.2712430385603907
110 51 0.07579282363437058
110 79 0.1568073330648426
110 86 0.06802264896039753
110 92 0.22561121652455962
110 93 0.223933710353886
110 87 0.2422730397620503
110 78 0.22851423143030128
110 50 0.10372560924846373
110 52 0.15294766955793515
110 46 0.15603391610928963
110 91 0.21783750569730523
110 85 0.2003733931183383
110 84 0.11337892381384616
110 90 0.19734275192413026
110 47 0.15294484497719246
110 53 0.09656348639723483
138 76 0.18619427180522358
138 62 0.14223477713054136
138 89 0.16656685092696596
138 88 0.3100596076711426
138 63 0.14428713077703798
138 77 0.13529660024948895
138 49 0.11643825680929759
138 61 0.10512607052449685
138 75 0.12737996193888187
138 74 0.1228177471158917
138 60 0.09832733735834454
138 48 0.13624531084297306
138 64 0.14377126118552483
138 70 0.3103839083751627
138 58 0.14171792304134725
138 59 0.1273616184530023
138 71 0.12014649304701505
138 65 0.06610742009841422
138 73 0.12233820089138978
138 67 0.3044973250805703
138 66 0.2879752167036315
138 72 0.12378297515561253
138 57 0.21774638884921085
138 94 0.317090247475724
138 80 0.12740396638269513
138 81 0.2196615603573741
138 95 0.17297505146985748
138 56 0.17439991915182979
138 68 0.4271748372604307
138 54 0.15470036568509474
138 83 0.12457072778798202
138 82 0.15162738780126844
138 55 0.11565567738354994
138 69 0.2552104759296104
138 51 0.1332570864364665
138 79 0.13717208505848333
138 86 0.11105635420961005
138 92 0.3181224623420899
138 93 0.29649473152683836
138 87 0.3644382612326974
138 78 0.29360688874505847
138 50 0.1287975591758344
138 52 0.13853408114240603
138 46 0.16758584920417566
138 91 0.3534288304943463
138 85 0.2186083676740745
138 84 0.1059698390895414
138 90 0.25609745083118224
138 47 0.18050869562561658
138 53 0.13916576915648346
140 76 0.15383472750638394
140 62 0.09667795630257899
140 89 0.09383288654423222
140 88 0.15274241981878417
140 63 0.08447056076599455
140 77 0.08858182592797118
140 49 0.07743298658202405
140 61 0.0961108081835987
140 75 0.07014281150515807
140 74 0.07107431350811245
140 60 0.0811004752579802
140 48 0.07558088629832702
140 64 0.07710264970351574
140 70 0.16143039346344856
140 58 0.2502076089918772
140 59 0.11393169216922648
140 71 0.08698056889599207
140 65 0.09662734813405213
140 73 0.0749672836718325
140 67 0.14604252827732403
140 66 0.1934688416813596
140 72 0.09045536322402016
140 57 0.1953289195273117
140 94 0.17759130237515972
140 80 0.09223464784141684
140 81 0.16213684352646948
140 95 0.09018971497035816
140 56 0.14468786964289929
140 68 0.22696385012820885
140 54 0.07748299184967211
140 83 0.07365101016619949
140 82 0.10234194173277959
140 55 0.11344268688719636
140 69 0.16131098188400117
140 51 0.07484299786073177
140 79 0.10110414969376083
140 86 0.09113194545362809
140 92 0.19417478808533215
140 93 0.17021533274625558
140 87 0.17389092165232412
140 78 0.1633031433146196
140 50 0.08731909895896811
140 52 0.08922905863130831
140 46 0.08367522419864198
140 91 0.17453237336247837
140 85 0.1741847651644938
140 84 0.08195699723456985
140 90 0.1796085828832657
140 47 0.08612933050011246
140 53 0.06881657245341449
135 76 0.11475162451496693
135 62 0.15229627183776487
135 89 0.12060283301257615
135 88 0.2442911212382509
135 63 0.1779214508697423
135 77 0.24878601588970617
135 49 0.14080466522291088
135 61 0.08979295564574205
135 75 0.12179191983818807
135 74 0.10333117216495098
135 60 0.0829083496051464
135 48 0.14688771547881257
135 64 0.1570482502348715
135 70 0.1994606772239625
135 58 0.22835651495575676
135 59 0.09107237020498776
135 71 0.1471894260635543
135 65 0.0743950793123348
135 73 0.11529560330580502
135 67 0.23697357451299841
135 66 0.17929120533342527
135 72 0.11202658014922613
135 57 0.27789835411144853
135 94 0.3061613102735623
135 80 0.15383701428687596
135 81 0.17102604934606086
135 95 0.1369460929132983
135 56 0.1774272510900891
135 68 0.31084601693327996
135 54 0.17039039248038582
135 83 0.16837978379855148
135 82 0.16686823325384967
135 55 0.1254927726089539
135 69 0.20011072998096482
135 51 0.10354144016452836
135 79 0.19213350229396783
135 86 0.10690837597622985
135 92 0.2606549649371732
135 93 0.2418294746710357
135 87 0.2540907911412828
135 78 0.20006006561065684
135 50 0.11628145650709582
135 52 0.3930236548244107
135 46 0.2705426685748436
135 91 0.23818847415398264
135 85 0.21196384945043484
135 84 0.1270749177120121
135 90 0.2264943547318926
135 47 0.20436765623248515
135 53 0.23301824584779318
121 76 0.1788353127637941
121 62 0.21840756592148527
121 89 0.15961086514420497
121 88 0.29096314052481415
121 63 0.2734587425408433
121 77 0.2561555411034846
121 49 0.15003321383020754
121 61 0.13845176316391333
121 75 0.12059009247117572
121 74 0.14837443736989395
121 60 0.15333683025828795
121 48 0.15976782590830527
121 64 0.18175739173595604
121 70 0.14507585254056077
121 58 0.1020784945613151
121 59 0.09608251569250642
121 71 0.2847732484243738
121 65 0.17612788179597788
121 73 0.10618499739227849
121 67 0.2761839144843958
121 66 0.24662403209435962
121 72 0.14634610705854065
121 57 0.24634811877005883
121 94 0.4076286631144702
121 80 0.30145188064510664
121 81 0.21058825758127533
121 95 0.14838172492102583
121 56 0.20153125967994298
121 68 0.3095792033545206
121 54 0.18736287112096742
121 83 0.11756495227560937
121 82 0.16428317016013702
121 55 0.3417617988098368
121 69 0.28511169815423776
121 51 0.15212050075661526
121 79 0.11162825049449489
121 86 0.10221905673799755
121 92 0.3972749346919606
121 93 0.39964130241322643
121 87 0.2382965582269079
121 78 0.31683773091863593
121 50 0.17130155047275442
121 52 0.11375841998789422
121 46 0.18052757733650351
121 91 0.40056376888953155
121 85 0.37964703143765627
121 84 0.15069489749815407
121 90 0.4004400489652538
121 47 0.26362777553391825
121 53 0.2804545235307919
109 76 0.1411162956618276
109 62 0.16697101808797257
109 89 0.11428749260410563
109 88 0.2561983228642973
109 63 0.14850512758951634
109 77 0.13566458504601164
109 49 0.1611075857754547
109 61 0.14837014294037737
109 75 0.11248466578709534
109 74 0.11954017821156875
109 60 0.10906085697137732
109 48 0.14584583963263256
109 64 0.170811875834059
109 70 0.261204370853135
109 58 0.4279084955199059
109 59 0.09081576544302804
109 71 0.2541152995035526
109 65 0.089577528276342
109 73 0.09213701663087157
109 67 0.21071001244058615
109 66 0.17927497253617555
109 72 0.12289132887503078
109 57 0.28487366280000365
109 94 0.18891775643158373
109 80 0.2585862240335108
109 81 0.2489611528465363
109 95 0.15539330254737002
109 56 0.15462215942065996
109 68 0.3458968159788264
109 54 0.18475389589292984
109 83 0.12511427955144047
109 82 0.11652539451608167
109 55 0.19373023403370512
109 69 0.26825133844082344
109 51 0.15741516029403654
109 79 0.1121415676123013
109 86 0.16590635529531314
109 92 0.20871215534683923
109 93 0.20716030019583082
109 87 0.22412595034105295
109 78 0.21139772438598042
109 50 0.19046858437498795
109 52 0.2068668468357361
109 46 0.21432907822351846
109 91 0.21287411360293115
109 85 0.18536473228641726
109 84 0.32662055668732815
109 90 0.18256109660965458
109 47 0.15184245069518904
109 53 0.12264846958197234
108 76 0.16886819353264837
108 62 0.2029666694191851
108 89 0.15981722567333614
108 88 0.28470099808159527
108 63 0.22183009701557083
108 77 0.23442207557981248
108 49 0.12714399776261526
108 61 0.12365492950187958
108 75 0.12600721294292028
108 74 0.1611471344763102
108 60 0.11877836015521204
108 48 0.14481160689430075
108 64 0.23397511314488165
108 70 0.3211655029426306
108 58 0.6558302462596355
108 59 0.14982229548268447
108 71 0.17732028707138323
108 65 0.11945473070626472
108 73 0.12055859825426031
108 67 0.2617827674426658
108 66 0.223814304499249
108 72 0.129265620050366
108 57 0.3217850107917498
108 94 0.2904102672218316
108 80 0.1804400741234635
108 81 0.2771416361155806
108 95 0.15411152269378448
108 56 0.2269244163558885
108 68 0.4101520052702504
108 54 0.2534494340967794
108 83 0.16981869026639462
108 82 0.161136705482417
108 55 0.21873494867425636
108 69 0.3661136586471581
108 51 0.1098434508558039
108 79 0.19377539856502435
108 86 0.11963334718402636
108 92 0.2962680129009064
108 93 0.2810586525602511
108 87 0.29071710674338874
108 78 0.323263027742147
108 50 0.132907952120296
108 52 0.18921912182990444
108 46 0.23078740926872698
108 91 0.2758782055160637
108 85 0.28205817404261946
108 84 0.2279140649475233
108 90 0.27828840441445174
108 47 0.22624078896163075
108 53 0.119328782000998
120 76 0.06109669084943239
120 62 0.07461602145604629
120 89 0.06903803248701885
120 88 0.16470151582990694
120 63 0.10459969233957299
120 77 0.08751211191069153
120 49 0.07631927169251564
120 61 0.047300191672754406
120 75 0.06215361553963493
120 74 0.07527051099085275
120 60 0.05328200156051486
120 48 0.06687850786172637
120 64 0.09775737200490371
120 70 0.10325592472892273
120 58 0.12412419003794413
120 59 0.0526073743201057
120 71 0.11403022452803237
120 65 0.07360132417596112
120 73 0.061260063866469205
120 67 0.11885289724461187
120 66 0.10953322631260612
120 72 0.04999718859654538
120 57 0.10518631726766617
120 94 0.1678797211281687
120 80 0.12120510497139778
120 81 0.13196580571128066
120 95 0.07111321647216336
120 56 0.1214460675109913
120 68 0.14634741284554212
120 54 0.10774213867964001
120 83 0.06716474007997585
120 82 0.05612514611303685
120 55 0.11675834399445215
120 69 0.10392830672392674
120 51 0.06738945196965189
120 79 0.08054858296355694
120 86 0.08224817643222243
120 92 0.17213029187633638
120 93 0.15933616695010883
120 87 0.16475405483210956
120 78 0.10912202442181185
120 50 0.08649721259069404
120 52 0.060973607442548594
120 46 0.12148989430187283
120 91 0.15375685069216277
120 85 0.15803369557094546
120 84 0.05148289464056902
120 90 0.15417857312333177
120 47 0.10985407580511541
120 53 0.09581353400889778
134 76 0.09419491299922766
134 62 0.12222666641891902
134 89 0.09679082791670443
134 88 0.19605791411951878
134 63 0.14279237148623058
134 77 0.20843942051456343
134 49 0.15025766080134753
134 61 0.11839539939328482
134 75 0.09754693700997859
134 74 0.08853942453910953
134 60 0.11133219113225896
134 48 0.11788598357805606
134 64 0.12604040704017194
134 70 0.1600788605299239
134 58 0.15941352869753186
134 59 0.06208484825598948
134 71 0.30592864732401426
134 65 0.10339914377694565
134 73 0.08865046295204373
134 67 0.20458089790950384
134 66 0.14548793197371135
134 72 0.11393771200938745
134 57 0.286545938600543
134 94 0.26631515097802627
134 80 0.3244083294542774
134 81 0.13725840843060624
134 95 0.07857734598187584
134 56 0.14865318401620148
134 68 0.24947211091172866
134 54 0.13674825661441126
134 83 0.12051915246386502
134 82 0.1339215178133804
134 55 0.10514112181036994
134 69 0.16060056589096822
134 51 0.12113141933764862
134 79 0.15796201445318714
134 86 0.12672196720768972
134 92 0.2091908558585663
134 93 0.19818894827261765
134 87 0.20392272242900486
134 78 0.16055990477028395
134 50 0.16215596660805714
134 52 0.3292854808062609
134 46 0.2266677122527821
134 91 0.22407917112116302
134 85 0.1721193559254519
134 84 0.13945361657783012
134 90 0.20128361353166904
134 47 0.16697066318638898
134 53 0.19522877103899045
122 76 0.13407663853345778
122 62 0.12198593620912195
122 89 0.22238652738449632
122 88 0.13955148874348197
122 63 0.262965415797021
122 77 0.11421482799364852
122 49 0.21169466728859698
122 61 0.10348044349302937
122 75 0.10706437102230602
122 74 0.21437826389066095
122 60 0.1299626712880028
122 48 0.12482989212714887
122 64 0.08971393235147825
122 70 0.1684683136123441
122 58 0.12927551684023858
122 59 0.1309303819771161
122 71 0.3081313738472012
122 65 0.08618285151438644
122 73 0.09610059923762747
122 67 0.31282929858918485
122 66 0.21584318176953846
122 72 0.0661500805467857
122 57 0.2984335014726574
122 94 0.1980865217746651
122 80 0.3273218511080123
122 81 0.20560517297462733
122 95 0.11065086793091866
122 56 0.1513766208458558
122 68 0.29262327786074355
122 54 0.09733564125334598
122 83 0.14555652698187693
122 82 0.0953236051172666
122 55 0.2190639157592351
122 69 0.14434733815599557
122 51 0.17498723672098213
122 79 0.15292115317922764
122 86 0.28492444242112197
122 92 0.18963954452563395
122 93 0.16320077283500323
122 87 0.1523743825314664
122 78 0.15774027955333597
122 50 0.24610940091711178
122 52 0.12874301315178335
122 46 0.1381920696825539
122 91 0.16451341076012363
122 85 0.5157378506031324
122 84 0.1723880944963729
122 90 0.37422014391639624
122 47 0.11674517900486774
122 53 0.12111659704085238
136 76 0.09072132531067975
136 62 0.09277501277431034
136 89 0.07325075874691947
136 88 0.13841710448554725
136 63 0.124525330389351
136 77 0.18376106997598587
136 49 0.08981076207832092
136 61 0.0699156760544965
136 75 0.09628730248094539
136 74 0.08169244596173615
136 60 0.061428339320197776
136 48 0.08671732065636642
136 64 0.09085232178414741
136 70 0.11729357281020418
136 58 0.18053605574370096
136 59 0.07200077697465383
136 71 0.0812493405680485
136 65 0.05652267899060875
136 73 0.09115138873727023
136 67 0.1146324540260202
136 66 0.10076802962551047
136 72 0.08269487784903273
136 57 0.18679054712660828
136 94 0.15736374181349377
136 80 0.08464852094650518
136 81 0.14211439910001256
136 95 0.10826801884267415
136 56 0.13368535950745816
136 68 0.1620395069738738
136 54 0.10166985892032845
136 83 0.13311913627626185
136 82 0.09853523035377669
136 55 0.0990797547440394
136 69 0.11008950703064414
136 51 0.066779893567962
136 79 0.15189855514784312
136 86 0.06452944265456335
136 92 0.13887798266079562
136 93 0.12765878376202827
136 87 0.13259071459567978
136 78 0.11418843028012204
136 50 0.06556930413955323
136 52 0.15150428808175265
136 46 0.13925794082184587
136 91 0.13217698727261523
136 85 0.14522735286202304
136 84 0.10046398033411433
136 90 0.13906534013983338
136 47 0.1383464319256981
136 53 0.09354061303824968
137 76 0.20469141092833718
137 62 0.1366651615858068
137 89 0.14938763869011415
137 88 0.23349131822738564
137 63 0.13603254888013142
137 77 0.13136812929445116
137 49 0.13757316585656457
137 61 0.16577326204615025
137 75 0.11137729890857673
137 74 0.118719123860835
137 60 0.14130701997121087
137 48 0.11682001062445979
137 64 0.12713406883147377
137 70 0.22518675032857657
137 58 0.2606393140740841
137 59 0.223121125248214
137 71 0.10980049596733862
137 65 0.12158150856957071
137 73 0.11692392861877515
137 67 0.22138912125807725
137 66 0.28800225140911995
137 72 0.125513663155081
137 57 0.238666184776586
137 94 0.2315415252402794
137 80 0.10698749030929029
137 81 0.21526239273587033
137 95 0.16800366387639845
137 56 0.22196906066860614
137 68 0.3281774889039773
137 54 0.14011931984280881
137 83 0.12462371767434714
137 82 0.12504835861017952
137 55 0.13861200551199623
137 69 0.26161552535018284
137 51 0.12088843376392437
137 79 0.15732118469089712
137 86 0.12427099723166668
137 92 0.2749416347041814
137 93 0.2377607276679324
137 87 0.21858511346923468
137 78 0.28234956686186663
137 50 0.15024260915733725
137 52 0.20753088600301517
137 46 0.15799836132796202
137 91 0.24169379861473655
137 85 0.23728287636814163
137 84 0.12089918524132362
137 90 0.23197414934311625
137 47 0.14286590717807868
137 53 0.12304216914695838
123 76 0.13607650248206868
123 62 0.14812155216228434
123 89 0.08991274939001961
123 88 0.17883862556956714
123 63 0.13025126566861794
123 77 0.2263783117049763
123 49 0.2170662544499834
123 61 0.17103717543152178
123 75 0.14091892644208276
123 74 0.12790643188083686
123 60 0.16083347497828462
123 48 0.16024246295200428
123 64 0.12178072541986283
123 70 0.18405170532073228
123 58 0.23029306724518003
123 59 0.08968944010675267
123 71 0.44195274470144125
123 65 0.14937318159551446
123 73 0.12806684095593598
123 67 0.29554306252604845
123 66 0.1945691255802105
123 72 0.1645974804517709
123 57 0.4139519628360737
123 94 0.3847260234039499
123 80 0.4686489900845355
123 81 0.12851777381187346
123 95 0.13438960747348672
123 56 0.17262127431565136
123 68 0.3437281300485845
123 54 0.12473799066865131
123 83 0.157557815255509
123 82 0.18025332786285916
123 55 0.11016599080388749
123 69 0.19049169066779784
123 51 0.17498970336424852
123 79 0.12255012680183457
123 86 0.18306595904400064
123 92 0.2665274337933132
123 93 0.28630908031900365
123 87 0.20571040577835892
123 78 0.1918908609326176
123 50 0.2342548667442843
123 52 0.12026785569062722
123 46 0.15242991819557847
123 91 0.3237107919564493
123 85 0.24864824668391444
123 84 0.20145844184326755
123 90 0.2907797169106838
123 47 0.18695012481250195
123 53 0.21109427052788918
127 76 0.13114190313007104
127 62 0.1298421106039525
127 89 0.1007418996313509
127 88 0.22155777453268777
127 63 0.17427787114123663
127 77 0.17181121775782873
127 49 0.17217039758644345
127 61 0.10602602618019366
127 75 0.10864376202109675
127 74 0.15927040413973717
127 60 0.11135929794570286
127 48 0.13929093051966082
127 64 0.13150398571885918
127 70 0.1666133955841846
127 58 0.23082065950776723
127 59 0.14270483656366456
127 71 0.30250579426022445
127 65 0.09723481419194924
127 73 0.08864014091607178
127 67 0.20723695872303802
127 66 0.18420180595443136
127 72 0.11712010266253033
127 57 0.26142037769141296
127 94 0.25574251632518313
127 80 0.31948037881522817
127 81 0.19889443261243728
127 95 0.21363372223937122
127 56 0.1604425727523938
127 68 0.2596557432065648
127 54 0.14493557238359478
127 83 0.10387995404451855
127 82 0.1533714492074629
127 55 0.13866583349746872
127 69 0.1673252622138877
127 51 0.2070861922933373
127 79 0.11033818967766659
127 86 0.19253246065435778
127 92 0.23155102250041398
127 93 0.21434026501913137
127 87 0.2941893463903599
127 78 0.18058643594603635
127 50 0.2145465916380056
127 52 0.2230433700983006
127 46 0.17392787944676819
127 91 0.3176261782322564
127 85 0.212588170275462
127 84 0.15750786584191895
127 90 0.20740222923696913
127 47 0.1936210212059678
127 53 0.16151065839588663
133 76 0.08223298706747648
133 62 0.1462169188904347
133 89 0.09961540060044344
133 88 0.21815057669511093
133 63 0.19625661682890205
133 77 0.1665674706480725
133 49 0.11251081038913952
133 61 0.06448383262468411
133 75 0.08727818374083728
133 74 0.10759448255065567
133 60 0.06494618343974116
133 48 0.13666976766311742
133 64 0.14318668538085907
133 70 0.15319357519471047
133 58 0.24412683637926297
133 59 0.0759085136868337
133 71 0.16333312021609184
133 65 0.08908187368882152
133 73 0.08262281162169126
133 67 0.18200494258602196
133 66 0.15881421488288996
133 72 0.07495753393613099
133 57 0.2943889465706864
133 94 0.24801119164502286
133 80 0.17319929054482427
133 81 0.22397765244095239
133 95 0.09813792471418883
133 56 0.17178515684857823
133 68 0.2553803738715902
133 54 0.16023553186157038
133 83 0.12066384804621919
133 82 0.15529523902666545
133 55 0.1561534300009808
133 69 0.17350521480763326
133 51 0.07532912953293197
133 79 0.13768617112089843
133 86 0.10170083517660163
133 92 0.21887693808007347
133 93 0.20119505751394154
133 87 0.19814722667929258
133 78 0.16031464426507988
133 50 0.1033396960925028
133 52 0.1941593894416829
133 46 0.1822987753107147
133 91 0.19349374108307563
133 85 0.17837554906255837
133 84 0.09106407084850968
133 90 0.18583049403192095
133 47 0.21803919407556466
133 53 0.11511439524624119
132 76 0.11439494021955801
132 62 0.17742398224324513
132 89 0.14092216730811497
132 88 0.3361928741820164
132 63 0.21351152130568438
132 77 0.316122862325333
132 49 0.16894840757845853
132 61 0.11409646982717783
132 75 0.11192191664308344
132 74 0.1536440590947422
132 60 0.10122621941962584
132 48 0.17112305579368256
132 64 0.1995448050444803
132 70 0.2323701508051922
132 58 0.22483201203477318
132 59 0.10738349484354912
132 71 0.1714745462982357
132 65 0.09259958876840406
132 73 0.10845552417460619
132 67 0.2760723868625044
132 66 0.22358197486472475
132 72 0.14234788497514178
132 57 0.3237494394992165
132 94 0.35667556547549956
132 80 0.1792189353148719
132 81 0.2693719198166901
132 95 0.13271674549071852
132 56 0.22545001280932234
132 68 0.3621332126074922
132 54 0.21992596176609241
132 83 0.18278144963101303
132 82 0.19440020491986337
132 55 0.159458860002292
132 69 0.23312745725415385
132 51 0.13156614256248567
132 79 0.23956794748490584
132 86 0.12454743357780121
132 92 0.35135667858368863
132 93 0.32524098918083993
132 87 0.33630011811397503
132 78 0.23306843365344834
132 50 0.13546700011482327
132 52 0.49940010607242946
132 46 0.34376820765090343
132 91 0.31385234858893146
132 85 0.32258235186172163
132 84 0.12813817339283784
132 90 0.31471317901618845
132 47 0.25323062135049684
132 53 0.29608736081086295
126 76 0.13952423990534665
126 62 0.14158058624672612
126 89 0.10195228432606498
126 88 0.1369082201909104
126 63 0.1355476811937028
126 77 0.19533971706120778
126 49 0.21993649125935028
126 61 0.17744042887184114
126 75 0.12207018225035006
126 74 0.12873058079739327
126 60 0.19221313910018933
126 48 0.1402782159211033
126 64 0.13969715464211235
126 70 0.1445784831172323
126 58 0.13758139622721371
126 59 0.12555240699396283
126 71 0.38495341688848106
126 65 0.13169753897347525
126 73 0.11531756803366684
126 67 0.2684947490686908
126 66 0.19230616631478464
126 72 0.1368039704368388
126 57 0.31649302322230355
126 94 0.376459480720686
126 80 0.40736895127393374
126 81 0.12420415887350741
126 95 0.08170030160619171
126 56 0.1117206845895078
126 68 0.29327497555810234
126 54 0.1295090148259578
126 83 0.14241102144574194
126 82 0.13453194495633192
126 55 0.14323115514067886
126 69 0.1655309259867588
126 51 0.1806206659084493
126 79 0.12303302267241785
126 86 0.1952092045976843
126 92 0.31111366426768494
126 93 0.3216396720110946
126 87 0.18876947585260961
126 78 0.17464350670365858
126 50 0.2519302502969777
126 52 0.11007744545545348
126 46 0.10731410089504843
126 91 0.3242543815924328
126 85 0.3963728379153555
126 84 0.09136929035190683
126 90 0.3996072255225628
126 47 0.10723484147987766
126 53 0.18123599091357645
118 76 0.0961531640804094
118 62 0.09769292575861956
118 89 0.07763656671336008
118 88 0.13768773444245094
118 63 0.11255933302013606
118 77 0.19476356030385875
118 49 0.10596548841042265
118 61 0.07973802721255063
118 75 0.10205239796271427
118 74 0.09802594639138792
118 60 0.06853816080626463
118 48 0.0907856793044524
118 64 0.09381798473474787
118 70 0.14037811663694466
118 58 0.28744726995658154
118 59 0.07631174366834191
118 71 0.18618284377065006
118 65 0.053353906074875446
118 73 0.09660897707785322
118 67 0.1275478587238067
118 66 0.10580956331678397
118 72 0.08764614197596404
118 57 0.16884130588771606
118 94 0.14614943267116878
118 80 0.19663016902603772
118 81 0.1337982884367948
118 95 0.13148486636133563
118 56 0.1416896221902518
118 68 0.18589406991632926
118 54 0.10162668507568279
118 83 0.14108949697086254
118 82 0.09439532434908432
118 55 0.09607945134609637
118 69 0.14416534284120106
118 51 0.12745506670739104
118 79 0.16099331272653164
118 86 0.11849770061578763
118 92 0.13702002276836972
118 93 0.12611672584608402
118 87 0.18106433052607468
118 78 0.12102533594178483
118 50 0.13204670889081374
118 52 0.1959925770906214
118 46 0.14759585563248603
118 91 0.19548896662922707
118 85 0.15392267960024786
118 84 0.17553449987426673
118 90 0.14739172319817548
118 47 0.1250523251340349
118 53 0.11620126664703852
130 76 0.07636483169587967
130 62 0.0865973864761055
130 89 0.10846774548178605
130 88 0.25876754385869555
130 63 0.1643397472008671
130 77 0.15468119687311238
130 49 0.07559836352812074
130 61 0.05885164063158531
130 75 0.08105000255702899
130 74 0.11825978137449011
130 60 0.06718205143355219
130 48 0.10507485088471136
130 64 0.15358957032256013
130 70 0.16222851317625772
130 58 0.18249402781733118
130 59 0.08265304039901779
130 71 0.06722421989699998
130 65 0.059525824280567616
130 73 0.07672683832527653
130 67 0.1867333894621844
130 66 0.17209097196836495
130 72 0.06960855573291885
130 57 0.13825816513858638
130 94 0.26376091853873934
130 80 0.06861032075473661
130 81 0.20733547742516376
130 95 0.10215203502784387
130 56 0.13267757223890103
130 68 0.22984400846243286
130 54 0.169276939897786
130 83 0.11205326203541369
130 82 0.07749467305620003
130 55 0.10398316774280343
130 69 0.16328491290946776
130 51 0.05796832237733424
130 79 0.1278608701866794
130 86 0.05353829944241249
130 92 0.2704391190820597
130 93 0.25033788160225234
130 87 0.25885008947758836
130 78 0.1714449202136211
130 50 0.05786453343482814
130 52 0.22003674942686996
130 46 0.1908764554699966
130 91 0.24157204871234378
130 85 0.24829152933867982
130 84 0.08456572832726976
130 90 0.242234629606963
130 47 0.17259506833145297
130 53 0.13045672122815724
124 76 0.07052266045773231
124 62 0.09236732618716255
124 89 0.07314533101529405
124 88 0.18324201608570537
124 63 0.10790893624556562
124 77 0.14333692070110243
124 49 0.14363657360667784
124 61 0.08263493238100571
124 75 0.0906382162044702
124 74 0.13287449787119504
124 60 0.09290370598194732
124 48 0.11620622519782846
124 64 0.09816888853248253
124 70 0.12209707350426618
124 58 0.1443672371284038
124 59 0.07757728521922233
124 71 0.2523714668306403
124 65 0.08489165954332248
124 73 0.07394979801219989
124 67 0.17289154868043077
124 66 0.11835442024620506
124 72 0.09770977173042672
124 57 0.1965150380224648
124 94 0.19281298731892144
124 80 0.2665328511223471
124 81 0.13252132504462286
124 95 0.1782281756879684
124 56 0.14007571645546146
124 68 0.21168153596180633
124 54 0.10819568678423858
124 83 0.08666391478757127
124 82 0.12795317756172273
124 55 0.08844577552071618
124 69 0.12136668118437545
124 51 0.17276576879213
124 79 0.09205182612943935
124 86 0.16062402912538765
124 92 0.17285488643684202
124 93 0.17095164328278123
124 87 0.24543330502494348
124 78 0.12133595336443716
124 50 0.1789897551139809
124 52 0.11558995596600126
124 46 0.1262832283436804
124 91 0.26498594746032905
124 85 0.15869894951863284
124 84 0.1101948380365756
124 90 0.15482759866214832
124 47 0.14305599401537053
124 53 0.1347434744773478
125 76 0.10956499669950022
125 62 0.11203241473566919
125 89 0.11581640394639076
125 88 0.17726752651460947
125 63 0.10456840609718289
125 77 0.09116429799902012
125 49 0.1397313571354442
125 61 0.08628090382755843
125 75 0.11379575378048992
125 74 0.10530001179638386
125 60 0.09755290143411731
125 48 0.10315800419401476
125 64 0.09230076040372966
125 70 0.1172274899649071
125 58 0.11501771287592727
125 59 0.07181479861707273
125 71 0.2087755513699947
125 65 0.13475512391559397
125 73 0.11215976872464278
125 67 0.20337116778946507
125 66 0.1511787343767992
125 72 0.06978665161853982
125 57 0.19258342667507095
125 94 0.17993783249536205
125 80 0.2219118897993658
125 81 0.11980586228758049
125 95 0.1301996995982402
125 56 0.4266148827513918
125 68 0.2822518560816138
125 54 0.10014223506412198
125 83 0.12297051681567273
125 82 0.09807218350744368
125 55 0.12261731187052584
125 69 0.11760954047285052
125 51 0.12248015979736294
125 79 0.10033752063730841
125 86 0.150586464727977
125 92 0.15626940579725165
125 93 0.1672128496088794
125 87 0.18977791483934037
125 78 0.11757976389210029
125 50 0.15836593609574473
125 52 0.07677742477159843
125 46 0.12237388639115511
125 91 0.19609519790240246
125 85 0.16402858857991667
125 84 0.08779248321021252
125 90 0.1399718419461032
125 47 0.12011143100273736
125 53 0.13157919537416615
131 76 0.08046266086756353
131 62 0.16972140462284693
131 89 0.1407693514716217
131 88 0.33582830701510025
131 63 0.21327998965702658
131 77 0.0879384168014455
131 49 0.10089741498174545
131 61 0.08601820544693517
131 75 0.07890900299871527
131 74 0.15347744765339638
131 60 0.0902183656944789
131 48 0.1363660556354233
131 64 0.1993284188869066
131 70 0.24148073069987888
131 58 0.37804743015177716
131 59 0.10726704830498426
131 71 0.10433767697688139
131 65 0.09357934557641155
131 73 0.08391549565051316
131 67 0.24234244028888263
131 66 0.22333952282778533
131 72 0.08496979923724783
131 57 0.28641016176409245
131 94 0.34230870459543544
131 80 0.10870279036529748
131 81 0.26907981321599767
131 95 0.13257282760422673
131 56 0.1864207472601341
131 68 0.3291720873951608
131 54 0.21968747430556115
131 83 0.10810134768931974
131 82 0.14405581876974077
131 55 0.18801024616203743
131 69 0.24879409052908474
131 51 0.07265995687998465
131 79 0.1642394978140497
131 86 0.08779077408757904
131 92 0.3509756678046827
131 93 0.3248882982254497
131 87 0.3359354346518622
131 78 0.22250107738828212
131 50 0.09187020873127576
131 52 0.08483844993107076
131 46 0.24771930796907035
131 91 0.3135120074623283
131 85 0.3222325439295889
131 84 0.1183002063990796
131 90 0.314371904406058
131 47 0.22399373867597053
131 53 0.0723253405268177
119 76 0.21740518808642592
119 62 0.22088663542579387
119 89 0.17553860603679614
119 88 0.24796583126566274
119 63 0.09192899213760801
119 77 0.4403662517525974
119 49 0.21522310829297464
119 61 0.16754639166440927
119 75 0.23074353284100707
119 74 0.19576832149144846
119 60 0.14720728139729078
119 48 0.20526914401103694
119 64 0.11250036087866504
119 70 0.28108309893847455
119 58 0.4326378061710296
119 59 0.17254314139412932
119 71 0.12214793316616475
119 65 0.07181722744018941
119 73 0.21843579494569312
119 67 0.24772957014926378
119 66 0.2392385964022045
119 72 0.19817055594134456
119 57 0.25380261419056194
119 94 0.30964898810448604
119 80 0.12333075382726312
119 81 0.21089603075535104
119 95 0.25945420130966024
119 56 0.32036448573243004
119 68 0.37018026177030383
119 54 0.10532597691581626
119 83 0.31900758461071943
119 82 0.16332268065077815
119 55 0.19081584027502416
119 69 0.2613007781409224
119 51 0.16003178163255058
119 79 0.36401070904643884
119 86 0.14957321098955836
119 92 0.30980638137557737
119 93 0.2844849069549075
119 87 0.3177412713766207
119 78 0.27364191470228927
119 50 0.15066352238045716
119 52 0.3550509313219553
119 46 0.33371865670196227
119 91 0.31674981246462497
119 85 0.34802379546526596
119 84 0.24075255146077484
119 90 0.33325710714506246
119 47 0.12525192213197478
119 53 0.22416134797036819
