114 76 0.010468893014536898
114 62 0.036988441015218275
114 89 0.032597758052252075
114 88 0.10580261250410664
114 63 0.04882180602653067
114 77 0.040801694473147986
114 49 0.020133457318633453
114 61 0.006715855653990037
114 75 0.01928750971630397
114 74 0.018787849251451976
114 60 0.012664223910643292
114 48 0.026399610187699835
114 64 0.06033327176918629
114 70 0.09121391513072745
114 58 0.19451737877504635
114 59 0.012806980189686306
114 71 0.031075905936167818
114 65 0.0014473523275406143
114 73 0.01319167417916664
114 67 0.07898303782180864
114 66 0.07447969389809375
114 72 0.012299075624175045
114 57 0.0955308032572971
114 94 0.13314064300391162
114 80 0.03424530764191118
114 81 0.0951718916744843
114 95 0.017898418425028106
114 56 0.04914526342986319
114 68 0.14480453579535257
114 54 0.07434556230292803
114 83 0.03845727928222747
114 82 0.021233766420857298
114 55 0.05788918464314033
114 69 0.11327112962427989
114 51 0.012774786087098236
114 79 0.033987475024806875
114 86 0.011406168696371163
114 92 0.14052240659432372
114 93 0.11655308461428247
114 87 0.08581263885052591
114 78 0.09712789184587305
114 50 0.02207751603595632
114 52 0.02220639754736251
114 46 0.08041043521366724
114 91 0.11225992693177884
114 85 0.11634794739848693
114 84 0.046262836364796604
114 90 0.11747252041973212
114 47 0.057349420640224254
114 53 0.010822492879865813
100 76 0.007329084788567722
100 62 0.019137368752162362
100 89 0.014029942969085446
100 88 0.038558923391123184
100 63 0.028391014545056048
100 77 0.028564536660724
100 49 0.023516800355715326
100 61 0.006390261397440871
100 75 0.01350284064177809
100 74 0.01315303728555787
100 60 0.01646878252193315
100 48 0.01540924880865956
100 64 0.038853139189505705
100 70 0.03740360438853761
100 58 0.11140602167166691
100 59 0.008613832319843822
100 71 0.058864046245325645
100 65 0.009185486921772295
100 73 0.009235255191548893
100 67 0.04130189654541203
100 66 0.027363932536444046
100 72 0.006466409738975629
100 57 0.05744728629175611
100 94 0.12111993374122704
100 80 0.0648675336081754
100 81 0.03350648474850662
100 95 0.011488675132317175
100 56 0.027225215483537336
100 68 0.07158955547837867
100 54 0.04787670874751053
100 83 0.026923253509773516
100 82 0.009220487850526746
100 55 0.03454779658696425
100 69 0.04818096448625562
100 51 0.023570527326306604
100 79 0.02379402348082516
100 86 0.021605588683538575
100 92 0.05405400293804336
100 93 0.05062177526116632
100 87 0.032537188305413564
100 78 0.041314283023163034
100 50 0.03890579925714438
100 52 0.04491822002596679
100 46 0.04040570448668993
100 91 0.09626338943691229
100 85 0.09060478754329061
100 84 0.05167084115073764
100 90 0.08806921729819481
100 47 0.031592737354296574
100 53 0.02683882564174721
128 76 0.012821134435499891
128 62 0.019512930477087145
128 89 0.02810077017369873
128 88 0.09120672940111596
128 63 0.041621722059332476
128 77 0.025870838168773
128 49 0.01949642601455097
128 61 0.008555969580879626
128 75 0.012229493137289268
128 74 0.01302149647872741
128 60 0.010917144822377165
128 48 0.03149598794774462
128 64 0.046720134658992094
128 70 0.058935514144715595
128 58 0.07910820563239064
128 59 0.015746527424065987
128 71 0.027163838508016902
128 65 0.0039291789024422236
128 73 0.008364350360228328
128 67 0.06808701966231882
128 66 0.06420492959923574
128 72 0.004711846488734414
128 57 0.05960446029200153
128 94 0.11477337195503577
128 80 0.029934252225920634
128 81 0.08204255797757443
128 95 0.015429261786292132
128 56 0.042365482637020065
128 68 0.09619972458830119
128 54 0.05757079933240505
128 83 0.024384331620751237
128 82 0.020942453680545686
128 55 0.029540431284938357
128 69 0.06190984297910279
128 51 0.008226910122684844
128 79 0.021550194850624618
128 86 0.009970274884337965
128 92 0.12113679246384026
128 93 0.1004741319489405
128 87 0.07397445058865461
128 78 0.06348452903315722
128 50 0.014945897528931221
128 52 0.029976277173900317
128 46 0.06931750201607027
128 91 0.09677323211521256
128 85 0.10029729421225006
128 84 0.012968854872697451
128 90 0.10126672799855212
128 47 0.06104909781670162
128 53 0.017910951858597857
129 76 0.01478110711014049
129 62 0.0615300934665614
129 89 0.04125644057567989
129 88 0.15012969129532794
129 63 0.10343990113637723
129 77 0.05228972139563303
129 49 0.06147804997039568
129 61 0.009863924556934474
129 75 0.02471805454415206
129 74 0.0240777108810545
129 60 0.010730226578439212
129 48 0.0993162500385084
129 64 0.09976581578185782
129 70 0.15082939126006062
129 58 0.25634627787570685
129 59 0.01166556432389855
129 71 0.06975887397416301
129 65 0.0032289334981147593
129 73 0.016905890220430597
129 67 0.1303231208753009
129 66 0.10206254094113534
129 72 0.009996765094686815
129 57 0.1879506523685557
129 94 0.16850573028654067
129 80 0.07687351432024306
129 81 0.11891974050399912
129 95 0.027530493740101882
129 56 0.10050915592329256
129 68 0.23944570249403896
129 54 0.12293624156979123
129 83 0.04928521830447831
129 82 0.06603780677106515
129 55 0.09572432526059546
129 69 0.16817166125738642
129 51 0.017216180251039107
129 79 0.05963061285464173
129 86 0.025604450156741523
129 92 0.17784825287424103
129 93 0.1475121510379188
129 87 0.11720563074662149
129 78 0.13554632705796105
129 50 0.03127678095839785
129 52 0.028458777409757573
129 46 0.12326122015487881
129 91 0.14509508805694363
129 85 0.14725252485934046
129 84 0.052409251478984224
129 90 0.14867580924440907
129 47 0.19250602563883282
129 53 0.02343976533336498
101 76 0.006331916840297301
101 62 0.012900149362830366
101 89 0.0074544740311943075
101 88 0.02067605526133176
101 63 0.01293150504540477
101 77 0.01938136632844088
101 49 0.012810476024066042
101 61 0.0033304980282373776
101 75 0.00631382810509083
101 74 0.007141750955293389
101 60 0.007486772731291835
101 48 0.008105115288940269
101 64 0.018924416280686345
101 70 0.03330806008411633
101 58 0.06676581627804586
101 59 0.01738918419835894
101 71 0.026213706005449325
101 65 0.004295065536520557
101 73 0.004318336810232029
101 67 0.02382757800955492
101 66 0.021512320462986977
101 72 0.003023645218966395
101 57 0.02990839333064536
101 94 0.0539378880150318
101 80 0.028887216624839864
101 81 0.030454095960437497
101 95 0.005372019256174113
101 56 0.017678635949840416
101 68 0.05413967677397312
101 54 0.02331957688329568
101 83 0.0135326791871398
101 82 0.005389289638913173
101 55 0.016827388927399153
101 69 0.04452272355773658
101 51 0.01102140370554274
101 79 0.011309007341110996
101 86 0.0096215361659736
101 92 0.03213474463732156
101 93 0.026653426322143504
101 87 0.02014928462794401
101 78 0.03817740930759288
101 50 0.018192063086396107
101 52 0.03500571071851849
101 46 0.02744451978510624
101 91 0.04501204671242017
101 85 0.04118928960293137
101 84 0.02416090197064279
101 90 0.040036609485625985
101 47 0.015710254173042726
101 53 0.020916059583319112
115 76 0.016809076251110378
115 62 0.08810060578400891
115 89 0.019429851236533017
115 88 0.08246022327573242
115 63 0.036536511565655835
115 77 0.16225532154804448
115 49 0.1072456849142874
115 61 0.004730440334900041
115 75 0.017746125751617554
115 74 0.059788720672739104
115 60 0.005098393107497948
115 48 0.06741409718651939
115 64 0.050664321169571536
115 70 0.10077032434563139
115 58 0.053448468477239
115 59 0.007848393923696342
115 71 0.04927974365334741
115 65 0.00325855758148454
115 73 0.012137446062306788
115 67 0.10313484011557629
115 66 0.11347161367079672
115 72 0.020532584199269854
115 57 0.04499990379083503
115 94 0.149834303169863
115 80 0.05430573722902418
115 81 0.04235654057957315
115 95 0.0335490232015747
115 56 0.13370879201680344
115 68 0.1324974430976169
115 54 0.04026370990434696
115 83 0.11329176569423695
115 82 0.00841919257433549
115 55 0.07895744443585326
115 69 0.04613028951298353
115 51 0.009591900439219238
115 79 0.09467581342954634
115 86 0.018087745231903676
115 92 0.15814161924390038
115 93 0.13887888884384889
115 87 0.06818374471709136
115 78 0.06347905719114759
115 50 0.02230736949422074
115 52 0.29305791719731444
115 46 0.22975776356538746
115 91 0.1462636389247148
115 85 0.13868361343596478
115 84 0.045198177981889937
115 90 0.14002407412862078
115 47 0.13102532640536513
115 53 0.1751033397593547
103 76 0.025090241186904342
103 62 0.07435301954628863
103 89 0.023323855760104
103 88 0.09164294317929514
103 63 0.08043061976634104
103 77 0.033400886986807515
103 49 0.022076940019401498
103 61 0.01674355272164469
103 75 0.014123213369221338
103 74 0.01375733869379324
103 60 0.012372131733156901
103 48 0.046610667364713664
103 64 0.1177049790281541
103 70 0.1111001668137459
103 58 0.4831583611386229
103 59 0.019045483835853534
103 71 0.034262708196432914
103 65 0.007907452957857292
103 73 0.009659558536586456
103 67 0.07455267672566379
103 66 0.0700125248323486
103 72 0.0067635016141564695
103 57 0.15250072499808742
103 94 0.09526278304946781
103 80 0.03775712879431407
103 81 0.10150737281211464
103 95 0.015197434287326268
103 56 0.05531362148476163
103 68 0.1693943807022013
103 54 0.14504174222773947
103 83 0.02816021191390564
103 82 0.02240708569712731
103 55 0.10466201078125277
103 69 0.1393044737914608
103 51 0.016127582615305638
103 79 0.0248872129537111
103 86 0.01257585958992786
103 92 0.10054447110181731
103 93 0.08339430366901901
103 87 0.06712806126602121
103 78 0.11945100140647845
103 50 0.026620384136836886
103 52 0.06032710840857265
103 46 0.1224084513744573
103 91 0.08257354610818377
103 85 0.0832475269850343
103 84 0.0432358395628915
103 90 0.0840521644971351
103 47 0.09570970493766086
103 53 0.03604570134596767
117 76 0.03216614061106757
117 62 0.07903577521224306
117 89 0.03739251248854211
117 88 0.07801720057828992
117 63 0.030605620272275667
117 77 0.12536502567851995
117 49 0.061860945393063506
117 61 0.009311717638493177
117 75 0.059261733662812635
117 74 0.05772650460393286
117 60 0.0021136455668671794
117 48 0.0496439749529166
117 64 0.044789333996894276
117 70 0.10594100675828218
117 58 0.20105374520291494
117 59 0.0164075290173272
117 71 0.027627231808837083
117 65 0.0
117 73 0.0405320071523564
117 67 0.07852151627953675
117 66 0.059946544832466434
117 72 0.010847272189138684
117 57 0.09577283643880494
117 94 0.11884346115689504
117 80 0.03044490656302619
117 81 0.05642661194475629
117 95 0.03037845902677229
117 56 0.11948696660953956
117 68 0.15287108868928628
117 54 0.05519157379549593
117 83 0.11816170546336845
117 82 0.021225784280213583
117 55 0.07034002501929529
117 69 0.09400721819789534
117 51 0.011357093732408568
117 79 0.10442803256705607
117 86 0.014504886501255681
117 92 0.12543254105566595
117 93 0.10745480074741467
117 87 0.07961684257169307
117 78 0.08769645929592017
117 50 0.022865874061925674
117 52 0.1548211839372064
117 46 0.12137999653497848
117 91 0.1149391101004786
117 85 0.11340663518368994
117 84 0.0628445361348656
117 90 0.11450277864998573
117 47 0.06922009258046906
117 53 0.09250630944274872
116 76 0.03295455896139506
116 62 0.05804497068867241
116 89 0.027461580348199455
116 88 0.07792697348874922
116 63 0.04190443022856179
116 77 0.09206981548992435
116 49 0.04543153720541625
116 61 0.0219916736263445
116 75 0.043522640021945655
116 74 0.04239514648520521
116 60 0.007929005291104926
116 48 0.0364592244875566
116 64 0.06067811712031851
116 70 0.0912743720602105
116 58 0.22500328260936944
116 59 0.015487826675421588
116 71 0.035946304076943186
116 65 0.0016741898684824736
116 73 0.029767268819641375
116 67 0.06342529973565836
116 66 0.0833983015797962
116 72 0.010684265734547147
116 57 0.09147034632805313
116 94 0.08728028795653252
116 80 0.039612432996584346
116 81 0.07720352488089637
116 95 0.022310362099198924
116 56 0.08775288729571085
116 68 0.14914181531727813
116 54 0.07477049734765023
116 83 0.08677959710936467
116 82 0.0294303917311255
116 55 0.05395433396843695
116 69 0.1229913535416602
116 51 0.014776925446613843
116 79 0.07669339704903072
116 86 0.013193810315775129
116 92 0.09211939972031812
116 93 0.07891629762587109
116 87 0.06083726677328045
116 78 0.10396072275372073
116 50 0.025537633764312395
116 52 0.07793790750206742
116 46 0.07215196689179641
116 91 0.08441287833070939
116 85 0.08328740747416057
116 84 0.05351341926593297
116 90 0.0840924304552202
116 47 0.05273502134204295
116 53 0.04656822797344555
102 76 0.004102526962631817
102 62 0.038667882440564245
102 89 0.012129757716576784
102 88 0.04765964549910705
102 63 0.04182858703956751
102 77 0.015537721800328653
102 49 0.03130073551471231
102 61 0.0035880873773547137
102 75 0.007344890060639319
102 74 0.0071546140096629945
102 60 0.0005960718172501562
102 48 0.02424025032383445
102 64 0.061213415668966306
102 70 0.05777853025601086
102 58 0.25127036968623706
102 59 0.0022740697272626512
102 71 0.07618595403773651
102 65 0.0
102 73 0.005023530667613866
102 67 0.03877171575342234
102 66 0.036410573452217966
102 72 0.003517413104385797
102 57 0.07930922163363852
102 94 0.04954217217263865
102 80 0.08395608608720506
102 81 0.05278972101873834
102 95 0.007903547239997267
102 56 0.03860496589311606
102 68 0.08809490238667596
102 54 0.07543011799198411
102 83 0.014644943412289885
102 82 0.007523246926062518
102 55 0.05443031572326454
102 69 0.07244640565887744
102 51 0.01482897498691147
102 79 0.012942794127793087
102 86 0.027963459724500633
102 92 0.05228895628365701
102 93 0.04336987455470872
102 87 0.034910485106546936
102 78 0.062121448570328294
102 50 0.03209926774220078
102 52 0.008456433776432777
102 46 0.06365949407787438
102 91 0.042943033021328576
102 85 0.04329354216638112
102 84 0.02248514413589053
102 90 0.04371200033949959
102 47 0.04977459747477456
102 53 0.006842765876331076
106 76 0.008635850127009308
106 62 0.031624825532664526
106 89 0.016531461740011813
106 88 0.05093174575567261
106 63 0.0312829748516229
106 77 0.0336575527048422
106 49 0.016608204869495314
106 61 0.0037654778101588416
106 75 0.015910377821413337
106 74 0.01549820502693909
106 60 0.00084230821309755
106 48 0.018128920791903414
106 64 0.04578059835353244
106 70 0.0520787747734648
106 58 0.20550340751318913
106 59 0.014086543082387878
106 71 0.02823866957137624
106 65 0.0
106 73 0.01088188798733856
106 67 0.04145369819963901
106 66 0.03413153685955501
106 72 0.007619361349555344
106 57 0.06486365787292495
106 94 0.05657492007172787
106 80 0.0311187042738651
106 81 0.04761646281554033
106 95 0.00815589978346462
106 56 0.03207943247676744
106 68 0.08465002242398627
106 54 0.05641305746154092
106 83 0.031723631114836434
106 82 0.011911703857099038
106 55 0.04070761932087451
106 69 0.06961344751417436
106 51 0.011608445588024815
106 79 0.02803646384599985
106 86 0.010364783236048123
106 92 0.05971162330293948
106 93 0.049858669376909144
106 87 0.039762203830668516
106 78 0.05969223952831284
106 50 0.020061834450674464
106 52 0.018318185200051247
106 46 0.04760998382329704
106 91 0.048116807683880464
106 85 0.04917394775994148
106 84 0.04203903024496158
106 90 0.04964924359657152
106 47 0.03722567725226047
106 53 0.008927536691927964
112 76 0.017474956600330115
112 62 0.055814536415289266
112 89 0.03345201366373978
112 88 0.09527679038474013
112 63 0.06330223658601708
112 77 0.06810728117558576
112 49 0.03360730617546405
112 61 0.00633890605544044
112 75 0.03219522778127912
112 74 0.03136118115131883
112 60 0.0015756856920558636
112 48 0.03668453011458718
112 64 0.0926387046554938
112 70 0.0985045473334502
112 58 0.36269219604907404
112 59 0.018418670775262727
112 71 0.06630831449131594
112 65 0.0
112 73 0.022019895842524274
112 67 0.07754643504634622
112 66 0.06384904413991471
112 72 0.015418054615061159
112 57 0.1144776274145094
112 94 0.10583334069414048
112 80 0.07307103560024912
112 81 0.09006429463188405
112 95 0.01650375963646369
112 56 0.06491389753759762
112 68 0.16011152675753362
112 54 0.11415387209524858
112 83 0.06419392055019753
112 82 0.022282937580075452
112 55 0.08237334720645449
112 69 0.13167055418512927
112 51 0.02240094803897818
112 79 0.05673280357231513
112 86 0.02433794923351627
112 92 0.11170109589917389
112 93 0.09326941224190717
112 87 0.07438219726030056
112 78 0.11290505699554779
112 50 0.038713547622581175
112 52 0.03706751352325315
112 46 0.09634053264222868
112 91 0.09001095351555538
112 85 0.09198852000065777
112 84 0.0811231895765512
112 90 0.09287764447745417
112 47 0.0753275108800932
112 53 0.01806519496573562
113 76 0.022637151542572616
113 62 0.05562199215620697
113 89 0.04339213480993056
113 88 0.14083794405928055
113 63 0.06427067170957526
113 77 0.08822653356948613
113 49 0.043535082817730414
113 61 0.012597985626605242
113 75 0.04170586897015193
113 74 0.04062544053832244
113 60 0.016857837594626068
113 48 0.043819967017461436
113 64 0.07918533524550864
113 70 0.11971511301946154
113 58 0.2034651427790706
113 59 0.017047865991525912
113 71 0.040297719591066525
113 65 0.004192053575150534
113 73 0.028524689962862067
113 67 0.10513737231155955
113 66 0.09914279727605897
113 72 0.010962406396772094
113 57 0.12538087957738184
113 94 0.17722865237069388
113 80 0.04440764518653713
113 81 0.12668698095849637
113 95 0.02382527607998208
113 56 0.08408980745336267
113 68 0.1900509515859112
113 54 0.0975759825771604
113 83 0.08315714544202282
113 82 0.029136969161557634
113 55 0.07597755531297685
113 69 0.13347988257398558
113 51 0.014175272105717222
113 79 0.07349197490294436
113 86 0.014790963413227729
113 92 0.1870548030015674
113 93 0.1551483127149225
113 87 0.11422851802965182
113 78 0.10758476002291985
113 50 0.024497850304051806
113 52 0.08682273561803938
113 46 0.10703743611213101
113 91 0.14943352470340107
113 85 0.15487524664368946
113 84 0.051334581211936556
113 90 0.15637220922814887
113 47 0.08493683250108072
113 53 0.05187695019181517
107 76 0.009133291174899921
107 62 0.016732062505948154
107 89 0.007680343514220637
107 88 0.046075124818121135
107 63 0.008975215181118702
107 77 0.021041940323598657
107 49 0.05060964599944043
107 61 0.007072302370634745
107 75 0.019829094112692403
107 74 0.007575193734157777
107 60 0.006569038853389717
107 48 0.018415890851137703
107 64 0.0055794588228867716
107 70 0.021101024562215628
107 58 0.021172348378923324
107 59 0.010112285093443977
107 71 0.09739790463212451
107 65 0.02248876514925754
107 73 0.020140955690273313
107 67 0.08965471330287328
107 66 0.04298862648698713
107 72 0.0031532970626696097
107 57 0.06828133824772836
107 94 0.03143003469502098
107 80 0.10733142308564803
107 81 0.023191405661548706
107 95 0.028127645178438264
107 56 0.432216727534588
107 68 0.3226825627641025
107 54 0.0068752777923341895
107 83 0.026351254210074157
107 82 0.010828590896530037
107 55 0.02090734209224566
107 69 0.026303549063596988
107 51 0.025096812248405997
107 79 0.010347975474900269
107 86 0.03574914061038237
107 92 0.034105546480493985
107 93 0.12393694803358467
107 87 0.03614210981756628
107 78 0.031087116136070132
107 50 0.05173051283669435
107 52 0.03203094887734829
107 46 0.02511230288305701
107 91 0.03497183499833491
107 85 0.027430086163924897
107 84 0.007892589589929782
107 90 0.027677649145644558
107 47 0.015466837601118777
107 53 0.02926268941083236
139 76 0.02169758564253141
139 62 0.02367626717732039
139 89 0.01347805499367587
139 88 0.03738332291431486
139 63 0.022307151624262375
139 77 0.043604698398235275
139 49 0.02882133972915623
139 61 0.014479520799813766
139 75 0.005648352710742969
139 74 0.01606769570130345
139 60 0.00568056115365707
139 48 0.01811694893924992
139 64 0.018741747824382
139 70 0.050128839518668825
139 58 0.05029828058780066
139 59 0.015577664027253238
139 71 0.01996592139383357
139 65 0.0036306411106498343
139 73 0.0038631855384704573
139 67 0.039998772300795515
139 66 0.05491021115133404
139 72 0.00574402606115409
139 57 0.04441100317435564
139 94 0.05504908973873784
139 80 0.0220022264802351
139 81 0.029434482200094293
139 95 0.009193279716190368
139 56 0.035933068286815466
139 68 0.07757422528396672
139 54 0.020614006402773933
139 83 0.03044617105293505
139 82 0.01937724142591017
139 55 0.021219122541391282
139 69 0.045925140577050945
139 51 0.007404845121506315
139 79 0.025443296717886393
139 86 0.0073283355942811304
139 92 0.05810119582107671
139 93 0.04819070322553452
139 87 0.035414159580212004
139 78 0.040594920718859916
139 50 0.012222527474217194
139 52 0.078756751832143
139 46 0.06174538923800565
139 91 0.0474010735985917
139 85 0.04810588602211485
139 84 0.012146614978458451
139 90 0.04857085839844984
139 47 0.035211910376354225
139 53 0.04705749090928601
111 76 0.032297506275831715
111 62 0.06423307551702843
111 89 0.03911021743835247
111 88 0.14075409960945204
111 63 0.07568907250478397
111 77 0.06937583519247277
111 49 0.03423326983911003
111 61 0.021553200508462707
111 75 0.032794890325746895
111 74 0.031945308892687076
111 60 0.0073922475281313575
111 48 0.041290337782989725
111 64 0.09353544559386476
111 70 0.1658491757369351
111 58 0.3339509009318598
111 59 0.04738990930485875
111 71 0.057443276110042685
111 65 0.0015608547935761939
111 73 0.0224300344773415
111 67 0.11864348036818566
111 66 0.09432533025668807
111 72 0.01802592437432428
111 57 0.1543942857750041
111 94 0.15634947942631364
111 80 0.06330186049566357
111 81 0.15163857336923264
111 95 0.020698823837254732
111 56 0.0880263573750596
111 68 0.26957501412426516
111 54 0.11525887945434382
111 83 0.0653895850132046
111 82 0.03291898061502586
111 55 0.08974634595279915
111 69 0.22168979475136955
111 51 0.02361397173602105
111 79 0.05778949860724659
111 86 0.02108410609586793
111 92 0.1650180187135631
111 93 0.13778856412143667
111 87 0.1098861449894423
111 78 0.1900948854255033
111 50 0.04080990758828783
111 52 0.03775792638901871
111 46 0.11556356314310445
111 91 0.1329747850017775
111 85 0.1358962791967897
111 84 0.08551605505549575
111 90 0.13720979862441568
111 47 0.08890954289127402
111 53 0.019215305311113203
105 76 0.009754514963937323
105 62 0.024833480173052112
105 89 0.010462067143621252
105 88 0.03475970456321161
105 63 0.025593641913331584
105 77 0.019819195938052314
105 49 0.03697471953920253
105 61 0.006759919197988937
105 75 0.008882609579841421
105 74 0.007303084783864068
105 60 0.017421453085174936
105 48 0.01822584297698149
105 64 0.021502950745422893
105 70 0.02895162769243893
105 58 0.14420371195303938
105 59 0.025344362496009874
105 71 0.08999642459033676
105 65 0.010074031603175219
105 73 0.00902231059799492
105 67 0.04697822370444892
105 66 0.03195032565108776
105 72 0.004898899064397234
105 57 0.0915568555245712
105 94 0.16689438368201298
105 80 0.09917507322549837
105 81 0.02182334226724118
105 95 0.012600015366332425
105 56 0.223808719525348
105 68 0.16709018088526478
105 54 0.023651047303497503
105 83 0.013838385582916845
105 82 0.01211880932160651
105 55 0.024395313457543876
105 69 0.03603969604237458
105 51 0.025850587912317553
105 79 0.011564480468513043
105 86 0.03303248513675382
105 92 0.05432625821079426
105 93 0.055518598865026476
105 87 0.02933129230143723
105 78 0.03863825756739795
105 50 0.042669295008657085
105 52 0.03579649793126361
105 46 0.030686686208249943
105 91 0.10557528802502585
105 85 0.13261629281084475
105 84 0.02716511670722659
105 90 0.09316376212784418
105 47 0.03532739701766568
105 53 0.021388558273390094
104 76 0.01224548126444576
104 62 0.06970210635391302
104 89 0.023441317534921402
104 88 0.08039829679343694
104 63 0.07056173246861994
104 77 0.04772580869197808
104 49 0.023550137922080046
104 61 0.007982942775508374
104 75 0.022560631629423872
104 74 0.021976177967280876
104 60 0.0013239301990885957
104 48 0.040891509357100904
104 64 0.10326250456029482
104 70 0.128548346842869
104 58 0.45293594906257734
104 59 0.006246260364490212
104 71 0.04202022957524232
104 65 0.0
104 73 0.015430322841521921
104 67 0.07346806777797552
104 66 0.06142194429216857
104 72 0.010804118330077352
104 57 0.1536314959603695
104 94 0.09387687886178393
104 80 0.046305832304413264
104 81 0.09389974865431928
104 95 0.013332699605039132
104 56 0.054508906598236796
104 68 0.16692999351897794
104 54 0.12724502983550579
104 83 0.04498354241256963
104 82 0.01825014198110266
104 55 0.09181991666642778
104 69 0.13727784127653175
104 51 0.01727381480871723
104 79 0.03975520506935866
104 86 0.015423197257063235
104 92 0.09908172773984657
104 93 0.08218106476307757
104 87 0.06212670914894896
104 78 0.11771320163018696
104 50 0.02985278350975661
104 52 0.02597485949464456
104 46 0.10738885791101568
104 91 0.08137224776606192
104 85 0.08203642341898612
104 84 0.0625556985802341
104 90 0.08282935488532706
104 47 0.0839660643431718
104 53 0.015224102055514744
110 76 0.013805533958684788
110 62 0.033921728187315335
110 89 0.03040593049279554
110 88 0.0697445948816567
110 63 0.02724763531398163
110 77 0.05380599246154811
110 49 0.026550383916634234
110 61 0.006214147378982236
110 75 0.025434816269222917
110 74 0.024775904242349794
110 60 0.004541901496532798
110 48 0.021306926135265705
110 64 0.033672228052620275
110 70 0.06600382152557811
110 58 0.13325855545433649
110 59 0.007635527332921857
110 71 0.019725776235156655
110 65 0.0018147697214884533
110 73 0.017396118729984606
110 67 0.05195567054538986
110 66 0.0444996096711367
110 72 0.014014112922231344
110 57 0.05993147799337989
110 94 0.07292259389319528
110 80 0.02173758914819725
110 81 0.0567061103670096
110 95 0.013038270670318384
110 56 0.05128316123136806
110 68 0.1061048934729096
110 54 0.04149254060249755
110 83 0.05071436629949191
110 82 0.018255955533832382
110 55 0.057388406339519596
110 69 0.10271009344190266
110 51 0.008108937268754238
110 79 0.04481994800915239
110 86 0.007240192188354004
110 92 0.07696566696520513
110 93 0.0750571089963765
110 87 0.04946613894921665
110 78 0.07702734987316456
110 50 0.014013948363980058
110 52 0.04665988558063211
110 46 0.042165916875229484
110 91 0.06320912507921692
110 85 0.06372504989477504
110 84 0.029365848899469967
110 90 0.064340990901828
110 47 0.03935874358789664
110 53 0.027879478145806297
138 76 0.02031144913843647
138 62 0.020903615117887478
138 89 0.024238863182364324
138 88 0.07867212968183172
138 63 0.038620942263823226
138 77 0.02268358852520472
138 49 0.018024328533004584
138 61 0.009465794731580057
138 75 0.007383617012833276
138 74 0.01123194380888987
138 60 0.009416794559578685
138 48 0.0209615513254619
138 64 0.04029935638279662
138 70 0.07557067244062991
138 58 0.06293247613984893
138 59 0.027802278157098955
138 71 0.04511604011852197
138 65 0.005370198978526953
138 73 0.005050017930241815
138 67 0.08630161675952706
138 66 0.09048032914887567
138 72 0.012393348777272271
138 57 0.04871054599305138
138 94 0.09899999333116316
138 80 0.049717381582283095
138 81 0.07076739625488598
138 95 0.015989338719758703
138 56 0.040538201827461574
138 68 0.15351616160382375
138 54 0.049658807203213494
138 83 0.015838394524034318
138 82 0.01266761464953277
138 55 0.024028375448264597
138 69 0.07601177574479132
138 51 0.010952746497311046
138 79 0.018169471935483503
138 86 0.016559490351178766
138 92 0.10448888485019804
138 93 0.08666590711298769
138 87 0.07640982590586674
138 78 0.08758787054553561
138 50 0.01950821225800168
138 52 0.04097002886767577
138 46 0.05979115295150785
138 91 0.08347362433330333
138 85 0.08651337230064542
138 84 0.007830010320136594
138 90 0.08734957617567408
138 47 0.04143272497477765
138 53 0.02447976479658452
140 76 0.020107163284472502
140 62 0.017671937801214996
140 89 0.012490120190318242
140 88 0.034894925132763786
140 63 0.01057173934897045
140 77 0.028030887661810923
140 49 0.013831746147550061
140 61 0.013418179045325544
140 75 0.013250577582987587
140 74 0.01290730933052489
140 60 0.004746436169465104
140 48 0.01110010289918834
140 64 0.011866714338719173
140 70 0.04645442023223175
140 58 0.0879824797420128
140 59 0.01739514845821376
140 71 0.024319037835657305
140 65 0.003033609852935252
140 73 0.009062720109106847
140 67 0.04105867647998112
140 66 0.050885319675407215
140 72 0.0058962336634721035
140 57 0.04115569848027634
140 94 0.05101401853064626
140 80 0.02679931307386568
140 81 0.033360077723280514
140 95 0.008519416833683374
140 56 0.026716587979421037
140 68 0.07303652759256188
140 54 0.014622736747568131
140 83 0.02642026732611422
140 82 0.017956899157926972
140 55 0.020118993684497467
140 69 0.05416103300739082
140 51 0.00618717478138191
140 79 0.02334949826546902
140 86 0.008926113003968832
140 92 0.05384240673798782
140 93 0.044658348376327914
140 87 0.03635257877615983
140 78 0.04578061769707449
140 50 0.01051557164064156
140 52 0.023143850673874866
140 46 0.021966848393912296
140 91 0.0439265982127487
140 85 0.046396876553901845
140 84 0.014051671293653834
140 90 0.04501063836200548
140 47 0.014555123380795983
140 53 0.013828548249589546
135 76 0.020808016829613977
135 62 0.0511276052866623
135 89 0.02947384494536152
135 88 0.09792540313290914
135 63 0.07210267559796399
135 77 0.08123885327353148
135 49 0.05369633721622726
135 61 0.006023675008984818
135 75 0.03833593735468597
135 74 0.03734281006345318
135 60 0.008572236680401938
135 48 0.039133792358701354
135 64 0.060578337668646516
135 70 0.08156282824499445
135 58 0.1154616600787119
135 59 0.010613898137579302
135 71 0.054366711049791926
135 65 0.005022497624104095
135 73 0.026219828395392775
135 67 0.10489154036635483
135 66 0.06949426719600527
135 72 0.010280362943886557
135 57 0.09093928035066556
135 94 0.13006588511432468
135 80 0.059911519529094286
135 81 0.055603095887392734
135 95 0.02016411484325849
135 56 0.07729515462216668
135 68 0.16464499119661372
135 54 0.06662997775193136
135 83 0.07643785387954437
135 82 0.0250225147773707
135 55 0.045502394648283165
135 69 0.09236937549024356
135 51 0.016465642193411352
135 79 0.0675536516927096
135 86 0.019954876906068463
135 92 0.13727717381948312
135 93 0.11492113182737165
135 87 0.08263242335112793
135 78 0.08675794912072095
135 50 0.029913272091328002
135 52 0.14672978925248875
135 46 0.1150363332595929
135 91 0.11015109163966565
135 85 0.11281470830598246
135 84 0.0406536233661066
135 90 0.11390513044231836
135 47 0.07294283542728418
135 53 0.08767166704115406
121 76 0.05308135366007228
121 62 0.054822216508663875
121 89 0.02276991192062747
121 88 0.16213194093803326
121 63 0.0777975572037381
121 77 0.08979781644577164
121 49 0.04745368503410418
121 61 0.020967252539841434
121 75 0.008126934995559953
121 74 0.028433693051193323
121 60 0.056940715699527654
121 48 0.04550517933789771
121 64 0.04836299277287422
121 70 0.06543402831954456
121 58 0.039391991190577944
121 59 0.005457348095422929
121 71 0.130951126171329
121 65 0.036392760802414506
121 73 0.0063188827200527636
121 67 0.09712265844969395
121 66 0.10759049476532208
121 72 0.02665844429411833
121 57 0.09566659011884983
121 94 0.17293833632311173
121 80 0.14288799441999114
121 81 0.05142506299027947
121 95 0.039859037464040306
121 56 0.08250456163558094
121 68 0.18069485701177979
121 54 0.05959520819801002
121 83 0.020218207965035418
121 82 0.03315438976233931
121 55 0.13275250138788222
121 69 0.14318758394051462
121 51 0.04712102778864134
121 79 0.033672947327969854
121 86 0.042394186219892445
121 92 0.2956283665335207
121 93 0.2103535617054639
121 87 0.08256801896177857
121 78 0.15902793426305367
121 50 0.06219028243702925
121 52 0.0227639620498639
121 46 0.052016112620510195
121 91 0.15194969954415408
121 85 0.20429087082362402
121 84 0.02339915779230601
121 90 0.20626546519294356
121 47 0.12613499153098912
121 53 0.11068139434808531
109 76 0.013262164414676866
109 62 0.040473855784408846
109 89 0.029965074013707876
109 88 0.06873336595241185
109 63 0.035641723505095244
109 77 0.051688252019474655
109 49 0.030158453053289402
109 61 0.0062646032729291356
109 75 0.024433731880926676
109 74 0.02380075385477057
109 60 0.0033460765430652546
109 48 0.020468310637091033
109 64 0.04646075235174649
109 70 0.07910534146277026
109 58 0.2160162262967133
109 59 0.008922037325714999
109 71 0.07340563984789349
109 65 0.0010068993937992856
109 73 0.016711428001606583
109 67 0.07602835841232353
109 66 0.04441747308137747
109 72 0.013810921887446346
109 57 0.12149597004109909
109 94 0.07362443126154082
109 80 0.08089221033188776
109 81 0.07161081627457876
109 95 0.012525099704966043
109 56 0.04926471645284911
109 68 0.15140562851799783
109 54 0.05725117596509649
109 83 0.048718308619052075
109 82 0.017991261898459728
109 55 0.05655633015078768
109 69 0.10469227459185858
109 51 0.03017583296106002
109 79 0.04305588768485965
109 86 0.026942967104159946
109 92 0.07770641655009979
109 93 0.07396885376897994
109 87 0.05475834971484601
109 78 0.08977168284085724
109 50 0.052150183302792925
109 52 0.07269474119783925
109 46 0.06881414081222921
109 91 0.06261736817931385
109 85 0.06399308973163945
109 84 0.10927929539727095
109 90 0.06461162150523274
109 47 0.041867197467572385
109 53 0.04343541402470683
108 76 0.029165747495652882
108 62 0.06298264844267329
108 89 0.039788140073461466
108 88 0.15459541244921868
108 63 0.08313209643088881
108 77 0.0924113320264963
108 49 0.04560005737844985
108 61 0.01946327367767692
108 75 0.04368407948181282
108 74 0.04255240370917209
108 60 0.011819853261362116
108 48 0.07143491861937445
108 64 0.1151564982824671
108 70 0.15749331101195727
108 58 0.38685837312837046
108 59 0.0383036772118546
108 71 0.051302558523254445
108 65 0.0036730342042740234
108 73 0.02987768518679053
108 67 0.12582626956204154
108 66 0.10360098480898682
108 72 0.013986476345026188
108 57 0.16266657452594516
108 94 0.17172439257682864
108 80 0.05653485703859267
108 81 0.14399867163000588
108 95 0.022734280686764658
108 56 0.08807839095816469
108 68 0.2559932019672409
108 54 0.14190138155276857
108 83 0.08710149052570526
108 82 0.04749882673443581
108 55 0.10239592890873395
108 69 0.2105205506015597
108 51 0.021089625261500364
108 79 0.07697787750767777
108 86 0.01883020363987674
108 92 0.1812453685921844
108 93 0.15133825558363107
108 87 0.12069200083147481
108 78 0.180517465818395
108 50 0.03644730618020432
108 52 0.05214771896050667
108 46 0.12692771832423297
108 91 0.14605110465511079
108 85 0.14925988934627857
108 84 0.07637434206847782
108 90 0.1507025761187231
108 47 0.13846326527549357
108 53 0.031158481702676277
120 76 0.012577862452980317
120 62 0.01299036763510718
120 89 0.015460079417602541
120 88 0.05017881258218338
120 63 0.022898843147613382
120 77 0.021277991346375015
120 49 0.015424570779081057
120 61 0.00496828359261305
120 75 0.006043418395569595
120 74 0.00716398050490372
120 60 0.013492355425397427
120 48 0.012358647919172013
120 64 0.025703814798113463
120 70 0.032424297396921216
120 58 0.031041111094855692
120 59 0.006073943199248138
120 71 0.036457054858013094
120 65 0.008623426271084285
120 73 0.006138466105974956
120 67 0.03745914168119626
120 66 0.03532334894987375
120 72 0.0063168367500408195
120 57 0.024652844068160453
120 94 0.0645551363909153
120 80 0.0401752747577228
120 81 0.045136999951116
120 95 0.009444775917762563
120 56 0.023308034693882613
120 68 0.05292578718994129
120 54 0.03167347814000109
120 83 0.008031211790838067
120 82 0.008217567648007877
120 55 0.031456294680025074
120 69 0.03406067105178744
120 51 0.01758784027614303
120 79 0.01158888834781878
120 86 0.013381277403063014
120 92 0.0700504541626795
120 93 0.055277419435256735
120 87 0.0406982041383524
120 78 0.037682375173616875
120 50 0.029030703203090424
120 52 0.01047708958477348
120 46 0.03813611084586211
120 91 0.07182975138477155
120 85 0.06082560683465796
120 84 0.006140074718662512
120 90 0.05571347858229544
120 47 0.029888246334945825
120 53 0.026226447862075765
134 76 0.007914250101823693
134 62 0.03577866691124086
134 89 0.025872406997017143
134 88 0.08595980232298554
134 63 0.06329237912809205
134 77 0.06589374786452919
134 49 0.04355370322450892
134 61 0.005410257224617344
134 75 0.014580928043129554
134 74 0.024280885505414206
134 60 0.013943146309417478
134 48 0.03435199598552621
134 64 0.05317621132469905
134 70 0.07159658646824771
134 58 0.060532881850196965
134 59 0.007292823507773991
134 71 0.08409874937174863
134 65 0.007776809724880507
134 73 0.009972612058478745
134 67 0.09207474043285525
134 66 0.061002694700593024
134 72 0.008338518042585641
134 57 0.07982732071807756
134 94 0.17304340427387999
134 80 0.0926758997935964
134 81 0.048808899204010846
134 95 0.017700241923864785
134 56 0.05430067466734626
134 68 0.14452685864894188
134 54 0.0584883955858451
134 83 0.046009086004448155
134 82 0.01923600795581686
134 55 0.032982805291756435
134 69 0.08108267113347835
134 51 0.01995577454879393
134 79 0.03844893418271323
134 86 0.03086778948482982
134 92 0.12050314165125191
134 93 0.10087880630123029
134 87 0.07253548670197031
134 78 0.07615691044174575
134 50 0.036364367286370464
134 52 0.11901418284013529
134 46 0.09330726411837811
134 91 0.09669162199062407
134 85 0.09902976873064864
134 84 0.03062265641040144
134 90 0.09998695111937798
134 47 0.05826190732510134
134 53 0.07111147548355382
122 76 0.01130945093349574
122 62 0.0257972615711601
122 89 0.01964457380449035
122 88 0.06227082993944047
122 63 0.04585014007290383
122 77 0.03588033520560231
122 49 0.07977199475039477
122 61 0.012059561800446658
122 75 0.011921898998715244
122 74 0.007265459366940272
122 60 0.02386621320525393
122 48 0.03275064400949382
122 64 0.03852180580618481
122 70 0.05186585752555335
122 58 0.0685286085915694
122 59 0.005715477055176945
122 71 0.19929736969767628
122 65 0.013520980090747666
122 73 0.01210940036455524
122 67 0.137324114013718
122 66 0.06598569612775658
122 72 0.005679816864475385
122 57 0.13451911224161278
122 94 0.17355064933744263
122 80 0.21962351641621244
122 81 0.0395080638155293
122 95 0.022530235527059937
122 56 0.03553797237897785
122 68 0.17219879935799093
122 54 0.042370047819234945
122 83 0.017038141696230812
122 82 0.021776705220830517
122 55 0.03547183309681119
122 69 0.05873774821185565
122 51 0.043450957807704235
122 79 0.019663861381325747
122 86 0.07315054383882155
122 92 0.08729464747648562
122 93 0.07451494093820668
122 87 0.0641917085490195
122 78 0.06466228504299712
122 50 0.08758514876235242
122 52 0.0356120747458651
122 46 0.054974155916771406
122 91 0.14169911547740227
122 85 0.4642421351526934
122 84 0.03466757192191545
122 90 0.12762805714747094
122 47 0.06348101456645162
122 53 0.046183483226624945
136 76 0.0130980377699748
136 62 0.032183331579201224
136 89 0.015226214012154814
136 88 0.04903981630997971
136 63 0.035696906182534814
136 77 0.05104858121543284
136 49 0.0251897487187476
136 61 0.0037917271707243296
136 75 0.024131350888972725
136 74 0.023506206317172547
136 60 0.0021400056427730236
136 48 0.034273842309184274
136 64 0.031924133131321
136 70 0.04313912957999351
136 58 0.07267973671294921
136 59 0.0066811383242839275
136 71 0.024073650035413986
136 65 0.0012879384895727924
136 73 0.016504614805787018
136 67 0.044974252374500014
136 66 0.03522158189153145
136 72 0.0039930680619203
136 57 0.06486140000946956
136 94 0.05815099569099246
136 80 0.026528898408299185
136 81 0.041038968264537116
136 95 0.01237009464509362
136 56 0.0486550382464278
136 68 0.07351768036597146
136 54 0.03933845387602135
136 83 0.0481153925128126
136 82 0.022789517071358217
136 55 0.028642426071056225
136 69 0.0437010012331171
136 51 0.00507170586572769
136 79 0.04252304718014048
136 86 0.008836045327378608
136 92 0.061375081838190716
136 93 0.050906152834021494
136 87 0.036771666189368515
136 78 0.0359229462614763
136 50 0.010142900325643214
136 52 0.056992349238489566
136 46 0.04468207112983902
136 91 0.050072029159102346
136 85 0.050816556351064475
136 84 0.025590266419708234
136 90 0.05130772898954058
136 47 0.06643345035434679
136 53 0.03405316869727104
137 76 0.032168945365452034
137 62 0.021877016624838725
137 89 0.02358322809342024
137 88 0.07654413348195643
137 63 0.03493052179348791
137 77 0.03228936945775764
137 49 0.021342261750856125
137 61 0.021467407535615223
137 75 0.007490210098399067
137 74 0.011898161938787961
137 60 0.009162080429951945
137 48 0.03194360709432695
137 64 0.039209302286297244
137 70 0.07432125980637139
137 58 0.09169047118456995
137 59 0.07042121923977081
137 71 0.022436912999728883
137 65 0.003949409781824746
137 73 0.005122922171132349
137 67 0.08889395128585782
137 66 0.08711874107487923
137 72 0.008536546715900937
137 57 0.06584396800076811
137 94 0.09632215035871028
137 80 0.02472523213929071
137 81 0.06885321456291327
137 95 0.01503686209913252
137 56 0.05374661614305277
137 68 0.14860253909921875
137 54 0.04831559006334265
137 83 0.02254545271071276
137 82 0.028728791812735247
137 55 0.0342388762563765
137 69 0.08481736896107785
137 51 0.008054987222501834
137 79 0.027476988117705756
137 86 0.008235293774745838
137 92 0.10166257328611975
137 93 0.08432168786099796
137 87 0.0729000157021772
137 78 0.10735930752351107
137 50 0.013295659938322877
137 52 0.05831953781622565
137 46 0.05817386679462434
137 91 0.08271109506365604
137 85 0.08417327895070417
137 84 0.008994593543994121
137 90 0.08498686441339828
137 47 0.061916724039751715
137 53 0.034846169462016074
123 76 0.009293024071587982
123 62 0.030956320323320293
123 89 0.023379553371348248
123 88 0.07767741851125355
123 63 0.05719404290429713
123 77 0.03511934247591471
123 49 0.09092145178413669
123 61 0.011803788302212424
123 75 0.014202002927155101
123 74 0.014886107548060119
123 60 0.02253504159904702
123 48 0.0310421184874119
123 64 0.04805258632856342
123 70 0.06469812471385952
123 58 0.05228441161295687
123 59 0.004360665728649348
123 71 0.22758217366134423
123 65 0.016106913743145924
123 73 0.01442536457002694
123 67 0.131813115050001
123 66 0.0551249737495629
123 72 0.004782832056604573
123 57 0.15875944135989178
123 94 0.4682779990975448
123 80 0.25079306028459014
123 81 0.04410607270009669
123 95 0.020806604676442686
123 56 0.0443305148848645
123 68 0.17924963501461758
123 54 0.05285293194256906
123 83 0.03170514745615874
123 82 0.017382583487750077
123 55 0.032303527513595685
123 69 0.07327020781155728
123 51 0.048857543351805845
123 79 0.019165273985283924
123 86 0.08353226034343687
123 92 0.10889244406117267
123 93 0.09115894923226237
123 87 0.06554656019677457
123 78 0.06881905315091327
123 50 0.09840671606505236
123 52 0.02717049729553768
123 46 0.06857545532318833
123 91 0.16879955559112028
123 85 0.1279218100148254
123 84 0.02644988184117607
123 90 0.12050942276802673
123 47 0.052648266239039704
123 53 0.05077976842093013
127 76 0.02451035589429923
127 62 0.03912471346604295
127 89 0.033433879994367706
127 88 0.10851641526643277
127 63 0.06741552741011864
127 77 0.040146501979242244
127 49 0.055147629575466296
127 61 0.0163565759725209
127 75 0.017014707597202434
127 74 0.016573926136433947
127 60 0.01899349673370485
127 48 0.06315153458023295
127 64 0.05882205966870371
127 70 0.07626070790849389
127 58 0.11113008285806349
127 59 0.04209262513941914
127 71 0.13741416216437333
127 65 0.011128343252182397
127 73 0.011637193301650207
127 67 0.0980729002913345
127 66 0.07639007393743359
127 72 0.00699506008753088
127 57 0.11951087679838915
127 94 0.13655565739921183
127 80 0.1514289001691688
127 81 0.09761301988870486
127 95 0.018853314743771568
127 56 0.06391005936549922
127 68 0.15394198377386542
127 54 0.07248337399331369
127 83 0.03392554931121722
127 82 0.041991001837953575
127 55 0.048548496640026355
127 69 0.08636475849994525
127 51 0.06629219900619068
127 79 0.03791690391320929
127 86 0.05043679557200465
127 92 0.14412676083623424
127 93 0.11954263350629678
127 87 0.08801370525941078
127 78 0.08111811175504836
127 50 0.10942271045293844
127 52 0.07251072039144708
127 46 0.08247293684796504
127 91 0.27074115403603816
127 85 0.1193322345873192
127 84 0.054532235848076066
127 90 0.12048565254253399
127 47 0.12240747038193898
127 53 0.04332546081787099
133 76 0.010716100073151005
133 62 0.046199026305144365
133 89 0.030976832246293964
133 88 0.1066968508227614
133 63 0.07766643026794817
133 77 0.04870079930255399
133 49 0.04615995016023848
133 61 0.0035836771354703337
133 75 0.01974295505692764
133 74 0.019231495866685072
133 60 0.009235741028766169
133 48 0.0745702434297596
133 64 0.06945793697162282
133 70 0.08344880371720424
133 58 0.11560135351698766
133 59 0.005466142955375577
133 71 0.06219861460801934
133 65 0.005151247720930457
133 73 0.013503175592687553
133 67 0.09785132689191421
133 66 0.07663225826679201
133 72 0.006162838005626472
133 57 0.1411201680940532
133 94 0.12798121367196447
133 80 0.06854219138542544
133 81 0.0892892552281089
133 95 0.020670893425243777
133 56 0.07546592044316533
133 68 0.1599538000970697
133 54 0.08558941408501508
133 83 0.03936538970808239
133 82 0.049583580980719376
133 55 0.057326765480198036
133 69 0.09508109043276178
133 51 0.013352853875785501
133 79 0.04477282735415661
133 86 0.022829515971534375
133 92 0.13353492006844175
133 93 0.11075747430536267
133 87 0.08000480583188904
133 78 0.07815822991969108
133 50 0.026894731291559913
133 52 0.08796108918513869
133 46 0.07362031397966098
133 91 0.10894265573532513
133 85 0.11056253755201348
133 84 0.02093656016787595
133 90 0.1116311911008858
133 47 0.14454050760089396
133 53 0.05255712124241284
132 76 0.016920012725604887
132 62 0.055044505592384996
132 89 0.04102110092699043
132 88 0.13629059434485055
132 63 0.1003510447413006
132 77 0.10137573828086739
132 49 0.06700618742050868
132 61 0.01052136697314305
132 75 0.031172819264838697
132 74 0.03735548172620496
132 60 0.015719363140184205
132 48 0.05446562024663202
132 64 0.08431170443155679
132 70 0.11351749374847855
132 58 0.09741496982064106
132 59 0.019363672581480404
132 71 0.07566648820933755
132 65 0.004831753168934934
132 73 0.021320620496703642
132 67 0.14598592317127884
132 66 0.09672071471432536
132 72 0.012828583137710596
132 57 0.1265674500360568
132 94 0.18102306673336582
132 80 0.08338364043945709
132 81 0.11813132305029653
132 95 0.028064006973712013
132 56 0.08354011058634374
132 68 0.229149566794564
132 54 0.09273425463124889
132 83 0.07078372702244808
132 82 0.03049898773929029
132 55 0.052294747252716094
132 69 0.12855782751020647
132 51 0.022916547586369015
132 79 0.05915263913806342
132 86 0.02777279384711999
132 92 0.19105959241694564
132 93 0.1599449055959184
132 87 0.11500613457158983
132 78 0.12074795784863764
132 50 0.04163268673597349
132 52 0.1831000822129221
132 46 0.14355068718227101
132 91 0.15330606019490522
132 85 0.15701322796695363
132 84 0.033057442731279876
132 90 0.15853085542921994
132 47 0.09237515399543177
132 53 0.10940307026105106
126 76 0.007590788943020912
126 62 0.0290543599984844
126 89 0.01574670661566546
126 88 0.05231765981714448
126 63 0.03852160045458615
126 77 0.041620771485530346
126 49 0.09253458601837992
126 61 0.031342480030448754
126 75 0.007263943713189067
126 74 0.006991107780956903
126 60 0.08077486275071728
126 48 0.028401037123297435
126 64 0.032364603678320385
126 70 0.04357578488652411
126 58 0.045995708141483065
126 59 0.006372223963219985
126 71 0.23118263066168632
126 65 0.008238254521106513
126 73 0.007378187204746458
126 67 0.12343776589264954
126 66 0.0625989925895457
126 72 0.004273233314708658
126 57 0.14170549384648587
126 94 0.15705251034493015
126 80 0.2547607244254667
126 81 0.04404780713058897
126 95 0.022472666407178606
126 56 0.03217908639126126
126 68 0.17202868759842285
126 54 0.035597755006616445
126 83 0.019569910559732957
126 82 0.017416568474699055
126 55 0.038283681926618775
126 69 0.049833974162153426
126 51 0.05040260564398275
126 79 0.015726758697052746
126 86 0.08485377998036359
126 92 0.16576002802315679
126 93 0.14788187461696092
126 87 0.06617481352604107
126 78 0.059240017311220784
126 50 0.10159775379118746
126 52 0.0265801378133882
126 46 0.04618726281286736
126 91 0.13606631032601899
126 85 0.12894168934750122
126 84 0.024973831915011527
126 90 0.43195536344903707
126 47 0.050770831759360466
126 53 0.05357230334573501
118 76 0.016187217704747747
118 62 0.03977378931757467
118 89 0.018817325569088262
118 88 0.046359412468234815
118 63 0.03374579519416429
118 77 0.06308841920939869
118 49 0.031130765813866066
118 61 0.004686008260735076
118 75 0.029822744231574393
118 74 0.029050158943733202
118 60 0.006780736287822421
118 48 0.032400512727030005
118 64 0.03017923326161748
118 70 0.05331351873983958
118 58 0.1311354261483314
118 59 0.008256888739367679
118 71 0.05746817318598608
118 65 0.0037819653279669682
118 73 0.02039723794404598
118 67 0.042516062929371885
118 66 0.033296451038315314
118 72 0.0048620517277210545
118 57 0.061316224704011595
118 94 0.059806521453508774
118 80 0.06332929680039487
118 81 0.038795872419679175
118 95 0.015287588764439025
118 56 0.060130357719167735
118 68 0.07693050973369941
118 54 0.037188304245951584
118 83 0.05946343622093447
118 82 0.0215438943568794
118 55 0.03539775915650164
118 69 0.05306926444441987
118 51 0.027724155308027923
118 79 0.05255213294254518
118 86 0.02109324437324715
118 92 0.06312239549898514
118 93 0.05407531709042551
118 87 0.040066204374832236
118 78 0.04550590953224475
118 50 0.04576182815325434
118 52 0.06770758099907054
118 46 0.05308282586439992
118 91 0.11322704504143664
118 85 0.057070505133887985
118 84 0.048502948056435735
118 90 0.05762212595589178
118 47 0.06280235038397593
118 53 0.04045556480216779
130 76 0.012309029704081556
130 62 0.03024465124789879
130 89 0.03187930169954453
130 88 0.10347071719508619
130 63 0.04721832983872983
130 77 0.04797348378185288
130 49 0.030051115722695657
130 61 0.0038411178206788476
130 75 0.0226777109753709
130 74 0.02209022426638666
130 60 0.01238510372985884
130 48 0.0251703771898539
130 64 0.053002293496972684
130 70 0.06686019723387052
130 58 0.08861358303110067
130 59 0.012524713652781197
130 71 0.021674185358795953
130 65 0.001763965960857769
130 73 0.0155103991503643
130 67 0.0772422473911214
130 66 0.07283815741135055
130 72 0.0057533975781999
130 57 0.05460615430824367
130 94 0.13020621602226468
130 80 0.023884714641123815
130 81 0.09307429802822421
130 95 0.01750393631370417
130 56 0.04806209916255151
130 68 0.10913508863304884
130 54 0.06531197791580337
130 83 0.045216986396344236
130 82 0.01213738695988583
130 55 0.03308991070542758
130 69 0.07023446511617332
130 51 0.006564299624907603
130 79 0.03996151637677081
130 86 0.007955340547968275
130 92 0.13742528514340635
130 93 0.11398424831779348
130 87 0.08392132364332873
130 78 0.07202088917106458
130 50 0.011925418909408578
130 52 0.08211721889031841
130 46 0.07863818486716691
130 91 0.10978571206309559
130 85 0.11378363233734269
130 84 0.024048743409308054
130 90 0.11488341970830168
130 47 0.05449291618041764
130 53 0.04906538412938837
124 76 0.017578123739955483
124 62 0.02312939387831396
124 89 0.01574670661566546
124 88 0.05231765981714448
124 63 0.03852160045458615
124 77 0.035010647544458484
124 49 0.06503682449907285
124 61 0.01176725538701581
124 75 0.007263943713189067
124 74 0.01210162099182215
124 60 0.0143515695121433
124 48 0.026193302806717583
124 64 0.032364603678320385
124 70 0.04357578488652411
124 58 0.045995708141483065
124 59 0.006372223963219985
124 71 0.16205557368774573
124 65 0.008238254521106513
124 73 0.007378187204746458
124 67 0.10674195380436756
124 66 0.05265715141663546
124 72 0.0038122355635807044
124 57 0.109584572973869
124 94 0.10334824056188624
124 80 0.1785834655125624
124 81 0.04404780713058897
124 95 0.017065001091934612
124 56 0.032162454301267566
124 68 0.1340997827678626
124 54 0.035597755006616445
124 83 0.01431481966831994
124 82 0.017416568474699055
124 55 0.03220354757486849
124 69 0.0493492945631449
124 51 0.07817986277222105
124 79 0.015726758697052746
124 86 0.0594812333216109
124 92 0.07334175046283896
124 93 0.06139780371989193
124 87 0.07086235539387195
124 78 0.047456791858037514
124 50 0.12904463293752455
124 52 0.0265801378133882
124 46 0.04618726281286736
124 91 0.3192910566649569
124 85 0.08471837149371686
124 84 0.02326852321776841
124 90 0.07674711183123525
124 47 0.050770831759360466
124 53 0.04506406209299625
125 76 0.008114476557024523
125 62 0.023417535624156154
125 89 0.016833070006595268
125 88 0.06448492984246423
125 63 0.04117920102563222
125 77 0.02944947085597304
125 49 0.07083126707759506
125 61 0.00989811582703971
125 75 0.027752019071985063
125 74 0.010601942771039865
125 60 0.015341682562504335
125 48 0.028000375609385293
125 64 0.034597433784083656
125 70 0.04658207303217721
125 58 0.04916894650074024
125 59 0.006811842926182129
125 71 0.13631427091729553
125 65 0.03147438989298571
125 73 0.028188488252052397
125 67 0.12547720532941972
125 66 0.06016518835228425
125 72 0.004075241235494008
125 57 0.09556387147805635
125 94 0.11047822321817995
125 80 0.1502168320735131
125 81 0.04708666003395127
125 95 0.03936634427199546
125 56 0.19240321703046742
125 68 0.16010447064476277
125 54 0.03805363983271741
125 83 0.03688017744293254
125 82 0.01861813543395846
125 55 0.029261092473060794
125 69 0.052753896445311005
125 51 0.03512450988459312
125 79 0.016811745883482453
125 86 0.05003308907547961
125 92 0.0784015889849
125 93 0.1734572707156639
125 87 0.050583073299191074
125 78 0.0495491047701789
125 50 0.07239998815319455
125 52 0.028413898316527787
125 46 0.049373716505808816
125 91 0.0922927878896513
125 85 0.09056308172908788
125 84 0.024873815829217445
125 90 0.08204188582353818
125 47 0.05427350532130733
125 53 0.04095490747139976
131 76 0.013233352317393332
131 62 0.05459816316027084
131 89 0.03449139433302552
131 88 0.1340150940209263
131 63 0.07206524141201048
131 77 0.03225646496396107
131 49 0.022591818476210165
131 61 0.008831056288371698
131 75 0.015248064803177693
131 74 0.015398039111431295
131 60 0.012909623961788446
131 48 0.03896812584781705
131 64 0.08905716828378085
131 70 0.1346396897005086
131 58 0.22883062127828716
131 59 0.013055146489945942
131 71 0.02677056648019751
131 65 0.0028908263955865383
131 73 0.010428899619752694
131 67 0.10907580683352054
131 66 0.0898092349564225
131 72 0.00730218458171893
131 57 0.14101179287139146
131 94 0.14886380036942978
131 80 0.02950087076288953
131 81 0.10615338963615491
131 95 0.019707808371970177
131 56 0.07023578069710196
131 68 0.2137441172081062
131 54 0.10974053053999448
131 83 0.030403048152640312
131 82 0.031342890149819023
131 55 0.08544948263866614
131 69 0.15012047783891888
131 51 0.009320761987405174
131 79 0.03430256421877528
131 86 0.009825927456395366
131 92 0.15711730851468608
131 93 0.1311915420366395
131 87 0.10462503112320237
131 78 0.12099707664841632
131 50 0.016108236242961007
131 52 0.022054534916154445
131 46 0.11003062662464988
131 91 0.12660823637728677
131 85 0.12938985567159159
131 84 0.033754372376852
131 90 0.13064048659516708
131 47 0.08465274392001812
131 53 0.013177677496621928
119 76 0.03860912717099448
119 62 0.09486690781851771
119 89 0.044882358980187484
119 88 0.09364430924659221
119 63 0.02592291676777639
119 77 0.150476063564541
119 49 0.07425190160292175
119 61 0.011176886118606177
119 75 0.07113205898794955
119 74 0.06928931836551688
119 60 0.0014816929140975973
119 48 0.05958783073811875
119 64 0.037936502085448395
119 70 0.12716134807749785
119 58 0.21423828872575096
119 59 0.01969401247266211
119 71 0.023400225982457997
119 65 0.0
119 73 0.04865070502435537
119 67 0.09424964108540998
119 66 0.06375647982461727
119 72 0.010306021407139937
119 57 0.11495645891445198
119 94 0.14264820765189762
119 80 0.025786792485005733
119 81 0.06772905281816297
119 95 0.036463366930005146
119 56 0.14342060941923407
119 68 0.1834916838590895
119 54 0.04674718437512811
119 83 0.1418298939912945
119 82 0.02547738053152977
119 55 0.08442936950435632
119 69 0.11283718137901615
119 51 0.010694478824935072
119 79 0.12534532004784416
119 86 0.017410264237144212
119 92 0.15055710249966678
119 93 0.12897836011334632
119 87 0.09556436493179665
119 78 0.10526235616333546
119 50 0.02744598583359647
119 52 0.0818968754122573
119 46 0.11792294682620237
119 91 0.13796180189747143
119 85 0.13612236708108894
119 84 0.07543250889098985
119 90 0.13743807178435408
119 47 0.0340711590837841
119 53 0.03991319839888586
