114 76 0.027470739115852114
114 62 0.10106204303735528
114 89 0.08307401010415749
114 88 0.2588182039143532
114 63 0.12485943251847728
114 77 0.019643138497130973
114 49 0.04058497622584764
114 61 0.005799047123973923
114 75 0.00034115550680795096
114 74 0.031137780218310936
114 60 0.007244737274226065
114 48 0.08188185206584389
114 64 0.1198104321844884
114 70 0.253550932623486
114 58 0.34188467252613897
114 59 0.02442272315613218
114 71 0.0681489503462179
114 65 0.00021996751595620696
114 73 0.0018872530467796754
114 67 0.2506279487444472
114 66 0.20033199433198878
114 72 0.020326254224528904
114 57 0.25906700233533164
114 94 0.32584804268681594
114 80 0.07434582025263234
114 81 0.21203445843737048
114 95 0.04743911264303998
114 56 0.15892477797913476
114 68 0.44890245002090073
114 54 0.14242825296642483
114 83 0.03161087034429795
114 82 0.05740516732091876
114 55 0.13715075824855066
114 69 0.30484978142497554
114 51 0.016637411907131406
114 79 0.07075431030286689
114 86 0.02201972896277643
114 92 0.34282762869957445
114 93 0.2913507250053171
114 87 0.2165297987238028
114 78 0.2658477926670618
114 50 0.03392753701858501
114 52 0.0006732283996379551
114 46 0.17356108178916385
114 91 0.2811985338102022
114 85 0.28425521846035934
114 84 0.014373938463850594
114 90 0.28734369704814483
114 47 0.1635055473608821
114 53 0.016926269004863874
100 76 0.02233985803604441
100 62 0.0672076973627126
100 89 0.05123166920469696
100 88 0.1599649364834353
100 63 0.07504059860233649
100 77 0.021779315017943987
100 49 0.047874891483063085
100 61 0.007253884986521542
100 75 0.0022145890949238026
100 74 0.019971571800443698
100 60 0.006475139747170184
100 48 0.05339128361814456
100 64 0.06586966915545621
100 70 0.15581344251194593
100 58 0.186167382410975
100 59 0.02785043809941366
100 71 0.09040241502758159
100 65 0.0016135225877016183
100 73 0.002976984074861723
100 67 0.18407568092709828
100 66 0.13645549068805934
100 72 0.013730094613316049
100 57 0.18728576265714297
100 94 0.22156781556715996
100 80 0.09925695526014565
100 81 0.1150373798970542
100 95 0.03444481571778399
100 56 0.10676255123246946
100 68 0.31283032730003785
100 54 0.07626502059574256
100 83 0.025777545575426764
100 82 0.04058420100241197
100 55 0.08091671201902988
100 69 0.19052657462735456
100 51 0.02450951691493795
100 79 0.04640240849869166
100 86 0.03173327979076683
100 92 0.22096639398915663
100 93 0.193975966701076
100 87 0.14243415555761818
100 78 0.17626919920154457
100 50 0.04762643322422355
100 52 0.0025719543980480953
100 46 0.10112972964963789
100 91 0.19942944090754994
100 85 0.18970146932152246
100 84 0.014134916290364978
100 90 0.1985615879412061
100 47 0.09956159663278207
100 53 0.025138944358410294
128 76 0.03637542940964674
128 62 0.0839371127932184
128 89 0.08006896462981244
128 88 0.2541216804659972
128 63 0.1215085236907001
128 77 0.02700692594464457
128 49 0.05192096019797821
128 61 0.009876351654711183
128 75 0.0007678982515465448
128 74 0.03041775425015796
128 60 0.007634750464301901
128 48 0.08280360537482322
128 64 0.11197038600612562
128 70 0.22973496301584978
128 58 0.18690666642944542
128 59 0.05486089339656913
128 71 0.08033065934097515
128 65 0.0005971536484045894
128 73 0.0024583498126543937
128 67 0.2657558992739472
128 66 0.21962441846515426
128 72 0.020047577031434758
128 57 0.2339426325288624
128 94 0.33324858819164793
128 80 0.08825767677253521
128 81 0.1773809443149022
128 95 0.051242073647897894
128 56 0.16298287256722102
128 68 0.4426645407818391
128 54 0.13185730278206254
128 83 0.0310814305847131
128 82 0.06127365116522384
128 55 0.10447211449124147
128 69 0.26743327061401617
128 51 0.021786745017549673
128 79 0.07871247125512028
128 86 0.028433754709945868
128 92 0.3487753875495265
128 93 0.2941478327139937
128 87 0.22391048683230108
128 78 0.26201529231111303
128 50 0.04347825958929532
128 52 0.001650161568496067
128 46 0.16399713925104162
128 91 0.29041492729224677
128 85 0.2907802614446122
128 84 0.014338230977599562
128 90 0.29486564872754956
128 47 0.16873450628265746
128 53 0.021817424893044446
129 76 0.04719232260662876
129 62 0.1966114824070242
129 89 0.15288102716468147
129 88 0.4981745662999638
129 63 0.28547787234614275
129 77 0.0420877383047252
129 49 0.12351020905488337
129 61 0.008822729738476162
129 75 0.0006907578786899346
129 74 0.05612984252012677
129 60 0.00927189308384168
129 48 0.20498956306113447
129 64 0.26340987721910164
129 70 0.4528201113175202
129 58 0.5382904973374493
129 59 0.04534897864969251
129 71 0.18043265693559693
129 65 0.0004907308795882385
129 73 0.004493818732368394
129 67 0.49368482788217044
129 66 0.38460564631790956
129 72 0.0347114818692984
129 57 0.5297433909575717
129 94 0.6280444821130071
129 80 0.19821792061126764
129 81 0.3758102682746317
129 95 0.09576061479788575
129 56 0.3160335840128827
129 68 0.8425992104334271
129 54 0.31192880208430096
129 83 0.06013097258726281
129 82 0.14092872128621098
129 55 0.24485778788367238
129 69 0.529306883825155
129 51 0.044902434196986564
129 79 0.15435046001373462
129 86 0.0637840114653587
129 92 0.6604414256510718
129 93 0.5560360233165847
129 87 0.4127930114251241
129 78 0.4722278734620303
129 50 0.08990314280452825
129 52 0.001420943291853468
129 46 0.3517137447838067
129 91 0.5418967028481633
129 85 0.5477193309805287
129 84 0.02607692572419654
129 90 0.5537740703028664
129 47 0.39827660090490935
129 53 0.03956591373122789
101 76 0.026855918908668223
101 62 0.042957341467157815
101 89 0.03983498061077668
101 88 0.11924089011258471
101 63 0.03535140876170772
101 77 0.017952468557713427
101 49 0.025037108630106508
101 61 0.007982492962207332
101 75 0.0010303017060442011
101 74 0.015521198543703225
101 60 0.003196121193129084
101 48 0.026875473617942916
101 64 0.031306639631792026
101 70 0.12567748652757876
101 58 0.1131633408408769
101 59 0.054154226903559956
101 71 0.045735257297106154
101 65 0.0007656051390545146
101 73 0.0013187356009070814
101 67 0.1477779712940434
101 66 0.12248631438397115
101 72 0.012039244306235715
101 57 0.12924607079493178
101 94 0.16794547238497856
101 80 0.05022649694341076
101 81 0.08046865807891415
101 95 0.026638040689252147
101 56 0.0879904805964989
101 68 0.2544106173276479
101 54 0.03653130753363437
101 83 0.013052723137640006
101 82 0.02790594863614086
101 55 0.0476984305046086
101 69 0.15350743039429945
101 51 0.012154951305891852
101 79 0.040285186461131044
101 86 0.016100226779101924
101 92 0.17155970282001404
101 93 0.14725554290137183
101 87 0.11622882182862364
101 78 0.15700056030804035
101 50 0.025350306817720603
101 52 0.001909135454158057
101 46 0.058621563808616335
101 91 0.15086825243657073
101 85 0.14514083091242394
101 84 0.008068581289312971
101 90 0.14973799679856878
101 47 0.05982141428479064
101 53 0.011507028504037852
115 76 0.016806340070865646
115 62 0.03205636967273165
115 89 0.028549032799221625
115 88 0.09051455323514895
115 63 0.040275887074392044
115 77 0.01985565116936432
115 49 0.025281908560272622
115 61 0.004995587464006412
115 75 0.0006590684016924044
115 74 0.013602384441956782
115 60 0.003019121240951828
115 48 0.025427586182341807
115 64 0.03499077060710754
115 70 0.08518425597119222
115 58 0.041641373701751166
115 59 0.025475845619355064
115 71 0.03857267796909651
115 65 0.0004952331254528675
115 73 0.0021143365403154075
115 67 0.10693234893940082
115 66 0.08745612969837033
115 72 0.00843547837083284
115 57 0.07924618567841546
115 94 0.128553000758255
115 80 0.04249415344849632
115 81 0.052351463008348455
115 95 0.020901855717305327
115 56 0.0637720120324978
115 68 0.17241337322627345
115 54 0.03818804021247356
115 83 0.021283634319556415
115 82 0.018451447453632905
115 55 0.032522595761174
115 69 0.09499441850425971
115 51 0.011907200545935134
115 79 0.030116045286981533
115 86 0.014124464396078262
115 92 0.13323422338286778
115 93 0.11334887864240595
115 87 0.08504344377748974
115 78 0.10091093218279047
115 50 0.022740834682124556
115 52 0.014934517973291303
115 46 0.06606475955026468
115 91 0.11463809035628442
115 85 0.11195710992265336
115 84 0.00954974715318454
115 90 0.11469025022374461
115 47 0.050219798086199405
115 53 0.022645712436263038
103 76 0.042267864271121454
103 62 0.10120728584380674
103 89 0.07139307904502022
103 88 0.21673591190244898
103 63 0.06929576369892117
103 77 0.02776541637036149
103 49 0.041521748403007055
103 61 0.013647069747904474
103 75 0.0014881784791167803
103 74 0.027165685311287498
103 60 0.005099304235373244
103 48 0.05480464175269575
103 64 0.06408553314951085
103 70 0.2571104593373652
103 58 0.3823109854765863
103 59 0.06296489242140692
103 71 0.07197027014162337
103 65 0.001201768741157892
103 73 0.0017700238453188543
103 67 0.25350088262268633
103 66 0.20876198832615414
103 72 0.02024043118623569
103 57 0.2807791204178746
103 94 0.2926139598205272
103 80 0.07892567278550199
103 81 0.17995777201680765
103 95 0.045737610657917975
103 56 0.16234194706634614
103 68 0.4754288660529806
103 54 0.07652636994172854
103 83 0.022313664549551904
103 82 0.05452408073765592
103 55 0.11641789782817126
103 69 0.30884383900009316
103 51 0.018838199658611894
103 79 0.06932611864575786
103 86 0.024891504868403216
103 92 0.30290136405614154
103 93 0.259335427728191
103 87 0.2008796827177746
103 78 0.27848880539738047
103 50 0.03982241905499118
103 52 0.0032745571748720886
103 46 0.11237408639892942
103 91 0.2636127975612917
103 85 0.2545150480750977
103 84 0.013194552919314012
103 90 0.26098154401229073
103 47 0.11668061171558346
103 53 0.016586309612783994
117 76 0.010855055798611265
117 62 0.05933035584401313
117 89 0.038658898569918464
117 88 0.11957291690515401
117 63 0.05900678842968794
117 77 0.011818476796815885
117 49 0.022404994913282877
117 61 0.0014991688177761397
117 75 0.00022763076964082719
117 74 0.01567684452303004
117 60 0.0018052562912637708
117 48 0.040533962369269816
117 64 0.05644494412287691
117 70 0.13075405299098816
117 58 0.22718025762157587
117 59 0.0028948129504555464
117 71 0.03458444670318169
117 65 0.0
117 73 0.0012505272207483477
117 67 0.11643566950658793
117 66 0.08892978758347685
117 72 0.009690246406399696
117 57 0.14185947180306147
117 94 0.14970164381894518
117 80 0.03768139315698479
117 81 0.10657694875661902
117 95 0.021786061147401798
117 56 0.0783940568630952
117 68 0.22142963875967106
117 54 0.0663076537048594
117 83 0.01893227149715268
117 82 0.02811252038833704
117 55 0.07636575733497632
117 69 0.15816488110539526
117 51 0.007856722504867786
117 79 0.033705170598677316
117 86 0.011029861300112026
117 92 0.15800160481383882
117 93 0.1349006454793317
117 87 0.09774861697891574
117 78 0.1280750243038265
117 50 0.016363881805095418
117 52 0.008073841047085688
117 46 0.08627871002921358
117 91 0.1293917898431786
117 85 0.13067603888942214
117 84 0.008498414184461298
117 90 0.13193910154883393
117 47 0.07800389694829198
117 53 0.012604972126420864
116 76 0.04433774694970138
116 62 0.1132510426599723
116 89 0.09419106877524264
116 88 0.2899877601672281
116 63 0.1255475865391476
116 77 0.028533035581683543
116 49 0.04784889088109091
116 61 0.012516313252822743
116 75 0.00047610206916881207
116 74 0.03505651001153805
116 60 0.00649584192141532
116 48 0.08435212335531976
116 64 0.11739946809754917
116 70 0.2971371711113523
116 58 0.36435863999125834
116 59 0.05603161890696044
116 71 0.07555126222457396
116 65 0.0002544421144745794
116 73 0.0022808728350865695
116 67 0.29994412178606417
116 66 0.25099467392328484
116 72 0.024739567430225297
116 57 0.30116596658039146
116 94 0.37582036318722656
116 80 0.08261588697739924
116 81 0.2241674312258847
116 95 0.05653221272991076
116 56 0.1913309593047362
116 68 0.5381651603403111
116 54 0.13858662163981214
116 83 0.033813580321494605
116 82 0.07038417991442965
116 55 0.14317154887927624
116 69 0.3521787181788666
116 51 0.01904927644660009
116 79 0.08693479640410795
116 86 0.025210322018406832
116 92 0.3954002961028615
116 93 0.334550658048191
116 87 0.25336964771824044
116 78 0.3210447157876342
116 50 0.0396626599220561
116 52 0.004160572602602434
116 46 0.18000539208778457
116 91 0.3262292186062378
116 85 0.32802590643694063
116 84 0.01646294262105841
116 90 0.3315908955800959
116 47 0.17453528534847224
116 53 0.02124561688345139
102 76 0.00647877928313438
102 62 0.05002097559934875
102 89 0.023361440750454335
102 88 0.07260286882351479
102 63 0.03372423788551244
102 77 0.00497928589458459
102 49 0.023855357549129576
102 61 0.0012326949735668804
102 75 9.328900918458274e-05
102 74 0.008774295371562603
102 60 0.0006737161324399441
102 48 0.028426338578641977
102 64 0.031847339016743456
102 70 0.09743957025528346
102 58 0.22804672308181165
102 59 0.001434230602532619
102 71 0.045943859342579094
102 65 0.0
102 73 0.0003865435925446965
102 67 0.08523052979171963
102 66 0.054870624710622595
102 72 0.0051751138721748136
102 57 0.1328948017525588
102 94 0.09416534301911106
102 80 0.05043282655268978
102 81 0.07866479464622715
102 95 0.014586572937989366
102 56 0.05426370341400305
102 68 0.17216236041297156
102 54 0.03809311070451128
102 83 0.011058090325976362
102 82 0.019977223716813687
102 55 0.0517202356358004
102 69 0.11983956297008845
102 51 0.009482885325560483
102 79 0.020736614472808015
102 86 0.016083645368401275
102 92 0.09588956527155924
102 93 0.0813224791010095
102 87 0.06002693982146894
102 78 0.08802426121200162
102 50 0.02054433670142231
102 52 3.248208261841659e-05
102 46 0.04706378476202575
102 91 0.08040033174969335
102 85 0.08160027285475427
102 84 0.004974666524697477
102 90 0.08006217662393128
102 47 0.04903108363899375
102 53 0.00443527228727387
106 76 0.025714558060398303
106 62 0.06051059020449386
106 89 0.0480993015300316
106 88 0.14330745862867064
106 63 0.05063854125922756
106 77 0.013630674274638401
106 49 0.01950512576320993
106 61 0.005776523139276892
106 75 6.11134930572798e-05
106 74 0.017259289277329656
106 60 0.0010166741963335889
106 48 0.034993034000179564
106 64 0.04824071457436035
106 70 0.16131845974081221
106 58 0.22372192914894226
106 59 0.04515623141190938
106 71 0.03335951064902794
106 65 0.0
106 73 0.0006864267145453931
106 67 0.1583072002543534
106 66 0.13134558148254177
106 72 0.014123914716045115
106 57 0.1646181061336128
106 94 0.18541711814610645
106 80 0.036335504203081646
106 81 0.1117360329459067
106 95 0.02791160661427732
106 56 0.10038979919634446
106 68 0.2939625547917667
106 54 0.057424688339050636
106 83 0.012187690392277762
106 82 0.03464761334956235
106 55 0.0738750156014524
106 69 0.19790984217894458
106 51 0.0074596319577939045
106 79 0.04460771911711756
106 86 0.010555397500275558
106 92 0.1956972647706789
106 93 0.16593983095467318
106 87 0.13008582722658335
106 78 0.18101762848999062
106 50 0.017069187041315232
106 52 7.036214328855279e-05
106 46 0.07768046222289265
106 91 0.16182089443407655
106 85 0.16171819219728445
106 84 0.007213967092064133
106 90 0.16328129597398228
106 47 0.07790223670519984
106 53 0.0063333152036924665
112 76 0.037612306182022416
112 62 0.10225922100218783
112 89 0.07592001253856606
112 88 0.2240416054073824
112 63 0.07831935304269148
112 77 0.019330493201561074
112 49 0.030815670578537378
112 61 0.008043764621164358
112 75 0.00012366537435966197
112 74 0.027102544577584195
112 60 0.0015982024714159574
112 48 0.054739309602761514
112 64 0.07616352785329669
112 70 0.26127000024619546
112 58 0.41479613527144704
112 59 0.06010521083575392
112 71 0.058923940751472115
112 65 0.0
112 73 0.0009274557852941902
112 67 0.24567876124528537
112 66 0.19842789765810426
112 72 0.022395439688770793
112 57 0.2751474589790468
112 94 0.2858114109774814
112 80 0.06407088130706089
112 81 0.18660713323895525
112 95 0.04274998162596433
112 56 0.15522076156466624
112 68 0.46796184480970465
112 54 0.09121134764587495
112 83 0.01936131472332212
112 82 0.053355038183901575
112 55 0.12632486912458343
112 69 0.32482670531756747
112 51 0.01212847040558871
112 79 0.06658829442337297
112 86 0.01820991981320167
112 92 0.3016577537596467
112 93 0.2573227404777012
112 87 0.19962972943931856
112 78 0.2849616341831092
112 50 0.028097983830523345
112 52 0.00014238035424307262
112 46 0.12225487652905088
112 91 0.25003031227205813
112 85 0.2492992878652848
112 84 0.011599471912068952
112 90 0.2517089157067519
112 47 0.11838544169095462
112 53 0.008437564626044284
113 76 0.049653231067460946
113 62 0.14887569751803786
113 89 0.1268605761477186
113 88 0.4013692960973286
113 63 0.194084642146842
113 77 0.03836318961323316
113 49 0.0747805589492777
113 61 0.012275237471610648
113 75 0.0009293523101748561
113 74 0.04811744713858185
113 60 0.01115529923448022
113 48 0.13045864207388402
113 64 0.1830231771388157
113 70 0.38217151487240875
113 58 0.42890190581621807
113 59 0.06299937207970129
113 71 0.11766782232468334
113 65 0.0006371051430497837
113 73 0.0035839334325610934
113 67 0.406304614725059
113 66 0.32930169067936044
113 72 0.031050766540628084
113 57 0.39444999929302765
113 94 0.5165760524146622
113 80 0.12896486113105052
113 81 0.30499596120197053
113 95 0.07762622956810794
113 56 0.2548282386447248
113 68 0.7036617458718368
113 54 0.21629223978821127
113 83 0.05034929916091342
113 82 0.09421617776684633
113 55 0.19096709211150145
113 69 0.4504855058100147
113 51 0.030478005451448336
113 79 0.11869278376341559
113 86 0.04041531254093298
113 92 0.5420698019679305
113 93 0.4583572148447795
113 87 0.34491676829733237
113 78 0.4142295009355763
113 50 0.06155380069884485
113 52 0.004654392549311235
113 46 0.26751489490702873
113 91 0.44834397165832873
113 85 0.4506330339059258
113 84 0.022959925060965697
113 90 0.45634878416307134
113 47 0.26241113879301675
113 53 0.032347472384930756
107 76 0.016341052976485432
107 62 0.011554485830194878
107 89 0.015361912814132449
107 88 0.048143592730535034
107 63 0.0037073931542502803
107 77 0.013130505421345617
107 49 0.013893402725093214
107 61 0.00715438892704352
107 75 0.0035525744500778107
107 74 0.0066949166388978465
107 60 0.002657102978607327
107 48 0.005375196824847979
107 64 0.0015118825517270716
107 70 0.04679141855411846
107 58 0.005223291486566471
107 59 0.03196721088587971
107 71 0.027043812683249825
107 65 0.0038036935524664215
107 73 0.0033802814177163057
107 67 0.07229066896213268
107 66 0.06260566769546667
107 72 0.005819669771654895
107 57 0.048752577515306206
107 94 0.06806521373649918
107 80 0.029798612848471306
107 81 0.023414451975904863
107 95 0.014734822427204737
107 56 0.05386605467589732
107 68 0.12348404765320717
107 54 0.0017407647558500719
107 83 0.006015383649619041
107 82 0.01112126456724635
107 55 0.012435548721551204
107 69 0.05502227800148604
107 51 0.008207031956488245
107 79 0.016446201634421252
107 86 0.009912741961358489
107 92 0.06868718127600136
107 93 0.0730987118462064
107 87 0.051258957450569374
107 78 0.06662830358732832
107 50 0.016898633887803927
107 52 0.0022180034495145095
107 46 0.01280116172448677
107 91 0.06440135026259262
107 85 0.05903152774672878
107 84 0.003931512216115277
107 90 0.06172934809559601
107 47 0.01438139744735969
107 53 0.009100917964823289
139 76 0.03182548459904894
139 62 0.04772000887712708
139 89 0.04803913013523953
139 88 0.1483238867911765
139 63 0.056559716307601066
139 77 0.021386216176777977
139 49 0.030496185794390663
139 61 0.010540243119978037
139 75 0.000683252659862182
139 74 0.018294902812240433
139 60 0.0044652359798001764
139 48 0.03729873303988105
139 64 0.05010085104489754
139 70 0.14496176550112833
139 58 0.09571065510902158
139 59 0.05167880151491997
139 71 0.05110544301694763
139 65 0.0005517820997981703
139 73 0.0017542380742281807
139 67 0.17231587259935108
139 66 0.14824918352369887
139 72 0.014102466353961984
139 57 0.1405230650598116
139 94 0.2035389783584187
139 80 0.056219476355603724
139 81 0.09272447750714337
139 95 0.032628084776798315
139 56 0.10181977010755403
139 68 0.28951756569632475
139 54 0.057718642143535635
139 83 0.018634174802787288
139 82 0.035478964894671026
139 55 0.05206411542934002
139 69 0.1664984375179923
139 51 0.014839270957176775
139 79 0.0479720344324481
139 86 0.018370825297971613
139 92 0.21209835328435925
139 93 0.17930847224819738
139 87 0.1398025284766225
139 78 0.17238384521577582
139 50 0.029638804769352718
139 52 0.004076007510830317
139 46 0.0847202148964409
139 91 0.18010130989951187
139 85 0.17739796473653854
139 84 0.009613181493755505
139 90 0.18068144274466572
139 47 0.08004464052042434
139 53 0.01680836623830807
111 76 0.08562619467954827
111 62 0.1710402327703517
111 89 0.15352713329612233
111 88 0.4610047020516072
111 63 0.15889054406220512
111 77 0.04703817689332387
111 49 0.05907594047420335
111 61 0.02196470032178083
111 75 0.00041398266421212033
111 74 0.05633013091855275
111 60 0.006573529047694687
111 48 0.11151905529688032
111 64 0.1519718543904591
111 70 0.4904364401301867
111 58 0.5630070558915662
111 59 0.15452412483406597
111 71 0.09219111438331282
111 65 0.0002372175352042323
111 73 0.0020735139842255426
111 67 0.5008638126515607
111 66 0.43105132577261573
111 72 0.04312145826104981
111 57 0.4767162854536542
111 94 0.604539393427965
111 80 0.10054632317009483
111 81 0.3489220320821581
111 95 0.0909797873941534
111 56 0.32056581636542136
111 68 0.904752788753013
111 54 0.18165361460150428
111 83 0.039147657231813814
111 82 0.10917610833314123
111 55 0.21662775416718372
111 69 0.5965420722120937
111 51 0.021077820554895328
111 79 0.14792064192310173
111 86 0.02968304291777102
111 92 0.6368853563473382
111 93 0.5379432326854663
111 87 0.42148997587065895
111 78 0.5699013676907478
111 50 0.04879968597006307
111 52 0.001800882311386472
111 46 0.24887395325057124
111 91 0.5271150932292904
111 85 0.527708054274296
111 84 0.022012646271695694
111 90 0.533176391179493
111 47 0.252520856964279
111 53 0.018771772132699985
105 76 0.04000056313090742
105 62 0.06855543585975589
105 89 0.060044863134753476
105 88 0.1869398284430846
105 63 0.06844893858884893
105 77 0.031614177221353595
105 49 0.06182650588267639
105 61 0.013221746178093402
105 75 0.0024603417516136563
105 74 0.023327248500368287
105 60 0.006986860874527021
105 48 0.05439454461971797
105 64 0.05858701612503819
105 70 0.18469727408182215
105 58 0.14269723748552432
105 59 0.0786324424800545
105 71 0.11746740596402844
105 65 0.0018029379855023493
105 73 0.002922492426660077
105 67 0.24663283374676853
105 66 0.1912182285776903
105 72 0.017896266565516867
105 57 0.2218247230076072
105 94 0.27199393505665814
105 80 0.12937702936531326
105 81 0.11544938798924656
105 95 0.044874874611319046
105 56 0.14233883856785642
105 68 0.4089722735144604
105 54 0.0677919770964415
105 83 0.024518661218839558
105 82 0.0483839189133621
105 55 0.06571467773142671
105 69 0.22137631318567078
105 51 0.03130923663677588
105 79 0.06337585255387278
105 86 0.042837238746417435
105 92 0.2693387483283337
105 93 0.23246263607852535
105 87 0.1819521593761817
105 78 0.23052859037331652
105 50 0.06287003323735599
105 52 0.002097307606340215
105 46 0.0985348680647734
105 91 0.24394026746229372
105 85 0.23331774403856523
105 84 0.01474057534286328
105 90 0.23995457258370725
105 47 0.10770934200137619
105 53 0.025797828581249117
104 76 0.014594622368580421
104 62 0.08939198704838781
104 89 0.05136297615969022
104 88 0.15762702630903336
104 63 0.07323207837184573
104 77 0.009291836317157826
104 49 0.027570744547114185
104 61 0.0023811582405063036
104 75 8.665784181422829e-05
104 74 0.01857757157514707
104 60 0.0012814570190717248
104 48 0.053807984330533964
104 64 0.0705032939370274
104 70 0.19164660177265175
104 58 0.3975640902349567
104 59 0.0035228019081439397
104 71 0.04586836554635157
104 65 0.0
104 73 0.0007620101492602091
104 67 0.15642076610206532
104 66 0.11681680312314395
104 72 0.012437357728677467
104 57 0.22407364795574755
104 94 0.19347675445263934
104 80 0.04994193485957661
104 81 0.15601551877283462
104 95 0.02787114645186024
104 56 0.10747644072898752
104 68 0.31800046130762794
104 54 0.08467562426921187
104 83 0.017629799023205262
104 82 0.041719816962014385
104 55 0.11203957483429032
104 69 0.23490763325903183
104 51 0.009371513866164333
104 79 0.043574001039524364
104 86 0.014440723906522563
104 92 0.20420375433326665
104 93 0.17443789649740646
104 87 0.12826608110886678
104 78 0.17972658379905582
104 50 0.020739408619310593
104 52 9.977226268337399e-05
104 46 0.10171125233799692
104 91 0.16800757648381867
104 85 0.16868798300444696
104 84 0.008665657989625757
104 90 0.17031845400919404
104 47 0.10439448109117966
104 53 0.0073466874014852445
110 76 0.0253016315341603
110 62 0.07313658430534499
110 89 0.06266757694214761
110 88 0.18828353951073717
110 63 0.08621513171509301
110 77 0.01637518140652132
110 49 0.031746379447736055
110 61 0.0053920551908237845
110 75 0.00042971182936574475
110 74 0.023201537214202008
110 60 0.0037730302828601
110 48 0.05878960430469548
110 64 0.08056492150144906
110 70 0.18561415556014482
110 58 0.24576713315953774
110 59 0.02751695097377683
110 71 0.05427269216877191
110 65 0.00027580733458775
110 73 0.0014120886305614088
110 67 0.18702591928807197
110 66 0.1526712720910299
110 72 0.01797519536115647
110 57 0.19326603888403182
110 94 0.23681964496111393
110 80 0.05899938670745003
110 81 0.14646408819279608
110 95 0.034971403729420925
110 56 0.11876689128272429
110 68 0.3351152938238689
110 54 0.0957852850620889
110 83 0.019560722397131157
110 82 0.0469537483954114
110 55 0.10134627685343121
110 69 0.2281950310712377
110 51 0.012414068707267724
110 79 0.053730945207759756
110 86 0.016712711457382238
110 92 0.24858737931323366
110 93 0.21382417105978951
110 87 0.15897053590088797
110 78 0.20171893095781446
110 50 0.025796251289692804
110 52 0.0025053862001693703
110 46 0.11679963917802581
110 91 0.20613716683671554
110 85 0.20660389517846747
110 84 0.010469495647772355
110 90 0.2092712859161134
110 47 0.12073611373787387
110 53 0.012864387111735183
138 76 0.05173892680070822
138 62 0.0779864386814658
138 89 0.08495876825228275
138 88 0.2643443098906923
138 63 0.10355563064481647
138 77 0.034966620550464574
138 49 0.049267827792412594
138 61 0.01530979402830099
138 75 0.0010677276251506744
138 74 0.0324035343477596
138 60 0.008138448259254723
138 48 0.0670533141693742
138 64 0.0933368862654937
138 70 0.2474323861862627
138 58 0.13499950807077826
138 59 0.091342155783771
138 71 0.08178824154323056
138 65 0.0008161587935567721
138 73 0.0027707726273074437
138 67 0.30181831985214225
138 66 0.25751310648015596
138 72 0.02436627517827005
138 57 0.23079477383406588
138 94 0.36467065204666504
138 80 0.08998600512858605
138 81 0.16363192167150775
138 95 0.05673329123593209
138 56 0.17636592688482028
138 68 0.4988188418522555
138 54 0.10842171395850461
138 83 0.03148217983916021
138 82 0.05814715315606185
138 55 0.08910112610468154
138 69 0.2861331439097984
138 51 0.024621596007080977
138 79 0.08386126818711048
138 86 0.029452165828727797
138 92 0.375129893617364
138 93 0.3161262456964664
138 87 0.2490222534851308
138 78 0.3023271126065533
138 50 0.04877814020192961
138 52 0.002214090114908117
138 46 0.15239205129375014
138 91 0.3157474385839299
138 85 0.3130779389559071
138 84 0.015854305261974313
138 90 0.3185092159584429
138 47 0.14610083312071437
138 53 0.026337196898991732
140 76 0.03283441396541803
140 62 0.0450913136013228
140 89 0.04520216783598151
140 88 0.13418282826126277
140 63 0.035429174707572876
140 77 0.018715478203736393
140 49 0.01951824117141834
140 61 0.010897857059608756
140 75 0.0006590226955560819
140 74 0.016964401365787623
140 60 0.0036517234421290096
140 48 0.025453352396125464
140 64 0.03228334165751924
140 70 0.14508086920078875
140 58 0.12979330059711836
140 59 0.05703946949571353
140 71 0.034635298010197824
140 65 0.0004610457391976781
140 73 0.0008755615097138642
140 67 0.1592368238923969
140 66 0.14160887568214767
140 72 0.013971249678391407
140 57 0.13635984405588428
140 94 0.1872758692033367
140 80 0.037971621595109716
140 81 0.09327238165803993
140 95 0.029145351502326337
140 56 0.09694820224751508
140 68 0.2815127753104363
140 54 0.038292629161791755
140 83 0.01170805183609545
140 82 0.03067956831101625
140 55 0.05265230294316051
140 69 0.17227602702697495
140 51 0.009604477415355462
140 79 0.04415212900846222
140 86 0.011941298820144216
140 92 0.19240736769011527
140 93 0.16307251696210143
140 87 0.13008208835579427
140 78 0.17465244645971045
140 50 0.020573747889617668
140 52 0.001290886740444716
140 46 0.06261039498240425
140 91 0.16392725028688943
140 85 0.1629482600174228
140 84 0.007351547430696418
140 90 0.16385480019701726
140 47 0.06150597897942583
140 53 0.008877378049213226
135 76 0.028445063206598765
135 62 0.10672210882780132
135 89 0.08612915061513907
135 88 0.2823302731210143
135 63 0.1692568161823204
135 77 0.032666801579518234
135 49 0.08648199562641282
135 61 0.0064415681109625395
135 75 0.0013711309499538017
135 74 0.034494201471638584
135 60 0.008159662000839138
135 48 0.11400194455386396
135 64 0.14867061473665527
135 70 0.2430508404397121
135 58 0.20515920424369163
135 59 0.02733667441499469
135 71 0.13757377859156567
135 65 0.0009047722990820305
135 73 0.0049134104022278136
135 67 0.30025844681767305
135 66 0.22349207734807275
135 72 0.019362921507024875
135 57 0.28064609904615256
135 94 0.37948779519477577
135 80 0.15149116888830524
135 81 0.18994253997104135
135 95 0.058838904547859214
135 56 0.17813157570492616
135 68 0.4836052485710047
135 54 0.17062327164407834
135 83 0.053501220230702515
135 82 0.07186759424617249
135 55 0.1194967115130098
135 69 0.27890380633425593
135 51 0.03814372892992619
135 79 0.08496746196959629
135 86 0.05007727139954045
135 92 0.3896101014481369
135 93 0.3295213514159505
135 87 0.24161277194490863
135 78 0.26528070665086495
135 50 0.07287262693803592
135 52 0.007707442364397574
135 46 0.21270257283326055
135 91 0.32608525662163634
135 85 0.3255886781420242
135 84 0.022480291794782847
135 90 0.3321431040399708
135 47 0.21107021159089073
135 53 0.044594345841230724
121 76 0.019551728372104258
121 62 0.06195143187575698
121 89 0.051027257598818376
121 88 0.167664480657632
121 63 0.09214947243006424
121 77 0.02206337959086474
121 49 0.05325030724646461
121 61 0.0063999315887383855
121 75 0.0018792686638910284
121 74 0.020514432383556862
121 60 0.008249841888176906
121 48 0.06489891579023715
121 64 0.08106231405609342
121 70 0.14306572663274902
121 58 0.12498478382181136
121 59 0.019613193551875047
121 71 0.0938735516402377
121 65 0.001916029949529969
121 73 0.002847048111834037
121 67 0.18213574715218275
121 66 0.13601579106882122
121 72 0.012345870989124453
121 57 0.17350044109899546
121 94 0.2315387546294493
121 80 0.10327455432269551
121 81 0.1147619521578138
121 95 0.035856364913482514
121 56 0.10565435422794525
121 68 0.29389164196698303
121 54 0.09430410912129615
121 83 0.02811187533600551
121 82 0.042771274346269254
121 55 0.07467115286752443
121 69 0.1689306781120142
121 51 0.025949163622891597
121 79 0.049182128110538806
121 86 0.03376796274297608
121 92 0.23168897054019244
121 93 0.19883755349650525
121 87 0.1443221990973882
121 78 0.16157613974570034
121 50 0.04931099069708574
121 52 0.0013569201000868383
121 46 0.11533158400030544
121 91 0.20078724381463614
121 85 0.19642676773171194
121 84 0.013653739309214824
121 90 0.20315996130209202
121 47 0.12076817057821305
121 53 0.02688382848640363
109 76 0.025826831734766083
109 62 0.0759876531585007
109 89 0.062286345919418964
109 88 0.18541109455936397
109 63 0.07511187760979299
109 77 0.016282426943121105
109 49 0.025454205527877517
109 61 0.005345106895937313
109 75 0.0002796489216665445
109 74 0.02333977726051911
109 60 0.0029013495109926173
109 48 0.05191370274929405
109 64 0.07228325274311004
109 70 0.19535881536392408
109 58 0.28142384456396047
109 59 0.03135146335981282
109 71 0.04330052367409388
109 65 0.0001530278110293954
109 73 0.0010749838959016253
109 67 0.1859381417100689
109 66 0.15325418424680545
109 72 0.017591606006962645
109 57 0.19786484429517526
109 94 0.2343433579304435
109 80 0.046926328919975474
109 81 0.1526151872827111
109 95 0.03409732326210037
109 56 0.12103152236083832
109 68 0.34504973237121045
109 54 0.08636134101492848
109 83 0.01891411354412344
109 82 0.04368856102911026
109 55 0.10528790586370529
109 69 0.24272388927401292
109 51 0.009222647610914679
109 79 0.053484905875901226
109 86 0.0127570710697522
109 92 0.2465802637898657
109 93 0.21155162430101707
109 87 0.15877229636932405
109 78 0.21347520903169187
109 50 0.02030517851794877
109 52 0.0037974075537023293
109 46 0.11135814268072415
109 91 0.20382318858231116
109 85 0.2046517133970503
109 84 0.010516981251865993
109 90 0.2068670101751307
109 47 0.10915975302250298
109 53 0.010342699242880705
108 76 0.08036207384262464
108 62 0.2067655560598738
108 89 0.17125843819702113
108 88 0.5329282732928948
108 63 0.22870610795322704
108 77 0.05255848467709014
108 49 0.09517936955074331
108 61 0.020056561644740664
108 75 0.0008397805772757277
108 74 0.06368265945413319
108 60 0.009696287759585486
108 48 0.164136260811279
108 64 0.21507577203239445
108 70 0.5411936779885531
108 58 0.6438058754558983
108 59 0.12873741138170672
108 71 0.1424729288300705
108 65 0.0005582249702180198
108 73 0.0034467733681905967
108 67 0.5636119407739194
108 66 0.46701043101977274
108 72 0.04391145700799955
108 57 0.5666842986135701
108 94 0.6918184814192765
108 80 0.15615698174022674
108 81 0.40915520936403993
108 95 0.1050262679487744
108 56 0.3617644666395173
108 68 1.0
108 54 0.25600249066821684
108 83 0.05445942559543436
108 82 0.13431642110845896
108 55 0.2554814539612117
108 69 0.6456955936659076
108 51 0.03473558363281809
108 79 0.16971221318141838
108 86 0.04895080097889433
108 92 0.7274178845758567
108 93 0.6130955539137039
108 87 0.47130095298699565
108 78 0.6009508325257749
108 50 0.07418847477664538
108 52 0.0029025154001151056
108 46 0.3224717874280358
108 91 0.6023953404926718
108 85 0.6034634549310249
108 84 0.026908786177458597
108 90 0.6106532405403616
108 47 0.34336418412597364
108 53 0.03093111431383448
120 76 0.014505750431276446
120 62 0.036394210284710946
120 89 0.03366250075648515
120 88 0.10845785451086122
120 63 0.05125733784748609
120 77 0.01460748107974852
120 49 0.02940803381652616
120 61 0.005459617490686219
120 75 0.0015835445415667275
120 74 0.013555599792086506
120 60 0.006377984266055372
120 48 0.03681967467881263
120 64 0.046690980520924595
120 70 0.09355289515703309
120 58 0.07628436602137491
120 59 0.0183550052759817
120 71 0.053626842391038994
120 65 0.0013105818257156045
120 73 0.0017773316555721032
120 67 0.11780168811197723
120 66 0.09196602198270809
120 72 0.008251456957791864
120 57 0.10565322825967066
120 94 0.14726557759665143
120 80 0.058951134833221244
120 81 0.07746349809908676
120 95 0.023158985040155965
120 56 0.0686484963420334
120 68 0.1905689967237602
120 54 0.05519054638017317
120 83 0.015650776007696814
120 82 0.02519768444402809
120 55 0.047427593388421084
120 69 0.1107026010226605
120 51 0.015195883231999255
120 79 0.0316285536772269
120 86 0.01910730910599863
120 92 0.14895690182921228
120 93 0.1298726788276433
120 87 0.09567715014534421
120 78 0.10800777914534415
120 50 0.029169240479220666
120 52 0.0007298014301667165
120 46 0.0692975471044911
120 91 0.13476310303058098
120 85 0.12778468865582557
120 84 0.008157885031257719
120 90 0.13301674804540198
120 47 0.07068607351802157
120 53 0.014319099620767963
134 76 0.02296221337304044
134 62 0.08103331058414578
134 89 0.062003346460112824
134 88 0.20077914412097322
134 63 0.117253516597442
134 77 0.027634329696148135
134 49 0.06926128535978272
134 61 0.006270080003951828
134 75 0.0019698799817086774
134 74 0.02493164650241068
134 60 0.006818496206913401
134 48 0.07498601740578287
134 64 0.09962068772178591
134 70 0.17912835244770337
134 58 0.15654379473720448
134 59 0.02315475995338907
134 71 0.12398878082691915
134 65 0.0013660743581932204
134 73 0.004745885750341301
134 67 0.23084172994241015
134 66 0.1636666934099844
134 72 0.015239026972795859
134 57 0.21404654338548468
134 94 0.28500598977550645
134 80 0.13647748391603975
134 81 0.12579957638095338
134 95 0.04407555912416978
134 56 0.12788017984006847
134 68 0.3717350164818822
134 54 0.11175559294568005
134 83 0.04462382894697655
134 82 0.049022512836228556
134 55 0.08633025612053864
134 69 0.20975676302940166
134 51 0.03536293870599646
134 79 0.056811106766804856
134 86 0.04489614040713613
134 92 0.282225393831434
134 93 0.24308008440468565
134 87 0.1769871938504596
134 78 0.2011122164702148
134 50 0.06672089281663905
134 52 0.006277659776595149
134 46 0.14985109562767304
134 91 0.24500178478341728
134 85 0.23901895318047808
134 84 0.02042639655148063
134 90 0.24727817182939485
134 47 0.13302821482838645
134 53 0.04302529214291729
122 76 0.02345095851776927
122 62 0.08524901963221843
122 89 0.06727416732182924
122 88 0.22081068971251339
122 63 0.12424142184999241
122 77 0.031909345398256864
122 49 0.08505691294078256
122 61 0.009269126513341542
122 75 0.0035166241779534296
122 74 0.026831193674790997
122 60 0.011656543486623606
122 48 0.0916298106163511
122 64 0.1077358619510242
122 70 0.1861974907180258
122 58 0.1647826577652954
122 59 0.020540884650276068
122 71 0.1552578399610108
122 65 0.0023946522867260974
122 73 0.004509161177892244
122 67 0.2531043759073482
122 66 0.17953255747237087
122 72 0.015430984997469512
122 57 0.24773394320360356
122 94 0.30619211755104603
122 80 0.1709355663653464
122 81 0.15155621421007534
122 95 0.049320887423880605
122 56 0.14045056430095715
122 68 0.39927796316832864
122 54 0.124980538886426
122 83 0.040355167050234175
122 82 0.058623598473669845
122 55 0.09937858175461353
122 69 0.21958744578924747
122 51 0.04226565012348061
122 79 0.06465962731777909
122 86 0.05636352929390446
122 92 0.3047768319913192
122 93 0.2653844308421149
122 87 0.1925801731421639
122 78 0.209074934163115
122 50 0.0808725151219477
122 52 0.0021791414976070705
122 46 0.15337139641355652
122 91 0.2750109352130856
122 85 0.28938931785892885
122 84 0.02072171926104517
122 90 0.27474061339430456
122 47 0.16324749699263139
122 53 0.04108291041482845
136 76 0.01593026173198995
136 62 0.05299102691012176
136 89 0.04293808313964285
136 88 0.14214678771119285
136 63 0.0824707376771555
136 77 0.0154655055266187
136 49 0.040767901857165154
136 61 0.0034565276966521197
136 75 0.0003262446341898646
136 74 0.016321782191096416
136 60 0.002427531726124259
136 48 0.06179220634450632
136 64 0.07465851424750652
136 70 0.12383824664008981
136 58 0.11283664215928553
136 59 0.021035565403692544
136 71 0.0557010511452231
136 65 0.00019573992100259155
136 73 0.001487161384065811
136 67 0.14646643310861865
136 66 0.11657444985945695
136 72 0.009943102947245392
136 57 0.14790196121271101
136 94 0.18269351131273875
136 80 0.061368655484161386
136 81 0.09870920291065781
136 95 0.0288312623315544
136 56 0.0937571818721916
136 68 0.2407369613252324
136 54 0.0880792192948612
136 83 0.01737411181076436
136 82 0.04300665534428842
136 55 0.061794090040976815
136 69 0.1407781229886242
136 51 0.014361460977852146
136 79 0.048315710442031486
136 86 0.02041419589023701
136 92 0.1918558015509625
136 93 0.16054526194864632
136 87 0.12062563122044406
136 78 0.13357385060201793
136 50 0.02866511900446054
136 52 0.003009757640579509
136 46 0.09993690677369184
136 91 0.15831923997642874
136 85 0.15913944712149425
136 84 0.007463292015064604
136 90 0.16133018319618056
136 47 0.12112767940381337
136 53 0.013493140845745925
137 76 0.09881132699322133
137 62 0.10330486142989108
137 89 0.125684703115855
137 88 0.3772964501570011
137 63 0.09835059917833897
137 77 0.0537286704236193
137 49 0.047303653699032736
137 61 0.0293295048973809
137 75 0.0007484118199047148
137 74 0.04682674905783537
137 60 0.007240163225329782
137 48 0.07089268884990803
137 64 0.09210631152194605
137 70 0.38047459345733964
137 58 0.18915092834554695
137 59 0.22268428439594543
137 71 0.06589314125640684
137 65 0.0006002283222063344
137 73 0.001721305623383338
137 67 0.45124525052368397
137 66 0.41406076507004597
137 72 0.03818763689710469
137 57 0.3323103497047319
137 94 0.5213900405898693
137 80 0.07247833365114092
137 81 0.2300889559166334
137 95 0.08242444537946758
137 56 0.27947839959389004
137 68 0.7626099352514908
137 54 0.1096913764996376
137 83 0.023739157867149436
137 82 0.0888835029492995
137 55 0.1150495399259938
137 69 0.44911870756762323
137 51 0.01743591941565209
137 79 0.13898540371289864
137 86 0.02365228587015653
137 92 0.5473328455526558
137 93 0.4576674382488081
137 87 0.3755838706352539
137 78 0.4969345580323405
137 50 0.04165394820886523
137 52 0.003059739445588753
137 46 0.1724561567234528
137 91 0.4596533003025378
137 85 0.45504654163357267
137 84 0.01614458578545831
137 90 0.46115140212205763
137 47 0.18793362619965395
137 53 0.015838965983610915
123 76 0.022605122336131916
123 62 0.08640724827797983
123 89 0.06689470134233727
123 88 0.2218893392904835
123 63 0.12953441635285884
123 77 0.032763606125494525
123 49 0.08968173447897035
123 61 0.008911787383780677
123 75 0.0039656290415894125
123 74 0.02764300124739389
123 60 0.011565297947127498
123 48 0.09141688123695307
123 64 0.11050892114732794
123 70 0.18492654037725426
123 58 0.153421820208578
123 59 0.015790663874093735
123 71 0.16781369031613638
123 65 0.0027842145072429995
123 73 0.0054789386238955975
123 67 0.2589786520055041
123 66 0.1781028407646693
123 72 0.015366614175764624
123 57 0.24895739424656288
123 94 0.3387393059347712
123 80 0.18480916093020716
123 81 0.14574810654763892
123 95 0.0503654638560817
123 56 0.13902493654301365
123 68 0.40539724185851334
123 54 0.12653940909886846
123 83 0.04707302428082255
123 82 0.05672608707469448
123 55 0.09746827354984568
123 69 0.2170898396397536
123 51 0.04730073960884248
123 79 0.06182554727411197
123 86 0.06111965045314249
123 92 0.3069346936587543
123 93 0.2696610200062774
123 87 0.1940147239435147
123 78 0.20867181890534595
123 50 0.08922991975166997
123 52 0.0018175663506158086
123 46 0.15931038000441938
123 91 0.2811306827176221
123 85 0.26416701920423125
123 84 0.022902281241062937
123 90 0.276007919436601
123 47 0.15848673450323267
123 53 0.04793342415163639
127 76 0.08115263635068853
127 62 0.16227688364541704
127 89 0.1522550157702148
127 88 0.48321373253848665
127 63 0.2144492676383934
127 77 0.06361648492349506
127 49 0.11897271954676521
127 61 0.024636680854083375
127 75 0.0031661719902153765
127 74 0.05912227476723365
127 60 0.015151695564868456
127 48 0.1546840455457107
127 64 0.19239233905010808
127 70 0.4429468285392333
127 58 0.32488547436327553
127 59 0.1376865902150675
127 71 0.19518855287474687
127 65 0.0020047031303567996
127 73 0.0053934331434525905
127 67 0.544263121635617
127 66 0.44382610714914617
127 72 0.03934926396371198
127 57 0.4770369259333871
127 94 0.652388024242858
127 80 0.2148623801963991
127 81 0.3222181401504556
127 95 0.10336863346229425
127 56 0.3258355016410806
127 68 0.8950666639784879
127 54 0.22556365729899208
127 83 0.06014175683903485
127 82 0.121751461274109
127 55 0.18934604179972822
127 69 0.5185757933346099
127 51 0.05721020779934068
127 79 0.15715231022178924
127 86 0.07072610078805887
127 92 0.6744176699062301
127 93 0.5709559706346787
127 87 0.4429101598175972
127 78 0.5260891575498673
127 50 0.11156836061007405
127 52 0.004031704369286067
127 46 0.29396011993455906
127 91 0.6041543933791337
127 85 0.5660158575698919
127 84 0.03157615416794851
127 90 0.5790365483954353
127 47 0.3144448687362337
127 53 0.052002113636781436
133 76 0.014395786822613393
133 62 0.10148544268536547
133 89 0.0696001996980626
133 88 0.2388597915470055
133 63 0.16726110868579194
133 77 0.02533813932564343
133 49 0.09509622847562293
133 61 0.0021230140534206038
133 75 0.0013592523240729907
133 74 0.026886351811242704
133 60 0.004835282288452814
133 48 0.12954434576428595
133 64 0.1478346609788877
133 70 0.19497793024102206
133 58 0.21709871147784354
133 59 0.0010574539137994203
133 71 0.140070920992904
133 65 0.0009048681494354661
133 73 0.0035416997299326084
133 67 0.24415411210756155
133 66 0.17355156701618693
133 72 0.01399970547267476
133 57 0.28167005734047934
133 94 0.31240557604364433
133 80 0.15435344251538333
133 81 0.17091179078600274
133 95 0.04904071384196164
133 56 0.1541235966859996
133 68 0.39100893931792513
133 54 0.17372804152857105
133 83 0.03653344450211657
133 82 0.08146208203354516
133 55 0.11619200111245678
133 69 0.22202854177991146
133 51 0.035622646964296234
133 79 0.07963602636790874
133 86 0.05141780239981387
133 92 0.31596376483175675
133 93 0.26753349477433475
133 87 0.19198096153753932
133 78 0.19570349435378767
133 50 0.06927989829218899
133 52 0.004663389178249437
133 46 0.18572814826372241
133 91 0.26648439360096354
133 85 0.2650193078650015
133 84 0.01550078272301542
133 90 0.27152138297436484
133 47 0.23806226416456355
133 53 0.031956054563191796
132 76 0.05342652676099186
132 62 0.1538859468687599
132 89 0.13663262446258786
132 88 0.4389072999143142
132 63 0.23749346244135874
132 77 0.04752366164788332
132 49 0.10344784974602714
132 61 0.012423833712796883
132 75 0.0010062654254752842
132 74 0.05332381137669817
132 60 0.01201911799227705
132 48 0.15113221174382657
132 64 0.2130685118560805
132 70 0.3899918266795995
132 58 0.3111019853704854
132 59 0.06832925752496861
132 71 0.16350014283737457
132 65 0.0007343262052095779
132 73 0.006280091669053553
132 67 0.4606296075128466
132 66 0.3616515725704806
132 72 0.03263782074520985
132 57 0.40132920981031633
132 94 0.5787245198858886
132 80 0.17983586959518635
132 81 0.294885630091621
132 95 0.08918131085720271
132 56 0.2750715838926419
132 68 0.7556473046971349
132 54 0.24513109965157195
132 83 0.07424010624684269
132 82 0.10148270970711458
132 55 0.17899486091607172
132 69 0.4495884696606828
132 51 0.046225128557670817
132 79 0.12992850046014195
132 86 0.05868383991193049
132 92 0.6071837687872548
132 93 0.5110284293183163
132 87 0.3822052475632473
132 78 0.43590539650218985
132 50 0.0890201598891261
132 52 0.009479252156992923
132 46 0.31500819041481043
132 91 0.5007573763430407
132 85 0.5044137616735432
132 84 0.03127823304640141
132 90 0.510856885400315
132 47 0.2922438020814088
132 53 0.05739014840933272
126 76 0.0228279250678936
126 62 0.07644481733918394
126 89 0.061864005386566084
126 88 0.19987177806187717
126 63 0.10752095669546753
126 77 0.03143669294528417
126 49 0.07781591463717813
126 61 0.012948221372422344
126 75 0.003008964563464315
126 74 0.023593214129973582
126 60 0.024004940331859556
126 48 0.07992453727395567
126 64 0.09363068319569536
126 70 0.16993127777157133
126 58 0.145937371151967
126 59 0.022901171001232283
126 71 0.14841322065966825
126 65 0.0014689359692636305
126 73 0.0033243304047042128
126 67 0.2326604264504923
126 66 0.16793228036206573
126 72 0.014630002893714408
126 57 0.22575984717915742
126 94 0.29028859269182555
126 80 0.16337760879023622
126 81 0.1391556795908834
126 95 0.04508604688808249
126 56 0.12744325014037097
126 68 0.3701295384449438
126 54 0.10885522048697337
126 83 0.03573192620448546
126 82 0.05174654667459048
126 55 0.09134988340573288
126 69 0.2032572838029868
126 51 0.038378299348877834
126 79 0.05843705712529365
126 86 0.05379076360591575
126 92 0.2954686728339567
126 93 0.25548468228896176
126 87 0.17890738782517437
126 78 0.19589149090355024
126 50 0.07455598831942778
126 52 0.0015843956857361
126 46 0.13530457827299966
126 91 0.25688973859386194
126 85 0.24909649020907937
126 84 0.019991129948466205
126 90 0.31581440675974254
126 47 0.14003442528808724
126 53 0.0387155004844427
118 76 0.01359238803705481
118 62 0.073653081649583
118 89 0.049727940809479766
118 88 0.16176423561502642
118 63 0.094850974655639
118 77 0.017925181676088312
118 49 0.053431786420268815
118 61 0.003138285679015337
118 75 0.0012426023211550574
118 74 0.019801585828217495
118 60 0.004219016369064729
118 48 0.07138561343214557
118 64 0.08469252076404785
118 70 0.1514225994301072
118 58 0.2153058101083193
118 59 0.001965261745285869
118 71 0.0878750179092514
118 65 0.000664340010992216
118 73 0.002243293296691716
118 67 0.16885447652140342
118 66 0.1210433042525545
118 72 0.011359021441820029
118 57 0.19675211917376276
118 94 0.2082479237007473
118 80 0.09655561581255702
118 81 0.1279297873671185
118 95 0.03253729739822435
118 56 0.10487609166373149
118 68 0.2889232564736991
118 54 0.09941338374405809
118 83 0.025834893195488307
118 82 0.04659284527019528
118 55 0.08932282018739499
118 69 0.18025982277431504
118 51 0.024320628818094756
118 79 0.04827868264201188
118 86 0.03115599700053333
118 92 0.21448834689219348
118 93 0.183719471524162
118 87 0.13408460027291458
118 78 0.15334180444419124
118 50 0.04634453499562959
118 52 0.0036493977194107514
118 46 0.11702565997830973
118 91 0.19654213536893664
118 85 0.18011937937581754
118 84 0.012553919382722456
118 90 0.18475339783663405
118 47 0.13084842349928114
118 53 0.022218280933493324
130 76 0.020198902635260522
130 62 0.061301541691592
130 89 0.05666160078481068
130 88 0.18304914146652673
130 63 0.09367561907970182
130 77 0.01850612152552178
130 49 0.03424917880329429
130 61 0.0050271246224104305
130 75 0.00041260019954941735
130 74 0.02236794480949649
130 60 0.006723442510184094
130 48 0.060163816245050815
130 64 0.08914534273623319
130 70 0.16217051901983806
130 58 0.1439154156875511
130 59 0.026061273960951734
130 71 0.05317462869730851
130 65 0.0002680862173348731
130 73 0.0019271069344179732
130 67 0.1813950402461536
130 66 0.14664153310540504
130 72 0.012845916697012951
130 57 0.15865857726118401
130 94 0.23674806044115887
130 80 0.05839421234824988
130 81 0.13454803351032746
130 95 0.03551010300479834
130 56 0.11161987472104885
130 68 0.30163503531732433
130 54 0.10474547423976474
130 83 0.026856012428740673
130 82 0.038669875421523996
130 55 0.07922958330813315
130 69 0.18694383882350496
130 51 0.014437736192369379
130 79 0.053142097612994134
130 86 0.01872470833550279
130 92 0.24854996409609914
130 93 0.20913463980997712
130 87 0.15656229445292524
130 78 0.1774472795440604
130 50 0.028473686619659367
130 52 0.00428117157452484
130 46 0.13091150776627664
130 91 0.20447188396086277
130 85 0.20666120073620944
130 84 0.011217292084056677
130 90 0.20907427714612725
130 47 0.11933044494134258
130 53 0.01773952366536806
124 76 0.024530261601300615
124 62 0.07461035019867406
124 89 0.0610178149325573
124 88 0.20010539645064898
124 63 0.10704143361714327
124 77 0.029118373588515337
124 49 0.07055076019178237
124 61 0.00879540563905148
124 75 0.0027069460559898577
124 74 0.02512786152324287
124 60 0.009327485828307445
124 48 0.07768601329279824
124 64 0.09363068319569536
124 70 0.16962930344092156
124 58 0.145937371151967
124 59 0.022901171001232283
124 71 0.1301917782342882
124 65 0.0014689359692636305
124 73 0.0033243304047042128
124 67 0.22626437529703358
124 66 0.16444545272637368
124 72 0.014391979446385409
124 57 0.2162811792328082
124 94 0.2683630835985458
124 80 0.14329777900769503
124 81 0.13724458755193028
124 95 0.043531125438201014
124 56 0.12649079947668596
124 68 0.3587982454259488
124 54 0.10885522048697337
124 83 0.03425190839419916
124 82 0.05097942769515424
124 55 0.08921744333576166
124 69 0.20009960009508126
124 51 0.04147100490317544
124 79 0.0579100645234806
124 86 0.04710272539966004
124 92 0.27232754001320814
124 93 0.23426975926916643
124 87 0.17772729488387248
124 78 0.19220016782373528
124 50 0.07608328397143731
124 52 0.0015843956857361
124 46 0.13740979154723373
124 91 0.28308628505400946
124 85 0.23155037821017285
124 84 0.018600062078391023
124 90 0.23943354208905754
124 47 0.14108223838104414
124 53 0.03573146863207094
125 76 0.023642402505429802
125 62 0.07846841266718571
125 89 0.06425450519231822
125 88 0.21258069681293107
125 63 0.11461721565214182
125 77 0.028461720741104122
125 49 0.07241278363768254
125 61 0.008506302891778662
125 75 0.0053933987896136355
125 74 0.025990380070663486
125 60 0.0094974421456111
125 48 0.08260450685798396
125 64 0.10009025274088254
125 70 0.17992164169492034
125 58 0.1560055727929571
125 59 0.02448112002755198
125 71 0.12683563720763166
125 65 0.005317056105600163
125 73 0.006909293248346849
125 67 0.23853527845314973
125 66 0.1740503563543433
125 72 0.015111208987495654
125 57 0.22414277786232642
125 94 0.2829036690157815
125 80 0.13958747293890428
125 81 0.14548968381316715
125 95 0.04821257393659221
125 56 0.14372873491196553
125 68 0.38356117180126365
125 54 0.11636512902435564
125 83 0.03852039769042167
125 82 0.05432292745731391
125 55 0.09317939474567546
125 69 0.2113059675298837
125 51 0.03473277998481456
125 79 0.06129935445424529
125 86 0.04582374956115441
125 92 0.28692131470317617
125 93 0.2630268605935773
125 87 0.18351943703616147
125 78 0.2022742458085203
125 50 0.06725727675891319
125 52 0.002300321982340817
125 46 0.14389043046644784
125 91 0.25125176148382955
125 85 0.24405245882105692
125 84 0.017538542306417475
125 90 0.25244591691729923
125 47 0.15011905878513182
125 53 0.035128589726080066
131 76 0.03350530439399445
131 62 0.11232288454824689
131 89 0.09361064792540626
131 88 0.3018002007373022
131 63 0.15148526862216127
131 77 0.026606654429167566
131 49 0.054471774911510895
131 61 0.008219616803582179
131 75 0.0005919940128932135
131 74 0.034348711891441716
131 60 0.008453584845389724
131 48 0.10200955046068759
131 64 0.14629774574356916
131 70 0.2841840331201276
131 58 0.3339893108762749
131 59 0.04176542884683031
131 71 0.08477563973612728
131 65 0.0004393456169572247
131 73 0.002303713830947276
131 67 0.29790264624574836
131 66 0.2409953678687969
131 72 0.022064324156068474
131 57 0.2998175893177547
131 94 0.38232746089512043
131 80 0.0929450645320366
131 81 0.23197717677845606
131 95 0.057062881222254475
131 56 0.18792742346805272
131 68 0.5176732026957623
131 54 0.17427428105247525
131 83 0.033506600214304384
131 82 0.07301123929411757
131 55 0.1472811040853774
131 69 0.3327382966862615
131 51 0.02149126925874865
131 79 0.08869796680864002
131 86 0.029225020689134584
131 92 0.40135484473952193
131 93 0.3388762267165299
131 87 0.2552755238135929
131 78 0.30112912282947074
131 50 0.043714586784962664
131 52 0.0012417201517596426
131 46 0.20539379309989
131 91 0.3311390954701696
131 85 0.33366969574685706
131 84 0.015353403308993326
131 90 0.3375758619711021
131 47 0.20514717371197136
131 53 0.020501240262850374
119 76 0.007306235478150533
119 62 0.04039396330573434
119 89 0.02509528918264512
119 88 0.07617201312196815
119 63 0.03517595575531786
119 77 0.00598395650747626
119 49 0.012251578199654034
119 61 0.0010725086000196698
119 75 0.0002732259813000413
119 74 0.009455114222185312
119 60 0.0006336682684437245
119 48 0.025450656061398676
119 64 0.034373677189741825
119 70 0.08836938525130457
119 58 0.1741672942672226
119 59 0.0018116702641578844
119 71 0.01956162622138499
119 65 0.0
119 73 0.0005573992030104184
119 67 0.07302023142724035
119 66 0.056311573989544755
119 72 0.006587812507935092
119 57 0.0996593597159998
119 94 0.09288074615493953
119 80 0.021200218854103878
119 81 0.07213337449624144
119 95 0.013286519279828005
119 56 0.05069956988914736
119 68 0.1463245324071442
119 54 0.04124969585665332
119 83 0.008700928331746963
119 82 0.019833406901518257
119 55 0.05378982415037982
119 69 0.10901643431574601
119 51 0.0038246139120037504
119 79 0.021382087999849027
119 86 0.005822017783003807
119 92 0.09803036609628757
119 93 0.084286669475217
119 87 0.06148213361633437
119 78 0.08489813806437348
119 50 0.008562783742015932
119 52 0.002598141752002402
119 46 0.050382404356930914
119 91 0.0805514078203119
119 85 0.08108106918627095
119 84 0.004506930860807077
119 90 0.08186476657826967
119 47 0.05009026547551157
119 53 0.004456109023881949
