114 76 0.9793515611697362
114 62 1.4085747561899424
114 89 1.1421519271506373
114 88 1.9678604546428098
114 63 1.3067456968718296
114 77 1.015215639342407
114 49 1.0665992393385642
114 61 0.9017539933062428
114 75 0.9194225915661056
114 74 1.093896885271447
114 60 0.9002817530091471
114 48 1.142272813600949
114 64 1.2823504275466084
114 70 1.9369708347694787
114 58 2.859198625863142
114 59 0.9411513007644166
114 71 1.1984913822067502
114 65 0.8610450334730869
114 73 0.8971718907520494
114 67 1.8331826661217938
114 66 1.6279545670178732
114 72 0.9505120042893824
114 57 2.1649897692826463
114 94 2.0827185878650667
114 80 1.228183741721922
114 81 1.8886355072640042
114 95 1.1137295650262464
114 56 1.5158363668175159
114 68 2.6466528793998902
114 54 1.3673775545331197
114 83 1.0729113944190751
114 82 1.107643920292573
114 55 1.5273540565770496
114 69 2.037266209928377
114 51 0.9491400617841822
114 79 1.1648585119681194
114 86 0.9517007199985461
114 92 2.0792647592434057
114 93 1.9880125541895133
114 87 2.0588391354515934
114 78 1.855596304150188
114 50 1.0750825086975322
114 52 0.8887908973856278
114 46 1.612260235407643
114 91 2.043918584037122
114 85 1.9089812136728932
114 84 1.0460617043475855
114 90 1.9372640677120119
114 47 1.4379957275936142
114 53 0.9830853037370235
100 76 0.9026855509987227
100 62 1.2005631392051357
100 89 0.9717612336791939
100 88 1.564217618378932
100 63 1.0573253907773446
100 77 1.0318440640945736
100 49 1.0933563832885278
100 61 0.867555993308902
100 75 0.8483165196939159
100 74 0.9556545025381961
100 60 0.8651596284384887
100 48 1.019689911738949
100 64 1.04042313193299
100 70 1.5184299640907764
100 58 2.205812176762413
100 59 0.8206228728081896
100 71 1.4095489109452048
100 65 0.811263760106251
100 73 0.8198679731715905
100 67 1.6428945279895149
100 66 1.403520954949681
100 72 0.870166545655713
100 57 1.9834063583289627
100 94 1.7924477401285166
100 80 1.4631319318082132
100 81 1.456647077969391
100 95 0.9751435157285088
100 56 1.3257252674513513
100 68 2.264231955903212
100 54 1.086996198994309
100 83 0.9872991551821229
100 82 0.9831028846513818
100 55 1.2956705956343377
100 69 1.6120430433828141
100 51 0.9730442170730307
100 79 0.9973928650078474
100 86 1.025197510829466
100 92 1.6986813536275056
100 93 1.676073474676424
100 87 1.6504890829067005
100 78 1.4975561665527923
100 50 1.139112072805185
100 52 0.9068167969370504
100 46 1.3114108310169275
100 91 1.7613527965972093
100 85 1.652550280827235
100 84 0.9927363463168571
100 90 1.6739977298987356
100 47 1.2063841515684366
100 53 1.0369678664817048
128 76 0.7512454466884559
128 62 0.9815919819914467
128 89 0.8453619855578579
128 88 1.4839036679697215
128 63 0.9502639876726063
128 77 0.8399995608224662
128 49 0.8550959821308565
128 61 0.6796005814152378
128 75 0.6741627699775126
128 74 0.7866004650719686
128 60 0.677817792433263
128 48 0.8588798524030888
128 64 0.8894387655694784
128 70 1.3517636145589005
128 58 1.5516412669650084
128 59 0.7101716378720457
128 71 1.0014428406044882
128 65 0.6167555761105179
128 73 0.6619337036415552
128 67 1.4494577202065293
128 66 1.279877044586597
128 72 0.695282422468712
128 57 1.5820892144994154
128 94 1.6779715899889611
128 80 1.0366068831074282
128 81 1.3020725491339389
128 95 0.8249635644931907
128 56 1.1719827453670788
128 68 2.001780632409938
128 54 0.9419320521993775
128 83 0.8182345459454888
128 82 0.8424501083499913
128 55 1.0490959703503222
128 69 1.4214733074350105
128 51 0.7252574338111138
128 79 0.8878329579491144
128 86 0.7594662498778694
128 92 1.6278481193610495
128 93 1.5575973580569504
128 87 1.5543271694632794
128 78 1.3813001634067905
128 50 0.8564553768613596
128 52 0.6853416033712698
128 46 1.1699277289651533
128 91 1.607206610044393
128 85 1.5183484886972105
128 84 0.7669705356011624
128 90 1.5400330430850073
128 47 1.0730044941150492
128 53 0.788757613303805
129 76 1.1305117651381635
129 62 1.6737641733053394
129 89 1.3414305126775579
129 88 2.352162335682104
129 63 1.630665475806074
129 77 1.2146858952035524
129 49 1.3312956824908073
129 61 1.0715372106409633
129 75 1.0539816028148574
129 74 1.2437895619098285
129 60 1.0680210620685333
129 48 1.4024130923344424
129 64 1.534745381753784
129 70 2.213259656149529
129 58 3.1664621397493007
129 59 1.1110588930297858
129 71 1.5032557935060056
129 65 1.0511878179783842
129 73 1.0540268642722568
129 67 2.2290275989966957
129 66 1.9685651449722361
129 72 1.1063295941100613
129 57 2.716138839831214
129 94 2.596542874113717
129 80 1.5482786139069025
129 81 2.2200481620591925
129 95 1.2505634878180274
129 56 1.8956592881445105
129 68 3.1777126327534413
129 54 1.6368465803681078
129 83 1.282280023063631
129 82 1.39171344957313
129 55 1.7711041104344543
129 69 2.341625547349924
129 51 1.1071252311734636
129 79 1.386520649539681
129 86 1.183671748138492
129 92 2.5201414038368104
129 93 2.398238521621491
129 87 2.405456070275803
129 78 2.1656483909888466
129 50 1.3111110526111103
129 52 1.0467701318364464
129 46 1.9432360114074756
129 91 2.4255731151443367
129 85 2.3122662549223176
129 84 1.212450340229167
129 90 2.3463536018082785
129 47 1.7971671019363609
129 53 1.1755512120884932
101 76 0.7126647072579898
101 62 0.8998338162501742
101 89 0.7454527302416589
101 88 1.1972185114969014
101 63 0.8043997948030559
101 77 0.7604331270582577
101 49 0.807256579387355
101 61 0.6607911469460404
101 75 0.6363716108760585
101 74 0.7099796153947144
101 60 0.6534769413786122
101 48 0.7659217707686686
101 64 0.7923587703879647
101 70 1.1453642742254597
101 58 1.5570634353487613
101 59 0.6534564858120911
101 71 0.9966480965477548
101 65 0.6233488241585786
101 73 0.6226892402990978
101 67 1.2315251143920865
101 66 1.0912729800939605
101 72 0.6593600326796883
101 57 1.4458701100323725
101 94 1.3431352228577174
101 80 1.032710880628014
101 81 1.101384117691589
101 95 0.7534360798544069
101 56 1.0304162191356
101 68 1.705781823849758
101 54 0.8255879429893743
101 83 0.7340113832073935
101 82 0.744449083477529
101 55 0.9545089938579919
101 69 1.211873818740998
101 51 0.7221843474164643
101 79 0.7590731922410059
101 86 0.7542470804304084
101 92 1.295783735850552
101 93 1.2647513315153072
101 87 1.239793795898495
101 78 1.1452175947970018
101 50 0.8344816891466038
101 52 0.6915499441943459
101 46 0.9789883385076563
101 91 1.323363691721398
101 85 1.2272862771894335
101 84 0.7201526300161925
101 90 1.245292238444165
101 47 0.9194344049826912
101 53 0.774809380595248
115 76 0.6957340843371701
115 62 0.8474261436362562
115 89 0.7426141583914572
115 88 1.1485263933048928
115 63 0.6787438453783681
115 77 1.0586538035579327
115 49 0.829867988050698
115 61 0.6421732547470704
115 75 0.6209466847363994
115 74 0.6232150665223595
115 60 0.6215759822340513
115 48 0.7655155077403806
115 64 0.7574272258858507
115 70 1.0559358805257406
115 58 1.1243094598169505
115 59 0.6044363237799976
115 71 0.873802378150299
115 65 0.5550864764966299
115 73 0.6192444691950282
115 67 1.2025723467471408
115 66 1.122287851951927
115 72 0.6750201247580954
115 57 1.2107037053612002
115 94 1.37837630932056
115 80 0.9077340851537079
115 81 0.932563546419295
115 95 0.7242575441367735
115 56 1.164443704466159
115 68 1.6026861376369432
115 54 0.7757651885913226
115 83 0.8309304981811121
115 82 0.6921009038174404
115 55 0.9057364658191975
115 69 1.0380186622998944
115 51 0.6968291316351172
115 79 0.9380956047391387
115 86 0.7086282404635197
115 92 1.3237475269078693
115 93 1.283175318736274
115 87 1.2058979843455153
115 78 1.0556516431450247
115 50 0.7633711270191268
115 52 1.1829812270560809
115 46 1.2097981879341382
115 91 1.3434497002787062
115 85 1.2937393913141757
115 84 0.7098549311108973
115 90 1.3082011774726718
115 47 0.9912688096998826
115 53 0.9655241462493742
103 76 1.4689368307170654
103 62 1.9594028802196362
103 89 1.5269231634547313
103 88 2.2785368963389647
103 63 1.5717604792909208
103 77 1.4971124395156057
103 49 1.5188551725298862
103 61 1.336874033686813
103 75 1.3026625432235484
103 74 1.4399651163051108
103 60 1.3178726826091982
103 48 1.5115647355624762
103 64 1.6137345417702678
103 70 2.4851297409457414
103 58 4.33272927839569
103 59 1.3270110020400834
103 71 1.7202908586884262
103 65 1.3164105904311216
103 73 1.2885364821980565
103 67 2.3556572314733875
103 66 2.127212038376688
103 72 1.3465904802312518
103 57 3.1225368867333967
103 94 2.516884624193784
103 80 1.7733716899152636
103 81 2.3381092456329626
103 95 1.4584370506987372
103 56 2.0774676773686873
103 68 3.4431195006399804
103 54 1.68262488022238
103 83 1.4522928949896108
103 82 1.5169642943309922
103 55 2.051066699660807
103 69 2.58019478990615
103 51 1.4210725578168264
103 79 1.5397814576261282
103 86 1.4547195612630175
103 92 2.476814289847189
103 93 2.4031519895915308
103 87 2.381411818738378
103 78 2.321218275780133
103 50 1.5693009792294934
103 52 1.4110066897985405
103 46 1.918454850763654
103 91 2.5165425182500485
103 85 2.3038081426701305
103 84 1.3864627844223831
103 90 2.372691216520976
103 47 1.77878555560739
103 53 1.498323300615121
117 76 1.0316638633762225
117 62 1.391305845727175
117 89 1.0897759211286528
117 88 1.6780707958239625
117 63 1.032312691809763
117 77 1.3797790209278666
117 49 1.1394275509885268
117 61 0.9468366423242147
117 75 0.971782028497003
117 74 1.0085538967410752
117 60 0.902644816148458
117 48 1.1240739706561327
117 64 1.1292253029182346
117 70 1.7998858402151416
117 58 2.923621234655119
117 59 0.9260713861368628
117 71 1.1534459137755633
117 65 0.8304566781634177
117 73 0.9533747565325148
117 67 1.676461144652958
117 66 1.539302317280957
117 72 1.0160576432623571
117 57 2.040582062971606
117 94 1.880099846004338
117 80 1.1811632991689602
117 81 1.6168310576641525
117 95 1.1050261767843175
117 56 1.5833454297318705
117 68 2.4259952121342057
117 54 1.1730525342213043
117 83 1.2120498438478917
117 82 1.048472065041566
117 55 1.4475438562633993
117 69 1.8324096897831939
117 51 0.976976823402968
117 79 1.3288813135897621
117 86 0.9808071001850385
117 92 1.8596364342521716
117 93 1.7775038313665106
117 87 1.7921854024487192
117 78 1.6798876118279251
117 50 1.0652004155291919
117 52 1.4207615368800888
117 46 1.6875790860383961
117 91 1.851607749866087
117 85 1.7986462866683803
117 84 1.1303653987029392
117 90 1.8085379655707758
117 47 1.319743155213108
117 53 1.1943181464792876
116 76 1.5078412457093702
116 62 1.9593915539176572
116 89 1.5912042046106583
116 88 2.5677488811338534
116 63 1.6104664102824928
116 77 1.6013382171276074
116 49 1.53352895293601
116 61 1.3324936574692774
116 75 1.329967963787437
116 74 1.4563045797768603
116 60 1.2880005779924986
116 48 1.5655452510284265
116 64 1.6465488291688948
116 70 2.663143992212399
116 58 4.061948776986494
116 59 1.383217568291534
116 71 1.5942867460949344
116 65 1.2364162516452528
116 73 1.3141894642230563
116 67 2.5032250557785973
116 66 2.315628325788032
116 72 1.3822735911696653
116 57 3.0204737229936542
116 94 2.7917603292289144
116 80 1.6318332079516862
116 81 2.476082887972841
116 95 1.556332808259408
116 56 2.241324242627113
116 68 3.6609191864542296
116 54 1.7291954222759343
116 83 1.577675460299931
116 82 1.5353546092935857
116 55 2.0620035208490637
116 69 2.7631389917867586
116 51 1.346308969700883
116 79 1.724759553412623
116 86 1.3755439496340118
116 92 2.801332671735243
116 93 2.6642958327305744
116 87 2.693158353947981
116 78 2.5479235490883685
116 50 1.5130001951207386
116 52 1.5275696646639396
116 46 2.1857101936538483
116 91 2.749952082715984
116 85 2.602316704030967
116 84 1.486395386021659
116 90 2.642395436218215
116 47 1.8611567915775327
116 53 1.4778341798452064
102 76 1.009464621733378
102 62 1.4401348366759514
102 89 1.0817668292622165
102 88 1.5239557284585397
102 63 1.1758697370290856
102 77 1.0716946320530747
102 49 1.1481561941607887
102 61 0.9713309956240099
102 75 0.9773392907659728
102 74 1.0858520415993744
102 60 0.9632301198092499
102 48 1.1253489977079394
102 64 1.1852917990728011
102 70 1.7341445778355666
102 58 3.240847256646992
102 59 0.9746487682979679
102 71 1.3666458347332606
102 65 0.9630925463247815
102 73 0.9633657930132228
102 67 1.6179186178721774
102 66 1.3738260450176858
102 72 1.0034716214474462
102 57 2.240059530505007
102 94 1.6537229480938709
102 80 1.4070540882195557
102 81 1.625792263849769
102 95 1.0858796622347915
102 56 1.4220294077721654
102 68 2.342064220092678
102 54 1.2300633145540811
102 83 1.0743865861883766
102 82 1.1045234064201246
102 55 1.409402127714656
102 69 1.7974430340489953
102 51 1.0533421539851133
102 79 1.1008394546340863
102 86 1.0931435183099738
102 92 1.5994024638780553
102 93 1.5595414843890265
102 87 1.5853177452512393
102 78 1.5594778035502077
102 50 1.1592198114506933
102 52 1.0040902300931915
102 46 1.3690644185571499
102 91 1.6082555755715864
102 85 1.541945897682419
102 84 1.0530047018193802
102 90 1.5387922137147452
102 47 1.2726214418719046
102 53 1.0641108804602877
106 76 0.7775538939276431
106 62 1.0714088363763166
106 89 0.833005631653311
106 88 1.318255511344946
106 63 0.9060525719934942
106 77 0.7820062044193304
106 49 0.8368682505798636
106 61 0.7160032381867127
106 75 0.70985798492144
106 74 0.7940813261338348
106 60 0.7029886486205064
106 48 0.8435306265912859
106 64 0.9023042861509879
106 70 1.3909578263956999
106 58 2.3238716333452434
106 59 0.7193603590863235
106 71 0.9673209823044672
106 65 0.6830812648645976
106 73 0.6959848189567841
106 67 1.3098854130132302
106 66 1.1580648671856433
106 72 0.7381552129652934
106 57 1.7024981609401655
106 94 1.4151813050487314
106 80 0.9945272721008426
106 81 1.3196636693301809
106 95 0.8218170965330294
106 56 1.1102219860095275
106 68 1.9139681361232623
106 54 0.949307235927893
106 83 0.8001935922191622
106 82 0.8438524263379248
106 55 1.1202660818854504
106 69 1.460658305926624
106 51 0.7599984227089933
106 79 0.8285127552157541
106 86 0.7841808057905496
106 92 1.3914644726717504
106 93 1.3430912600985625
106 87 1.375898317412108
106 78 1.3096844503502956
106 50 0.8605610190748872
106 52 0.7022280899581426
106 46 1.090809499956352
106 91 1.4004512813499073
106 85 1.2850568574177192
106 84 0.8037414616137658
106 90 1.311647390665423
106 47 0.9992944556112834
106 53 0.7833383703377992
112 76 1.3166909614677504
112 62 1.8252669933511072
112 89 1.39724285636062
112 88 2.1890616575550643
112 63 1.4885856943502014
112 77 1.326440458022787
112 49 1.3989917906957046
112 61 1.2159785230727806
112 75 1.2226380455104513
112 74 1.357724659093099
112 60 1.1804798928576594
112 48 1.4184039144624803
112 64 1.5114074723279864
112 70 2.3796223711172995
112 58 4.083524593759598
112 59 1.2513014523414492
112 71 1.5858168324215844
112 65 1.1494752874896965
112 73 1.1949254922714232
112 67 2.141476681324873
112 66 1.8990226076790393
112 72 1.2806957686342093
112 57 2.7780266624636583
112 94 2.2873279503055044
112 80 1.6195916162319564
112 81 2.223697261910125
112 95 1.4320461793657107
112 56 1.8902077260837364
112 68 3.1782758453726268
112 54 1.5863932111144503
112 83 1.3839477516086438
112 82 1.3836665134025297
112 55 1.8773140497406107
112 69 2.516367296158662
112 51 1.2587301105681437
112 79 1.4467139890898282
112 86 1.2744804004694075
112 92 2.294619295569822
112 93 2.2046011476888334
112 87 2.2771596314297233
112 78 2.217117265635875
112 50 1.4104151225223678
112 52 1.2590199545437828
112 46 1.8763935275624093
112 91 2.2695973440050947
112 85 2.1390078244368222
112 84 1.4076125889924844
112 90 2.147929970962918
112 47 1.643763028688709
112 53 1.2922503792731492
113 76 1.276913465838975
113 62 1.7451319928867766
113 89 1.4386667252271315
113 88 2.442397312701507
113 63 1.589413800653858
113 77 1.4286292485705259
113 49 1.4161200004839702
113 61 1.1744198373208006
113 75 1.1740914143646688
113 74 1.3474952992549636
113 60 1.159996276109895
113 48 1.4580684650777664
113 64 1.5655434679551645
113 70 2.353138970038403
113 58 3.276620096928522
113 59 1.2120675045801237
113 71 1.5681773292732128
113 65 1.1009779612593535
113 73 1.1565371878967303
113 67 2.34175698917399
113 66 2.1050846046799445
113 72 1.2133203696702595
113 57 2.7134594897756803
113 94 2.682735186380093
113 80 1.6130978022425708
113 81 2.274497313350488
113 95 1.4051638383212897
113 56 2.0102211018289697
113 68 3.3267145250820076
113 54 1.6552017693867533
113 83 1.415480331901135
113 82 1.4062024645899251
113 55 1.8628032282891582
113 69 2.4623992919130635
113 51 1.2191082203327233
113 79 1.5473564952631287
113 86 1.255143465140423
113 92 2.6452616413006766
113 93 2.5273341047919167
113 87 2.5441871807856034
113 78 2.3003057471972936
113 50 1.3957370554078734
113 52 1.2899578303545252
113 46 2.056572747494561
113 91 2.5942866843389005
113 85 2.4673066647308057
113 84 1.333102390382766
113 90 2.496647913567056
113 47 1.808766645429933
113 53 1.3321543975061796
107 76 0.7639989490253728
107 62 0.878442515188415
107 89 0.7844375622110873
107 88 1.186130488827512
107 63 0.6837168445594307
107 77 0.7409572533902774
107 49 0.8110870750317277
107 61 0.6764169090847937
107 75 0.6530420688171972
107 74 0.6332004500551877
107 60 0.6927274838479326
107 48 0.7421960357625265
107 64 0.7339987969854611
107 70 0.9418312842392482
107 58 1.078010077742572
107 59 0.6284772855933917
107 71 0.9488376372077322
107 65 0.7114327828843324
107 73 0.6665079125127915
107 67 1.2493789649684748
107 66 1.073103899110728
107 72 0.6246252153355573
107 57 1.3495029967461354
107 94 1.1782877774719216
107 80 0.993427006985459
107 81 0.9032379031110678
107 95 0.7334964079193836
107 56 1.6745445198964433
107 68 1.8953251426340383
107 54 0.7512744483547757
107 83 0.7825522368742897
107 82 0.6467094692574573
107 55 0.967906949000926
107 69 1.02762521572154
107 51 0.7362505680815306
107 79 0.7903561876623696
107 86 0.8069742505703236
107 92 1.1655846308457505
107 93 1.2449101096277977
107 87 1.1243815164228743
107 78 0.9963071886743254
107 50 0.841324563966362
107 52 0.7466034856972165
107 46 0.881848873696484
107 91 1.2568783003108348
107 85 1.0668164034906547
107 84 0.6539376065481735
107 90 1.1028656770851968
107 47 0.8139785614375151
107 53 0.7904387202454315
139 76 0.7749450972663968
139 62 0.9026470026126202
139 89 0.7879862122741277
139 88 1.2764094285343084
139 63 0.8187728539401066
139 77 0.8408417063623665
139 49 0.8202170478898708
139 61 0.6733360630421168
139 75 0.6487286000002914
139 74 0.7138717041023401
139 60 0.6585685203619123
139 48 0.7895963746037681
139 64 0.8024985701310664
139 70 1.212931966185396
139 58 1.4106712622125117
139 59 0.7024880877126356
139 71 0.9314029547609777
139 65 0.616961486413599
139 73 0.6450063011639721
139 67 1.301545196528725
139 66 1.2013660077813708
139 72 0.6945891392077214
139 57 1.4465888928625936
139 94 1.4691617461619422
139 80 0.96553833531256
139 81 1.1256065383300236
139 95 0.7832901302986034
139 56 1.0738875949306093
139 68 1.778501244641968
139 54 0.8341449383157131
139 83 0.7663906710069602
139 82 0.806580608795709
139 55 0.9300955220850097
139 69 1.2317498652238565
139 51 0.7201618567525795
139 79 0.8395339287803906
139 86 0.7550006577446224
139 92 1.421375643152131
139 93 1.357560926357664
139 87 1.3342773165867274
139 78 1.2165818224326745
139 50 0.8203361908411738
139 52 0.792816169103229
139 46 1.0411890531313146
139 91 1.4285015602460747
139 85 1.3111007360115294
139 84 0.6974600378104795
139 90 1.3429282668346896
139 47 0.9847933044654972
139 53 0.820767473327693
111 76 1.6107089798487744
111 62 2.1376526001552585
111 89 1.7035641792629712
111 88 2.8365935402002544
111 63 1.8049825457294486
111 77 1.5148578569656066
111 49 1.623210877507753
111 61 1.4401284736202749
111 75 1.4014146378741652
111 74 1.5870959160107878
111 60 1.3843714426966067
111 48 1.676389342526656
111 64 1.8029370893474963
111 70 2.9442716286054127
111 58 4.55717382334212
111 59 1.5342148479321012
111 71 1.7618129475537412
111 65 1.344105490507406
111 73 1.3784273328760088
111 67 2.6876642341022654
111 66 2.487197345266543
111 72 1.4872939299596355
111 57 3.294820063932767
111 94 2.9734698316492474
111 80 1.7930892069090865
111 81 2.788392750520272
111 95 1.6976361194009817
111 56 2.371249651469757
111 68 3.995843891544402
111 54 1.9053087887134745
111 83 1.628698032411333
111 82 1.6470324059421413
111 55 2.2803856173039843
111 69 3.141146471526526
111 51 1.4323734279133187
111 79 1.7652168444301135
111 86 1.45382885723809
111 92 3.031879096607148
111 93 2.8746465056098716
111 87 2.9251663105750527
111 78 2.8428470775265144
111 50 1.6440151261816038
111 52 1.465759390514428
111 46 2.312656770300568
111 91 2.9369761048059355
111 85 2.7827434502495443
111 84 1.6463824340860413
111 90 2.8061753199325543
111 47 2.013623793002848
111 53 1.4835915761840832
105 76 1.0869730483488882
105 62 1.3253403761864881
105 89 1.1222299332674166
105 88 1.6817387668206611
105 63 1.1927453293786896
105 77 1.166315775968875
105 49 1.3184188995563269
105 61 1.0325017001739427
105 75 1.0015853831323043
105 74 1.0940296706541217
105 60 1.0396949112137863
105 48 1.1762191626453105
105 64 1.135361118675482
105 70 1.5555411411041842
105 58 1.9196232213112114
105 59 1.0144863153690953
105 71 1.7378082663594328
105 65 0.9818676663833554
105 73 0.9852200483300124
105 67 1.876683990642675
105 66 1.5500104581514162
105 72 1.005606042247884
105 57 2.166328089733851
105 94 1.9175903216676071
105 80 1.8109587176293864
105 81 1.4715809624120229
105 95 1.142461003124734
105 56 1.7133725057444407
105 68 2.560138276883428
105 54 1.1647519357789122
105 83 1.1503246366746873
105 82 1.1130474353360065
105 55 1.326449661010874
105 69 1.6517420623369776
105 51 1.1585298370217831
105 79 1.1424571247951283
105 86 1.2630512810551657
105 92 1.7947238192071753
105 93 1.8031932971644304
105 87 1.7149989173530156
105 78 1.579909585529909
105 50 1.361000447231163
105 52 1.01189230259115
105 46 1.3440005422630308
105 91 1.8529478270030868
105 85 1.7862932547982697
105 84 1.1046382221789326
105 90 1.7684268460724764
105 47 1.3063966905849724
105 53 1.1911850973819087
104 76 1.1317546531284801
104 62 1.6710857142645188
104 89 1.2334468367235099
104 88 1.8604894506393592
104 63 1.3219934201356678
104 77 1.142163926982389
104 49 1.1926853988791017
104 61 1.0585487343307638
104 75 1.0593061009159512
104 74 1.1844900628925301
104 60 1.0410883508065578
104 48 1.2378174245134517
104 64 1.3643364258763429
104 70 2.1304468110035897
104 58 4.170058697606713
104 59 1.0409339199967178
104 71 1.3206149923888433
104 65 1.0556892674874494
104 73 1.042753170777295
104 67 1.8542872198886886
104 66 1.6460098319096126
104 72 1.0948971721525145
104 57 2.652531964340373
104 94 1.9762459949448703
104 80 1.3525943481737852
104 81 2.020298612073935
104 95 1.1749641279793326
104 56 1.613321910904053
104 68 2.7994484858151822
104 54 1.4374826935326814
104 83 1.1712195200357742
104 82 1.2470705257454275
104 55 1.7494084077672223
104 69 2.2208921372178616
104 51 1.118035672613015
104 79 1.2204353220755162
104 86 1.1384191600324283
104 92 1.9579966742170878
104 93 1.8921286867647635
104 87 1.9549715970992272
104 78 1.909696928236418
104 50 1.2284033932511444
104 52 1.0651740088898263
104 46 1.6129867825835988
104 91 1.9764911805334684
104 85 1.8001163222200263
104 84 1.1674883531833349
104 90 1.8558435734006307
104 47 1.4552877800316364
104 53 1.1384917117079454
110 76 0.8764797175617334
110 62 1.184035149382758
110 89 0.9746656599499172
110 88 1.620213606124471
110 63 1.0704871676803025
110 77 0.944831935349292
110 49 0.9544118730083418
110 61 0.7917290966942219
110 75 0.8068949244265168
110 74 0.9228734779514848
110 60 0.79097039341568
110 48 0.9663990412592206
110 64 1.0364852007332137
110 70 1.5638329361344876
110 58 2.2344589573594575
110 59 0.8072423169193788
110 71 1.1087224764559505
110 65 0.7537753188015444
110 73 0.7849744474522633
110 67 1.5623749731199739
110 66 1.383199036412805
110 72 0.8397341221519531
110 57 1.7978213536230259
110 94 1.7509235279020794
110 80 1.1403460519310502
110 81 1.506831214766613
110 95 0.9556392242991572
110 56 1.3613747284010485
110 68 2.2299538081034984
110 54 1.0943725542759852
110 83 0.9522954658685343
110 82 0.9380045429654709
110 55 1.3125789875530571
110 69 1.6814469753560863
110 51 0.8371678214968968
110 79 1.0093409593650642
110 86 0.8498482236791759
110 92 1.7434928372191523
110 93 1.6870774321347408
110 87 1.6895893690084676
110 78 1.5518072040878637
110 50 0.9635471540856855
110 52 0.8530712875161256
110 46 1.345389974458079
110 91 1.7292080323409296
110 85 1.6504839567735978
110 84 0.9138756891930938
110 90 1.6630887205832807
110 47 1.1805481686348696
110 53 0.9179923692184271
138 76 0.9585115643747342
138 62 1.1118776734940488
138 89 1.005876499744329
138 88 1.739111542428808
138 63 1.081071145283498
138 77 0.9563481640569336
138 49 1.0016538728980948
138 61 0.8276446115257854
138 75 0.8026110222944998
138 74 0.9105994131019464
138 60 0.8196922549572873
138 48 0.9957654767822078
138 64 1.0447692097391603
138 70 1.5784249846945362
138 58 1.5315692902851747
138 59 0.8826516182813694
138 71 1.1683529436361266
138 65 0.7540821751144835
138 73 0.7940359562057963
138 67 1.7291361741489082
138 66 1.5729041498433893
138 72 0.8377647699304349
138 57 1.7934715396863667
138 94 1.9639819984614022
138 80 1.2125753642688935
138 81 1.4821587038537216
138 95 0.9915136615442179
138 56 1.3626159813154481
138 68 2.361723695368582
138 54 1.0977577712460345
138 83 0.9353012503543069
138 82 1.005142873388355
138 55 1.1492063464009006
138 69 1.61745744317106
138 51 0.8832319244166914
138 79 1.0159711145607255
138 86 0.909566425793836
138 92 1.910012091946832
138 93 1.82616544562266
138 87 1.826166357831949
138 78 1.6215265593049888
138 50 1.0227070007934125
138 52 0.8072215656292355
138 46 1.2905462374421652
138 91 1.9156979401848746
138 85 1.7153430198734543
138 84 0.8488726470162437
138 90 1.7691161179648733
138 47 1.2619567975404897
138 53 0.9565644665324767
140 76 0.8863686013004658
140 62 1.030507703607368
140 89 0.8710642924797319
140 88 1.3744704456093935
140 63 0.8822583445978566
140 77 0.8499321588486506
140 49 0.8853773114051167
140 61 0.7613738973468568
140 75 0.7309628783022987
140 74 0.8122826874944489
140 60 0.7401178082722526
140 48 0.8490098435844515
140 64 0.8561770628755665
140 70 1.3983931630282358
140 58 1.9145137584473753
140 59 0.7898724075044309
140 71 1.0346425263850267
140 65 0.702979648062087
140 73 0.7184338386343763
140 67 1.423154173312137
140 66 1.3017456102761344
140 72 0.7650712519964157
140 57 1.6865673650623219
140 94 1.5486329783351855
140 80 1.0688752252921314
140 81 1.2952731277918867
140 95 0.856004190847454
140 56 1.1897862028018293
140 68 2.0161790970056517
140 54 0.8909037271053741
140 83 0.8305151668525677
140 82 0.8636819928094108
140 55 1.0845134497858027
140 69 1.453974850926598
140 51 0.799799017619016
140 79 0.8894506264919121
140 86 0.8408628591267553
140 92 1.524569558818826
140 93 1.4623791881217252
140 87 1.4345259904862628
140 78 1.381206859097033
140 50 0.9201453115869542
140 52 0.7617547679294651
140 46 1.061019534220414
140 91 1.526811324640713
140 85 1.4385132162191434
140 84 0.8160833588476152
140 90 1.4597532430141946
140 47 0.9885509216228199
140 53 0.8408801946373219
135 76 0.8621696252891299
135 62 1.1543840753719936
135 89 0.976970490655836
135 88 1.6379107629320382
135 63 1.0574847405792958
135 77 1.1783254669531888
135 49 1.0692296016321792
135 61 0.8136490282357492
135 75 0.8134450981957256
135 74 0.884754957969438
135 60 0.8036029520307023
135 48 1.0405748504379244
135 64 1.0481950806761622
135 70 1.4991535893412526
135 58 1.7571300172171653
135 59 0.8062710992234943
135 71 1.1969615073166902
135 65 0.7314100172598286
135 73 0.8092975913104866
135 67 1.659593203500077
135 66 1.4696388762623633
135 72 0.8497940478618312
135 57 1.8250857825791202
135 94 1.9430925538977486
135 80 1.2428081999427154
135 81 1.4093444173249994
135 95 0.9484481792655263
135 56 1.409609477456625
135 68 2.2383528534526795
135 54 1.0968404974020272
135 83 1.0413929228713534
135 82 1.001944412205643
135 55 1.1829032958074557
135 69 1.5243608885899302
135 51 0.8732813699173921
135 79 1.1322190495692213
135 86 0.9238903190768267
135 92 1.8367347025933332
135 93 1.7606678408389367
135 87 1.7317024239571537
135 78 1.5007588092315756
135 50 1.0115512968300344
135 52 1.093518362571929
135 46 1.4921459249532114
135 91 1.8237284105676128
135 85 1.7437432949362737
135 84 0.9098017653062302
135 90 1.769774602280905
135 47 1.3098387428480278
135 53 1.0598032307987928
121 76 0.790908283758188
121 62 1.0267474901434017
121 89 0.8357219055252376
121 88 1.4482257113132317
121 63 1.0417144979035917
121 77 0.9630086353911529
121 49 0.9323997095789986
121 61 0.7388616887636784
121 75 0.7028734711923407
121 74 0.8207518754732649
121 60 0.755237951552091
121 48 0.8936061553767171
121 64 0.9256263282433409
121 70 1.2118325536203693
121 58 1.3823121200476367
121 59 0.6798086105699409
121 71 1.3039803560523557
121 65 0.7297276261452657
121 73 0.6748907051523961
121 67 1.4883221100474522
121 66 1.2713169193564515
121 72 0.7456982544338393
121 57 1.6518276239633707
121 94 1.7763505372993327
121 80 1.3622937891650408
121 81 1.2421611264141432
121 95 0.8196923300321246
121 56 1.139398265251707
121 68 1.9446121264914025
121 54 0.9679190013324795
121 83 0.8145229670938183
121 82 0.8828637873404888
121 55 1.1787355913681457
121 69 1.3922491596935664
121 51 0.8193396562733242
121 79 0.83049929301023
121 86 0.8258715684813115
121 92 1.6674298853028728
121 93 1.6424567311117666
121 87 1.467544254274001
121 78 1.3753232625843643
121 50 0.973333665661305
121 52 0.7047123088504693
121 46 1.120574445952798
121 91 1.6988410122675486
121 85 1.5957765579707415
121 84 0.8222437313467196
121 90 1.6361710730890988
121 47 1.1546673838830108
121 53 0.9747593799794861
109 76 0.9907250310069682
109 62 1.3409360685356122
109 89 1.0588626191868231
109 88 1.786792095101706
109 63 1.1106904253979413
109 77 1.0130074344738877
109 49 1.07586153658449
109 61 0.914884353444125
109 75 0.8953259872424787
109 74 1.0021581996602253
109 60 0.8783379760699473
109 48 1.0713570835402135
109 64 1.1459392485340762
109 70 1.826290717096003
109 58 2.798268920922583
109 59 0.9034171799748983
109 71 1.2742445489540724
109 65 0.8329693138033144
109 73 0.8624665229892413
109 67 1.7168703767710045
109 66 1.5324094153545094
109 72 0.9511534871416447
109 57 2.0666951165039618
109 94 1.8681143926129646
109 80 1.3042603218260462
109 81 1.7105495512454594
109 95 1.0799729192872178
109 56 1.4707496795478878
109 68 2.5138859187825084
109 54 1.2115510729503183
109 83 1.0478310789313376
109 82 1.0051018307602761
109 55 1.4629051401578845
109 69 1.9451316334830675
109 51 0.9613263454996596
109 79 1.0956654653641964
109 86 0.971204747872182
109 92 1.8725857836986473
109 93 1.8110325184067386
109 87 1.8489495706825545
109 78 1.747431743026241
109 50 1.1058154300103415
109 52 0.998804826189152
109 46 1.5076701545622953
109 91 1.8757531350972756
109 85 1.7516686933123509
109 84 1.1450869489232411
109 90 1.7639651157336087
109 47 1.2973295539646064
109 53 1.0237427281242644
108 76 1.7018447458979773
108 62 2.352547372866015
108 89 1.8623607335949455
108 88 3.070648060198909
108 63 2.03015309518863
108 77 1.718178095369401
108 49 1.7967308162541271
108 61 1.5515984239718454
108 75 1.5226937060159038
108 74 1.738494986077762
108 60 1.514799571273489
108 48 1.8670162009146187
108 64 2.017711287488752
108 70 3.151826493323718
108 58 4.993234549557193
108 59 1.6297293445801178
108 71 1.9441551394772978
108 65 1.4874161903849217
108 73 1.5098751113118638
108 67 2.94092024327263
108 66 2.6928437979842093
108 72 1.602396453395227
108 57 3.6978640198524664
108 94 3.2935837125617162
108 80 1.9891562383978219
108 81 3.027589867630419
108 95 1.8176912970527883
108 56 2.5574362408303775
108 68 4.313625535455589
108 54 2.1330300364522667
108 83 1.7744036737549633
108 82 1.8628504596771602
108 55 2.481125133910421
108 69 3.3176063746024966
108 51 1.5896961392267541
108 79 1.9308030954580824
108 86 1.6307154105262538
108 92 3.2885988452234693
108 93 3.127008344175759
108 87 3.1835401271690484
108 78 3.0147414271678503
108 50 1.8049339422565942
108 52 1.619044923216027
108 46 2.5524276484190995
108 91 3.2213207551772256
108 85 2.9936781656076485
108 84 1.7079773932348867
108 90 3.053440102726967
108 47 2.2916523709609082
108 53 1.6700245631523998
120 76 0.567752962297728
120 62 0.755119442534169
120 89 0.6544709377348199
120 88 1.109102834409782
120 63 0.7586870020457916
120 77 0.6832072084010133
120 49 0.7160917491114149
120 61 0.547804283602428
120 75 0.5454720591903144
120 74 0.6540793485009598
120 60 0.5712231501618623
120 48 0.6762104055503866
120 64 0.6940076926378268
120 70 0.9470864140203693
120 58 1.0656315013413866
120 59 0.5342050103598005
120 71 0.9633658432219324
120 65 0.5362517491862537
120 73 0.5269580857451609
120 67 1.1505206759978963
120 66 0.967155685555996
120 72 0.5401285967221391
120 57 1.2473623264260671
120 94 1.309190765920846
120 80 1.005567848308957
120 81 0.9555667445005737
120 95 0.6423270687613254
120 56 0.9055526023438321
120 68 1.5204621582184354
120 54 0.7282247715950064
120 83 0.6423620737951916
120 82 0.6494130651826008
120 55 0.849688681031702
120 69 1.0407467898323337
120 51 0.6263742645324158
120 79 0.6621356283417918
120 86 0.6561905790963902
120 92 1.2358446798874103
120 93 1.2234558101047153
120 87 1.167828058361234
120 78 1.0169478566918304
120 50 0.7477181332932117
120 52 0.5184604992993015
120 46 0.8600110403590733
120 91 1.2694130164865358
120 85 1.2045412739952566
120 84 0.5876297805812004
120 90 1.221120668949557
120 47 0.8320556019022228
120 53 0.676613304314826
134 76 0.7850013958366797
134 62 1.0599157118072247
134 89 0.8540468165470558
134 88 1.3821821285581846
134 63 0.9286478021457885
134 77 1.065159767638297
134 49 1.050988038899612
134 61 0.7892601247173137
134 75 0.764291513499646
134 74 0.8249847707398636
134 60 0.7841625895653601
134 48 0.9481711011866533
134 64 0.9285349838869679
134 70 1.3257280246009837
134 58 1.744485596164695
134 59 0.713979032872991
134 71 1.3739105596592533
134 65 0.7198605829548218
134 73 0.7456949457112938
134 67 1.535965762959191
134 66 1.2820391882140234
134 72 0.8069580657993232
134 57 1.8127551676675575
134 94 1.7414193870842394
134 80 1.4329588124151582
134 81 1.2196485114291638
134 95 0.8278862724654281
134 56 1.1904413234727056
134 68 2.0330227675385615
134 54 0.9635028098520962
134 83 0.9416620617909917
134 82 0.9286577020106379
134 55 1.0917423172232097
134 69 1.3736796872218329
134 51 0.8786292650991391
134 79 0.9499024030971105
134 86 0.9453520580889334
134 92 1.5799713648447786
134 93 1.556976508095171
134 87 1.4898741304804555
134 78 1.3159843707528749
134 50 1.051912541874742
134 52 0.9615301428179728
134 46 1.2517755751221022
134 91 1.6331969770051107
134 85 1.552713926980615
134 84 0.8985286587726405
134 90 1.582568059264975
134 47 1.1553297018708428
134 53 1.0263129528857222
122 76 0.8704931081646351
122 62 1.1042941839254674
122 89 1.0150976602567188
122 88 1.5360789178802494
122 63 1.1726743282378873
122 77 1.0128409045642364
122 49 1.1623095732249527
122 61 0.8367093376663419
122 75 0.8164053234823057
122 74 1.0093003093650241
122 60 0.8683145051293797
122 48 1.0190329671847786
122 64 0.989874979080853
122 70 1.4011659087187691
122 58 1.5400769413669457
122 59 0.8160000695481607
122 71 1.588529133335522
122 65 0.7738751381174488
122 73 0.785545781673959
122 67 1.7630249194953453
122 66 1.439129814534747
122 72 0.7852318910977136
122 57 1.9639650599654248
122 94 1.8799850714265334
122 80 1.6622620669536536
122 81 1.4046572526096779
122 95 0.9031530131282258
122 56 1.2861386837650488
122 68 2.246366384902926
122 54 1.0340080085612053
122 83 0.9786002678647947
122 82 0.9649781860977588
122 55 1.2403530132603717
122 69 1.4666499383302707
122 51 1.0012710208073234
122 79 0.9925028658818718
122 86 1.1438721972414634
122 92 1.738112121562974
122 93 1.7041562699967132
122 87 1.6286236923786106
122 78 1.436434911665647
122 50 1.2277631438346694
122 52 0.7962699280774338
122 46 1.2599539051750601
122 91 1.7367500895418064
122 85 1.9132193442691692
122 84 0.968925232378172
122 90 1.842419790699385
122 47 1.169198098335939
122 53 1.0210202642424622
136 76 0.5881156875197971
136 62 0.7516892259620556
136 89 0.6286023519477808
136 88 1.0688069978978727
136 63 0.6807951229689012
136 77 0.7205960869140564
136 49 0.674324721448753
136 61 0.5289422971630091
136 75 0.5286829170010413
136 74 0.5800627344923828
136 60 0.5169426551397505
136 48 0.6655878767518499
136 64 0.6604614761410779
136 70 0.9662631852582259
136 58 1.1910103337684868
136 59 0.5351345111441068
136 71 0.7453986280561634
136 65 0.473635457857296
136 73 0.5243560634847588
136 67 1.0468285296030282
136 66 0.9460156777827994
136 72 0.5454449669481103
136 57 1.1952768735904973
136 94 1.2082598586524833
136 80 0.772490045030631
136 81 0.9370120048379494
136 95 0.6386582770370006
136 56 0.935801263692203
136 68 1.4573023082430117
136 54 0.6923760908121983
136 83 0.6554309101373468
136 82 0.6467566757966634
136 55 0.7840311313931496
136 69 0.9999360869054652
136 51 0.5690613074838686
136 79 0.7138001840857038
136 86 0.6021969568758945
136 92 1.1598719469959056
136 93 1.1127842800897612
136 87 1.1062211957180395
136 78 0.9786399952128889
136 50 0.6538591166992618
136 52 0.6433544542840736
136 46 0.9154892900597862
136 91 1.1634116115234223
136 85 1.0761174130573117
136 84 0.601282339996367
136 90 1.0968395378500853
136 47 0.8166014311508643
136 53 0.6540955427839256
137 76 1.0322589612529438
137 62 1.1607331238553937
137 89 1.0383028723281533
137 88 1.7501421174366125
137 63 1.0909654520557266
137 77 0.9790451887448085
137 49 1.0163070825545675
137 61 0.8872855565804436
137 75 0.8104709390533898
137 74 0.936890775279641
137 60 0.8578693658158036
137 48 1.0049592844764017
137 64 1.0394410177061384
137 70 1.6339331549290315
137 58 1.7705190685805001
137 59 0.9938392235292045
137 71 1.0973856130382782
137 65 0.808197098454684
137 73 0.8139750646885726
137 67 1.7144045526692047
137 66 1.6598007029407422
137 72 0.8649349264835731
137 57 1.849805294831609
137 94 1.968963993215632
137 80 1.128541288059849
137 81 1.5817039514322113
137 95 1.019383070648118
137 56 1.482106932831966
137 68 2.396032083086688
137 54 1.085082763517892
137 83 0.9705325350439802
137 82 1.0102351057993468
137 55 1.2364061886150832
137 69 1.718103082568188
137 51 0.8769513004153067
137 79 1.1168692614558493
137 86 0.917502886256433
137 92 1.977080071195445
137 93 1.8543734207554883
137 87 1.7873728234372288
137 78 1.7019151037367806
137 50 1.0236095934732719
137 52 0.946750612438459
137 46 1.3528509549015157
137 91 1.8990080031479648
137 85 1.828602833591813
137 84 0.8804783626214457
137 90 1.8447016964199106
137 47 1.2520041120194538
137 53 0.952527770212229
123 76 0.8794761641475782
123 62 1.1302497179981144
123 89 0.9208262643268713
123 88 1.5856195898733434
123 63 1.048106325074052
123 77 1.1061798146965234
123 49 1.1827626259353297
123 61 0.8865148407386695
123 75 0.8500105015126228
123 74 0.9490631015152731
123 60 0.8939094537787717
123 48 1.0514674455465371
123 64 1.0140248494438204
123 70 1.4150433554890682
123 58 1.6496203667421403
123 59 0.7856189956152176
123 71 1.7031422350393288
123 65 0.8193503297112964
123 73 0.8165281457550922
123 67 1.771931710215118
123 66 1.4353160277304617
123 72 0.8749356092476912
123 57 2.0667864668688702
123 94 2.0096630521108416
123 80 1.7845670466576564
123 81 1.3411153657188182
123 95 0.9447800883708319
123 56 1.2597081916749815
123 68 2.307373522075889
123 54 1.0538069962031353
123 83 0.9925187184278246
123 82 1.048282279044399
123 55 1.1675987909517398
123 69 1.500590611469609
123 51 1.0225615282282283
123 79 0.9595618299838857
123 86 1.1005613075466423
123 92 1.7847195059628431
123 93 1.7904849497816588
123 87 1.7071783881946139
123 78 1.4696256006408757
123 50 1.2437384591830238
123 52 0.8261901745230137
123 46 1.2366513108787833
123 91 1.9174856471503947
123 85 1.7039121555731633
123 84 0.9962589919917265
123 90 1.7710580182418507
123 47 1.2689958055863526
123 53 1.108193144652916
127 76 1.2929926542134373
127 62 1.614151818950074
127 89 1.3982173740817756
127 88 2.4552594643290995
127 63 1.5323441199925505
127 77 1.445936196560974
127 49 1.5411538812980274
127 61 1.2010493172771142
127 75 1.162024355644967
127 74 1.3542762659182284
127 60 1.19442396099776
127 48 1.4651642013048232
127 64 1.4675779719475972
127 70 2.1885692627869378
127 58 2.4132912061399625
127 59 1.22713231847713
127 71 1.9304284178643043
127 65 1.0711476614591138
127 73 1.1315989245328426
127 67 2.458542251696695
127 66 2.1696155684763316
127 72 1.203724535051396
127 57 2.71288401114251
127 94 2.789811520045534
127 80 2.00489744998885
127 81 2.1178352839657912
127 95 1.4609593227387627
127 56 1.9128634241435702
127 68 3.336433426373226
127 54 1.5431411390037741
127 83 1.381224040733269
127 82 1.4457606420752616
127 55 1.7216142267576606
127 69 2.29738891419217
127 51 1.3495993802186115
127 79 1.4663002970531236
127 86 1.4221254942574477
127 92 2.657419680416413
127 93 2.578312537973109
127 87 2.593672949845978
127 78 2.2551843231111546
127 50 1.594579788975898
127 52 1.2239747380239425
127 46 1.910398110299536
127 91 2.738449810002989
127 85 2.457307173111218
127 84 1.328998175720213
127 90 2.519278072708394
127 47 1.8158301304813405
127 53 1.4256842789129585
133 76 0.6414305089616509
133 62 0.9183328866244405
133 89 0.7392565534100749
133 88 1.252218335745351
133 63 0.8916039275297941
133 77 0.883216389080604
133 49 0.8737888549094879
133 61 0.6374533010059534
133 75 0.6273259721409183
133 74 0.7000103238430057
133 60 0.6398904167458151
133 48 0.8379278224571444
133 64 0.8337781971829179
133 70 1.1128853504793608
133 58 1.4212103171313208
133 59 0.6013706647797841
133 71 1.0667614540308152
133 65 0.5973704766171034
133 73 0.6263855681123384
133 67 1.307659864440076
133 66 1.104803772911549
133 72 0.6497993051008201
133 57 1.5737798382589574
133 94 1.5392866056414867
133 80 1.1137638545702735
133 81 1.107844290758448
133 95 0.6959632250881242
133 56 1.0894322876393139
133 68 1.7496647921869126
133 54 0.8751252878446578
133 83 0.7974205616041773
133 82 0.825425925652506
133 55 0.9377139931898115
133 69 1.1520320040552547
133 51 0.7034564892384756
133 79 0.8347734373390069
133 86 0.7809818337386298
133 92 1.3997108501013937
133 93 1.356888838459679
133 87 1.3044987464105642
133 78 1.120668805625154
133 50 0.8452240785736256
133 52 0.7440597588866055
133 46 1.1204766798203287
133 91 1.3978877904783424
133 85 1.3469178738697678
133 84 0.7187341155416097
133 90 1.368886447034271
133 47 1.0469524306638736
133 53 0.8141351816939388
132 76 1.0755164812249374
132 62 1.4211978845982816
132 89 1.2467663609724573
132 88 2.1963517045397265
132 63 1.3785624017759421
132 77 1.3529772429540916
132 49 1.2540086952171445
132 61 0.9783568020240538
132 75 0.9755237879613985
132 74 1.1059123002537852
132 60 0.9646796666181978
132 48 1.280976970752899
132 64 1.3559247793454243
132 70 1.9549117818276356
132 58 2.084546347828954
132 59 1.0341239787469008
132 71 1.3286237261741076
132 65 0.8853352267900518
132 73 0.9735303493700412
132 67 2.0830553758736783
132 66 1.9148769947498465
132 72 1.0391907748618827
132 57 2.169898499259944
132 94 2.4735148927248445
132 80 1.3717308327309592
132 81 1.87495765151434
132 95 1.2248726161668904
132 56 1.7487488494957757
132 68 2.836797910695188
132 54 1.4329270180162683
132 83 1.2455428136314968
132 82 1.244121559812807
132 55 1.4982042337653327
132 69 1.9952197636579008
132 51 1.0344786526857597
132 79 1.403101278342323
132 86 1.0680769990957166
132 92 2.4076436868919906
132 93 2.2788009915444314
132 87 2.296056778639251
132 78 1.9734761284646751
132 50 1.1858394450927292
132 52 1.301310899953629
132 46 1.914087896104768
132 91 2.3586549666972583
132 85 2.2025969276679245
132 84 1.0853798037546782
132 90 2.243195316215509
132 47 1.6980901914077646
132 53 1.2481717222313173
126 76 0.7834561213608953
126 62 1.0041616438943402
126 89 0.8401840260184025
126 88 1.395001733763813
126 63 0.9810300859715151
126 77 0.9358471327627113
126 49 1.0203906689024884
126 61 0.7860935905420798
126 75 0.729515171998484
126 74 0.8421709688887691
126 60 0.8069325028331074
126 48 0.9118045354620404
126 64 0.9275552428179893
126 70 1.2592056658729294
126 58 1.4738608213831998
126 59 0.7328251746701805
126 71 1.4008705584816266
126 65 0.7141324935185904
126 73 0.7082681308971843
126 67 1.5374108590981979
126 66 1.2792638720641125
126 72 0.7542544108934047
126 57 1.7515540091069282
126 94 1.7896282988860535
126 80 1.4639064973646116
126 81 1.2287389463779028
126 95 0.8144286924151913
126 56 1.1320191689991441
126 68 2.0094604529476023
126 54 0.9611435150509485
126 83 0.8655249932428711
126 82 0.8876371619363134
126 55 1.0727600714894372
126 69 1.3456909189561106
126 51 0.8740928509054798
126 79 0.8744812873575666
126 86 0.9396583287266218
126 92 1.6471646203850479
126 93 1.6271066682830002
126 87 1.4966668013004634
126 78 1.31085146550893
126 50 1.0712213324513624
126 52 0.7205698260417666
126 46 1.1160109530386566
126 91 1.6874188092851965
126 85 1.658109710003253
126 84 0.7943162254294514
126 90 1.6783879529014263
126 47 1.071973919892576
126 53 0.9238664953985019
118 76 0.8570771196549685
118 62 1.208184419003991
118 89 0.9477658538790114
118 88 1.56279455830942
118 63 1.0257603122029382
118 77 1.0847529087912353
118 49 1.0600720950388507
118 61 0.8287501946604503
118 75 0.8339719503881806
118 74 0.9351307320254701
118 60 0.8237376090789802
118 48 1.0220107306049133
118 64 1.0308804716027609
118 70 1.5139635209342734
118 58 2.30602707570626
118 59 0.7859944263133093
118 71 1.297850408644344
118 65 0.7514040823618185
118 73 0.8073770049305882
118 67 1.5761714593287883
118 66 1.3466045498953776
118 72 0.8582476516777147
118 57 1.9417500746543053
118 94 1.7557023000699516
118 80 1.3448268170855369
118 81 1.4470363043037175
118 95 0.98924102202847
118 56 1.3268617539515504
118 68 2.210940580908121
118 54 1.0814806514174036
118 83 0.99133142332567
118 82 0.9769343949161823
118 55 1.2824617296725296
118 69 1.587657582060244
118 51 0.9439819383187364
118 79 1.030691181805602
118 86 0.9741924721064982
118 92 1.6645457607704772
118 93 1.6375804162196232
118 87 1.6575678173270678
118 78 1.4685212661850455
118 50 1.0743510792456752
118 52 0.9570171084094625
118 46 1.370058702595511
118 91 1.7415689911532144
118 85 1.5737048724719709
118 84 0.9755586146070808
118 90 1.6109806367513742
118 47 1.2232448891992986
118 53 1.0253059381494385
130 76 0.6855011922167787
130 62 0.9047541787363534
130 89 0.7842543173522155
130 88 1.3460023448826515
130 63 0.864868165576335
130 77 0.8413003448978555
130 49 0.797184275234547
130 61 0.638004184720448
130 75 0.6338506489359176
130 74 0.7294495227372456
130 60 0.6363252210711275
130 48 0.8022813966319835
130 64 0.8477524718115748
130 70 1.2123305696258386
130 58 1.4138237807593
130 59 0.6577527873023332
130 71 0.8910746170340836
130 65 0.5890184390739245
130 73 0.6269450541888983
130 67 1.3051824380786494
130 66 1.172372440267859
130 72 0.6512833865063489
130 57 1.4009909215638736
130 94 1.5237796440209497
130 80 0.9216178511377032
130 81 1.1805130969283382
130 95 0.7682694627926536
130 56 1.1236604357561242
130 68 1.7880670345919378
130 54 0.8920000159125637
130 83 0.7902040977824714
130 82 0.7601099986325314
130 55 0.9648558600155538
130 69 1.2548098980449027
130 51 0.6699538456870757
130 79 0.8794534037258954
130 86 0.6982517358116684
130 92 1.4821643108398006
130 93 1.4195350315236015
130 87 1.4016843870639157
130 78 1.2193553376771376
130 50 0.770217866537812
130 52 0.7660658239293137
130 46 1.1524711771858103
130 91 1.456660259052426
130 85 1.4019345596402524
130 84 0.7067146971641909
130 90 1.4135138201745783
130 47 1.0141676128800592
130 53 0.7665244261919022
124 76 0.7535557622331742
124 62 0.9950404626368777
124 89 0.8569587416233843
124 88 1.499497764212703
124 63 0.9620696183621564
124 77 0.9307990489041619
124 49 1.00357862384743
124 61 0.7415244290654283
124 75 0.741485902311429
124 74 0.8707128263962648
124 60 0.7565203469017292
124 48 0.9335059132821781
124 64 0.9320947777688693
124 70 1.304590178520667
124 58 1.4447197967746028
124 59 0.7140138763261875
124 71 1.338813505867685
124 65 0.659262143416232
124 73 0.7122544087584959
124 67 1.5419111398555618
124 66 1.2820637471531258
124 72 0.7442446338692035
124 57 1.7117295235079677
124 94 1.7251859818418727
124 80 1.3976334993984745
124 81 1.2684022694539223
124 95 0.9154764536471236
124 56 1.1431259603995652
124 68 2.0446231156957904
124 54 0.9799018434060018
124 83 0.8732133090087691
124 82 0.901374545409913
124 55 1.0497616698455452
124 69 1.347986275447091
124 51 0.8915901397389716
124 79 0.8902456319333999
124 86 0.9453288384041967
124 92 1.5903638978399874
124 93 1.57818898919576
124 87 1.6167310045545984
124 78 1.3180902636324228
124 50 1.0487783192177573
124 52 0.731207421329722
124 46 1.184693196445255
124 91 1.7038623239681556
124 85 1.4948138125744086
124 84 0.8412689815751392
124 90 1.538339588469272
124 47 1.1394947757843341
124 53 0.9169832342635488
125 76 0.8629123967870289
125 62 1.113162222047372
125 89 0.9667961667167088
125 88 1.6053566825490178
125 63 1.041837900389665
125 77 0.9248462658194262
125 49 1.0641012555722948
125 61 0.8223877922231342
125 75 0.8072386333263447
125 74 0.9003602088432693
125 60 0.8472106458773235
125 48 0.9928448426579085
125 64 1.0036821050977447
125 70 1.3527228287543516
125 58 1.5649420483667602
125 59 0.7849477784423886
125 71 1.3733884987406015
125 65 0.8077558054394759
125 73 0.7973759895671011
125 67 1.6697518542856649
125 66 1.3854079496588978
125 72 0.788750538440826
125 57 1.8656242628572017
125 94 1.771015514715018
125 80 1.4346173960922388
125 81 1.3386030292258722
125 95 0.9363502916225379
125 56 1.5993104242360083
125 68 2.33657943089352
125 54 1.0499192279880387
125 83 0.9596425330286941
125 82 0.9280617239942253
125 55 1.2033573306162715
125 69 1.451355040854309
125 51 0.9311190223132353
125 79 0.9629824848570651
125 86 1.0213165159518183
125 92 1.67327378178654
125 93 1.6969764905681153
125 87 1.6387182121675201
125 78 1.3968253856470703
125 50 1.1113671739019155
125 52 0.7556621826491825
125 46 1.2148929239434159
125 91 1.7487923401689591
125 85 1.5906085984375866
125 84 0.8798302571164212
125 90 1.6198707396407281
125 47 1.1583764293440317
125 53 0.948029951114818
131 76 0.9829623381442094
131 62 1.4409818591217478
131 89 1.1832549104206882
131 88 2.0992166498216496
131 63 1.4442454651385894
131 77 1.009350303289599
131 49 1.1348382937826722
131 61 0.9303384047542296
131 75 0.9207151286791915
131 74 1.12457107015348
131 60 0.9389262488005204
131 48 1.2133064416197845
131 64 1.3738604806832913
131 70 1.942097605817208
131 58 2.708187242440828
131 59 0.9769162163633606
131 71 1.3015225009917657
131 65 0.9264994086258539
131 73 0.9133491584532223
131 67 1.947667278582394
131 66 1.7329748823347413
131 72 0.9593785098471341
131 57 2.3093331075889716
131 94 2.263448128187352
131 80 1.3398127893245604
131 81 1.9780410680288887
131 95 1.1252126160054936
131 56 1.6109614936845895
131 68 2.7609748008404615
131 54 1.4679450841282775
131 83 1.0933652397626599
131 82 1.199330355543259
131 55 1.5620265085232705
131 69 2.051479456255587
131 51 0.9786475906033965
131 79 1.19521023318495
131 86 1.0241013529998553
131 92 2.218518125510718
131 93 2.119180778335044
131 87 2.1551614654651385
131 78 1.8957513703361313
131 50 1.1396659357159886
131 52 0.8737263416472247
131 46 1.6924764735684967
131 91 2.1625985787009046
131 85 2.0166408305873973
131 84 1.034578588046606
131 90 2.0539043754715416
131 47 1.584962104352987
131 53 1.0098372481207272
119 76 0.8715397096764792
119 62 1.1437212764773308
119 89 0.9033445546819099
119 88 1.4004280351871214
119 63 0.8651553100206711
119 77 1.130389476314207
119 49 0.9397941218260346
119 61 0.7808610900951797
119 75 0.8259495898920393
119 74 0.8776321350245337
119 60 0.7562543660483074
119 48 0.9340080278332421
119 64 0.9129641909801839
119 70 1.464260256658723
119 58 2.386262043276724
119 59 0.7840656076818499
119 71 0.9583040659834606
119 65 0.6867822900945539
119 73 0.8079167383815595
119 67 1.38875281272937
119 66 1.2668470095348996
119 72 0.8337377556881034
119 57 1.7138860040292825
119 94 1.555006062473389
119 80 0.984172968836929
119 81 1.3498009083441898
119 95 0.950914334731676
119 56 1.32491408436397
119 68 2.0212051081748106
119 54 0.9479138964431624
119 83 1.0046269058982553
119 82 0.8908936723183897
119 55 1.1901469583155688
119 69 1.499586468479521
119 51 0.8224603145311424
119 79 1.101160084283656
119 86 0.8299572351744242
119 92 1.5341422119203048
119 93 1.474430659701928
119 87 1.5093251556084584
119 78 1.386808104047163
119 50 0.8930770312094916
119 52 1.0665868847231208
119 46 1.3280968775327635
119 91 1.5561692904998603
119 85 1.4696467040835373
119 84 0.9023898560167174
119 90 1.4880260531640936
119 47 1.0522250474667456
119 53 0.9474149438111664
