114 76 0.08928748441514608
114 62 0.18551193384560818
114 89 0.14427404403314523
114 88 0.361984395081954
114 63 0.20718497277943268
114 77 0.07225347977491511
114 49 0.1243684148016101
114 61 0.07759572199803963
114 75 0.07132795705499823
114 74 0.11449737521551626
114 60 0.07875432267325819
114 48 0.14368310769608944
114 64 0.17102328224478633
114 70 0.3063481440326531
114 58 0.3660853769116703
114 59 0.11112818511769482
114 71 0.14680390416387212
114 65 0.07464763691304446
114 73 0.07483914985823975
114 67 0.3126536946421785
114 66 0.2694261619349383
114 72 0.09191994287431579
114 57 0.3612401198314634
114 94 0.39590040766802137
114 80 0.15218741733511462
114 81 0.306374875526356
114 95 0.12335588192243885
114 56 0.23135962811892405
114 68 0.48431385269291816
114 54 0.19276330238415892
114 83 0.11262816296044847
114 82 0.16237968864911254
114 55 0.19970165395908704
114 69 0.3449704192315767
114 51 0.07157463502993838
114 79 0.13360022180938597
114 86 0.0881850690227082
114 92 0.38936635054800206
114 93 0.3576434085841682
114 87 0.3713656902286768
114 78 0.3221037759038954
114 50 0.11949181647931112
114 52 0.04716950288754143
114 46 0.24325204309968332
114 91 0.3565061464160979
114 85 0.3230388610586352
114 84 0.08881787518091816
114 90 0.332155252871174
114 47 0.2367465228273277
114 53 0.08273669428945757
100 76 0.08584567388587208
100 62 0.14743301080140608
100 89 0.11241856103009443
100 88 0.28405742684403446
100 63 0.1495011187601152
100 77 0.06650549217656271
100 49 0.11651562630511009
100 61 0.07514262119558238
100 75 0.056517113449317924
100 74 0.08130438859192918
100 60 0.07075582225872637
100 48 0.11523836013382968
100 64 0.12291075776165819
100 70 0.24134699414640623
100 58 0.27482768843978045
100 59 0.10270663372237071
100 71 0.14213238448908766
100 65 0.06187636348693146
100 73 0.06109673736679558
100 67 0.2634801975063207
100 66 0.23509899423027683
100 72 0.07611814900026481
100 57 0.31592056367942645
100 94 0.3276586747490652
100 80 0.148389932844631
100 81 0.23441761680443593
100 95 0.10124994048130448
100 56 0.1953287556672689
100 68 0.4099506322846753
100 54 0.13657627475406706
100 83 0.09312491973886489
100 82 0.13498800946293799
100 55 0.14871122673071602
100 69 0.27627964384187664
100 51 0.06674977690388886
100 79 0.1055419407110679
100 86 0.08755153186531378
100 92 0.31717112278433157
100 93 0.2898319024058177
100 87 0.2907513279658154
100 78 0.2659255789002951
100 50 0.11595628981827982
100 52 0.05091391530098613
100 46 0.18227065792089112
100 91 0.29384776153398806
100 85 0.2627147276519567
100 84 0.07163476002698774
100 90 0.2717381255919247
100 47 0.18090549633778139
100 53 0.07861284455553175
128 76 0.09589008474268276
128 62 0.17466467934562743
128 89 0.13787906360143312
128 88 0.3499789894191272
128 63 0.19633223650716838
128 77 0.0808783597769698
128 49 0.13453624715368623
128 61 0.08486621253541049
128 75 0.06660348053818724
128 74 0.09747927449317645
128 60 0.08074808401288006
128 48 0.14570781218626563
128 64 0.16225717979232154
128 70 0.28674275895838053
128 58 0.2915226932187981
128 59 0.11740892311050433
128 71 0.14901899842581892
128 65 0.07264296512504803
128 73 0.0740445812441333
128 67 0.31342221442048024
128 66 0.28062244470670694
128 72 0.08677197711234239
128 57 0.3650462440454598
128 94 0.40076703110360046
128 80 0.15564055533643914
128 81 0.28728840591948535
128 95 0.11769074032272325
128 56 0.23187368050709953
128 68 0.47699578170755363
128 54 0.1811078230628199
128 83 0.11236278265303773
128 82 0.16585991755984805
128 55 0.1705973222196053
128 69 0.31695437373161484
128 51 0.07437733824692153
128 79 0.13236447482092106
128 86 0.0992044685745258
128 92 0.3849923180610414
128 93 0.3487216118402663
128 87 0.3545931445509638
128 78 0.3105165969710967
128 50 0.1268054214771135
128 52 0.05428115437815767
128 46 0.23376025199944903
128 91 0.350241119484753
128 85 0.3145259484887961
128 84 0.08386455250419095
128 90 0.3260715027779967
128 47 0.23372014183923925
128 53 0.08777948661145116
129 76 0.17735637246603161
129 62 0.35096389775800974
129 89 0.2712127379243092
129 88 0.6162156530920696
129 63 0.40530269283850273
129 77 0.1770811799320137
129 49 0.2706942201186905
129 61 0.1743852650754333
129 75 0.15368821896228083
129 74 0.20941832396634366
129 60 0.17315910431250928
129 48 0.3006072466203946
129 64 0.333753602928354
129 70 0.505313358957668
129 58 0.597196073691948
129 59 0.21874791154878578
129 71 0.2964033764884989
129 65 0.17515999081634212
129 73 0.16890112115761338
129 67 0.5482581491940896
129 66 0.4786606366958923
129 72 0.1880028353691273
129 57 0.6799734153621423
129 94 0.7025696505738719
129 80 0.30765463318026687
129 81 0.5292718075351757
129 95 0.22231108823815135
129 56 0.4277908560013174
129 68 0.8073304860511299
129 54 0.3691393896653141
129 83 0.2331004198070423
129 82 0.33860897063521334
129 55 0.3457216786327444
129 69 0.5571970732741873
129 51 0.16281022081277227
129 79 0.26147034978053163
129 86 0.21217530379440505
129 92 0.6622658058928088
129 93 0.6057219455911621
129 87 0.614963540243122
129 78 0.5330295409074449
129 50 0.24953752927290027
129 52 0.1267456633761229
129 46 0.4526294641630977
129 91 0.5980501195322755
129 85 0.5488597097884396
129 84 0.18425278983492424
129 90 0.5678424085937323
129 47 0.460749574599404
129 53 0.1873694578715233
101 76 0.09805749800901165
101 62 0.12510179589725967
101 89 0.10281696571433063
101 88 0.2574914564162154
101 63 0.11852604505326214
101 77 0.05426597486662951
101 49 0.10203848015122749
101 61 0.07805206100735768
101 75 0.04934488514012972
101 74 0.06906907789572714
101 60 0.06764465286461471
101 48 0.09697445622703355
101 64 0.1000805635311034
101 70 0.22196878454754745
101 58 0.20992736597074205
101 59 0.11456035506919043
101 71 0.11029199368756806
101 65 0.0559344077607441
101 73 0.05490904984271497
101 67 0.23847504984163423
101 66 0.2357344131089096
101 72 0.06726801404397764
101 57 0.2711823891374213
101 94 0.2913764950278679
101 80 0.11438636443618116
101 81 0.21364413515861255
101 95 0.09891277221807462
101 56 0.1856160359122662
101 68 0.37867177205693725
101 54 0.10957265313915132
101 83 0.08112849508438805
101 82 0.11339537382030582
101 55 0.1223248052404115
101 69 0.25426605503235233
101 51 0.05953387273753041
101 79 0.10058108428919948
101 86 0.07683869112869912
101 92 0.2939988131211546
101 93 0.2619310131160797
101 87 0.2580575465061108
101 78 0.25410537075423667
101 50 0.10363095963783253
101 52 0.05574719474175416
101 46 0.1527327811073286
101 91 0.2664755289415863
101 85 0.2405393928814453
101 84 0.0626015055853629
101 90 0.24648275786687637
101 47 0.14962617149600885
101 53 0.06782632662018012
115 76 0.044908697045624724
115 62 0.08132001806937625
115 89 0.06201994757699272
115 88 0.19438880015445956
115 63 0.08351504921257902
115 77 0.03508499128083112
115 49 0.06550404836171836
115 61 0.03621521058594376
115 75 0.016662685502813565
115 74 0.026771277170742958
115 60 0.029717897788405723
115 48 0.063755672494413
115 64 0.06958685896744232
115 70 0.15815916252145626
115 58 0.1351187955408222
115 59 0.05713564383917347
115 71 0.07233558121196493
115 65 0.018407467686636966
115 73 0.02185435101954089
115 67 0.18031371622601286
115 66 0.1649224025364869
115 72 0.03188383959488034
115 57 0.20253787214471733
115 94 0.2336353561491956
115 80 0.07684007653097827
115 81 0.14529113175763328
115 95 0.05240592936176117
115 56 0.12579947761727128
115 68 0.28774357853961663
115 54 0.07892663260696434
115 83 0.04892078449290421
115 82 0.07603867397301367
115 55 0.07173242620346224
115 69 0.17640354501717367
115 51 0.023747887644358256
115 79 0.05992915913230493
115 86 0.040520923062127345
115 92 0.22466901939492537
115 93 0.19966045017927073
115 87 0.198828031887722
115 78 0.17843189735607365
115 50 0.06033297205544011
115 52 0.024609686432430083
115 46 0.11963401596258277
115 91 0.20282001628476368
115 85 0.17990366064258304
115 84 0.02943877274609072
115 90 0.18730227826481946
115 47 0.11362109216660785
115 53 0.03856316349142694
103 76 0.16298290754271685
103 62 0.21272399469464168
103 89 0.17187070223106707
103 88 0.3670263589482238
103 63 0.18928055303693056
103 77 0.10503261384752219
103 49 0.16101137552892877
103 61 0.13251791474302627
103 75 0.10334611083642381
103 74 0.13774250271361643
103 60 0.12150124595592182
103 48 0.1599173477324249
103 64 0.16612553765661112
103 70 0.34306957390721327
103 58 0.4201181228129033
103 59 0.17946769482110272
103 71 0.17309026755031284
103 65 0.11341739935944911
103 73 0.1089788074378473
103 67 0.3434827306379188
103 66 0.33533478036865594
103 72 0.12446687400072251
103 57 0.41279416944922986
103 94 0.4058716861354317
103 80 0.17797994260684444
103 81 0.33097424493703154
103 95 0.1630177101667624
103 56 0.2812221120876176
103 68 0.540357284482603
103 54 0.17985577740932698
103 83 0.13991870791261196
103 82 0.18172734579475538
103 55 0.21821686972794688
103 69 0.3862053411591406
103 51 0.11453335438644369
103 79 0.1702032432064928
103 86 0.13253059156109914
103 92 0.4135148116815024
103 93 0.37459905798812965
103 87 0.3715550060112871
103 78 0.3716363579914299
103 50 0.16618694304030937
103 52 0.1066715202103233
103 46 0.2325883597406311
103 91 0.3812958391538075
103 85 0.34700844896053096
103 84 0.1166993743882409
103 90 0.3555567144687236
103 47 0.22747613506200934
103 53 0.12085416568644025
117 76 0.05113543409686033
117 62 0.12071257279502062
117 89 0.0844792715096766
117 88 0.23449882853579093
117 63 0.12222816235068062
117 77 0.03906401704958415
117 49 0.07703308823699401
117 61 0.04210720936403453
117 75 0.03267802435585532
117 74 0.057526096681894706
117 60 0.04009543815265365
117 48 0.08428250743931331
117 64 0.09750546026380377
117 70 0.20564082160354344
117 58 0.27724673674100875
117 59 0.06595032617132762
117 71 0.09307882026849454
117 65 0.03797013176513414
117 73 0.036401005194158786
117 67 0.20902252531582385
117 66 0.18013230698621088
117 72 0.05075519165027667
117 57 0.2601891769552712
117 94 0.26590319945183616
117 80 0.09717590417601488
117 81 0.19844826911364802
117 95 0.06796052640991634
117 56 0.15512965046799207
117 68 0.34068118904803835
117 54 0.11158910683212903
117 83 0.06505747680453383
117 82 0.10108996664965259
117 55 0.126825786182432
117 69 0.23722104338588254
117 51 0.03422874963241082
117 79 0.0779139036284002
117 86 0.049415322485928864
117 92 0.2602959916069427
117 93 0.23625455142805232
117 87 0.24029445225288595
117 78 0.21880975717568893
117 50 0.0731287036779687
117 52 0.027977547350598153
117 46 0.15369309705398485
117 91 0.23478087142476148
117 85 0.21368439926990937
117 84 0.04712394751684057
117 90 0.22022155107584854
117 47 0.14722901260240914
117 53 0.047487970197530566
116 76 0.20869338134498053
116 62 0.2905680898837695
116 89 0.24322983500073528
116 88 0.5194123949493983
116 63 0.28966696611653886
116 77 0.14936936494146155
116 49 0.2221369013122578
116 61 0.17662567489051748
116 75 0.14557189595749417
116 74 0.18664307461912463
116 60 0.16547274092349037
116 48 0.2315320828489992
116 64 0.2516615797417475
116 70 0.46321727493398546
116 58 0.510350708572596
116 59 0.23304504771791104
116 71 0.23280193681994624
116 65 0.15606952698701096
116 73 0.1537052342269177
116 67 0.4707533734796241
116 66 0.44722316441060295
116 72 0.17696422642079027
116 57 0.5346045520471878
116 94 0.5702798064277417
116 80 0.23860097487146872
116 81 0.44841107419988524
116 95 0.22158456311285288
116 56 0.377557513034519
116 68 0.7153398911251784
116 54 0.2738673215969737
116 83 0.20098096771994264
116 82 0.26070184926541984
116 55 0.2973318030831207
116 69 0.5177133880020053
116 51 0.1496764363386017
116 79 0.23372335019294907
116 86 0.1757709426898089
116 92 0.5740232704578274
116 93 0.5217850207421612
116 87 0.5244186656095674
116 78 0.5005082521838546
116 50 0.21931905377765235
116 52 0.14008240358560894
116 46 0.34750761136452923
116 91 0.5223808439243105
116 85 0.4820616131161778
116 84 0.1700301297138613
116 90 0.4930913383006261
116 47 0.3357792850329221
116 53 0.16696086389046447
102 76 0.044326951949480387
102 62 0.10642046730949084
102 89 0.06894718261856794
102 88 0.19050172413336083
102 63 0.09994646084294173
102 77 0.03394286150693557
102 49 0.06939602466898809
102 61 0.03686824874004127
102 75 0.028905284105896822
102 74 0.052971387759774946
102 60 0.034740840518882904
102 48 0.07210889492082412
102 64 0.07919502202739997
102 70 0.17570490945500003
102 58 0.2686358519476594
102 59 0.05901828166334755
102 71 0.0899922181506902
102 65 0.03317360063083183
102 73 0.03189805230195572
102 67 0.17761409680946807
102 66 0.14975595477912
102 72 0.04188399049597166
102 57 0.23890508104917382
102 94 0.21911526898327807
102 80 0.09452351875713272
102 81 0.16932479279455323
102 95 0.06026948407921137
102 56 0.12953256467819096
102 68 0.2948259443187037
102 54 0.09025057312046328
102 83 0.05419339598538864
102 82 0.08533156646263215
102 55 0.10371094334238329
102 69 0.20116650866140082
102 51 0.03429306810993982
102 79 0.0658837442456642
102 86 0.048427326060725195
102 92 0.21189753739152936
102 93 0.19172627122982397
102 87 0.1958057033648888
102 78 0.1824671965267695
102 50 0.06725163982577811
102 52 0.02180439796158455
102 46 0.12229632820193076
102 91 0.1926657991030776
102 85 0.1748743604148044
102 84 0.03865907082617254
102 90 0.17888306685545416
102 47 0.12094199051756596
102 53 0.03996832421291835
106 76 0.08323971139513137
106 62 0.13427227578118037
106 89 0.1022024181100957
106 88 0.26099188762293957
106 63 0.13189617297902975
106 77 0.047573871717010774
106 49 0.09536356197922932
106 61 0.06614247189401878
106 75 0.04703942466953051
106 74 0.07154748423220644
106 60 0.059740838548417
106 48 0.09811826939164064
106 64 0.10743157665218103
106 70 0.22947624122372592
106 58 0.27182260559315674
106 59 0.09907739014883402
106 71 0.10747153616421748
106 65 0.05329306907161627
106 73 0.05175348912493091
106 67 0.23511470437171136
106 66 0.2196199331162557
106 72 0.06644843424261423
106 57 0.2840516429857919
106 94 0.2897288828840495
106 80 0.11141899291457372
106 81 0.22285894205757265
106 95 0.09199827687166012
106 56 0.1810657422750849
106 68 0.37972711443805585
106 54 0.12011425312859875
106 83 0.07826936880216154
106 82 0.11799416138998506
106 55 0.13810088884021351
106 69 0.26399336127092277
106 51 0.05293668091497106
106 79 0.09459964899016779
106 86 0.06939988264109984
106 92 0.2898581827637786
106 93 0.26061590780617006
106 87 0.2635504730661896
106 78 0.2522291151352499
106 50 0.09559433582532692
106 52 0.04349774041009685
106 46 0.16120154198312855
106 91 0.26289871262510023
106 85 0.2351586692064858
106 84 0.061250931085170796
106 90 0.2421677664252139
106 47 0.1591545540724739
106 53 0.06230539714633271
112 76 0.15461158592723387
112 62 0.2277090568235086
112 89 0.18147630533203477
112 88 0.39474631006646144
112 63 0.21720209863924075
112 77 0.0982986317157103
112 49 0.1629572394329856
112 61 0.12830849228819372
112 75 0.10721912451873719
112 74 0.14767649117146897
112 60 0.12077280184413114
112 48 0.16841786893542302
112 64 0.1838319892621831
112 70 0.3640165949789105
112 58 0.45727656059733246
112 59 0.1778967037427264
112 71 0.1834432019217436
112 65 0.11471423207272727
112 73 0.11115790084321789
112 67 0.35525014611110584
112 66 0.33302344838525766
112 72 0.13452490656873486
112 57 0.41817982347422555
112 94 0.4222913448086544
112 80 0.1874153078914815
112 81 0.3516228469142171
112 95 0.1706303669830678
112 56 0.28667823572664897
112 68 0.5584771208123389
112 54 0.201344371859118
112 83 0.14631386859581122
112 82 0.19304774222298873
112 55 0.24218415617760145
112 69 0.4194408011468962
112 51 0.10976485087661386
112 79 0.1712436315664342
112 86 0.12599484956041535
112 92 0.43293071111444903
112 93 0.39433184865428306
112 87 0.3996335988433648
112 78 0.3928935255215872
112 50 0.16536604110988232
112 52 0.10041217443132502
112 46 0.25817262067674984
112 91 0.393893578679514
112 85 0.3647437682317287
112 84 0.12742297634777938
112 90 0.36964638420980167
112 47 0.24875776573078232
112 53 0.12031093991502487
113 76 0.16476471403139828
113 62 0.27519755520557976
113 89 0.22408147033616835
113 88 0.5075260167976551
113 63 0.30079840717868944
113 77 0.13838039714161401
113 49 0.20958149091421688
113 61 0.1492387525932131
113 75 0.12724052019831725
113 74 0.17451829296989577
113 60 0.14496704761479734
113 48 0.2277562524386839
113 64 0.25576007344316853
113 70 0.4298137345360038
113 58 0.47193141245496995
113 59 0.19544003863984857
113 71 0.22872288713079728
113 65 0.13776129010108112
113 73 0.13580291794929655
113 67 0.4520620639095625
113 66 0.4090651224958681
113 72 0.15443611330805432
113 57 0.5210253849264066
113 94 0.5655637853526323
113 80 0.2362773187375434
113 81 0.4317169627347026
113 95 0.1966427861551112
113 56 0.35048034882365586
113 68 0.67706712374281
113 54 0.2816203918192991
113 83 0.18652459388498913
113 82 0.2527229560178127
113 55 0.27980588383521865
113 69 0.476715226447858
113 51 0.13258036559907604
113 79 0.2162799746420496
113 86 0.16211906952252833
113 92 0.5531350378584127
113 93 0.5053761792629298
113 87 0.5128696700237231
113 78 0.4589331536608666
113 50 0.2004507357132422
113 52 0.11005342210092559
113 46 0.35196853417129914
113 91 0.5036242003006002
113 85 0.4633616296825087
113 84 0.15111148597449017
113 90 0.47563134291665843
113 47 0.3454466470748767
113 53 0.14913868547435746
107 76 0.049711920033506024
107 62 0.06208290982186396
107 89 0.050097995036741505
107 88 0.16114732047079558
107 63 0.05319578041530529
107 77 0.012400800037646056
107 49 0.04879600276651638
107 61 0.031826875230558216
107 75 0.012626210425537479
107 74 0.026756575055077003
107 60 0.025212282826928917
107 48 0.042569408235391626
107 64 0.043032771633137124
107 70 0.12855654186205082
107 58 0.11039634913992843
107 59 0.05726833585540908
107 71 0.05756844306183315
107 65 0.019576335109804083
107 73 0.016368366670635195
107 67 0.14926849268648587
107 66 0.1483801130169421
107 72 0.021499852566588845
107 57 0.16798680193323653
107 94 0.17931033035544838
107 80 0.06123046195226162
107 81 0.1251359823666948
107 95 0.04906490353613657
107 56 0.12400356740143753
107 68 0.2551196451819272
107 54 0.04921895909051907
107 83 0.034029174297089765
107 82 0.05182913645416545
107 55 0.0650132607573507
107 69 0.1528461943870952
107 51 0.021848105341593205
107 79 0.04767153200594154
107 86 0.034543490981442215
107 92 0.183099821626472
107 93 0.16426864836893076
107 87 0.16040315707604572
107 78 0.15451930398135397
107 50 0.05328488329403652
107 52 0.01614120508235181
107 46 0.07791873996193885
107 91 0.17009249817257174
107 85 0.14342429449291066
107 84 0.017771012439449743
107 90 0.14919744702091228
107 47 0.07772940187198107
107 53 0.026216597361956917
139 76 0.10895074121007525
139 62 0.14203754237992516
139 89 0.11841789929699179
139 88 0.2942208153777607
139 63 0.1448935016789875
139 77 0.06778966953317106
139 49 0.11583911447955411
139 61 0.08562342914865836
139 75 0.05827228846488022
139 74 0.0779724361742831
139 60 0.07523695268333011
139 48 0.11567406457074741
139 64 0.12302554078610331
139 70 0.24957068197363239
139 58 0.2252838391528478
139 59 0.12167163789159921
139 71 0.12151880481348543
139 65 0.06363775545472294
139 73 0.06487358860969841
139 67 0.2696318327481033
139 66 0.2623584225194485
139 72 0.0788481738560905
139 57 0.304361784419637
139 94 0.33482738568183523
139 80 0.12647644585254758
139 81 0.24044501575946278
139 95 0.1104242474953756
139 56 0.2039819603364423
139 68 0.41914241461060286
139 54 0.13506610066880045
139 83 0.09412538967256498
139 82 0.1358937891149832
139 55 0.1358823896578589
139 69 0.2763874920575823
139 51 0.06835966558109416
139 79 0.11462230006402521
139 86 0.08874246832057572
139 92 0.3318696949250094
139 93 0.2961994439706803
139 87 0.29556609328577044
139 78 0.2784556790185032
139 50 0.11443608521110851
139 52 0.06093784455506962
139 46 0.18088100171431118
139 91 0.30223449150017934
139 85 0.2688780738402058
139 84 0.07316273343237825
139 90 0.2780519801620561
139 47 0.18001584692828562
139 53 0.07949063876929297
111 76 0.3344155610361339
111 62 0.4015288851208817
111 89 0.34859832941914837
111 88 0.6929787768835938
111 63 0.3831495869978111
111 77 0.2059452420005585
111 49 0.3138224811410185
111 61 0.2793466400345207
111 75 0.22306166760397614
111 74 0.2843251018807812
111 60 0.25750324342991304
111 48 0.31798808526821076
111 64 0.3357777887925725
111 70 0.6318059544669543
111 58 0.675191377343248
111 59 0.37476584371897514
111 71 0.3183048183160051
111 65 0.2427318781218132
111 73 0.23318409861574865
111 67 0.6246204199875036
111 66 0.6314748097070626
111 72 0.26586331106510497
111 57 0.6958153400849129
111 94 0.7347192325299308
111 80 0.3221077546743314
111 81 0.6216495223503574
111 95 0.3358040372527743
111 56 0.5340353885626248
111 68 0.9511765649843722
111 54 0.3596635911762235
111 83 0.28664300381552477
111 82 0.35436337745190216
111 55 0.42367668324469376
111 69 0.7212465289802741
111 51 0.23062890559661878
111 79 0.3426335667147994
111 86 0.2570286228713037
111 92 0.7678185248892027
111 93 0.6938514521689072
111 87 0.6886317780525884
111 78 0.7010362244984513
111 50 0.3204140902048318
111 52 0.23294747186465006
111 46 0.45573405445282755
111 91 0.692997907570948
111 85 0.651936845378473
111 84 0.2554670013142668
111 90 0.6580525459003314
111 47 0.43920098865912116
111 53 0.2434886393200145
105 76 0.14986421690460325
105 62 0.1854841100560776
105 89 0.1558390767303626
105 88 0.34541351640333273
105 63 0.17945011093020793
105 77 0.10289954775902721
105 49 0.16607588185912156
105 61 0.12850475852388
105 75 0.09304821607088987
105 74 0.11684658484743446
105 60 0.11612582334612076
105 48 0.1552590669455283
105 64 0.15516030112563936
105 70 0.29727562322606604
105 58 0.27441512957683867
105 59 0.17161088974338298
105 71 0.18588040771936012
105 65 0.10073147136277105
105 73 0.10026533553101005
105 67 0.3303608944301537
105 66 0.3202030728238733
105 72 0.1134019315084325
105 57 0.37658206252236426
105 94 0.3939609941733102
105 80 0.19273298463865465
105 81 0.2887275485274686
105 95 0.15361336225128167
105 56 0.26116307204672806
105 68 0.5010474057318165
105 54 0.16629775511252934
105 83 0.13351657038805348
105 82 0.17405154931937036
105 55 0.17423153882606865
105 69 0.334835969363112
105 51 0.11020874814332851
105 79 0.15462791612272744
105 86 0.13523384158996227
105 92 0.38977805455681014
105 93 0.35168951126236414
105 87 0.3458642892883169
105 78 0.33705688811688084
105 50 0.16738608246337852
105 52 0.09945708590621744
105 46 0.21831953459856193
105 91 0.35846915516001465
105 85 0.32609064334763294
105 84 0.10840493219244562
105 90 0.33268328471625885
105 47 0.21939150157217693
105 53 0.11940805107172056
104 76 0.06624367873106754
104 62 0.15403631687439986
104 89 0.1048600266428606
104 88 0.2648852733012328
104 63 0.14896913127094238
104 77 0.051723540572713
104 49 0.09501906248797509
104 61 0.05579342702259016
104 75 0.049995118652962994
104 74 0.08186354496732734
104 60 0.055436052921999684
104 48 0.10537669515147505
104 64 0.11970112814766964
104 70 0.2441514796636973
104 58 0.3849485619491584
104 59 0.0806763379770904
104 71 0.11657325540401461
104 65 0.05738690320366846
104 73 0.05351543247091878
104 67 0.2384117571053214
104 66 0.20188507978505318
104 72 0.06829526846310702
104 57 0.32022134579952233
104 94 0.2956228143349665
104 80 0.1213218370529904
104 81 0.23873867357713788
104 95 0.08583134921052929
104 56 0.18219494692081165
104 68 0.3906104206272998
104 54 0.13606466429647032
104 83 0.08155706210755867
104 82 0.12688045310287713
104 55 0.16409086895263056
104 69 0.279896392163145
104 51 0.052754634656643096
104 79 0.09520481135433734
104 86 0.06922736284828865
104 92 0.2885057467356227
104 93 0.2648551842222553
104 87 0.27268184598981104
104 78 0.2509580588459256
104 50 0.0935789210852215
104 52 0.0355259934980699
104 46 0.17593092367294125
104 91 0.26526815851115626
104 85 0.23684877742210456
104 84 0.06296893256695352
104 90 0.2458451127395372
104 47 0.1735264404314439
104 53 0.06215207982379614
110 76 0.07806649589482614
110 62 0.14915461430174629
110 89 0.1156397396096687
110 88 0.2993314823152955
110 63 0.16135690120884258
110 77 0.05173383175318483
110 49 0.10234584894216348
110 61 0.06351087017779233
110 75 0.05420303772657381
110 74 0.08629792484599647
110 60 0.06249997963148998
110 48 0.11099582795862478
110 64 0.1298915344533348
110 70 0.2532280476755612
110 58 0.29515951244951133
110 59 0.09368145935068956
110 71 0.12721384148968842
110 65 0.05747288541051984
110 73 0.056704281135286666
110 67 0.26162547311439643
110 66 0.22822816408843535
110 72 0.0765012797192404
110 57 0.2993292755694701
110 94 0.32808301109101135
110 80 0.13190035177338996
110 81 0.24715454551309632
110 95 0.10039067557829773
110 56 0.19310889466524864
110 68 0.41230038636487076
110 54 0.14672279188452345
110 83 0.08903910158753978
110 82 0.13148636272733533
110 55 0.16412912745069588
110 69 0.29389299557002624
110 51 0.055198720742839935
110 79 0.10221328369948715
110 86 0.07044514716648281
110 92 0.3258150434390067
110 93 0.29911634392516984
110 87 0.3067096599328021
110 78 0.2748218031043532
110 50 0.10143250206166626
110 52 0.03819425065403079
110 46 0.19174369485209783
110 91 0.29845672139522894
110 85 0.2701359903770155
110 84 0.07111405026897208
110 90 0.2771803996379977
110 47 0.18592172897437384
110 53 0.06839863186175044
138 76 0.21483858340237846
138 62 0.2467855519179283
138 89 0.2231939983488289
138 88 0.4842271542625938
138 63 0.24781845142623118
138 77 0.14351827701157946
138 49 0.21356857308953112
138 61 0.17756450539820942
138 75 0.1325881773952311
138 74 0.15962820379495943
138 60 0.15953892636573155
138 48 0.21216916097980495
138 64 0.22181282195432486
138 70 0.416175102307594
138 58 0.32273107565082804
138 59 0.23731804301778817
138 71 0.21315001847277984
138 65 0.1362408531795703
138 73 0.1421759397591292
138 67 0.446128941221385
138 66 0.44499746317206035
138 72 0.1601854054202411
138 57 0.4683741267528426
138 94 0.5386885794521727
138 80 0.21928461889290504
138 81 0.39693019238758676
138 95 0.21507341285676904
138 56 0.3487613924672276
138 68 0.6659414240130599
138 54 0.2381265842791304
138 83 0.1848282217677706
138 82 0.23690300797249494
138 55 0.23405164868629355
138 69 0.45577646879764533
138 51 0.1455119559847185
138 79 0.21825703799837595
138 86 0.1710651799629014
138 92 0.5422861058477455
138 93 0.4864562442803678
138 87 0.48715843713049944
138 78 0.46722460702071333
138 50 0.21225160993112788
138 52 0.13810562708182392
138 46 0.3071426137285841
138 91 0.4959947171855993
138 85 0.4462066638276
138 84 0.15338457364441274
138 90 0.45858300759462367
138 47 0.30226792046826867
138 53 0.16083438510820738
140 76 0.11264347269797961
140 62 0.13207251361557532
140 89 0.11064708106035018
140 88 0.26981936188185063
140 63 0.12319288102089945
140 77 0.05364726923521371
140 49 0.10113056941825027
140 61 0.08227605493257154
140 75 0.05522765307524022
140 74 0.07981100739645974
140 60 0.07144787360643723
140 48 0.09894421359445021
140 64 0.10381250014701265
140 70 0.23970706439591474
140 58 0.23900457888740415
140 59 0.12266869646331274
140 71 0.10736920265047234
140 65 0.062099499473094316
140 73 0.05984310087568978
140 67 0.246915979514687
140 66 0.24971949975393462
140 72 0.07426609132770015
140 57 0.28018603491969707
140 94 0.29856733747045117
140 80 0.11088489515865052
140 81 0.23155622230419984
140 95 0.10697061666239796
140 56 0.19502069749869907
140 68 0.3965537237418645
140 54 0.1138297638269436
140 83 0.08354074464064895
140 82 0.11759462946621899
140 55 0.13716941238647312
140 69 0.27230849290125403
140 51 0.06450812169904122
140 79 0.10825382139236991
140 86 0.0789560931704007
140 92 0.3076809453933126
140 93 0.2742231121104911
140 87 0.27052886829116307
140 78 0.2698066392969498
140 50 0.10616007380120768
140 52 0.058564684384609544
140 46 0.15497013684151142
140 91 0.2802163855505233
140 85 0.2525490997626345
140 84 0.06776373570570632
140 90 0.2586927780159183
140 47 0.15258366156495531
140 53 0.06980052483682941
135 76 0.10169724718954185
135 62 0.21218451656047718
135 89 0.16359922725681428
135 88 0.4049070053667677
135 63 0.24483879230318553
135 77 0.11750247411071685
135 49 0.17550063665571194
135 61 0.10257817595890723
135 75 0.0831373540383234
135 74 0.10536485750572436
135 60 0.09871176512667182
135 48 0.18688610557510546
135 64 0.20395519830851114
135 70 0.3243827092131345
135 58 0.3275954942216507
135 59 0.12730881451754525
135 71 0.19384787793196392
135 65 0.08996405280451247
135 73 0.0944127447659705
135 67 0.3717307913034855
135 66 0.3178225060704616
135 72 0.10804161844289825
135 57 0.4438168911694488
135 94 0.4824812999601876
135 80 0.20341015559652506
135 81 0.32017346055361107
135 95 0.13161005168582277
135 56 0.2677912567778372
135 68 0.5462396630326035
135 54 0.22639157917411226
135 83 0.14421935624415277
135 82 0.21271699251756784
135 55 0.18935531937835268
135 69 0.35104636163921754
135 51 0.09206679018169109
135 79 0.15541553359139973
135 86 0.12995611591526207
135 92 0.4445690065020411
135 93 0.40430620587921295
135 87 0.410738363823273
135 78 0.3467083652519225
135 50 0.1570311521269452
135 52 0.0720978505986952
135 46 0.2910608161292103
135 91 0.4037340241204479
135 85 0.3625083282233388
135 84 0.10592989947211134
135 90 0.3789355826444074
135 47 0.29267083263141225
135 53 0.11790408559063956
121 76 0.06057620757708901
121 62 0.12494386064812674
121 89 0.09292766715649453
121 88 0.2624991662213261
121 63 0.14195303194079736
121 77 0.05334563470696138
121 49 0.09883349508203168
121 61 0.05468935973537689
121 75 0.03831814620050639
121 74 0.0620971052683886
121 60 0.05163435871821989
121 48 0.1030059561435964
121 64 0.11346903058250024
121 70 0.20832581765738048
121 58 0.21418625763891272
121 59 0.07774814061397448
121 71 0.12014574267851735
121 65 0.04467595804733224
121 73 0.04410067180499069
121 67 0.23842198767942027
121 66 0.20838797465826023
121 72 0.055799662463124095
121 57 0.28572040704700474
121 94 0.31029306879819807
121 80 0.12663559148589856
121 81 0.21000999484501023
121 95 0.07812040144166821
121 56 0.16969775401455792
121 68 0.36767621929241356
121 54 0.12792754021227742
121 83 0.07604290683150855
121 82 0.12038316647817954
121 55 0.12086495649408224
121 69 0.23545792843702965
121 51 0.047782698672813345
121 79 0.08881710273261292
121 86 0.0700296062683185
121 92 0.2929137163779837
121 93 0.26562910134634377
121 87 0.2660461930654976
121 78 0.23054014712328444
121 50 0.09345129440988767
121 52 0.02990129303551617
121 46 0.17063572856629036
121 91 0.2675926789997325
121 85 0.2387028187488988
121 84 0.05323823334317199
121 90 0.24829919733568714
121 47 0.17304651068879026
121 53 0.06025290379539203
109 76 0.09412067914865349
109 62 0.1552387509317997
109 89 0.1206354999935815
109 88 0.2985401566959053
109 63 0.15344623783403447
109 77 0.05214305387155416
109 49 0.10359276381667853
109 61 0.07340400729496416
109 75 0.059977500193167665
109 74 0.0966822324095484
109 60 0.06976451726684074
109 48 0.11022291380304139
109 64 0.12463169048547712
109 70 0.2649093190100039
109 58 0.3268592601243603
109 59 0.1114680816459572
109 71 0.12411185111921585
109 65 0.06532146862290081
109 73 0.06219802106440367
109 67 0.26194744574748763
109 66 0.24103760783570247
109 72 0.08134229146501279
109 57 0.3050595428749716
109 94 0.31980954923617655
109 80 0.1275533714708403
109 81 0.25967303204643044
109 95 0.11060255746127023
109 56 0.20532995654487637
109 68 0.4224477805860577
109 54 0.1399364680066886
109 83 0.09155030100754818
109 82 0.12929515049579962
109 55 0.1750747708460391
109 69 0.31053887120068113
109 51 0.06241605707479267
109 79 0.1123398074003146
109 86 0.07398263246314629
109 92 0.3277518736670346
109 93 0.29895719107890084
109 87 0.30424085063866413
109 78 0.28952178220559766
109 50 0.10683143082927549
109 52 0.051600860153201755
109 46 0.18648883393981616
109 91 0.29933500712285466
109 85 0.2728807237981643
109 84 0.07588790385367047
109 90 0.2780352757771567
109 47 0.17940006572244663
109 53 0.07096438041845995
108 76 0.316112876832534
108 62 0.4340008883554559
108 89 0.36267673774621323
108 88 0.7374389030038532
108 63 0.436659553866951
108 77 0.23295320957741542
108 49 0.341752056403104
108 61 0.2775249421149586
108 75 0.2296724241799958
108 74 0.29264780436676485
108 60 0.26126418793954864
108 48 0.35543115661591906
108 64 0.37815896813974703
108 70 0.6548378342398391
108 58 0.7350218329018223
108 59 0.3599054469413894
108 71 0.3536916240393262
108 65 0.25127091548145486
108 73 0.2433167422546396
108 67 0.6676475601975966
108 66 0.6437017939808948
108 72 0.27161814570539244
108 57 0.7790696634932305
108 94 0.8052097219636077
108 80 0.36139414761298194
108 81 0.6546397382505174
108 95 0.3350146643819616
108 56 0.5549583705132715
108 68 1.0
108 54 0.40850662240421876
108 83 0.3060936867678491
108 82 0.3958293288440252
108 55 0.44165481612464685
108 69 0.7334615190665509
108 51 0.24114296162094281
108 79 0.35677931403330376
108 86 0.2803845014255939
108 92 0.8085463665314568
108 93 0.7346709133705498
108 87 0.7356632372230325
108 78 0.7105991863060614
108 50 0.3373674864064822
108 52 0.22825280631924824
108 46 0.5093410987444843
108 91 0.7340428146222491
108 85 0.6809455458029969
108 84 0.26277521488426336
108 90 0.6948487242349913
108 47 0.5018719106333477
108 53 0.25936935626937807
120 76 0.02422659118801082
120 62 0.07445517915047842
120 89 0.051990576622628654
120 88 0.1854076105667868
120 63 0.08715559319859881
120 77 0.01960394557476365
120 49 0.054154755252764114
120 61 0.020404824060961113
120 75 0.009877050259137085
120 74 0.032877461820212894
120 60 0.019758296699673814
120 48 0.05736967879349053
120 64 0.06697918633954555
120 70 0.1421532014535675
120 58 0.14521692418858623
120 59 0.03875677636146577
120 71 0.07442520650919451
120 65 0.013524782280117803
120 73 0.013119333703274783
120 67 0.16618595170055891
120 66 0.1406037312498679
120 72 0.020310407988056473
120 57 0.1960162680340546
120 94 0.22022552582203822
120 80 0.07963616515986605
120 81 0.1443908893466294
120 95 0.04244413875979949
120 56 0.11179806369953058
120 68 0.2673293268906096
120 54 0.07837694790471694
120 83 0.038147477302524185
120 82 0.06693496198846094
120 55 0.07551822432657634
120 69 0.1636844460399622
120 51 0.017592329264538825
120 79 0.04997162198645855
120 86 0.03264120418512556
120 92 0.20883375555677672
120 93 0.18954674777652106
120 87 0.1909765174906509
120 78 0.15877270502194143
120 50 0.05191691903272938
120 52 0.0
120 46 0.11096108364872143
120 91 0.19200273548064242
120 85 0.16972469554308903
120 84 0.01905334513516717
120 90 0.1764363434352952
120 47 0.11032289960856967
120 53 0.024019259919519642
134 76 0.0688894726657498
134 62 0.16066026757649013
134 89 0.11623713649076658
134 88 0.30555448455377954
134 63 0.17755914761956818
134 77 0.08341797456928826
134 49 0.13274455000035126
134 61 0.07107545732890341
134 75 0.055936169890222265
134 74 0.07180072989192213
134 60 0.0687028190631824
134 48 0.13468688492671188
134 64 0.1448209694990057
134 70 0.24886563903218764
134 58 0.2782185249770939
134 59 0.08706630409924465
134 71 0.16262560346435292
134 65 0.060059824633910075
134 73 0.0631959558174453
134 67 0.28778271291337787
134 66 0.23668736278826843
134 72 0.07886858834520757
134 57 0.35395472676687
134 94 0.37190561321353466
134 80 0.17130242787565872
134 81 0.2376900810177283
134 95 0.0926951868703581
134 56 0.19882788276938498
134 68 0.43183640842002036
134 54 0.16192651815599138
134 83 0.10393431334757963
134 82 0.15885991286104664
134 55 0.14601556707459526
134 69 0.27687342768326406
134 51 0.06496305960054685
134 79 0.10577058140206597
134 86 0.09541377399730502
134 92 0.3394753394397876
134 93 0.3113109859125702
134 87 0.31470659772828635
134 78 0.26792209566687597
134 50 0.12172546579838572
134 52 0.04630537621065489
134 46 0.21387651572269314
134 91 0.3126556398614524
134 85 0.27764259343849085
134 84 0.0759651120843548
134 90 0.2913527210057999
134 47 0.21524176452254798
134 53 0.08809306100974565
122 76 0.07973816141752188
122 62 0.15547381205017083
122 89 0.12024377496183725
122 88 0.30873499242224633
122 63 0.17792545094426096
122 77 0.07847111642517507
122 49 0.13246073006459944
122 61 0.07584917826115864
122 75 0.05849127317366315
122 74 0.0865192408946858
122 60 0.07396271270302832
122 48 0.13345762675487122
122 64 0.1428701917293755
122 70 0.24634296736711095
122 58 0.2507180288038957
122 59 0.09944024488938194
122 71 0.16308006965848323
122 65 0.06406636697672469
122 73 0.06479199885775533
122 67 0.28900471348493306
122 66 0.24831412554284552
122 72 0.07596358970065262
122 57 0.3456113837108914
122 94 0.3683284854661968
122 80 0.17169184365094028
122 81 0.24889427524489452
122 95 0.10128556075632045
122 56 0.20477007497712593
122 68 0.431738139313518
122 54 0.15918070167941364
122 83 0.10246513368101662
122 82 0.1521958750845295
122 55 0.1499686824108408
122 69 0.2742161354400191
122 51 0.07306701499575766
122 79 0.11452467447163439
122 86 0.10194723395407945
122 92 0.3435623796677203
122 93 0.3142995621968445
122 87 0.31529324316943785
122 78 0.26963361907132155
122 50 0.12709152435328705
122 52 0.04690063598386285
122 46 0.20789080619559056
122 91 0.3171546667932601
122 85 0.2890252517723042
122 84 0.07494112636365818
122 90 0.29846849840160294
122 47 0.21052049341366177
122 53 0.08544113062214789
136 76 0.06229874868962837
136 62 0.11776406335815964
136 89 0.0870508726259695
136 88 0.2501310105583613
136 63 0.1340158359447517
136 77 0.0411001567226984
136 49 0.08975376256715001
136 61 0.051359022702629875
136 75 0.031430669315241466
136 74 0.0562882893221954
136 60 0.045832367387625
136 48 0.09618472360058178
136 64 0.10453875606415935
136 70 0.19750152115841704
136 58 0.20381467870807404
136 59 0.08040394590142683
136 71 0.09792134225342342
136 65 0.0421598243285852
136 73 0.03923485243061983
136 67 0.22227921119418922
136 66 0.2067838301666435
136 72 0.04806089653858303
136 57 0.2772532485994478
136 94 0.2896408145051973
136 80 0.10316074955148483
136 81 0.20818329073997718
136 95 0.07232122515973985
136 56 0.16969781147039756
136 68 0.3521430997046532
136 54 0.11833729544104324
136 83 0.06712886912639826
136 82 0.11481849815697054
136 55 0.11365071995231416
136 69 0.22315064667142462
136 51 0.04199550217973927
136 79 0.0859556221940917
136 86 0.06499231546683348
136 92 0.27736801928150834
136 93 0.24682870825742567
136 87 0.246904706837945
136 78 0.22097465882116538
136 50 0.08464444441624036
136 52 0.029453103321967905
136 46 0.1592938375964155
136 91 0.24849180285336428
136 85 0.2196343122091837
136 84 0.044160356103758375
136 90 0.2287801354487702
136 47 0.16596521956731988
136 53 0.051167732346827866
137 76 0.33186735722410277
137 62 0.31023237577477025
137 89 0.2933402530763076
137 88 0.5815720907507839
137 63 0.2844002061350869
137 77 0.17391380053646002
137 49 0.27132814856723364
137 61 0.26764512652708705
137 75 0.1846155819242675
137 74 0.2279950950746911
137 60 0.23391445812371733
137 48 0.2584409896807578
137 64 0.25905123552418763
137 70 0.5198540255380453
137 58 0.40431260053774
137 59 0.3691833493480793
137 71 0.2474532783242386
137 65 0.20726881497858865
137 73 0.19781669555540873
137 67 0.5329872764989947
137 66 0.5941191131371328
137 72 0.21794629019540204
137 57 0.5575971167081016
137 94 0.6226221557649733
137 80 0.2495285809195338
137 81 0.5168518378938164
137 95 0.29953974891401913
137 56 0.4697283194666131
137 68 0.8112871996911254
137 54 0.27071029779414857
137 83 0.2379823597138149
137 82 0.2832462174511633
137 55 0.31303597609747547
137 69 0.5886619190551143
137 51 0.20462484549644286
137 79 0.30486981681374214
137 86 0.22933307491749264
137 92 0.6664928014232088
137 93 0.5879223903121249
137 87 0.5643287747318378
137 78 0.6069454584943772
137 50 0.28251893128178796
137 52 0.2249580666431313
137 46 0.3550129227014318
137 91 0.5943106332334901
137 85 0.5618366481209749
137 84 0.20927637326737034
137 90 0.564329726070212
137 47 0.3433295033556144
137 53 0.20774862335016522
123 76 0.08338515627084186
123 62 0.16608153340103618
123 89 0.12520198523910328
123 88 0.32453177137608835
123 63 0.18384794928460588
123 77 0.09323211575510171
123 49 0.14481287221146927
123 61 0.08301168522443234
123 75 0.06515846810686737
123 74 0.08481168326572583
123 60 0.08006206853793094
123 48 0.14486630575485773
123 64 0.15318444508504933
123 70 0.25960554792925883
123 58 0.2641597341438442
123 59 0.10117567797925545
123 71 0.17888610579006384
123 65 0.06869439075830855
123 73 0.07208156172036473
123 67 0.30700239943280927
123 66 0.2589025139593524
123 72 0.08545645716208125
123 57 0.36955583227010613
123 94 0.39299506263784656
123 80 0.18861515784757657
123 81 0.25244044181028913
123 95 0.10818056756639624
123 56 0.21259503030625473
123 68 0.45548981190514226
123 54 0.17000888733200112
123 83 0.11230235162060662
123 82 0.16743716985063942
123 55 0.15089605635205158
123 69 0.28524427338094693
123 51 0.07966296587003599
123 79 0.11805618327259523
123 86 0.1101492582270191
123 92 0.35953905447806167
123 93 0.33091181767844235
123 87 0.33465983354110673
123 78 0.28185198812661627
123 50 0.13695501129238605
123 52 0.05259576770312119
123 46 0.22049957714985632
123 91 0.3379028497828491
123 85 0.2931608155647062
123 84 0.08322689365740807
123 90 0.30894071615670826
123 47 0.22614876005058462
123 53 0.09778087520834114
127 76 0.28363430897355324
127 62 0.3602352369832773
127 89 0.3120008351395057
127 88 0.6549864053836401
127 63 0.3701226264868376
127 77 0.2155570018432966
127 49 0.3148783050130157
127 61 0.2507690014003098
127 75 0.19698769391139018
127 74 0.2445814120634767
127 60 0.23306712127198895
127 48 0.3141282356982741
127 64 0.3240173607940615
127 70 0.555459116582298
127 58 0.5063012412467593
127 59 0.3221361015741334
127 71 0.332908483725016
127 65 0.2098132988354636
127 73 0.21000741415976612
127 67 0.6035231922614775
127 66 0.586940816287533
127 72 0.23246279548591756
127 57 0.676781275755619
127 94 0.732505527907361
127 80 0.3427850988040997
127 81 0.5541230434890618
127 95 0.3000331682449495
127 56 0.4837264777998068
127 68 0.8865244675905725
127 54 0.34796357666416267
127 83 0.26854683275759605
127 82 0.34822840547281175
127 55 0.3519723928574098
127 69 0.614810741046654
127 51 0.22150446986089764
127 79 0.31129780880682845
127 86 0.26144018761404797
127 92 0.7237846415707714
127 93 0.6571212970191151
127 87 0.6563463560698682
127 78 0.6188306494573532
127 50 0.31288552669193126
127 52 0.2023046998264025
127 46 0.4403786371363094
127 91 0.6682656151024651
127 85 0.6034659418208537
127 84 0.22522106577354375
127 90 0.6205303449365974
127 47 0.44121035231564454
127 53 0.23733949344409574
133 76 0.05540587126190824
133 62 0.1726081536599516
133 89 0.1181804846916277
133 88 0.3271194173052606
133 63 0.21394625144216414
133 77 0.07917412616541811
133 49 0.1377675315986375
133 61 0.06337310708243798
133 75 0.04989336057773308
133 74 0.07659627945880482
133 60 0.06352471441168342
133 48 0.15192622533452346
133 64 0.1667232883316593
133 70 0.24822398673514826
133 58 0.29485505769293185
133 59 0.0801670893319349
133 71 0.16145447035622482
133 65 0.06422230223723507
133 73 0.06153947596529277
133 67 0.29687625924286387
133 66 0.24306105264346986
133 72 0.07091866976576053
133 57 0.395952646419231
133 94 0.39977745367377593
133 80 0.1711459996549152
133 81 0.26684024758983826
133 95 0.083946935253179
133 56 0.21426252287571054
133 68 0.4436198990701258
133 54 0.1884507036097622
133 83 0.10374433767170299
133 82 0.17831474329935307
133 55 0.15583473599446926
133 69 0.2723917378397689
133 51 0.06246130700016733
133 79 0.11316841983351983
133 86 0.10168064447188035
133 92 0.3555859362971533
133 93 0.3230842916114359
133 87 0.32614966237605425
133 78 0.2638017223580662
133 50 0.12049016499285678
133 52 0.03502652963887584
133 46 0.23960909132665567
133 91 0.3205164171018089
133 85 0.2849483873327392
133 84 0.06849932666676736
133 90 0.30065256548195685
133 47 0.253853780193269
133 53 0.08217525163041081
132 76 0.19560891581988418
132 62 0.31549509541384
132 89 0.2630905626144151
132 88 0.5912613948088871
132 63 0.3539527425858513
132 77 0.18255954050603188
132 49 0.2618798414195621
132 61 0.18282252073236652
132 75 0.15110756835609337
132 74 0.18711647737513978
132 60 0.17396957435069174
132 48 0.2784304191732455
132 64 0.3039942472812689
132 70 0.4859079183611953
132 58 0.45605877388643656
132 59 0.23048428655220468
132 71 0.2741457028055889
132 65 0.15940610572523226
132 73 0.16477459830036087
132 67 0.5341325556208397
132 66 0.4846454305066983
132 72 0.1848448935259576
132 57 0.603035862076054
132 94 0.6744837927470858
132 80 0.28416009522669006
132 81 0.48048627526338805
132 95 0.22982848752252974
132 56 0.40523174896696146
132 68 0.7777233201524548
132 54 0.332619323724619
132 83 0.22733105594282602
132 82 0.31034490812659177
132 55 0.29636281135806164
132 69 0.5270398752880345
132 51 0.16050305805190854
132 79 0.25366483476584345
132 86 0.20310277804068547
132 92 0.645056695665634
132 93 0.5861907965749064
132 87 0.5959995953512592
132 78 0.5240925939035471
132 50 0.2429452247186404
132 52 0.14113738413334187
132 46 0.41962915661379974
132 91 0.5866353080263569
132 85 0.5320020421716098
132 84 0.1814126464363637
132 90 0.5505033856487006
132 47 0.4160446528965138
132 53 0.18919888670801252
126 76 0.07973605470652767
126 62 0.14961181455367292
126 89 0.11222345065224984
126 88 0.2936851084198636
126 63 0.1676192707909773
126 77 0.07952200232923229
126 49 0.13047457440618684
126 61 0.07818809091916457
126 75 0.056600626081983435
126 74 0.08208642160447471
126 60 0.07685269068090864
126 48 0.12722962128679896
126 64 0.13802528996517266
126 70 0.23683572584424142
126 58 0.24336109698987915
126 59 0.09703177760181347
126 71 0.1683405662739145
126 65 0.06356080772181039
126 73 0.06221423008635041
126 67 0.2813018725140447
126 66 0.24082923900917289
126 72 0.07567582046369939
126 57 0.33693470552924765
126 94 0.3665949799218453
126 80 0.17746400157141232
126 81 0.2367086639579896
126 95 0.09444233014205117
126 56 0.19369053367428826
126 68 0.4191762188888307
126 54 0.15245993143288958
126 83 0.0986115381573949
126 82 0.14490402274910497
126 55 0.144387373874006
126 69 0.2658314203104236
126 51 0.0726258577340464
126 79 0.10954489588971417
126 86 0.09837062478869427
126 92 0.34077723844300656
126 93 0.31354595400690155
126 87 0.3031628978216967
126 78 0.2614958247697403
126 50 0.12756341527207513
126 52 0.044704146940510614
126 46 0.19524626331541847
126 91 0.3163180135967263
126 85 0.29181739681973873
126 84 0.06842820472181779
126 90 0.3024836690163225
126 47 0.19770180141201318
126 53 0.08502458445012911
118 76 0.03284220252277151
118 62 0.12708966858625684
118 89 0.08234986409433973
118 88 0.24740162139781566
118 63 0.14452819688316426
118 77 0.050112068223280376
118 49 0.09211716984990545
118 61 0.0358327990990967
118 75 0.03128306110188295
118 74 0.05889314434481299
118 60 0.03817701836789214
118 48 0.10099614277922242
118 64 0.11210347964632086
118 70 0.1976716898230492
118 58 0.2690258637950822
118 59 0.050461040177755295
118 71 0.12204675516855418
118 65 0.03556212696496147
118 73 0.03630642964200359
118 67 0.223671244882321
118 66 0.1751456949164891
118 72 0.04746133051671719
118 57 0.2971313655349085
118 94 0.2952332091284451
118 80 0.12952852377571236
118 81 0.20190242262944788
118 95 0.06403651751677347
118 56 0.1541337832238878
118 68 0.3495786375905693
118 54 0.1291232822030739
118 83 0.06906824324741129
118 82 0.1200113523816187
118 55 0.124550975295072
118 69 0.2223563695391582
118 51 0.04159379989720968
118 79 0.07706321670891458
118 86 0.06468213498410469
118 92 0.2678063323280181
118 93 0.24712385891975905
118 87 0.25597795205195917
118 78 0.20671917103365542
118 50 0.08490429911536718
118 52 0.01606499652546166
118 46 0.17096749924927832
118 91 0.2503535524084898
118 85 0.21496545321601765
118 84 0.04447476842649392
118 90 0.22741720734968465
118 47 0.17604713023996618
118 53 0.0534995033164688
130 76 0.06408220572726828
130 62 0.12430439376882488
130 89 0.0983642844727309
130 88 0.2741566095591833
130 63 0.14357503391779267
130 77 0.05060013834771118
130 49 0.09276286201177203
130 61 0.05612199753311925
130 75 0.038839529682196394
130 74 0.06521958845391151
130 60 0.05250100360659815
130 48 0.10187717295818707
130 64 0.11897922180371445
130 70 0.21972455723853743
130 58 0.21122309806091774
130 59 0.08396567320592307
130 71 0.10278984966597116
130 65 0.044586809552048634
130 73 0.04462408946090152
130 67 0.24177642611915998
130 66 0.2178078335526484
130 72 0.05427077975561273
130 57 0.2733761386831609
130 94 0.31438378498798625
130 80 0.10786662397108829
130 81 0.22074412713861094
130 95 0.08348626018571365
130 56 0.17569140969315408
130 68 0.3749554759314948
130 54 0.13400963280936998
130 83 0.0769193549294323
130 82 0.11449616763892467
130 55 0.12207973236425243
130 69 0.2442923028645889
130 51 0.0440135824628729
130 79 0.09585531754301563
130 86 0.06336793024679258
130 92 0.3048138928726649
130 93 0.2743275982833402
130 87 0.2770713643500289
130 78 0.23997778654220694
130 50 0.08603623570501354
130 52 0.031295121076380134
130 46 0.1779885647574064
130 91 0.27427784376502196
130 85 0.24973899012906994
130 84 0.05346625417451187
130 90 0.2572453842580583
130 47 0.1729434161581581
130 53 0.054386275412782015
124 76 0.0689542858566283
124 62 0.14583881160104067
124 89 0.11156655289075909
124 88 0.30312341550762956
124 63 0.16644389038014165
124 77 0.07660747708361368
124 49 0.12373070423049212
124 61 0.06734513449581217
124 75 0.053270142766153716
124 74 0.07816445356196666
124 60 0.0660189690082725
124 48 0.12744760787230003
124 64 0.138045666965748
124 70 0.23775903266053086
124 58 0.23104747860151567
124 59 0.08809640474136002
124 71 0.15278060414397623
124 65 0.053342436539140864
124 73 0.0588349265972892
124 67 0.27858955329267643
124 66 0.235205354224402
124 72 0.07022482944737754
124 57 0.3272583209022195
124 94 0.35869040180365475
124 80 0.1613313578398313
124 81 0.23504176681662328
124 95 0.09939042516338209
124 56 0.19063338541833155
124 68 0.41726858652705834
124 54 0.15463015488237566
124 83 0.09586223206301858
124 82 0.14547210717827475
124 55 0.1358260511557313
124 69 0.26031273605122607
124 51 0.0676003638204139
124 79 0.10622405078610947
124 86 0.09268242749496186
124 92 0.33161713202663523
124 93 0.30478500226034533
124 87 0.31394482567581194
124 78 0.2575164805457433
124 50 0.11744076303492262
124 52 0.03948733129650156
124 46 0.2022171823541947
124 91 0.31316849127085133
124 85 0.2683694539708178
124 84 0.067865158140024
124 90 0.28252515920627275
124 47 0.20572493087228746
124 53 0.08013344812945147
125 76 0.08040511386658053
125 62 0.15803445998585527
125 89 0.12246029297687122
125 88 0.3178217599127324
125 63 0.177311008886075
125 77 0.07800511140131056
125 49 0.13116605980930288
125 61 0.07607428907730693
125 75 0.06032621919709269
125 74 0.08562160407394934
125 60 0.07425588613463643
125 48 0.1347262330114932
125 64 0.14633006880129126
125 70 0.25103708085661547
125 58 0.25488058483165354
125 59 0.0992498546561536
125 71 0.15846710712401543
125 65 0.06632291791498832
125 73 0.0668993855857041
125 67 0.29252381657825255
125 66 0.2515210397935872
125 72 0.0774455413045852
125 57 0.34546269788021067
125 94 0.3715825414257735
125 80 0.16677049450056622
125 81 0.25124090638330476
125 95 0.10533199739740068
125 56 0.21486404531729844
125 68 0.44157393007278634
125 54 0.16320876952703747
125 83 0.10438763173286814
125 82 0.15324185776366575
125 55 0.15206673783927768
125 69 0.27985279830512155
125 51 0.07205144908905223
125 79 0.11525904563836292
125 86 0.099419419457773
125 92 0.3481785581473552
125 93 0.3203117958199443
125 87 0.3241897910008561
125 78 0.27453543096501054
125 50 0.1251674825803289
125 52 0.0462580356203883
125 46 0.2111103368072557
125 91 0.32434962842260906
125 85 0.28511544687587786
125 84 0.07477232850055304
125 90 0.2977654920494015
125 47 0.21389179330024663
125 53 0.08561278746676484
131 76 0.14255614612179124
131 62 0.2633736099907521
131 89 0.20956328957657736
131 88 0.49206972098882185
131 63 0.302747835420235
131 77 0.12247190524358204
131 49 0.197206680943578
131 61 0.13236279608576212
131 75 0.11386223332920847
131 74 0.165586062723635
131 60 0.13078057203954127
131 48 0.2204240834139711
131 64 0.25141573744770196
131 70 0.4038607525626662
131 58 0.45483109514610187
131 59 0.17570148227388496
131 71 0.21820064977773565
131 65 0.128080081381976
131 73 0.12315475390230088
131 67 0.42992892730843546
131 66 0.38391944637852193
131 72 0.1403887362685739
131 57 0.5095775026149303
131 94 0.5474759615484213
131 80 0.2259921904784503
131 81 0.42084621202207206
131 95 0.1796805503950795
131 56 0.33365010732780287
131 68 0.6445900644265753
131 54 0.27881578594221634
131 83 0.17265808550835984
131 82 0.24653178184640176
131 55 0.2707457989029265
131 69 0.4498174307427365
131 51 0.1201603241505638
131 79 0.20203120024045254
131 86 0.15207924360379535
131 92 0.5298248382342678
131 93 0.4840911474011036
131 87 0.4930739361639953
131 78 0.430433941941226
131 50 0.18642697766271463
131 52 0.09178668088703093
131 46 0.3448580642671827
131 91 0.48064020849876365
131 85 0.4401873519870063
131 84 0.13746718208664485
131 90 0.4528074306150659
131 47 0.3448548497918901
131 53 0.1346703409448716
119 76 0.03700709851517195
119 62 0.0842068383527261
119 89 0.05633003781971366
119 88 0.18247951358313427
119 63 0.08552352471936356
119 77 0.011432682268883582
119 49 0.04838554080530069
119 61 0.024012305174292065
119 75 0.013705953542628976
119 74 0.04169127381148399
119 60 0.021798270721649693
119 48 0.05411111412012937
119 64 0.06388515427006847
119 70 0.15521443893715656
119 58 0.21192487215385905
119 59 0.049383688191330155
119 71 0.0625271274711795
119 65 0.020999136256365986
119 73 0.016495078846115577
119 67 0.15760669924098078
119 66 0.14331184628395188
119 72 0.02730141645282355
119 57 0.2027819735615126
119 94 0.20169554016270538
119 80 0.06574613996938405
119 81 0.15976476887417082
119 95 0.04790034028828591
119 56 0.12038512296007892
119 68 0.27092043160468304
119 54 0.07506620672659839
119 83 0.036724378346350645
119 82 0.0680493747865476
119 55 0.09621086984874824
119 69 0.18401800247575997
119 51 0.019079631219634907
119 79 0.05374949287150299
119 86 0.030291759960597187
119 92 0.2024696174709599
119 93 0.18202639015029057
119 87 0.18406102362700336
119 78 0.17000570675659696
119 50 0.049987389247868996
119 52 0.009206579290102976
119 46 0.106464374926771
119 91 0.1835724003312387
119 85 0.1624573189606733
119 84 0.02310917111689728
119 90 0.167575325179785
119 47 0.10609560882190147
119 53 0.02341204852901342
