114 76 0.07055559370648683
114 62 0.29638184536306295
114 89 0.18072320734959457
114 88 0.5664155334760084
114 63 0.22632064366542815
114 77 0.08534403899512757
114 49 0.08750246738894873
114 61 0.023717467961476956
114 75 0.021161309357017564
114 74 0.08401188627488236
114 60 0.0219522935259997
114 48 0.16653208013481308
114 64 0.26347102386103965
114 70 0.6714895871760143
114 58 1.2605374430055345
114 59 0.03745817722726651
114 71 0.1363912306877038
114 65 0.002597728311729104
114 73 0.015671579252350944
114 67 0.5507275657365671
114 66 0.4442479228464788
114 72 0.040104859334982076
114 57 0.6937139809377273
114 94 0.7091732597300056
114 80 0.1484842431212189
114 81 0.5415331588796263
114 95 0.10833848891740679
114 56 0.3823573414190796
114 68 1.0923517571420176
114 54 0.3203795644962748
114 83 0.10126744558696157
114 82 0.10852429667984738
114 55 0.3988242321446887
114 69 0.7774376922253127
114 51 0.04390755846823845
114 79 0.16853713151899252
114 86 0.04751824074399227
114 92 0.7431837040223828
114 93 0.6326842356941463
114 87 0.47953781264950857
114 78 0.6204793907201358
114 50 0.084223615844855
114 52 0.03343470957065936
114 46 0.4218526461865644
114 91 0.6226739331743494
114 85 0.6283832573586287
114 84 0.09593087098234125
114 90 0.6287199723477577
114 47 0.3125118048093854
114 53 0.04486546530766873
100 76 0.05458089048241605
100 62 0.21907352205648503
100 89 0.10710736891536532
100 88 0.35598965271199523
100 63 0.12996019468686495
100 77 0.12087307892555195
100 49 0.18004843036120075
100 61 0.03076095368251308
100 75 0.027210525105468737
100 74 0.06435186862451207
100 60 0.03294720333041716
100 48 0.1331399078000228
100 64 0.145834158311112
100 70 0.40240908773491113
100 58 0.7486864555987783
100 59 0.018726301426274315
100 71 0.35249030016799626
100 65 0.013808196734407835
100 73 0.01989132530624526
100 67 0.4548079456936653
100 66 0.3085563239772408
100 72 0.02853991911202482
100 57 0.5723856325862191
100 94 0.5598332123533376
100 80 0.38738046168879064
100 81 0.30679912135505605
100 95 0.09275725360609427
100 56 0.2689828185973547
100 68 0.8067364674131651
100 54 0.1731492130122984
100 83 0.10431606947051172
100 82 0.0803259429022559
100 55 0.27950096299301863
100 69 0.48257159186757725
100 51 0.10387797223561232
100 79 0.11245301614711728
100 86 0.12844714491112036
100 92 0.49561400210235307
100 93 0.45818498561628257
100 87 0.31866272451978644
100 78 0.4046008935397195
100 50 0.19346443985039696
100 52 0.06195169042527289
100 46 0.2673579345827506
100 91 0.48744155441985004
100 85 0.48588702221011665
100 84 0.11231531496362451
100 90 0.4744452064828254
100 47 0.2060073421592018
100 53 0.11799739193117019
128 76 0.06425561702047053
128 62 0.16186006275705214
128 89 0.13177165934810814
128 88 0.42757444801833683
128 63 0.17896814250950355
128 77 0.09417800446535388
128 49 0.09994573452514123
128 61 0.026624717424188815
128 75 0.01727400041900387
128 74 0.06665560684003269
128 60 0.028244402338380065
128 48 0.13575893527864
128 64 0.18117560295372692
128 70 0.40025098526185643
128 58 0.42860195572711385
128 59 0.04041602217005494
128 71 0.15678037696908803
128 65 0.0070521455505355764
128 73 0.013388730297093613
128 67 0.42760280202492396
128 66 0.3612803189080771
128 72 0.03380887780763099
128 57 0.4033874749252678
128 94 0.5727476707596092
128 80 0.17189414693396743
128 81 0.32980660031626613
128 95 0.09173852113213969
128 56 0.2801333853078837
128 68 0.7362854068366531
128 54 0.21697994880636687
128 83 0.08504937548300867
128 82 0.08751042696016893
128 55 0.22924514050244696
128 69 0.4564641024161992
128 51 0.048408064787858605
128 79 0.13725494314180883
128 86 0.05703660527757279
128 92 0.5900915513481169
128 93 0.50549962334281
128 87 0.36663175830217337
128 78 0.42531706602748914
128 50 0.09050971194788086
128 52 0.04456214991690361
128 46 0.30342690478504597
128 91 0.5027157651739845
128 85 0.5155745016103831
128 84 0.054805584077088555
128 90 0.5085899409669398
128 47 0.2570076524898555
128 53 0.06856774278709053
129 76 0.0931582222727967
129 62 0.39380616517178424
129 89 0.2472769028322403
129 88 0.8028551540928587
129 63 0.3720045345274721
129 77 0.13343406135162766
129 49 0.18330889555034655
129 61 0.03141517683355864
129 75 0.028898359721770087
129 74 0.11277478243618871
129 60 0.028679851947765657
129 48 0.288488299821219
129 64 0.3963684540263729
129 70 0.8634388464693717
129 58 1.4358207701813333
129 59 0.04911207406238015
129 71 0.26888510639451746
129 65 0.005795335251228131
129 73 0.02265963475207483
129 67 0.7929359308972159
129 66 0.6282228929822906
129 72 0.055067047431583166
129 57 0.9688702238288095
129 94 1.017335157759617
129 80 0.29461454032688367
129 81 0.6939842018364786
129 95 0.15986645244380374
129 56 0.5439253235699564
129 68 1.4833076476569849
129 54 0.47817791887673283
129 83 0.14092470080042738
129 82 0.19301918878353863
129 55 0.5143627717915598
129 69 0.9925983276325897
129 51 0.07890628595822119
129 79 0.25952833487907845
129 86 0.0979718707772185
129 92 1.0618967706843558
129 93 0.9017876275073203
129 87 0.6725553108657903
129 78 0.8231783240232298
129 50 0.152723944178048
129 52 0.05350829170522587
129 46 0.6024992251939004
129 91 0.8910544853057747
129 85 0.9055809273541023
129 84 0.12134736332020847
129 90 0.9015351270289979
129 47 0.5365831852723852
129 53 0.08303863008494267
101 76 0.03742186867516418
101 62 0.12819226837722525
101 89 0.06414506192864179
101 88 0.2099241830669616
101 63 0.0672083207788815
101 77 0.06999012054748462
101 49 0.09970740724585078
101 61 0.018110755242690346
101 75 0.01279155706993678
101 74 0.03841005690102926
101 60 0.016797673461841772
101 48 0.07227356346356531
101 64 0.07511826937207242
101 70 0.2501026692196517
101 58 0.4475864294267232
101 59 0.02381375254263635
101 71 0.19067039871867925
101 65 0.006996996551539009
101 73 0.009680492871437097
101 67 0.27398131194520303
101 66 0.19427152648064466
101 72 0.018524439285437674
101 57 0.33658410802264
101 94 0.32087563610909936
101 80 0.20959466622834597
101 81 0.1837442202390555
101 95 0.05473328339974494
101 56 0.17166680987906058
101 68 0.4985935456182073
101 54 0.08864025714174749
101 83 0.05859209171039531
101 82 0.045965061134212705
101 55 0.151673651517328
101 69 0.29706859804622926
101 51 0.05456883584086971
101 79 0.06978741442097365
101 86 0.0694429956153815
101 92 0.2982443665326161
101 93 0.2691472278230765
101 87 0.19104644709675472
101 78 0.25395813181161947
101 50 0.1034257846237352
101 52 0.04297043510411337
101 46 0.15053386400189658
101 91 0.28417847623264764
101 85 0.2810114239898987
101 84 0.05684546531034655
101 90 0.27639107711425714
101 47 0.11601372838238985
101 53 0.06495806397612876
115 76 0.05186722773494815
115 62 0.15182366134721098
115 89 0.06574248915427337
115 88 0.22549348223229745
115 63 0.08270644285750964
115 77 0.22822936889918832
115 49 0.16480543463622685
115 61 0.016756016138876718
115 75 0.021857606613518595
115 74 0.09278161625370432
115 60 0.014662265171952196
115 48 0.11209765756658319
115 64 0.08466538315264273
115 70 0.23751585491535415
115 58 0.13533846533822994
115 59 0.018343074750352958
115 71 0.13836935153460933
115 65 0.005848504972666636
115 73 0.024545990821301576
115 67 0.2686747267631541
115 66 0.24437706061542575
115 72 0.034206193809809986
115 57 0.19778766665318512
115 94 0.36529218274183906
115 80 0.1520735308424696
115 81 0.13483882049003898
115 95 0.07260652263130261
115 56 0.2604105301950957
115 68 0.421275076488876
115 54 0.07961870407671909
115 83 0.1712785625933556
115 82 0.039961296814390965
115 55 0.1550979930417348
115 69 0.20085255944342315
115 51 0.03966056542946378
115 79 0.155651263528577
115 86 0.05350029451940591
115 92 0.3735936940528345
115 93 0.3278786509674212
115 87 0.19956562597149105
115 78 0.21892153554625568
115 50 0.07827854329392614
115 52 0.31390898770299125
115 46 0.3211083411783351
115 91 0.34103372195612763
115 85 0.3342372816820878
115 84 0.07762282689076119
115 90 0.3336759348299261
115 47 0.19511491796751462
115 53 0.21778776171969028
103 76 0.10558228953436714
103 62 0.44254499811301257
103 89 0.1746451116179683
103 88 0.5845548071892975
103 63 0.20473539009832217
103 77 0.13911187008152076
103 49 0.16874190115176266
103 61 0.05057828902038828
103 75 0.024100432027975682
103 74 0.09183787870565292
103 60 0.031879408456429656
103 48 0.17839823150324566
103 64 0.24589540362544018
103 70 0.8737681650060813
103 58 2.0198762461109636
103 59 0.04561105732064281
103 71 0.3022146027436999
103 65 0.01419240777205681
103 73 0.017669363580787176
103 67 0.6836447089068005
103 66 0.5301042738687273
103 72 0.04502903001038394
103 57 1.0624553433539208
103 94 0.7811685642870014
103 80 0.33180872379209037
103 81 0.6166377217373369
103 95 0.13259392295826017
103 56 0.5047213189644044
103 68 1.4701592565116044
103 54 0.2969645256442749
103 83 0.12091120830059388
103 82 0.13736733373804072
103 55 0.5228552387772873
103 69 0.9872250605865655
103 51 0.09607874360017671
103 79 0.17899634339876383
103 86 0.10947233016769059
103 92 0.7954767597575854
103 93 0.6898638265322378
103 87 0.5094327014725846
103 78 0.7352959148808338
103 50 0.17769067078029566
103 52 0.077605227818569
103 46 0.4247207963887344
103 91 0.713581760170655
103 85 0.6974148383480472
103 84 0.11162361604789876
103 90 0.6949539473471353
103 47 0.32640980259038205
103 53 0.12342046844981407
117 76 0.07025116495155279
117 62 0.3178575967736079
117 89 0.1349048130361049
117 88 0.39917280529361515
117 63 0.13716236218541766
117 77 0.2238258737321943
117 49 0.1515319119141505
117 61 0.0188772214539143
117 75 0.059261733662812635
117 74 0.119889636837449
117 60 0.005289332030757962
117 48 0.1611469051793672
117 64 0.16803745752442528
117 70 0.5676807512769321
117 58 1.1696462488916621
117 59 0.027254819913749485
117 71 0.103737551050434
117 65 0.0
117 73 0.04599877590263376
117 67 0.41665210906871636
117 66 0.3301550596756639
117 72 0.036301455838687643
117 57 0.5796619400931725
117 94 0.5321913842668029
117 80 0.11264276148315294
117 81 0.38934832521358653
117 95 0.09688764805242146
117 56 0.38535914136675625
117 68 0.8564242487535167
117 54 0.1935809827389891
117 83 0.20970561885225153
117 82 0.08299146539407334
117 55 0.3575171402596693
117 69 0.599795366508523
117 51 0.03602158663376882
117 79 0.22100072774254131
117 86 0.04588665832049944
117 92 0.561697858735281
117 93 0.4799064791391826
117 87 0.34987076039937814
117 78 0.4675802974202755
117 50 0.07614801094765747
117 52 0.22305133061860563
117 46 0.4274569122040641
117 91 0.4869940668906559
117 85 0.4782663939230769
117 84 0.14216851742394887
117 90 0.4828891268169546
117 47 0.24704854235766033
117 53 0.13583969332885354
116 76 0.11651377638346899
116 62 0.39294341891395007
116 89 0.2132709242348167
116 88 0.6530496368600174
116 63 0.2301824652578052
116 77 0.18199661825206848
116 49 0.14705002188077787
116 61 0.04620488838555455
116 75 0.04569011252629395
116 74 0.12171531877503117
116 60 0.02170423707318007
116 48 0.1997433745811525
116 64 0.26482757844879723
116 70 0.8431917763177151
116 58 1.5729255516804848
116 59 0.06001044423757419
116 71 0.16605503162552498
116 65 0.003004859520250367
116 73 0.03465745099465277
116 67 0.6681584510456122
116 66 0.5635242095128956
116 72 0.05230804435543946
116 57 0.8706712150361311
116 94 0.8523011855970852
116 80 0.18105311478838007
116 81 0.6088154576925459
116 95 0.14032401272864323
116 56 0.5105093069255564
116 68 1.3517139598853085
116 54 0.3165804489345937
116 83 0.17856632985129
116 82 0.14640024229661983
116 55 0.4814689708199178
116 69 0.9334668496426108
116 51 0.05611709596340853
116 79 0.2480950912778032
116 86 0.06385702115488327
116 92 0.8934151428944066
116 93 0.7597480816213734
116 87 0.569176501153457
116 78 0.7515688461610384
116 50 0.11114711720642739
116 52 0.12826251552486317
116 46 0.5157030899764815
116 91 0.7589173465972271
116 85 0.7601123340835378
116 84 0.14223952687679192
116 90 0.7608231556123481
116 47 0.3525623723905704
116 53 0.10436045251437193
102 76 0.02681530234686289
102 62 0.23319852944091196
102 89 0.06817748947748115
102 88 0.2198239389873925
102 63 0.08618095403252028
102 77 0.028729938024655444
102 49 0.09531994836487277
102 61 0.01130411626848165
102 75 0.00794110827910778
102 74 0.03140619006914366
102 60 0.0023475226800450198
102 48 0.08532843024137651
102 64 0.11322666815474015
102 70 0.41570488553000196
102 58 1.220075618313633
102 59 0.009277789850518223
102 71 0.20042017182285962
102 65 0.0
102 73 0.005268577261368372
102 67 0.3058053926815251
102 66 0.17981601791809085
102 72 0.011416510454151233
102 57 0.5954720068725626
102 94 0.29262164891376125
102 80 0.22038227661579904
102 81 0.3022442710101112
102 95 0.04991867294568999
102 56 0.22524701976282238
102 68 0.7104593994758077
102 54 0.1387555363469618
102 83 0.04993319708419371
102 82 0.05518334706014397
102 55 0.2288405203267861
102 69 0.481087007974311
102 51 0.047886810226802884
102 79 0.06393955860460253
102 86 0.07344766937852948
102 92 0.27976657623277396
102 93 0.23617270263602458
102 87 0.18870394944373745
102 78 0.30992016176076564
102 50 0.09815425081759482
102 52 0.008456433776432777
102 46 0.17360129157811105
102 91 0.2478861858500115
102 85 0.25707925986178953
102 84 0.04771990723681911
102 90 0.23552944336876735
102 47 0.1260042383419052
102 53 0.019384338635962853
106 76 0.04361125824368352
106 62 0.2166777423566553
106 89 0.09574565731175734
106 88 0.29255321978961585
106 63 0.10254395263749419
106 77 0.04859441306301357
106 49 0.058694310766482696
106 61 0.013492641389916338
106 75 0.015910377821413337
106 74 0.04495140168522395
106 60 0.0025041766643513824
106 48 0.08750509538658686
106 64 0.13326851103300674
106 70 0.4426036081306537
106 58 1.0528659678851624
106 59 0.027684462542692394
106 71 0.09338476632284474
106 65 0.0
106 73 0.011312017187672442
106 67 0.31930152984254406
106 66 0.23926437428061115
106 72 0.021363939194287127
106 57 0.5102233190896581
106 94 0.35875382557538865
106 80 0.10187234990460305
106 81 0.31491191803663837
106 95 0.058228892984364726
106 56 0.22768427739531436
106 68 0.7014503035760888
106 54 0.16287213235688758
106 83 0.058541579486158776
106 82 0.06638325808501744
106 55 0.25617216932515274
106 69 0.5122064466382589
106 51 0.029789145109944775
106 79 0.09520103405123259
106 86 0.034027059641057386
106 92 0.3786443403558803
106 93 0.3215858541585558
106 87 0.2555040059215784
106 78 0.3755461028987827
106 50 0.05877391065811714
106 52 0.018318185200051247
106 46 0.22126653940481655
106 91 0.32199472686517133
106 85 0.3156621728074549
106 84 0.07232877043925848
106 90 0.31871323792123035
106 47 0.15260760452545288
106 53 0.018780097402740815
112 76 0.07693528829753861
112 62 0.41128395264518525
112 89 0.17471133547370354
112 88 0.5302953673996418
112 63 0.18467109273506982
112 77 0.09211031775341903
112 49 0.12574147461931007
112 61 0.023053242655559147
112 75 0.03219522778127912
112 74 0.08460974088671279
112 60 0.004283584267915488
112 48 0.16564508638886843
112 64 0.24678144868382013
112 70 0.8180834213014669
112 58 2.020272649505209
112 59 0.04342720373774865
112 71 0.21674934236766763
112 65 0.0
112 73 0.022582305518584686
112 67 0.5945679449901793
112 66 0.4264968499002551
112 72 0.03834434009251827
112 57 0.9768441517505229
112 94 0.6465823027206268
112 80 0.23675772275274912
112 81 0.5887182577663151
112 95 0.1079609714809684
112 56 0.4151283662490218
112 68 1.3071816568333925
112 54 0.30233375895269465
112 83 0.1154965651861943
112 82 0.11863269466887395
112 55 0.47828648761015946
112 69 0.95597338097095
112 51 0.06364924845881653
112 79 0.17375864170523198
112 86 0.07905211175387014
112 92 0.6824309931936606
112 93 0.5810815659370983
112 87 0.4607709835036444
112 78 0.6895464302355702
112 50 0.12661804022537443
112 52 0.03706751352325315
112 46 0.41130632199038497
112 91 0.584558898053875
112 85 0.5695378186477638
112 84 0.14041722066747153
112 90 0.575042744860484
112 47 0.2729062747575655
112 53 0.03270824183916345
113 76 0.117301575822069
113 62 0.4209348641723829
113 89 0.2586327163794458
113 88 0.8204790748359075
113 63 0.328861106845653
113 77 0.2065349756753194
113 49 0.18789783677277946
113 61 0.04287185857419197
113 75 0.047087869970931145
113 74 0.14421317267181094
113 60 0.03814667737107216
113 48 0.26611015708826263
113 64 0.3647598337607371
113 70 0.9221404695748344
113 58 1.511918730407948
113 59 0.06598513663093736
113 71 0.24590373522104758
113 65 0.007523956709945026
113 73 0.036153959341230314
113 67 0.8192612150514335
113 66 0.6710468529076796
113 72 0.062217832770937904
113 57 0.948665633179287
113 94 1.0704979585818835
113 80 0.26881725108425575
113 81 0.721817018724893
113 95 0.17269499897329893
113 56 0.5899973431952795
113 68 1.5456942493603267
113 54 0.43696445277457396
113 83 0.2026616682344994
113 82 0.1654596109248894
113 55 0.547308613594476
113 69 1.0383013569606885
113 51 0.0785121061650327
113 79 0.28938634054122936
113 86 0.091807868088727
113 92 1.1144746302652846
113 93 0.9509037882302827
113 87 0.7026421372828852
113 78 0.8735641975033849
113 50 0.15125190929562082
113 52 0.13537963839470757
113 46 0.649134819378556
113 91 0.9470157252075073
113 85 0.957082690715212
113 84 0.15084415916357516
113 90 0.953564881940088
113 47 0.4817643324897783
113 53 0.13149759042983192
107 76 0.032022089214648865
107 62 0.049111826016056195
107 89 0.031772577036252185
107 88 0.13169860037509698
107 63 0.02918600765233332
107 77 0.06712228771485156
107 49 0.09380413874168682
107 61 0.02290712878059735
107 75 0.022184176947337746
107 74 0.024579909514094438
107 60 0.01871495215928628
107 48 0.040263068524436625
107 64 0.014960223514689758
107 70 0.09701521378285206
107 58 0.02261329882819131
107 59 0.014745213244907955
107 71 0.17696168643770696
107 65 0.026687262775362413
107 73 0.021154974528965493
107 67 0.23581957487854985
107 66 0.17020929163597648
107 72 0.014572199403099527
107 57 0.22119111800088523
107 94 0.18047559149759393
107 80 0.1948461669289783
107 81 0.0676997266079363
107 95 0.05247415206904808
107 56 0.5436093787344701
107 68 0.6129710399098027
107 54 0.01601184244668085
107 83 0.04694324137471304
107 82 0.03630535828904028
107 55 0.0662321074598016
107 69 0.1124292309455582
107 51 0.05099719378389151
107 79 0.03509204229864467
107 86 0.06429823238399056
107 92 0.17508280438429819
107 93 0.23973833038544873
107 87 0.11601588280189107
107 78 0.12782640889989516
107 50 0.10069483461179361
107 52 0.03567197360624308
107 46 0.05591034382529293
107 91 0.17471435364380264
107 85 0.16458785807384263
107 84 0.02608313269443462
107 90 0.16129294827757798
107 47 0.06066567774602634
107 53 0.07706547573023341
139 76 0.06132485336961876
139 62 0.12286158218021853
139 89 0.08030478451389793
139 88 0.26329212227988635
139 63 0.09049989145351942
139 77 0.09743067905087081
139 49 0.09917123501303085
139 61 0.02922997888053603
139 75 0.010262155662573928
139 74 0.04897894920767144
139 60 0.02002405057865529
139 48 0.08121818223903282
139 64 0.08664960908128028
139 70 0.28177396321866854
139 58 0.30635259144880855
139 59 0.032593815240569694
139 71 0.15489164169689293
139 65 0.006516325723460048
139 73 0.009732485287310931
139 67 0.30685707637433424
139 66 0.2668777827430766
139 72 0.02817105504638694
139 57 0.3044668098542787
139 94 0.3795635586211662
139 80 0.17027072460856515
139 81 0.18902121608345207
139 95 0.06707217718583978
139 56 0.21091571425802466
139 68 0.5415215435495944
139 54 0.09833607298914679
139 83 0.0719952052280355
139 82 0.06252541058183342
139 55 0.14076370847021658
139 69 0.3011312542544758
139 51 0.04496833646306601
139 79 0.09708584382897571
139 86 0.05656290086355553
139 92 0.3872916206452103
139 93 0.3351200040945683
139 87 0.23426234806047835
139 78 0.2831858756123612
139 50 0.08573880007691803
139 52 0.08572710603092587
139 46 0.19335861702207896
139 91 0.34172875043722184
139 85 0.3423345889728223
139 84 0.041196606461935216
139 90 0.33862223266877456
139 47 0.14996376331310776
139 53 0.08853465966947459
111 76 0.13545559504513505
111 62 0.5049375218116292
111 89 0.28620414749948797
111 88 0.8764389313029574
111 63 0.29494595142481633
111 77 0.14785884856749248
111 49 0.1471526610177747
111 61 0.04890084158977749
111 75 0.03481563475387032
111 74 0.12982788964425385
111 60 0.021369413068595355
111 48 0.2390410804453939
111 64 0.3548476167027411
111 70 1.1388462918125766
111 58 2.2134895425203114
111 59 0.09345408567285049
111 71 0.21662047702427986
111 65 0.002801444133966188
111 73 0.025728439433390975
111 67 0.9073648252667259
111 66 0.7440461979172472
111 72 0.06538432233789356
111 57 1.2076572875717542
111 94 1.1208034102836162
111 80 0.23616496533484913
111 81 0.8426410008954578
111 95 0.1750652974339672
111 56 0.6465400991480951
111 68 1.864510180062212
111 54 0.4311640793048841
111 83 0.16598834224727355
111 82 0.18886803379864736
111 55 0.6478194734868873
111 69 1.335375765104379
111 51 0.06841601043656939
111 79 0.28318913681194047
111 86 0.0773500001817861
111 92 1.1772197135892566
111 93 0.999270962268856
111 87 0.7663134324824709
111 78 1.0766822999138606
111 50 0.1358173518507631
111 52 0.0701180630867238
111 46 0.62461266370779
111 91 0.9903362247788068
111 85 0.9910256923849587
111 84 0.166846639460475
111 90 0.9944176660984761
111 47 0.4467735832419145
111 53 0.06844903432505457
105 76 0.05567110003132637
105 62 0.17557266413994496
105 89 0.08317688695898974
105 88 0.29017946741833334
105 63 0.09490150403267633
105 77 0.1160579513395422
105 49 0.24198733589454877
105 61 0.0350666369148694
105 75 0.020890444461268295
105 74 0.04954969477947322
105 60 0.039005272478759005
105 48 0.12354029559671936
105 64 0.08396095765448748
105 70 0.302197018505254
105 58 0.48521120033207327
105 59 0.03181357577498195
105 71 0.5229929913506183
105 65 0.016761761009992698
105 73 0.014395298654616327
105 67 0.49946593521678895
105 66 0.29602238219884086
105 72 0.02802982123681513
105 57 0.6080308486099171
105 94 0.5292298981053748
105 80 0.575877998115482
105 81 0.21853874359251657
105 95 0.09340806685780617
105 56 0.4426680908323505
105 68 0.9426370307245756
105 54 0.09790711395981859
105 83 0.08983295064832805
105 82 0.07699962353784846
105 55 0.166828240078372
105 69 0.3792527337988227
105 51 0.1370541870113038
105 79 0.08800436824242057
105 86 0.19133595575386672
105 92 0.4283015142228132
105 93 0.4000315799094069
105 87 0.27209304506687615
105 78 0.34298145427259913
105 50 0.26567516721762996
105 52 0.04303564027757294
105 46 0.17035110055530786
105 91 0.443263018530311
105 85 0.46288838356327555
105 84 0.08375444171749771
105 90 0.41877220080740296
105 47 0.1656792159837576
105 53 0.12537643091991602
104 76 0.06137697173761001
104 62 0.40162259817304535
104 89 0.14686160695493064
104 88 0.4626879900995195
104 63 0.17467056962325628
104 77 0.06591595868354985
104 49 0.08334733322230638
104 61 0.02215512227374145
104 75 0.022560631629423872
104 74 0.06904072945484965
104 60 0.0033683514420186802
104 48 0.14454061849235314
104 64 0.2324710670000299
104 70 0.7838441635167984
104 58 2.0708517712133174
104 59 0.02278797977954096
104 71 0.1256205914742771
104 65 0.0
104 73 0.01589922763495768
104 67 0.4935016593789642
104 66 0.3629626805536867
104 72 0.027511379119766324
104 57 0.9174851174998868
104 94 0.5538392006494265
104 80 0.13696257931431502
104 81 0.5634972554089057
104 95 0.08813095786644086
104 56 0.3742542339974728
104 68 1.169754726029646
104 54 0.28499280073910116
104 83 0.09067009441467248
104 82 0.10885045237430795
104 55 0.467458868022909
104 69 0.8852301322593211
104 51 0.04225518469335339
104 79 0.1434261274473112
104 86 0.045754852509690636
104 92 0.5845459026305545
104 93 0.49549226712853717
104 87 0.3939061033886438
104 78 0.5999391751824688
104 50 0.08246191805919602
104 52 0.02597485949464456
104 46 0.36812659866503666
104 91 0.5001606733758747
104 85 0.4870598896624504
104 84 0.1094053630565539
104 90 0.4917676169914862
104 47 0.2564742333392862
104 53 0.03199133213643434
110 76 0.06377709667956412
110 62 0.22903647686352405
110 89 0.13457435110605248
110 88 0.4055102517179167
110 63 0.1549883462149961
110 77 0.10914789789243554
110 49 0.095280909281204
110 61 0.02052012852013739
110 75 0.027754817251580112
110 74 0.07652541740862148
110 60 0.013994446329970628
110 48 0.13186503821557516
110 64 0.17209178526666846
110 70 0.4832212225889041
110 58 0.8910921589443165
110 59 0.029114791294044918
110 71 0.12477800331815206
110 65 0.0032571742174139075
110 73 0.020870497095098698
110 67 0.4041489736568791
110 66 0.3283347396311793
110 72 0.037323796784475415
110 57 0.5076896043440967
110 94 0.5193403346387939
110 80 0.13551730628684866
110 81 0.36478075545857735
110 95 0.08431025356482229
110 56 0.30008502650199315
110 68 0.7929938796862698
110 54 0.2063200225377284
110 83 0.1037517774732212
110 82 0.08950023483679342
110 55 0.3016351576859449
110 69 0.5571789338580436
110 51 0.03780880946443025
110 79 0.1468300332801936
110 86 0.04408368902534801
110 92 0.5414782170844441
110 93 0.4686318308994155
110 87 0.34386340554633665
110 78 0.4502064090175921
110 50 0.07396462229299752
110 52 0.07617742761201424
110 46 0.31500799224261783
110 91 0.462602938340154
110 85 0.4638270484825647
110 84 0.08354115673708776
110 90 0.4636258788271576
110 47 0.23545472309264368
110 53 0.06650119113111462
138 76 0.07942469598806866
138 62 0.15006143975008585
138 89 0.12938133614317662
138 88 0.42357572749428357
138 63 0.1533125263971878
138 77 0.10861810896957022
138 49 0.11930213877995387
138 61 0.03562484252169458
138 75 0.01471197405284136
138 74 0.06564230251679959
138 60 0.033390393893232916
138 48 0.11874711128495025
138 64 0.1452018950057324
138 70 0.3985501689530325
138 58 0.32615467586366226
138 59 0.051407207020448084
138 71 0.21535864418761788
138 65 0.009638508648300577
138 73 0.011540311344241602
138 67 0.474335061809905
138 66 0.39902499411916825
138 72 0.0404216359251445
138 57 0.41290669674151564
138 94 0.6365634052824096
138 80 0.23670059374539357
138 81 0.2927562827008769
138 95 0.09896837418145119
138 56 0.29432492167518637
138 68 0.8071843996074217
138 54 0.17153122200896043
138 83 0.0851381388345514
138 82 0.08325802826888415
138 55 0.19933679746528193
138 69 0.4512339516355603
138 51 0.06664472704713906
138 79 0.13059464538400622
138 86 0.07836578520115312
138 92 0.6045248594363202
138 93 0.5206527949797869
138 87 0.37996828805047317
138 78 0.4474037852108696
138 50 0.12378131221027601
138 52 0.050162107475106354
138 46 0.26961021565794924
138 91 0.5222945042953092
138 85 0.5305906670446082
138 84 0.050300373017539306
138 90 0.5262087026366934
138 47 0.22830485082549687
138 53 0.09295223575108813
140 76 0.06473563498720732
140 62 0.1529266158914755
140 89 0.0903793687526666
140 88 0.2769861093621341
140 63 0.0705857143158187
140 77 0.08320388755207657
140 49 0.08436353060905503
140 61 0.0314392964742574
140 75 0.0176128461709247
140 74 0.04764577041678243
140 60 0.018063067165907956
140 48 0.06989702478255795
140 64 0.06813524927855137
140 70 0.34992806228240414
140 58 0.5723697919876879
140 59 0.036758241450855836
140 71 0.14719744189852788
140 65 0.0054447656260041746
140 73 0.0122529886273758
140 67 0.33107826049854977
140 66 0.27214962315289637
140 72 0.027039683053060128
140 57 0.3955424715064075
140 94 0.4128693296757899
140 80 0.1615219381941978
140 81 0.23590135019567915
140 95 0.06734538865953937
140 56 0.22715589657804683
140 68 0.6416799453987669
140 54 0.08127466434970304
140 83 0.06923534873307541
140 82 0.06463110031182538
140 55 0.17625622349237466
140 69 0.39910913099443956
140 51 0.04310980339808724
140 79 0.09692555507507696
140 86 0.054520917916686513
140 92 0.39989780552959403
140 93 0.34467862251403314
140 87 0.2538169484935364
140 78 0.34465610696506926
140 50 0.08449507302719352
140 52 0.038790089196566714
140 46 0.16436273405286125
140 91 0.3496740575055609
140 85 0.3703830632673648
140 84 0.05016816979602578
140 90 0.34765143826749656
140 47 0.12118544266855837
140 53 0.05760060626306328
135 76 0.0722464031464284
135 62 0.24146576319979263
135 89 0.14481773380642568
135 88 0.46903427167771666
135 63 0.2123146183304914
135 77 0.22140055008094933
135 49 0.22137011506353815
135 61 0.02782797552977239
135 75 0.04640639431785334
135 74 0.11538874708087388
135 60 0.029735150008880842
135 48 0.20428863154777083
135 64 0.20629096878940573
135 70 0.44991299769571835
135 58 0.4824305112270011
135 59 0.030527484419725845
135 71 0.2871479722242395
135 65 0.00864315888293421
135 73 0.037921863279716944
135 67 0.5195346384871428
135 66 0.39970874015334473
135 72 0.04052184851549931
135 57 0.5041543242317741
135 94 0.7200494419233746
135 80 0.3155010274479518
135 81 0.3434891991357188
135 95 0.12084167027734236
135 56 0.3755407444530645
135 68 0.8493892890613474
135 54 0.23508525327476384
135 83 0.20016072908396795
135 82 0.10060173863416633
135 55 0.2858970706126682
135 69 0.4774624491083809
135 51 0.08418319050197703
135 79 0.2133421407891815
135 86 0.11104987700838238
135 92 0.6785000495057902
135 93 0.5921346113707587
135 87 0.40927832173071094
135 78 0.45442328857727216
135 50 0.1617719213940504
135 52 0.19168048390829845
135 46 0.438954126976569
135 91 0.6053371935852088
135 85 0.6107657049227703
135 84 0.11013712074164173
135 90 0.605686607426272
135 47 0.33252155907216085
135 53 0.1794775973692274
121 76 0.08715784801174502
121 62 0.1727088671096941
121 89 0.10473823051193917
121 88 0.4328425963480905
121 63 0.18987964204813873
121 77 0.16322873967914006
121 49 0.18440095817198263
121 61 0.043351888383780665
121 75 0.02272022309661462
121 74 0.07148847115748927
121 60 0.08249576050146835
121 48 0.1501253349742091
121 64 0.15926719067712147
121 70 0.3093272526411887
121 58 0.27442681097491484
121 59 0.01581342056052143
121 71 0.4064981161146739
121 65 0.04344822885875875
121 73 0.011228097034329112
121 67 0.4440602878599473
121 66 0.3437411877643571
121 72 0.045878335277414285
121 57 0.4523948249943738
121 94 0.6455849257498315
121 80 0.44617895007359876
121 81 0.2603752744973301
121 95 0.10956538206000582
121 56 0.2650762138089457
121 68 0.7300989684869797
121 54 0.19086632307173362
121 83 0.08972555701288121
121 82 0.09258898502679451
121 55 0.2844491032461736
121 69 0.43025995323670013
121 51 0.12349961465437004
121 79 0.11278782662656274
121 86 0.14317740559471498
121 92 0.6695907716575665
121 93 0.5580833814301076
121 87 0.32844890734186294
121 78 0.429053491512124
121 50 0.208074438217012
121 52 0.028986292233750925
121 46 0.24167563213220297
121 91 0.5229760571042764
121 85 0.5780312976444483
121 84 0.08204621728731445
121 90 0.5673442801222324
121 47 0.29122899048938256
121 53 0.18772885420225152
109 76 0.0677530649141175
109 62 0.2924294948206641
109 89 0.15408791060266547
109 88 0.4685388238354004
109 63 0.15062797923294724
109 77 0.11750105982608455
109 49 0.11495074205034819
109 61 0.0195950422042255
109 75 0.025737303710974328
109 74 0.08462705968620189
109 60 0.010092699066980975
109 48 0.1443944094939092
109 64 0.20834055069712967
109 70 0.6109964492913041
109 58 1.2294645724123436
109 59 0.030563375995068115
109 71 0.15929455018133423
109 65 0.0018071971921169178
109 73 0.020247430443783923
109 67 0.4898541804257961
109 66 0.38510673125189143
109 72 0.03817851095446239
109 57 0.6570379339958898
109 94 0.5985635885207116
109 80 0.17363861662610605
109 81 0.4518390786322468
109 95 0.09676058649035056
109 56 0.35739363828489895
109 68 0.9951488688474613
109 54 0.24960569370354008
109 83 0.12117104148329597
109 82 0.09230646215576457
109 55 0.3781299556988136
109 69 0.7144163411016656
109 51 0.0533391676581178
109 79 0.1649687860651515
109 86 0.056845245044017154
109 92 0.6280569246102449
109 93 0.5387153866929697
109 87 0.4093311993335428
109 78 0.5663238550576852
109 50 0.1018816712338274
109 52 0.10095573933542927
109 46 0.3959496550932349
109 91 0.5343604906131528
109 85 0.5326502410861816
109 84 0.16681279739704286
109 90 0.5338074978142396
109 47 0.2511986950328037
109 53 0.07352169468424516
108 76 0.14838477711720036
108 62 0.5973349072290797
108 89 0.32420463061385457
108 88 1.0252734377768256
108 63 0.39670471087085496
108 77 0.2012792378155916
108 49 0.2099031702995928
108 61 0.05494094149325908
108 75 0.04837968513427991
108 74 0.16069181256639603
108 60 0.033371315652808056
108 48 0.321759789661919
108 64 0.45715448974653017
108 70 1.2900856614362761
108 58 2.4930410784589823
108 59 0.0926811757820224
108 71 0.2928230356894008
108 65 0.006592413444075019
108 73 0.036022491517203006
108 67 1.052894988088735
108 66 0.8508987345709775
108 72 0.0720489154411155
108 57 1.4012756916651796
108 94 1.3145152876341923
108 80 0.32026477577141116
108 81 0.9771773615571305
108 95 0.20993483184962475
108 56 0.7572017330326164
108 68 2.116554113493444
108 54 0.55349461610441
108 83 0.21240048123150249
108 82 0.22598320363609603
108 55 0.7538962427851805
108 69 1.4755652378671285
108 51 0.09348123761942718
108 79 0.3442478645389805
108 86 0.1084861018843626
108 92 1.3739247214040606
108 93 1.1665216629298294
108 87 0.8840912581234743
108 78 1.181707525700086
108 50 0.18117311704798222
108 52 0.10291541668711379
108 46 0.7721313409617754
108 91 1.1649409464621272
108 85 1.1661428132554894
108 84 0.18185089978961558
108 90 1.1679333411262187
108 47 0.5917608837716787
108 53 0.11233030447570333
120 76 0.040840350906402326
120 62 0.09350237492810601
120 89 0.06969399844673678
120 88 0.24933823900702173
120 63 0.09917365263133233
120 77 0.07588060754291405
120 49 0.10023939359728044
120 61 0.024023802286344785
120 75 0.014937141159588
120 74 0.03969902623649328
120 60 0.035849388514353736
120 48 0.08284858145801414
120 64 0.09053501457193668
120 70 0.19824914612836037
120 58 0.17949818113512891
120 59 0.015835406114280928
120 71 0.2127343809032995
120 65 0.015477446743440279
120 73 0.009704434090648861
120 67 0.27941503916728105
120 66 0.20955576409397275
120 72 0.021153900021791672
120 57 0.2659436499841962
120 94 0.3691182482573784
120 80 0.23374808423711893
120 81 0.17660900503144755
120 95 0.06266292274716029
120 56 0.15854846726529398
120 68 0.44651569527866125
120 54 0.10923152723218875
120 83 0.05406358982308206
120 82 0.04960309768971327
120 55 0.14568151986926559
120 69 0.24865924721863997
120 51 0.06419381456561678
120 79 0.06730794285293483
120 86 0.07633496994865678
120 92 0.3579549954928972
120 93 0.32291907997387187
120 87 0.21120033344833297
120 78 0.24361666528834186
120 50 0.11507410921220841
120 52 0.016205223214550334
120 46 0.15023902515717036
120 91 0.3336251083547503
120 85 0.3394193498992604
120 84 0.04028803455439465
120 90 0.3288196865858292
120 47 0.1468102593721037
120 53 0.07863027444666827
134 76 0.051580207789026916
134 62 0.19417398312185613
134 89 0.09670797767444342
134 88 0.3277855444668836
134 63 0.13758452972708948
134 77 0.1623743297275914
134 49 0.21188291072611556
134 61 0.027007380196295068
134 75 0.026875197242147063
134 74 0.07555721281259783
134 60 0.029884131750640995
134 48 0.14334196300557267
134 64 0.13498861031534193
134 70 0.33058474882576405
134 58 0.4355830643104521
134 59 0.015004320597228048
134 71 0.3644341891252936
134 65 0.011690585328979708
134 73 0.02295134419880324
134 67 0.4365886138953241
134 66 0.2966737667910992
134 72 0.03073345055173221
134 57 0.47125779495612874
134 94 0.5933119644887224
134 80 0.40094953566058666
134 81 0.23621745668529423
134 95 0.0937561586683452
134 56 0.2642273023905471
134 68 0.7071506608097899
134 54 0.15029917529250564
134 83 0.1396435378071105
134 82 0.07337018444647977
134 55 0.22354321799698476
134 69 0.3707961754668151
134 51 0.10320285161915342
134 79 0.12803162991625464
134 86 0.13472181140855793
134 92 0.4817501544311641
134 93 0.4413659546735722
134 87 0.2956068328899755
134 78 0.34340058822057007
134 50 0.19499271441000865
134 52 0.1370608229946521
134 46 0.2937845033188124
134 91 0.4655178617902769
134 85 0.466597525553318
134 84 0.10366597548381333
134 90 0.45744420463087293
134 47 0.2195888041622658
134 53 0.16950892025008027
122 76 0.05993608859295776
122 62 0.19604896031643643
122 89 0.1257259680735355
122 88 0.4333596221190822
122 63 0.16805452264397053
122 77 0.15544237875020786
122 49 0.2894653666404885
122 61 0.04729076827444772
122 75 0.028270518966252767
122 74 0.0681828763157646
122 60 0.05827292796357835
122 48 0.176188084720943
122 64 0.1524702030274872
122 70 0.3580020273454586
122 58 0.36194353865532936
122 59 0.01656138490658606
122 71 0.6270804036861933
122 65 0.02127477900976328
122 73 0.018024440408474313
122 67 0.6181347585865488
122 66 0.38980101004769957
122 72 0.03349808335309397
122 57 0.6395943823816926
122 94 0.7179914251424774
122 80 0.6903576833819671
122 81 0.31032054843502266
122 95 0.12500298881225963
122 56 0.2900454120142221
122 68 0.9323418641778859
122 54 0.18008900251912405
122 83 0.11670539289832842
122 82 0.09789242565774973
122 55 0.25913409584327607
122 69 0.44940278155935937
122 51 0.1693897264265111
122 79 0.11824799352889225
122 86 0.2285859343662352
122 92 0.6248172176437966
122 93 0.578878684908516
122 87 0.39749810566614
122 78 0.4376351675369113
122 50 0.3196351007170035
122 52 0.04312147986771221
122 46 0.2692992346466732
122 91 0.6190443109368153
122 85 0.9051348951321472
122 84 0.11320733751875608
122 90 0.6051093455005768
122 47 0.26341198315065945
122 53 0.18093278434674648
136 76 0.036029485508008836
136 62 0.10982178668985336
136 89 0.06798731957124585
136 88 0.2154347355905695
136 63 0.0990975272208007
136 77 0.10348036718293241
136 49 0.08874554544221443
136 61 0.011547179272421234
136 75 0.025756405631375594
136 74 0.05347127104248997
136 60 0.008703170053621223
136 48 0.09837681178765112
136 64 0.09236724273220444
136 70 0.2094808825079626
136 58 0.225391351197679
136 59 0.01928435059364525
136 71 0.0817152527235532
136 65 0.0023116101134918587
136 73 0.020013801038180547
136 67 0.21922365433845586
136 66 0.18051606103320564
136 72 0.019221369614643047
136 57 0.221453544687205
136 94 0.29545876011760913
136 80 0.08962041274934081
136 81 0.1537271393064484
136 95 0.05303657443485796
136 56 0.17934751058444937
136 68 0.3705245905279684
136 54 0.10703883280074677
136 83 0.08799361873196368
136 82 0.05680808135275459
136 55 0.12492790519489838
136 69 0.2151290428207206
136 51 0.02459828428913941
136 79 0.11163332070485132
136 86 0.03418507201574959
136 92 0.30711617264887303
136 93 0.26166624485323975
136 87 0.18532723021605724
136 78 0.20303491992655365
136 50 0.050018992001859816
136 52 0.08494137051255717
136 46 0.19557692755261935
136 91 0.2641221408026006
136 85 0.2650306645328994
136 84 0.043326805336100276
136 90 0.2660935841861041
136 47 0.16513220217823146
136 53 0.06508873453692737
137 76 0.09896922592481605
137 62 0.1799121944650365
137 89 0.14812572711822286
137 88 0.4734519023900874
137 63 0.15793121805094332
137 77 0.11166486902120464
137 49 0.10508674849712053
137 61 0.044009023948665925
137 75 0.01250910289282116
137 74 0.0710294251714976
137 60 0.028885076474713677
137 48 0.12538219376774898
137 64 0.15705616404006356
137 70 0.483134642376645
137 58 0.48168104475430307
137 59 0.10041262694016113
137 71 0.15834043408734583
137 65 0.007088456217360192
137 73 0.010543695792040406
137 67 0.5085246335274793
137 66 0.45966012635794445
137 72 0.04181078550174663
137 57 0.4771266268030422
137 94 0.6557217698244621
137 80 0.1739362278485343
137 81 0.3542595309118509
137 95 0.10658078562094889
137 56 0.3497089733988011
137 68 0.9032650903670144
137 54 0.18672945216701928
137 83 0.08326778964326119
137 82 0.10854916376835738
137 55 0.23258738162678846
137 69 0.5436722661924167
137 51 0.045683327687295876
137 79 0.16327326893662528
137 86 0.05773987578032334
137 92 0.6775918112096501
137 93 0.5766961080220587
137 87 0.4237125997836773
137 78 0.5251053818327933
137 50 0.09035908779123653
137 52 0.06745150842289628
137 46 0.30120153633633806
137 91 0.5786486282642417
137 85 0.5839176624326681
137 84 0.047795904862585524
137 90 0.581923891560593
137 47 0.25578021257733735
137 53 0.07789346632497376
123 76 0.055292126607017836
123 62 0.17867532093977695
123 89 0.11217070102736482
123 88 0.39760806147132927
123 63 0.15737989781996573
123 77 0.14437909476620586
123 49 0.28730839627752847
123 61 0.04501793905458485
123 75 0.02883581976608076
123 74 0.06818088742140767
123 60 0.05472483197872883
123 48 0.16525013334295502
123 64 0.13610886966328334
123 70 0.31897703460589927
123 58 0.29463016133976455
123 59 0.01302379394394733
123 71 0.6295402526916064
123 65 0.02202273229802296
123 73 0.01972656234397867
123 67 0.5899798669893376
123 66 0.3578351788005059
123 72 0.03088917279000741
123 57 0.6142489264490921
123 94 0.9205423537824129
123 80 0.6932291358980396
123 81 0.2737000762078854
123 95 0.11878349362878843
123 56 0.26801716045755875
123 68 0.8859026852452447
123 54 0.15930490988668622
123 83 0.12232580811758342
123 82 0.0907156042927938
123 55 0.23011923638267257
123 69 0.400178492688806
123 51 0.17292602461152806
123 79 0.10280476908445013
123 86 0.22986310073216196
123 92 0.5661306533013204
123 93 0.5477501169884366
123 87 0.3665865966098647
123 78 0.4028940289449942
123 50 0.32534599724276997
123 52 0.03383743779266381
123 46 0.2414572884929672
123 91 0.5937566839592097
123 85 0.5790081672674567
123 84 0.10158520114444945
123 90 0.5591422307762149
123 47 0.2379190539384864
123 53 0.17841519745275647
127 76 0.12839883943055394
127 62 0.3213981715249407
127 89 0.23070036826172644
127 88 0.7670485767729084
127 63 0.28969291949398973
127 77 0.21305059974452734
127 49 0.2955525169051028
127 61 0.06447443934585613
127 75 0.036195766826539424
127 74 0.12276772083003712
127 60 0.06310941194617818
127 48 0.2591820984487485
127 64 0.287423972091759
127 70 0.7196555049192076
127 58 0.7784150439246716
127 59 0.07742474696788362
127 71 0.5506657084016107
127 65 0.019150638991013637
127 73 0.02629170223500501
127 67 0.8944304722301031
127 66 0.6857546754959328
127 72 0.06079049600960483
127 57 0.8948320032446353
127 94 1.1120073237792645
127 80 0.6057819630281884
127 81 0.5732620109083734
127 95 0.18514772692834217
127 56 0.5293844059857261
127 68 1.483657802877723
127 54 0.34119647372833434
127 83 0.17361356877121376
127 82 0.1690130530077238
127 55 0.4221554831853132
127 69 0.8392487737449883
127 51 0.17778845191819967
127 79 0.24387911917468927
127 86 0.20210289681930674
127 92 1.076720049485237
127 93 0.944640438673162
127 87 0.6929493538657046
127 78 0.7973391276943218
127 50 0.3257135719941087
127 52 0.0939020849472798
127 46 0.5239999273484972
127 91 1.1004051102282395
127 85 0.9814075152648778
127 84 0.1530106062388862
127 90 0.9665594597691121
127 47 0.4515816107533493
127 53 0.19254377216659027
133 76 0.03721535993614336
133 62 0.17386490134736862
133 89 0.09372949906521633
133 88 0.3220618734471906
133 63 0.17420853335683983
133 77 0.14182184693542477
133 49 0.19821447900025996
133 61 0.01633492241997095
133 75 0.028017030538033307
133 74 0.06966451799054463
133 60 0.02037836524114626
133 48 0.17669068535735577
133 64 0.16001736219837448
133 70 0.28370773840383295
133 58 0.32881566030560255
133 59 0.00798032417183054
133 71 0.2950547851459425
133 65 0.0077436767984155625
133 73 0.02262728666558597
133 67 0.3814996989331447
133 66 0.2612805172509685
133 72 0.02567513965248683
133 57 0.42950201738149546
133 94 0.5317948692292971
133 80 0.3247611290244418
133 81 0.22787878278042326
133 95 0.08492837679469499
133 56 0.2553253217904393
133 68 0.599482069418298
133 54 0.18511937048499816
133 83 0.11923325558057138
133 82 0.09671780072723819
133 55 0.19730523698978883
133 69 0.3089521538963663
133 51 0.07865510238179078
133 79 0.14443063157895764
133 86 0.11158700712681788
133 92 0.4535013017564582
133 93 0.40373633339464987
133 87 0.2734209312996032
133 78 0.2871859957529414
133 50 0.15321123263322362
133 52 0.11152586564770287
133 46 0.28730457554336336
133 91 0.4186251429869835
133 85 0.4222630411376441
133 84 0.07288889702682477
133 90 0.4172941147956123
133 47 0.2898746955121439
133 53 0.12602206468384491
132 76 0.10378458240781449
132 62 0.30549056835151717
132 89 0.21511710513052848
132 88 0.6956293400367717
132 63 0.30575622433567035
132 77 0.23912035345825608
132 49 0.21801688107317793
132 61 0.03640975175462951
132 75 0.03737610362763269
132 74 0.14029140352589148
132 60 0.03856753725401317
132 48 0.24983819503296492
132 64 0.30498602510628153
132 70 0.6680672323353443
132 58 0.6725356188673784
132 59 0.05677510492697624
132 71 0.2625389858402245
132 65 0.008672098537028045
132 73 0.034117791753352666
132 67 0.708951901365192
132 66 0.5939413012552214
132 72 0.060225024690475006
132 57 0.6395840977946946
132 94 0.954567516330501
132 80 0.28797226045146535
132 81 0.5172446270174222
132 95 0.1591152469813761
132 56 0.5072846871397331
132 68 1.1955119390261597
132 54 0.3508098339234179
132 83 0.22028984905962867
132 82 0.13632121838918726
132 55 0.38578464006806407
132 69 0.7228699346886615
132 51 0.0795398743720392
132 79 0.27111929931917667
132 86 0.09862564584281092
132 92 0.9897703697646932
132 93 0.8462961744410833
132 87 0.5983214156179629
132 78 0.6833003712345121
132 50 0.15233851489788763
132 52 0.21961222826939744
132 46 0.6021038333908023
132 91 0.8440246272047942
132 85 0.8585061040443758
132 84 0.11687473687075194
132 90 0.8520870300717169
132 47 0.4523008196985087
132 53 0.1981762446349021
126 76 0.05179911487308332
126 62 0.1661946266652616
126 89 0.1098768745547868
126 88 0.3683656312027962
126 63 0.14818009826319772
126 77 0.12847569092627384
126 49 0.23156842845295872
126 61 0.05345317681028408
126 75 0.022096251045738598
126 74 0.05445143565203878
126 60 0.1033333223618505
126 48 0.14857197553460663
126 64 0.13641234977060518
126 70 0.31046036525108606
126 58 0.320432024944686
126 59 0.018464399864971625
126 71 0.502498389763956
126 65 0.013442525837811225
126 73 0.013110387633788363
126 67 0.5042325281491551
126 66 0.33608562058887376
126 72 0.029323343845778987
126 57 0.5271540335155459
126 94 0.6479918209644734
126 80 0.553125879576911
126 81 0.2759752076914541
126 95 0.10300502117334973
126 56 0.24780304583866417
126 68 0.7866973959021726
126 54 0.16179983889900074
126 83 0.09623246440935349
126 82 0.08403100311884745
126 55 0.22360775512403605
126 69 0.39117951227723574
126 51 0.13134132585099215
126 79 0.10398837738811224
126 86 0.18321370446206864
126 92 0.6065528271812201
126 93 0.5494423175070072
126 87 0.34724820343444507
126 78 0.37900876993048005
126 50 0.2506403421031603
126 52 0.03384558630806759
126 46 0.23575093582081078
126 91 0.5601773846919322
126 85 0.5632118722998034
126 84 0.08976187428572785
126 90 0.7978046643350161
126 47 0.21657717354079986
126 53 0.14358103940449643
118 76 0.05598944615677927
118 62 0.2431436539837034
118 89 0.11378811643083593
118 88 0.3621527652887194
118 63 0.13911523126846492
118 77 0.14525585027228227
118 49 0.16809788297639613
118 61 0.022687010866648406
118 75 0.036517895714828184
118 74 0.08007383818955796
118 60 0.017818014228333186
118 48 0.14965730644328223
118 64 0.15491171996315806
118 70 0.43937752968008237
118 58 0.8458541042409831
118 59 0.015614579756576834
118 71 0.25472704728558593
118 65 0.0056852861188551075
118 73 0.02692665000777828
118 67 0.4258025464424569
118 66 0.3001709110290864
118 72 0.02847969231091164
118 57 0.5598232783184851
118 94 0.5083640876673873
118 80 0.2796672340379847
118 81 0.3264628864786197
118 95 0.08942517159053938
118 56 0.29948908961354775
118 68 0.7874103858266662
118 54 0.18263850490138056
118 83 0.1327099056012613
118 82 0.08484627519919756
118 55 0.2854550710832641
118 69 0.49509950707519274
118 51 0.0839959073206597
118 79 0.14956942774187965
118 86 0.09664151710400444
118 92 0.49732856447560636
118 93 0.4367121297645697
118 87 0.32391206580109655
118 78 0.4013145953444795
118 50 0.15683231898081737
118 52 0.10265588556717385
118 46 0.3150585087222075
118 91 0.5142067470347078
118 85 0.44779450329767534
118 84 0.1192167202096886
118 90 0.44547807964159153
118 47 0.23321180089890656
118 53 0.11001561799091467
130 76 0.0506178613442218
130 62 0.1590161233144098
130 89 0.11572664724289777
130 88 0.3696551493790574
130 63 0.15516242755205803
130 77 0.1247190300483405
130 49 0.09614637066036552
130 61 0.017307884339178067
130 75 0.02496141116418588
130 74 0.07656537637561239
130 60 0.02129117943329122
130 48 0.12755380834457683
130 64 0.16396846286545666
130 70 0.3565786549545912
130 58 0.3917479623230181
130 59 0.0320539892447847
130 71 0.09996780100114701
130 65 0.003165990913375635
130 73 0.02038578029269559
130 67 0.3554875164621584
130 66 0.3011141634918374
130 72 0.02909348802456509
130 57 0.3207251904314111
130 94 0.49544601768699464
130 80 0.1093300291699646
130 81 0.2941204046572577
130 95 0.08105121062978227
130 56 0.26622176920598045
130 68 0.6093709619962362
130 54 0.1926420394453593
130 83 0.11735792745518948
130 82 0.06441893928428077
130 55 0.210042133775008
130 69 0.38536749329589465
130 51 0.030665387694354354
130 79 0.14717101976975638
130 86 0.038912034451606285
130 92 0.516445453613383
130 93 0.43939779207810387
130 87 0.31529478305472347
130 78 0.35750324177264536
130 50 0.06086048146460806
130 52 0.10845386968824285
130 46 0.32271447501120193
130 91 0.43689932731139225
130 85 0.4456001062545247
130 84 0.06243785185405348
130 90 0.44291512479959855
130 47 0.2286255098859496
130 53 0.08542274155536222
124 76 0.059564414724493975
124 62 0.1591776578513881
124 89 0.10670789273214895
124 88 0.3709946312583447
124 63 0.14638428514388657
124 77 0.1197935888464579
124 49 0.2029256432012122
124 61 0.0362648156592201
124 75 0.020965192244788274
124 74 0.061331550617666215
124 60 0.04144802169344371
124 48 0.1397424367961557
124 64 0.13641234977060518
124 70 0.3100359889276939
124 58 0.320432024944686
124 59 0.018464399864971625
124 71 0.43062650761321825
124 65 0.013442525837811225
124 73 0.013110387633788363
124 67 0.4806052890189031
124 66 0.3230274569759042
124 72 0.028431946437106052
124 57 0.490578735078234
124 94 0.556923898231448
124 80 0.47392385341198334
124 81 0.2688181712298166
124 95 0.096975773813742
124 56 0.24480704914118187
124 68 0.7430728239597135
124 54 0.16179983889900074
124 83 0.09042474368697256
124 82 0.08115814383508063
124 55 0.21562177065967641
124 69 0.37909442309780655
124 51 0.14693393047614517
124 79 0.10201479098342221
124 86 0.1568336911481876
124 92 0.510435793514688
124 93 0.4611713261688618
124 87 0.3445320568038389
124 78 0.36491860002695814
124 50 0.26124474366485545
124 52 0.03384558630806759
124 46 0.2454274184320062
124 91 0.6812410903143634
124 85 0.4904572205243845
124 84 0.08455232745919501
124 90 0.47619554899977823
124 47 0.2216057195518139
124 53 0.13240584515178455
125 76 0.05309941349527521
125 62 0.16898514462914846
125 89 0.11184439709042128
125 88 0.40318081219867
125 63 0.15971344635620513
125 77 0.12196155856477513
125 49 0.21805057947432255
125 61 0.03671763110466347
125 75 0.03884123069107938
125 74 0.06375982826112599
125 60 0.04322442447824067
125 48 0.15241824981486363
125 64 0.14582342133486925
125 70 0.33050187492405253
125 58 0.3425385917130732
125 59 0.019738256585515288
125 71 0.43211584768715544
125 65 0.03703770326038244
125 73 0.03431615249759726
125 67 0.5377567413409544
125 66 0.3594539518846703
125 72 0.029767523379045986
125 57 0.5353483058134768
125 94 0.5862572696239845
125 80 0.475522189398079
125 81 0.28823037656168193
125 95 0.11870808271668618
125 56 0.47762884490244145
125 68 0.9486987202161787
125 54 0.17296239027741717
125 83 0.1122294489126074
125 82 0.09065151078771465
125 55 0.22645459962987574
125 69 0.400872891357584
125 51 0.12139229682347613
125 79 0.10766692595577354
125 86 0.15729587010424842
125 92 0.5360580458861882
125 93 0.5822749657779535
125 87 0.34946309058279473
125 78 0.38441567395532034
125 50 0.2324169322718886
125 52 0.03985059707377781
125 46 0.2510967665218338
125 91 0.5119001794543232
125 85 0.5163514039836022
125 84 0.08331100130155089
125 90 0.501029053367797
125 47 0.23800080104443647
125 53 0.13588911527603162
131 76 0.07181202210186807
131 62 0.2800144910533158
131 89 0.1805975613577027
131 88 0.5911546848016784
131 63 0.25455667187278663
131 77 0.09655651946977786
131 49 0.10669157694543793
131 61 0.027538664062463324
131 75 0.018990643136277744
131 74 0.08197856145641191
131 60 0.02814231571166985
131 48 0.18481157713108712
131 64 0.28461043299728983
131 70 0.6436706809686461
131 58 1.067928928055008
131 59 0.04507222660941054
131 71 0.16847262187540085
131 65 0.005188495868776791
131 73 0.014444850949726393
131 67 0.5750817673353327
131 66 0.4686377058818479
131 72 0.04048902148055753
131 57 0.6798279906228375
131 94 0.7498636156317916
131 80 0.18436537374199372
131 81 0.522230350511155
131 95 0.11584553192219378
131 56 0.3884712418131774
131 68 1.0860852979006965
131 54 0.345094534538456
131 83 0.09730935978052271
131 82 0.12305894236509791
131 55 0.37941422763797333
131 69 0.7342184915033577
131 51 0.05150110530079401
131 79 0.17846592987445087
131 86 0.06041427622518883
131 92 0.7808357954099568
131 93 0.6642779646307925
131 87 0.49685784795456855
131 78 0.6092033537732955
131 50 0.09870909357510851
131 52 0.03998217778248899
131 46 0.4405361088098269
131 91 0.6572634783291584
131 85 0.6693791632828481
131 84 0.08231389035584795
131 90 0.6643905131299375
131 47 0.3525555313138407
131 53 0.06053547977451677
119 76 0.06315917326298144
119 62 0.25876626007996834
119 89 0.11052877943824072
119 88 0.3063426099784728
119 63 0.09419038526001916
119 77 0.18397653416452395
119 49 0.1151536818935083
119 61 0.018394097026572805
119 75 0.07113205898794955
119 74 0.09991417480252651
119 60 0.002956368763046239
119 48 0.12584528283564994
119 64 0.11319093221562442
119 70 0.45378439184172037
119 58 1.0092477964372497
119 59 0.026846639741684622
119 71 0.07048952399304298
119 65 0.0
119 73 0.0502824556728091
119 67 0.3165194660884999
119 66 0.2383855113737538
119 72 0.026028180546637206
119 57 0.48270293041460033
119 94 0.4018270047671634
119 80 0.0759833087759277
119 81 0.30628336716820126
119 95 0.0763766138363351
119 56 0.3076299527105213
119 68 0.6801365389000931
119 54 0.1354324124506125
119 83 0.17842152643190426
119 82 0.07160619828641832
119 55 0.28784137579433605
119 69 0.4855189625457276
119 51 0.029045605873354283
119 79 0.18754773273564923
119 86 0.03650670579224191
119 92 0.42410564100108505
119 93 0.3624704967374651
119 87 0.2739625280525671
119 78 0.36983347224703567
119 50 0.06243232390085284
119 52 0.1271548535732716
119 46 0.30408161447785403
119 91 0.3701491195272522
119 85 0.36352239590106195
119 84 0.12678753570520795
119 90 0.3670360589109354
119 47 0.16460907571319164
119 53 0.07304034039395661
