114 76 0.11750138378765046
114 62 0.49358633568546545
114 89 0.300971557754286
114 88 0.9432931605553515
114 63 0.3769082990220039
114 77 0.14212966191839616
114 49 0.1457242503805895
114 61 0.03949843178991756
114 75 0.03524147415656307
114 74 0.13991113068901603
114 60 0.03655875786898091
114 48 0.2773380370418084
114 64 0.43877754073487385
114 70 1.1182806571001291
114 58 2.099265077202224
114 59 0.06238183859208615
114 71 0.22714227888117708
114 65 0.004326186703244529
114 73 0.026099025627216402
114 67 0.9171668419835202
114 66 0.7398385150921267
114 72 0.06678955162751629
114 57 1.1552925633666455
114 94 1.1810380295306522
114 80 0.24728165579593242
114 81 0.901854724658117
114 95 0.18042399895627198
114 56 0.6367676091708425
114 68 1.8191731697561768
114 54 0.5335514902220437
114 83 0.1686480740082638
114 82 0.18073343819501014
114 55 0.6641911250863667
114 69 1.2947237752001663
114 51 0.07312246425446568
114 79 0.2806771955667373
114 86 0.07913559718313962
114 92 1.2376781066337053
114 93 1.0536552708202818
114 87 0.798609346258536
114 78 1.0333296510072616
114 50 0.1402637394072424
114 52 0.05568126401761793
114 46 0.7025420250534457
114 91 1.0369843828521041
114 85 1.0464925374420275
114 84 0.15976068652007275
114 90 1.047053293508078
114 47 0.5204487353311412
114 53 0.074717736482504
100 76 0.09089754366926187
100 62 0.36483913805553736
100 89 0.17837372489224365
100 88 0.5928555711933411
100 63 0.21643220488718148
100 77 0.20129876726018467
100 49 0.2998478023478164
100 61 0.05122846303808792
100 75 0.04531567499498236
100 74 0.10716986727029784
100 60 0.05486938426685187
100 48 0.2217276133901282
100 64 0.24286827599166666
100 70 0.670161246949168
100 58 1.246842240771049
100 59 0.03118627758934986
100 71 0.5870278437988097
100 65 0.02299579861314195
100 73 0.03312647695343881
100 67 0.7574248924746977
100 66 0.5138613841814081
100 72 0.047529611936951384
100 57 0.9532356026771971
100 94 0.9323311403976586
100 80 0.645132978259482
100 81 0.5109349863034323
100 95 0.15447542969305425
100 56 0.4479567351069702
100 68 1.3435171655892748
100 54 0.28835803175754704
100 83 0.17372517004200164
100 82 0.133772659958428
100 55 0.4654733692452951
100 69 0.8036617203865494
100 51 0.1729955747168121
100 79 0.18727622168908842
100 86 0.21391241257802487
100 92 0.8253821988065544
100 93 0.7630489237267681
100 87 0.5306923112061525
100 78 0.6738114212518629
100 50 0.3221904628949967
100 52 0.10317267519902447
100 46 0.44525069707113896
100 91 0.8117720247412482
100 85 0.8091831487047713
100 84 0.18704689785011822
100 90 0.7901282572302144
100 47 0.34307907428035295
100 53 0.19650967565979838
128 76 0.10700957244358698
128 62 0.26955738524472234
128 89 0.21944896930226054
128 88 0.7120709595811441
128 63 0.2980487200809807
128 77 0.15684150987480383
128 49 0.16644693203534808
128 61 0.0443400866742296
128 75 0.028767654641602115
128 74 0.11100645079242438
128 60 0.0470374662683858
128 48 0.22608927115174532
128 64 0.3017249651981541
128 70 0.6665672012666333
128 58 0.7137821432207577
128 59 0.06730775382501246
128 71 0.26109781346682404
128 65 0.011744453094775217
128 73 0.022297230516019336
128 67 0.7121181795793736
128 66 0.6016665040555078
128 72 0.05630439371299615
128 57 0.6717906266015492
128 94 0.9538385312916772
128 80 0.28626787854358193
128 81 0.5492510215515192
128 95 0.15277886009295924
128 56 0.46652658832022725
128 68 1.2261898684583787
128 54 0.3613525576013632
128 83 0.14163893724857426
128 82 0.145737506035933
128 55 0.3817786772185483
128 69 0.7601830112352952
128 51 0.08061748615875752
128 79 0.2285806823190981
128 86 0.09498722489027321
128 92 0.9827225624838073
128 93 0.8418454459331598
128 87 0.610578646963381
128 78 0.7083115764659603
128 50 0.15073243440257336
128 52 0.07421260320721393
128 46 0.5053189877327706
128 91 0.8372092835834202
128 85 0.8586238766109122
128 84 0.09127174232475153
128 90 0.8469919775985184
128 47 0.42801361628677154
128 53 0.11419087045309757
129 76 0.15514319210164546
129 62 0.655834171622007
129 89 0.4118082881193484
129 88 1.337053331014419
129 63 0.6195263236547607
129 77 0.222217488785457
129 49 0.3052776931812751
129 61 0.05231798863790868
129 75 0.048126549265917355
129 74 0.18781208259303597
129 60 0.0477626523094168
129 48 0.48044063772683254
129 64 0.6601013384086734
129 70 1.43794777914024
129 58 2.391177205158229
129 59 0.08178992422652784
129 71 0.4477940078383985
129 65 0.00965139510221497
129 73 0.03773674487904896
129 67 1.320534124097457
129 66 1.046225470932626
129 72 0.09170717634704438
129 57 1.6135303528750413
129 94 1.6942425473714413
129 80 0.4906431135195546
129 81 1.1557425819670653
129 95 0.26623728037090444
129 56 0.9058385712476738
129 68 2.470260570799735
129 54 0.7963446158280887
129 83 0.23469219779789652
129 82 0.32144895377090915
129 55 0.8566058944353137
129 69 1.6530464973100194
129 51 0.13140840155360517
129 79 0.4322114927876055
129 86 0.1631597125591143
129 92 1.7684542562863799
129 93 1.5018128053105784
129 87 1.120055484604308
129 78 1.3708989903636173
129 50 0.2543423396461143
129 52 0.08911126657983531
129 46 1.0033859680322093
129 91 1.4839381196220465
129 85 1.5081300646192108
129 84 0.2020886277057344
129 90 1.50139229782065
129 47 0.8936111720493364
129 53 0.1382902960664127
101 76 0.06232137130818661
101 62 0.21348794806919713
101 89 0.10682545697389528
101 88 0.349602075541634
101 63 0.11192692568664234
101 77 0.11655966003214009
101 49 0.1660500282090197
101 61 0.030161163568522418
101 75 0.021302714321544833
101 74 0.0639670733408964
101 60 0.027974392567517086
101 48 0.12036244430968096
101 64 0.12509994084481052
101 70 0.4165142432865988
101 58 0.7453983739545552
101 59 0.03965878153583151
101 71 0.317537342113359
101 65 0.011652609438501025
101 73 0.016121631870497127
101 67 0.45628109118380883
101 66 0.3235345632123313
101 72 0.030850101821609674
101 57 0.5605381001840554
101 94 0.5343776345134112
101 80 0.34905330708140764
101 81 0.30600267118277874
101 95 0.09115133472571689
101 56 0.28588927754067783
101 68 0.8303442502581347
101 54 0.1476190947634378
101 83 0.09757769006416003
101 82 0.07654897373016338
101 55 0.25259321056175
101 69 0.49473003509117985
101 51 0.09087746819418825
101 79 0.1162220787134093
101 86 0.11564849291909333
101 92 0.4966881282331509
101 93 0.44823053779949834
101 87 0.3181636029450484
101 78 0.42293502675533867
101 50 0.17224251365763896
101 52 0.07156180426593936
101 46 0.25069503915886704
101 91 0.4732631737025841
101 85 0.46798885027191656
101 84 0.09466890554142555
101 90 0.46029424913617534
101 47 0.19320613585939012
101 53 0.10817940866763785
115 76 0.08637828288198911
115 62 0.25284303288861354
115 89 0.10948576921352597
115 88 0.3755307666691057
115 63 0.13773708041263558
115 77 0.3800870385726939
115 49 0.2744625281737434
115 61 0.0279050175848099
115 75 0.03640106883741534
115 74 0.15451600258963874
115 60 0.024418141165857117
115 48 0.18668441708848832
115 64 0.14099944677288584
115 70 0.3955525020476873
115 58 0.22538903184761838
115 59 0.030548062213933625
115 71 0.23043658801529787
115 65 0.009739942522999465
115 73 0.04087823142613187
115 67 0.44744364727154146
115 66 0.4069789690626763
115 72 0.05696607307255507
115 57 0.32939024827089053
115 94 0.6083477539362144
115 80 0.2532591588102712
115 81 0.2245569367863956
115 95 0.12091694553203157
115 56 0.43368067708551167
115 68 0.7015801560484947
115 54 0.13259484348345607
115 83 0.28524270097706894
115 82 0.06655046647574682
115 55 0.25829601662632873
115 69 0.33449443810326446
115 51 0.06604963653412206
115 79 0.25921741838057194
115 86 0.08909794828215131
115 92 0.622172867089236
115 93 0.5460402666777926
115 87 0.33235121379104726
115 78 0.3645860238185104
115 50 0.13036297584258272
115 52 0.5227755660582141
115 46 0.5347651752626726
115 91 0.5679483672803911
115 85 0.5566297588600301
115 84 0.12927096342093602
115 90 0.5556949069446989
115 47 0.32493912465921243
115 53 0.3626978674509535
103 76 0.1758338988027805
103 62 0.7370025101468509
103 89 0.29084926097040625
103 88 0.9735018180160355
103 63 0.34096079960624764
103 77 0.23167315838720967
103 49 0.28101821339316596
103 61 0.08423171909275497
103 75 0.04013620982268054
103 74 0.15294432751750042
103 60 0.05309110746831993
103 48 0.2970996056542821
103 64 0.40950757658149584
103 70 1.455149947783252
103 58 3.363847450354915
103 59 0.07595942532194491
103 71 0.5033000525932075
103 65 0.023635653318043865
103 73 0.029426081793408894
103 67 1.138523469164276
103 66 0.8828213676500659
103 72 0.07499013272918295
103 57 1.7693844881527983
103 94 1.300937068958374
103 80 0.552585304016801
103 81 1.0269318390433966
103 95 0.22081834495280106
103 56 0.8405492788021585
103 68 2.4483635946281423
103 54 0.4945567157184506
103 83 0.20136226689352377
103 82 0.228767854588343
103 55 0.8707490200214312
103 69 1.6440980032190344
103 51 0.16000694959160539
103 79 0.2980956850817418
103 86 0.1823122676094719
103 92 1.324765551988249
103 93 1.1488806200085733
103 87 0.8483954882262763
103 78 1.224541995228948
103 50 0.2959212531000355
103 52 0.12924165440052635
103 46 0.7073185650832523
103 91 1.1883798273243136
103 85 1.1614558715335697
103 84 0.18589496112203538
103 90 1.1573575699990288
103 47 0.5435940861865003
103 53 0.2055411211037672
117 76 0.11699439634568647
117 62 0.5293514731615407
117 89 0.224666838993649
117 88 0.6647716294120828
117 63 0.2284265004900343
117 77 0.3727535764268506
117 49 0.2523571612475007
117 61 0.03143761573502177
117 75 0.09869289372013984
117 74 0.19966096931736205
117 60 0.0088087109792014
117 48 0.2683697118394749
117 64 0.27984505196592513
117 70 0.9454002201744619
117 58 1.947897332684045
117 59 0.045389442374635464
117 71 0.17276172106035798
117 65 0.0
117 73 0.0766051213966409
117 67 0.6938811907285551
117 66 0.5498313363752214
117 72 0.060455465973350844
117 57 0.9653533690514439
117 94 0.8862971850446677
117 80 0.18759221845674645
117 81 0.6484102051258687
117 95 0.16135407726069068
117 56 0.6417667258840123
117 68 1.4262658571971625
117 54 0.32238455028000484
117 83 0.3492380845903038
117 82 0.13821174926166013
117 55 0.5953994077786693
117 69 0.9988830346656532
117 51 0.05998937934392902
117 79 0.3680486544533027
117 86 0.07641840379771442
117 92 0.9354364722167692
117 93 0.7992233134922759
117 87 0.582665332883235
117 78 0.778695622735186
117 50 0.12681484470598794
117 52 0.37146367320488255
117 46 0.7118752186044737
117 91 0.8110267910730752
117 85 0.7964919597852433
117 84 0.2367636164730741
117 90 0.8041905345314349
117 47 0.41142798274090925
117 53 0.22622376343157158
116 76 0.194038902320565
116 62 0.6543973772613096
116 89 0.35517564806428875
116 88 1.0875712609306516
116 63 0.3833396725986055
116 77 0.3030922619438563
116 49 0.24489314240448523
116 61 0.07694837556951133
116 75 0.0760910817303407
116 74 0.20270141080120008
116 60 0.03614565133932692
116 48 0.33264723153399817
116 64 0.44103671017660645
116 70 1.404228854311088
116 58 2.619507812325561
116 59 0.09993977612831438
116 71 0.2765435733142637
116 65 0.005004212042856811
116 73 0.05771758462362678
116 67 1.1127330727861828
116 66 0.9384780275687672
116 72 0.08711240699863675
116 57 1.4499923707879523
116 94 1.4193994189620889
116 80 0.3015209767095059
116 81 1.0139048513684163
116 95 0.2336918280759296
116 56 0.8501884379255418
116 68 2.2511079905632743
116 54 0.5272245455785931
116 83 0.29737955211167844
116 82 0.24381101700117339
116 55 0.8018254450171954
116 69 1.5545705278761077
116 51 0.09345589886572865
116 79 0.4131708771006367
116 86 0.10634576163400929
116 92 1.4878694951337739
116 93 1.2652639745601995
116 87 0.9478912016978124
116 78 1.251642496312671
116 50 0.18510141279645514
116 52 0.213604935775217
116 46 0.8588380242094493
116 91 1.263880490845158
116 85 1.2658705907915146
116 84 0.23688187370163302
116 90 1.267054373803939
116 47 0.5871478709354296
116 53 0.17379908436681016
102 76 0.04465748166684245
102 62 0.38836254458493846
102 89 0.11354095311135468
102 88 0.36608886218323905
102 63 0.14352343766090395
102 77 0.047846064311695836
102 49 0.1587432724616163
102 61 0.018825570507827318
102 75 0.013224907659120785
102 74 0.052303022322708684
102 60 0.003909500989045229
102 48 0.1421036675206652
102 64 0.18856464088720265
102 70 0.6923037101815387
102 58 2.0318810450920304
102 59 0.01545098111514696
102 71 0.3337743514158757
102 65 0.0
102 73 0.008774146545747472
102 67 0.509280057358534
102 66 0.29946074893021657
102 72 0.01901274875482502
102 57 0.991683028072975
102 94 0.487324205882627
102 80 0.36701870261844827
102 81 0.5033494613243196
102 95 0.0831332122632603
102 56 0.37512031471634444
102 68 1.183179931992769
102 54 0.23107972979138391
102 83 0.08315740037199638
102 82 0.09190085861335387
102 55 0.3811048336853716
102 69 0.8011893343907157
102 51 0.07974940286426402
102 79 0.10648321727780502
102 86 0.12231776865002271
102 92 0.46591571437463264
102 93 0.3933156524491238
102 87 0.31426247050055534
102 78 0.5161326828610383
102 50 0.163463443361928
102 52 0.014083116850707234
102 46 0.28911091121434396
102 91 0.41282297163266773
102 85 0.4281328692736665
102 84 0.07947144712395841
102 90 0.39224438580581017
102 47 0.2098440618312246
102 53 0.03228215501961885
106 76 0.07262901384787383
106 62 0.3608492711266099
106 89 0.15945223666589767
106 88 0.48721024586392303
106 63 0.17077393443934796
106 77 0.08092782555279959
106 49 0.09774792292464307
106 61 0.022470281248869087
106 75 0.026496714326826376
106 74 0.07486085260909267
106 60 0.004170388311578725
106 48 0.14572862697701297
106 64 0.22194178574757506
106 70 0.7371001176902765
106 58 1.7534146007484652
106 59 0.046104957626976306
106 71 0.15552047245563466
106 65 0.0
106 73 0.018838728485662145
106 67 0.5317561603703618
106 66 0.398464439063651
106 72 0.035578928425247805
106 57 0.8497121614930272
106 94 0.5974589501660722
106 80 0.16965546535242393
106 81 0.5244458191998201
106 95 0.09697282869659732
106 56 0.37917925787620466
106 68 1.1681764265400851
106 54 0.2712428586738707
106 83 0.09749356836757739
106 82 0.11055288851754279
106 55 0.4266222251464425
106 69 0.8530148086531854
106 51 0.049610039238431346
106 79 0.15854523576925983
106 86 0.05666774785684443
106 92 0.6305840772917702
106 93 0.5355604125075878
106 87 0.4255094838258485
106 78 0.6254243561500823
106 50 0.0978804864383923
106 52 0.030506611827810174
106 46 0.3684913300301559
106 91 0.5362413380911806
106 85 0.5256952732704776
106 84 0.12045438451878279
106 90 0.5307764348632245
106 47 0.254148590724857
106 53 0.03127586795837599
112 76 0.12812595518179992
112 62 0.684941207730503
112 89 0.2909595483945476
112 88 0.8831396096651318
112 63 0.30754625965188676
112 77 0.1533980401634953
112 49 0.20940646221095122
112 61 0.038392248871001206
112 75 0.053617064458364824
112 74 0.14090678164315784
112 60 0.007133765766962909
112 48 0.27586086156805284
112 64 0.410983172136555
112 70 1.3624140767143744
112 58 3.364507609881823
112 59 0.07232249443525762
112 71 0.36096851185482426
112 65 0.0
112 73 0.037607962858162994
112 67 0.9901774277849011
112 66 0.7102763567241639
112 72 0.06385763033953391
112 57 1.6268099174822366
112 94 1.0768007369952033
112 80 0.39428992918109657
112 81 0.9804355163726273
112 95 0.1797952915943864
112 56 0.6913435905122571
112 68 2.176945093520427
112 54 0.5034984921315667
112 83 0.1923448662136436
112 82 0.1975676917132783
112 55 0.7965254232700438
112 69 1.5920522984404852
112 51 0.10599974258692006
112 79 0.28937295787435485
112 86 0.13165125590264476
112 92 1.1365021797338157
112 93 0.9677175756629834
112 87 0.7673555748974893
112 78 1.1483520367721731
112 50 0.21086627094166213
112 52 0.06173123779056588
112 46 0.6849784610349869
112 91 0.9735086308316244
112 85 0.9484929301127749
112 84 0.23384705406464248
112 90 0.9576606858308316
112 47 0.4544907532313556
112 53 0.05447142424101639
113 76 0.1953508822688554
113 62 0.7010135756277295
113 89 0.43071995388155593
113 88 1.366403733530864
113 63 0.547676422213281
113 77 0.34395778091464857
113 49 0.31291999218876676
113 61 0.07139763757034134
113 75 0.07841886929921293
113 74 0.2401687302049763
113 60 0.06352844817164273
113 48 0.4431726820682271
113 64 0.6074611942936491
113 70 1.5357078798371018
113 58 2.5179086967426123
113 59 0.10988986778010043
113 71 0.40952145179622507
113 65 0.012530194681015589
113 73 0.06020982928255683
113 67 1.3643755426757165
113 66 1.1175433393844574
113 72 0.10361590148708069
113 57 1.5798821722636198
113 94 1.7827784427482138
113 80 0.44768100343386813
113 81 1.2020946049222108
113 95 0.28760159594127094
113 56 0.9825656707656464
113 68 2.574157535517328
113 54 0.7277088203752914
113 83 0.3375072791156749
113 82 0.2755519757302147
113 55 0.9114730112509686
113 69 1.7291590903338874
113 51 0.1307519451519561
113 79 0.4819362105334033
113 86 0.1528943486450699
113 92 1.8560160062881221
113 93 1.5836095353514765
113 87 1.1701612742670557
113 78 1.4548102658026245
113 50 0.25189085243464776
113 52 0.2254576003459718
113 46 1.0810516294289827
113 91 1.5771344600040804
113 85 1.5938997129848531
113 84 0.25121179635648233
113 90 1.5880412490805325
113 47 0.8023173323801001
113 53 0.2189925423138546
107 76 0.05332872415680494
107 62 0.08178951113686653
107 89 0.05291319330101702
107 88 0.21932729885806257
107 63 0.04860559037533582
107 77 0.11178364854100498
107 49 0.1562188839769282
107 61 0.03814891476243983
107 75 0.03694493026798277
107 74 0.04093471870276098
107 60 0.03116737682605082
107 48 0.06705302894677981
107 64 0.024914352957772348
107 70 0.16156652178935318
107 58 0.037659578280493475
107 59 0.02455628065052174
107 71 0.29470722222716056
107 65 0.04444424801603553
107 73 0.03523092430469347
107 67 0.3927275630011105
107 66 0.28346196594904743
107 72 0.02426814806231791
107 57 0.3683657252571877
107 94 0.3005591849893587
107 80 0.324491553924371
107 81 0.1127452997074954
107 95 0.08738903830710552
107 56 0.9053124052355978
107 68 1.0208254459707709
107 54 0.02666569077855924
107 83 0.07817800873383256
107 82 0.060461965008969554
107 55 0.11030116634088431
107 69 0.18723661045559098
107 51 0.08492935179345384
107 79 0.05844134126599251
107 86 0.10708054292120846
107 92 0.2915781827045434
107 93 0.3992537527841858
107 87 0.1932097237715506
107 78 0.21287865555814617
107 50 0.1676944631261255
107 52 0.05940714323242583
107 46 0.09311157942834004
107 91 0.29096457477366955
107 85 0.2741001820319724
107 84 0.04343814606482717
107 90 0.26861292807834314
107 47 0.10103098435012381
107 53 0.12834276582273982
139 76 0.10212875766422005
139 62 0.20461036697631158
139 89 0.13373742334882446
139 88 0.4384796028642813
139 63 0.1507160796159953
139 77 0.16225842644699087
139 49 0.16515710142610665
139 61 0.048678818873449714
139 75 0.017090317402939627
139 74 0.08156822168215021
139 60 0.03334751404422778
139 48 0.13525857129774993
139 64 0.1443039231455481
139 70 0.46925876254769694
139 58 0.5101913474346996
139 59 0.05428086126832264
139 71 0.25795236465925403
139 65 0.010852113198889037
139 73 0.016208218638330912
139 67 0.5110315030302416
139 66 0.4444510651408262
139 72 0.04691531566552755
139 57 0.5070508176022909
139 94 0.6321149186113585
139 80 0.28356427476554447
139 81 0.3147908378097612
139 95 0.11170019581682115
139 56 0.35125334485846793
139 68 0.901835380800597
139 54 0.16376624510504006
139 83 0.11989887400794834
139 82 0.1041281332819536
139 55 0.23442408551104274
139 69 0.5014958732231404
139 51 0.07488905533159904
139 79 0.16168414716418936
139 86 0.09419833032884557
139 92 0.6449850247803963
139 93 0.5580998209701771
139 87 0.39013419943654565
139 78 0.47161012338715014
139 50 0.14278708638241308
139 52 0.14276761143345487
139 46 0.32201422840938787
139 91 0.5691058489768832
139 85 0.5701147961424485
139 84 0.06860771786245494
139 90 0.5639323380278861
139 47 0.24974560883999475
139 53 0.14744323557971156
111 76 0.22558409650402597
111 62 0.8409093371957344
111 89 0.4766366720242451
111 88 1.4595977699780716
111 63 0.4911950366281839
111 77 0.24624014056495291
111 49 0.2450640748563906
111 61 0.0814381433608611
111 75 0.05798101959205913
111 74 0.21621186763577144
111 60 0.03558804446796118
111 48 0.39809257152982463
111 64 0.5909536552094586
111 70 1.8966039144407223
111 58 3.6862858149504545
111 59 0.15563591503248858
111 71 0.36075390298577664
111 65 0.00466544954201922
111 73 0.04284744946937139
111 67 1.511100920114257
111 66 1.239114480715916
111 72 0.10888928785265015
111 57 2.0111998918361493
111 94 1.8665557859253703
111 80 0.3933027669563212
111 81 1.4033116077701437
111 95 0.2915490271013981
111 56 1.076730452303193
111 68 3.10510499216916
111 54 0.718049034759866
111 83 0.2764325106214731
111 82 0.3145357321619911
111 55 1.0788610878388512
111 69 2.2238988014047556
111 51 0.11393817948679727
111 79 0.4716155545010173
111 86 0.12881660517441396
111 92 1.9605099766331024
111 93 1.664158923158668
111 87 1.276197732901737
111 78 1.7930776780908486
111 50 0.2261865565362203
111 52 0.11677273208803479
111 46 1.0402130924200272
111 91 1.6492792521969641
111 85 1.6504274729622324
111 84 0.27786189566317226
111 90 1.6560763745470979
111 47 0.7440446818303151
111 53 0.11399317658045363
105 76 0.09271314926317664
105 62 0.2923939819364204
105 89 0.13852054533745223
105 88 0.48325706265416607
105 63 0.1580464065508039
105 77 0.1932797835801109
105 49 0.40299918593247225
105 61 0.058399031824707556
105 75 0.03479038306090256
105 74 0.08251872597180822
105 60 0.06495832931878749
105 48 0.2057406780040362
105 64 0.1398263155374961
105 70 0.503270768276519
105 58 0.8080576531672463
105 59 0.05298147149529223
105 71 0.8709784294436523
105 65 0.02791458493830164
105 73 0.023973542324517483
105 67 0.8317971043785567
105 66 0.4929876954218391
105 72 0.04668010868631446
105 57 1.0125981845529577
105 94 0.8813652058243754
105 80 0.9590516940857361
105 81 0.3639485324176976
105 95 0.1555592765384456
105 56 0.7372075054434187
105 68 1.5698423002489217
105 54 0.1630518683010697
105 83 0.1496053743777907
105 82 0.12823309735672328
105 55 0.2778312538282111
105 69 0.6315972793311497
105 51 0.22824634847114933
105 79 0.1465601025321918
105 86 0.31864574285830144
105 92 0.7132817960385139
105 93 0.6662018095071863
105 87 0.45313642242676033
105 78 0.5711920681751123
105 50 0.4424482616637221
105 52 0.07167039520407936
105 46 0.28369813070055094
105 91 0.7381982819941023
105 85 0.7708818358779257
105 84 0.13948238946309516
105 90 0.6974119343587312
105 47 0.2759177000753478
105 53 0.20879852827448406
104 76 0.10221555418931487
104 62 0.6688514484342805
104 89 0.24457936126609103
104 88 0.7705481060054042
104 63 0.29089165804614003
104 77 0.1097746606913551
104 49 0.1388044019496502
104 61 0.036896543397803974
104 75 0.03757186774741884
104 74 0.11497856969925527
104 60 0.005609561690697452
104 48 0.24071404964753185
104 64 0.3871510482461398
104 70 1.3053929397893977
104 58 3.4487407157102603
104 59 0.03795048722798689
104 71 0.20920514667986703
104 65 0.0
104 73 0.02647814510687933
104 67 0.8218643601775649
104 66 0.604468263788588
104 72 0.045816709160254855
104 57 1.527954981986073
104 94 0.9223488748868779
104 80 0.2280937874820581
104 81 0.9384331389305857
104 95 0.14677092147955154
104 56 0.6232729125068239
104 68 1.9480779875854193
104 54 0.47461932778384
104 83 0.15099953103932884
104 82 0.18127660909636734
104 55 0.778493397490191
104 69 1.4742383990658976
104 51 0.07037064551290546
104 79 0.2388580063045171
104 86 0.07619889795349014
104 92 0.9734869886039452
104 93 0.8251794646627779
104 87 0.6560006060343246
104 78 0.9991225297545838
104 50 0.13732985540519288
104 52 0.04325783079662358
104 46 0.6130681138071973
104 91 0.8329541025806023
104 85 0.8111364105428336
104 84 0.18220074238782108
104 90 0.8189765327301377
104 47 0.42712527441282366
104 53 0.053277502147866765
110 76 0.10621265756734136
110 62 0.3814311744192437
110 89 0.22411649660362065
110 88 0.6753258418482123
110 63 0.2581134137568338
110 77 0.1817719668440013
110 49 0.15867825782405312
110 61 0.03417366887517094
110 75 0.04622212446260206
110 74 0.12744336725231006
110 60 0.023305973668851336
110 48 0.21960447995092058
110 64 0.2865970200951145
110 70 0.8047435978777149
110 58 1.4840008602841035
110 59 0.04848698857202571
110 71 0.20780192307835302
110 65 0.0054244101378514
110 73 0.03475716325500599
110 67 0.67305880606141
110 66 0.5467998244436073
110 72 0.06215804502516306
110 57 0.8454925812572608
110 94 0.8648953934206539
110 80 0.2256868687424224
110 81 0.6074960367252445
110 95 0.14040802353057802
110 56 0.4997535137273763
110 68 1.3206306304486186
110 54 0.3435998037538085
110 83 0.17278541336136527
110 82 0.14905127843429988
110 55 0.5023350604141555
110 69 0.9279107765431315
110 51 0.0629657720678456
110 79 0.24452677931931732
110 86 0.07341578733631457
110 92 0.9017632260734899
110 93 0.7804468182450982
110 87 0.5726608460515845
110 78 0.74976161733825
110 50 0.1231786880982488
110 52 0.12686383442582105
110 46 0.5246058185925807
110 91 0.7704064630981019
110 85 0.7724450631308666
110 84 0.13912719040625568
110 90 0.772110040609693
110 47 0.3921199486721925
110 53 0.11074929103338524
138 76 0.13227174764250463
138 62 0.2499082765450687
138 89 0.21546818947284546
138 88 0.7054115982141211
138 63 0.25532254860742554
138 77 0.18088967065341136
138 49 0.1986825658896281
138 61 0.059328652394734074
138 75 0.02450092499608482
138 74 0.10931892108821399
138 60 0.05560746188305215
138 48 0.19775823806135664
138 64 0.24181532172684522
138 70 0.6637347076349197
138 58 0.5431692050132868
138 59 0.08561217678486513
138 71 0.358652480594899
138 65 0.016051712477056643
138 73 0.01921892341987392
138 67 0.789944825261109
138 66 0.6645254686667129
138 72 0.06731710282140829
138 57 0.6876436820041271
138 94 1.0601155352815819
138 80 0.39419478807227654
138 81 0.4875484213623588
138 95 0.16481926246572476
138 56 0.49016079042428407
138 68 1.3442631397906568
138 54 0.285663473156863
138 83 0.14178676134143484
138 82 0.1386556758876195
138 55 0.33197012896534955
138 69 0.7514728591146896
138 51 0.11098833187862653
138 79 0.21748880197527723
138 86 0.13050826616309355
138 92 1.006759404694398
138 93 0.8670811294924758
138 87 0.632788944092612
138 78 0.7450942032010228
138 50 0.20614206057515494
138 52 0.08353862156627195
138 46 0.44900158525890616
138 91 0.8698151879308957
138 85 0.8836313937334498
138 84 0.08376888527340771
138 90 0.8763337883333708
138 47 0.3802127441379977
138 53 0.1548001477011823
140 76 0.10780898142551894
140 62 0.2546798636542236
140 89 0.1505153643589324
140 88 0.4612851998014716
140 63 0.11755154583846876
140 77 0.13856551139732257
140 49 0.14049674968385095
140 61 0.05235815683733388
140 75 0.02933195922256695
140 74 0.07934798166237976
140 60 0.03008174513097922
140 48 0.11640462085481904
140 64 0.11347060742272845
140 70 0.5827607618945364
140 58 0.953209222171419
140 59 0.061216184418260135
140 71 0.24513865172803628
140 65 0.00906756589869222
140 73 0.020405796955523758
140 67 0.5513688101388788
140 66 0.45323064604603946
140 72 0.045031159246299926
140 57 0.6587257693859805
140 94 0.6875814519001737
140 80 0.26899428171258744
140 81 0.3928637494098356
140 95 0.11215519484014332
140 56 0.37829930670671896
140 68 1.0686364832645017
140 54 0.13535263508226875
140 83 0.11530268339884953
140 82 0.10763489219508506
140 55 0.2935323632552087
140 69 0.6646655879507074
140 51 0.0717939044657644
140 79 0.16141720659435937
140 86 0.09079766697497976
140 92 0.6659790252612098
140 93 0.5740184864137361
140 87 0.4226999038632899
140 78 0.5739809896254449
140 50 0.14071581688102244
140 52 0.06459996888133238
140 46 0.2737252665561109
140 91 0.5823377491864028
140 85 0.6168259691282705
140 84 0.08354871759210883
140 90 0.5789693336311919
140 47 0.20181896941738048
140 53 0.09592649692770258
135 76 0.12031721224968336
135 62 0.4021305728266901
135 89 0.24117555002137497
135 88 0.7811170322686624
135 63 0.35358304199041785
135 77 0.368714507797654
135 49 0.3686638221400961
135 61 0.04634396028697161
135 75 0.07728395811715491
135 74 0.19216530884750171
135 60 0.04952011725266846
135 48 0.3402167799594549
135 64 0.3435514184245554
135 70 0.7492729780323071
135 58 0.8034267684908527
135 59 0.05083964962148619
135 71 0.4782084922781097
135 65 0.014394083809515455
135 73 0.06315404884422594
135 67 0.8652189818118343
135 66 0.66566416088025
135 72 0.06748399416794874
135 57 0.8396050210589452
135 94 1.1991509301656302
135 80 0.5254269061327657
135 81 0.5720376527828449
135 95 0.2012464601441411
135 56 0.6254154323390313
135 68 1.414550024967631
135 54 0.3915046435973143
135 83 0.333342282472338
135 82 0.16753942359457855
135 55 0.47612527445482455
135 69 0.7951530917628344
135 51 0.14019641613096173
135 79 0.3552942501941393
135 86 0.18493947159194055
135 92 1.1299556920827079
135 93 0.9861250195706304
135 87 0.6816010840714437
135 78 0.7567842948822802
135 50 0.26941059699481085
135 52 0.31921951075922717
135 46 0.7310223701555338
135 91 1.0081122440878194
135 85 1.017152740532707
135 84 0.18341939191053297
135 90 1.0086941484795575
135 47 0.5537724406762894
135 53 0.2988971524709612
121 76 0.14515033055971852
121 62 0.28762469156177917
121 89 0.17442822566017585
121 88 0.7208443917957429
121 63 0.31622043727071314
121 77 0.27183674289526616
121 49 0.3070963848325541
121 61 0.0721970662750396
121 75 0.037837647074762094
121 74 0.11905497274691966
121 60 0.1373862156962606
121 48 0.2500146859288965
121 64 0.2652392859790052
121 70 0.5151452679963794
121 58 0.4570230132585483
121 59 0.026335244318219354
121 71 0.6769710045846555
121 65 0.07235750910501247
121 73 0.018698970124524483
121 67 0.7395260328436444
121 66 0.5724573078521074
121 72 0.07640454282612513
121 57 0.7534061463127288
121 94 1.0751397322743883
121 80 0.7430543957813622
121 81 0.4336219631968428
121 95 0.18246723372252854
121 56 0.44145078080292033
121 68 1.215887140799002
121 54 0.3178636292493918
121 83 0.14942652391233385
121 82 0.15419519973711404
121 55 0.4737138686356027
121 69 0.7165433275784898
121 51 0.20567292905928605
121 79 0.18783380603605188
121 86 0.23844379163601234
121 92 1.1151184209221834
121 93 0.9294170191484027
121 87 0.5469899562713544
121 78 0.7145341187450378
121 50 0.34652156033220455
121 52 0.048272989700968535
121 46 0.40248008288927756
121 91 0.8709502276062921
121 85 0.9626377410746595
121 84 0.13663755854577062
121 90 0.9448398701836973
121 47 0.48500491008463875
121 53 0.3126385731710823
109 76 0.11283412788476585
109 62 0.48700419763589176
109 89 0.25661385256115216
109 88 0.7802919267878844
109 63 0.25085177612758924
109 77 0.19568309755164137
109 49 0.19143586707699067
109 61 0.03263305506225545
109 75 0.04286221179830388
109 74 0.14093562390496311
109 60 0.01680810895669016
109 48 0.24047055712288753
109 64 0.34696473688298335
109 70 1.0175370159838741
109 58 2.047517156149455
109 59 0.05089942248352998
109 71 0.2652848497597894
109 65 0.003009657487034527
109 73 0.03371952484994935
109 67 0.8157899470542556
109 66 0.6413463688829502
109 72 0.06358146296328111
109 57 1.0942132634679824
109 94 0.9968316648098611
109 80 0.28917307134310133
109 81 0.7524806213025289
109 95 0.1611424723604235
109 56 0.5951937309191363
109 68 1.657294099894183
109 54 0.41568659365906374
109 83 0.20179498607165802
109 82 0.1537246937636858
109 55 0.6297274349501877
109 69 1.1897697159089733
109 51 0.08882961195086805
109 79 0.2747345692400007
109 86 0.0946685387158183
109 92 1.0459490716798396
109 93 0.8971620828173033
109 87 0.6816891450057752
109 78 0.9431404817888568
109 50 0.16967098884283857
109 52 0.16812896681964495
109 46 0.6594038819550119
109 91 0.8899095562811563
109 85 0.8870613528222316
109 84 0.27780553600301483
109 90 0.8889886169809046
109 47 0.41833953513019245
109 53 0.12244104839865724
108 76 0.24711600779415077
108 62 0.9947854521084081
108 89 0.5399216522217373
108 88 1.7074627449194366
108 63 0.660661331492979
108 77 0.33520501676228076
108 49 0.34956708144530035
108 61 0.09149716291680439
108 75 0.08057022344871952
108 74 0.26761181286979
108 60 0.055575689495741785
108 48 0.5358500800060998
108 64 0.7613327636844182
108 70 2.148473883643785
108 58 4.15184340701614
108 59 0.15434873173567917
108 71 0.4876595899899825
108 65 0.010978827637700219
108 73 0.05999088631240732
108 67 1.7534629302131963
108 66 1.417063814829161
108 72 0.11998832154894254
108 57 2.333646762631064
108 94 2.1891583245629795
108 80 0.5333603241740218
108 81 1.6273648361118056
108 95 0.34961980973722134
108 56 1.2610233542625477
108 68 3.5248521645429554
108 54 0.9217750130745924
108 83 0.3537260357511507
108 82 0.3763463354935443
108 55 1.255518479910755
108 69 2.4573665702482876
108 51 0.15568113315238086
108 79 0.5733011136940506
108 86 0.18066982961222905
108 92 2.2880971940598487
108 93 1.9426937314528492
108 87 1.4723417487807533
108 78 1.9679838579442726
108 50 0.3017208252377397
108 52 0.17139256065400704
108 46 1.2858867208494829
108 91 1.9400612488590017
108 85 1.9420628054178766
108 84 0.3028495863446281
108 90 1.945044702266427
108 47 0.9855026237017185
108 53 0.18707186097946116
120 76 0.06801441946387167
120 62 0.15571633465645496
120 89 0.11606650626813492
120 88 0.41524118181727354
120 63 0.16516112766245405
120 77 0.126369518284137
120 49 0.16693598393790454
120 61 0.04000859271668072
120 75 0.024875912225818236
120 74 0.06611368812535885
120 60 0.05970260523780958
120 48 0.13797379420627748
120 64 0.15077457271059158
120 70 0.33015878374871904
120 58 0.29893143211981593
120 59 0.02637185846678461
120 71 0.354282103263609
120 65 0.025775722580117615
120 73 0.0161615029315876
120 67 0.46533027402216526
120 66 0.34898852051550944
120 72 0.03522913484941173
120 57 0.44289538562565617
120 94 0.6147195803063289
120 80 0.38927775832816175
120 81 0.29411987612042856
120 95 0.10435714233516577
120 56 0.2640423433836153
120 68 0.7436152021682138
120 54 0.18191124089202548
120 83 0.09003604509611021
120 82 0.08260766173893674
120 55 0.2426140760452988
120 69 0.4141104071965224
120 51 0.10690664830128581
120 79 0.11209283360325278
120 86 0.12712620118638782
120 92 0.5961286000807986
120 93 0.5377807308405713
120 87 0.35172734198551175
120 78 0.4057126271829707
120 50 0.1916413194227371
120 52 0.026987741896392782
120 46 0.25020402249484736
120 91 0.5556102619030735
120 85 0.5652598355756031
120 84 0.06709460670006122
120 90 0.5476074420291388
120 47 0.24449384838583071
120 53 0.13094873942272292
134 76 0.08590028760126481
134 62 0.3233721171320867
134 89 0.16105485905659056
134 88 0.5458852096216744
134 63 0.22912956693354017
134 77 0.27041383159433446
134 49 0.35286408778365674
134 61 0.044977362939433344
134 75 0.04475722901085863
134 74 0.1258309454180384
134 60 0.04976822742928659
134 48 0.23871784111207137
134 64 0.22480639272356234
134 70 0.5505469291026435
134 58 0.7254082932653102
134 59 0.024987791050304065
134 71 0.606918874496202
134 65 0.01946918566311245
134 73 0.03822254992800239
134 67 0.7270829084372988
134 66 0.49407249376237466
134 72 0.05118266006548891
134 57 0.7848200279968868
134 94 0.9880857517153123
134 80 0.6677305482698159
134 81 0.3933901846363402
134 95 0.15613897925618664
134 56 0.44003702661087235
134 68 1.1776696478122388
134 54 0.25030419490876415
134 83 0.23255858348520986
134 82 0.12218872733295283
134 55 0.3722828491849992
134 69 0.6175139550489461
134 51 0.17187124704142612
134 79 0.21322042510663675
134 86 0.22436207301631744
134 92 0.8022937206234827
134 93 0.7350389629863474
134 87 0.4922956508048408
134 78 0.5718900825534454
134 50 0.3247356101487902
134 52 0.22825739985893106
134 46 0.4892607922616671
134 91 0.7752608980341804
134 85 0.7770589409605917
134 84 0.1726425210411745
134 90 0.7618152470429419
134 47 0.3656972749840157
134 53 0.282295586322927
122 76 0.09981594624217949
122 62 0.32649465360807445
122 89 0.2093806380276291
122 88 0.7217054325772595
122 63 0.27987347175599037
122 77 0.2588695473015948
122 49 0.4820678184687985
122 61 0.07875677066434837
122 75 0.04708096019641759
122 74 0.11354992420661862
122 60 0.09704616336392624
122 48 0.2934188867820871
122 64 0.25391976597408494
122 70 0.596206925660214
122 58 0.6027710123441293
122 59 0.02758088397723819
122 71 1.0443228000570537
122 65 0.03543044345743793
122 73 0.030017417170412918
122 67 1.0294249638563673
122 66 0.6491640942455495
122 72 0.05578680500651388
122 57 1.0651632428365063
122 94 1.1957235644967987
122 80 1.1497030758931854
122 81 0.5167994760350996
122 95 0.20817660785529302
122 56 0.4830338103978984
122 68 1.5526970074094517
122 54 0.2999153701259159
122 83 0.1943580152989947
122 82 0.1630274067987576
122 55 0.4315549377249043
122 69 0.7484232778327402
122 51 0.2820970841422695
122 79 0.19692702080516325
122 86 0.38068085308955835
122 92 1.0405537510308807
122 93 0.9640489569811712
122 87 0.6619826297974581
122 78 0.7288258106599923
122 50 0.5323116803125975
122 52 0.07181335014351461
122 46 0.44848368586585985
122 91 1.0309397078216467
122 85 1.5073872545804827
122 84 0.18853244816713183
122 90 1.0077327920297872
122 47 0.43867921592737025
122 53 0.30132058163576386
136 76 0.06000253391615794
136 62 0.18289424308116248
136 89 0.11322424927593135
136 88 0.35877920116617434
136 63 0.16503435045587167
136 77 0.17233341398034085
136 49 0.14779443906077278
136 61 0.01923036108232515
136 75 0.042894023621608594
136 74 0.08904961336608305
136 60 0.014494024795453081
136 48 0.16383409040187105
136 64 0.1538259160972233
136 70 0.34886381474075534
136 58 0.37536068039720405
136 59 0.03211563762932643
136 71 0.13608637908311305
136 65 0.003849693168804684
136 73 0.03333044473581859
136 67 0.3650891643108072
136 66 0.3006265818630268
136 72 0.032010750804677975
136 57 0.3688027635863338
136 94 0.4920490544013477
136 80 0.14925141949021353
136 81 0.2560130337697646
136 95 0.08832568135387373
136 56 0.2986805094463487
136 68 0.6170616648129215
136 54 0.17825958669448988
136 83 0.14654220058725204
136 82 0.09460664730621333
136 55 0.20805156562297297
136 69 0.35827010866784537
136 51 0.04096531955779102
136 79 0.18591112299611512
136 86 0.056930897406108315
136 92 0.5114629949813855
136 93 0.4357719104268138
136 87 0.3086389733251881
136 78 0.338128882421855
136 50 0.08330028091509903
136 52 0.14145906868228045
136 46 0.3257085429678274
136 91 0.4398618933371531
136 85 0.44137492426646724
136 84 0.07215529364359782
136 90 0.44314508200372915
136 47 0.2750067180295067
136 53 0.10839702389709817
137 76 0.16482068093616403
137 62 0.2996209187588634
137 89 0.2466845929090791
137 88 0.7884740353707232
137 63 0.26301439318125786
137 77 0.18596366271172018
137 49 0.17500863811767783
137 61 0.07329144213035887
137 75 0.020832322749109712
137 74 0.11829048993637778
137 60 0.04810442770434684
137 48 0.2088081255659155
137 64 0.2615571018204191
137 70 0.8045994095261663
137 58 0.8021786272306317
137 59 0.16722448207727694
137 71 0.26369589053702264
137 65 0.011804923900476234
137 73 0.017559186745059893
137 67 0.8468832163493377
137 66 0.7655055833524796
137 72 0.06963055507889773
137 57 0.7945938223483041
137 94 1.0920213591367989
137 80 0.2896687050502108
137 81 0.5899742729863721
137 95 0.17749676726885827
137 56 0.5823958971737752
137 68 1.5042733321290636
137 54 0.31097419596254366
137 83 0.13867193221736915
137 82 0.1807748511738713
137 55 0.3873447554900435
137 69 0.9054171363128012
137 51 0.07607978244237258
137 79 0.2719109007203044
137 86 0.09615843262745119
137 92 1.1284431365077476
137 93 0.9604141522703137
137 87 0.7056395416352031
137 78 0.8744963476088371
137 50 0.1504815889924818
137 52 0.11233192383336142
137 46 0.5016129191076756
137 91 0.9636658268474466
137 85 0.9724407343138914
137 84 0.07959801152123748
137 90 0.9691203620497323
137 47 0.425969470944631
137 53 0.1297216790390311
123 76 0.09208201713834124
123 62 0.2975610629323656
123 89 0.18680606169903743
123 88 0.6621657472313355
123 63 0.26209623933055826
123 77 0.24044505238821035
123 49 0.478475658171897
123 61 0.07497166215037468
123 75 0.04802239690960547
123 74 0.11354661195557136
123 60 0.09113725995698213
123 48 0.2752031174121603
123 64 0.22667204244272937
123 70 0.5312157547506899
123 58 0.4906691283333098
123 59 0.02168947535109944
123 71 1.0484193662803798
123 65 0.03667606470108648
123 73 0.03285208515760453
123 67 0.982536566363378
123 66 0.5959290605911954
123 72 0.05144199568329923
123 57 1.022953603765244
123 94 1.5330464208769006
123 80 1.1544851155075446
123 81 0.45581272876816775
123 95 0.19781882823602376
123 56 0.44634855407225527
123 68 1.4753584506786057
123 54 0.26530210253381536
123 83 0.20371810329529086
123 82 0.1510753219635397
123 55 0.38323437293442386
123 69 0.6664464740896615
123 51 0.28798633981140637
123 79 0.1712082911192647
123 86 0.3828078115267267
123 92 0.942818728791957
123 93 0.9122082791016382
123 87 0.6105034358984367
123 78 0.6709688549678526
123 50 0.541822453437648
123 52 0.05635195674217666
123 46 0.4021164592783961
123 91 0.9888263755331339
123 85 0.9642645934112882
123 84 0.1691772555479496
123 90 0.9311803983059478
123 47 0.3962239788317529
123 53 0.29712786028924537
127 76 0.21383196593286313
127 62 0.5352478509089366
127 89 0.3842021743001953
127 88 1.2774220223857053
127 63 0.4824467788568643
127 77 0.35480872559746063
127 49 0.4922051944278329
127 61 0.10737399324547835
127 75 0.06027945434158388
127 74 0.2044540528139452
127 60 0.10510071341117556
127 48 0.43163487997004923
127 64 0.47866813501733274
127 70 1.1984948780982727
127 58 1.296351430373754
127 59 0.1289410864570274
127 71 0.917063826445375
127 65 0.031892957930774984
127 73 0.04378549215527218
127 67 1.489560397239153
127 66 1.142037350643328
127 72 0.10123885332155444
127 57 1.4902290961666607
127 94 1.8519070205776247
127 80 1.0088529511284827
127 81 0.9546950995103325
127 95 0.30834003338870775
127 56 0.8816225190832352
127 68 2.470843709865198
127 54 0.5682194096945153
127 83 0.2891313573207801
127 82 0.2814697823846278
127 55 0.703046361627568
127 69 1.397662284118211
127 51 0.29608409517120926
127 79 0.40614971081030943
127 86 0.3365767162636456
127 92 1.793140545209402
127 93 1.5731787218405155
127 87 1.1540191740529937
127 78 1.3278670893461315
127 50 0.5424346025197944
127 52 0.15638200094738136
127 46 0.8726553535104893
127 91 1.8325850068912748
127 85 1.6344096200641949
127 84 0.25481973891466886
127 90 1.6096820687014188
127 47 0.7520518412375892
127 53 0.32065720775287593
133 76 0.061977457221089105
133 62 0.28954991981792205
133 89 0.15609458107180021
133 88 0.5363531621988014
133 63 0.2901221953031879
133 77 0.23618628078670198
133 49 0.33010105004810436
133 61 0.02720373945679145
133 75 0.0466588074013628
133 74 0.11601741031109881
133 60 0.03393758013185984
133 48 0.29425590433333515
133 64 0.2664886014080837
133 70 0.47247921961218237
133 58 0.5476007367705858
133 59 0.013290216749716224
133 71 0.49137628537351047
133 65 0.012896110593347561
133 73 0.03768287324781961
133 67 0.6353393144942836
133 66 0.43512953007607214
133 72 0.04275868545105884
133 57 0.7152810816369518
133 94 0.885636839590084
133 80 0.54084842967317
133 81 0.3795031819012723
133 95 0.1414374292948252
133 56 0.42521190809064774
133 68 0.9983612781371596
133 54 0.3082928093323687
133 83 0.1985678496662647
133 82 0.16107121810391442
133 55 0.32858682291435415
133 69 0.5145205886583105
133 51 0.1309900871965879
133 79 0.24053088040688633
133 86 0.18583399361173597
133 92 0.7552488428849476
133 93 0.6723716060922607
133 87 0.4553478483628395
133 78 0.4782718156378073
133 50 0.2551538567035013
133 52 0.18573217024061217
133 46 0.47846929522421405
133 91 0.69716702822885
133 85 0.7032254857419341
133 84 0.1213872042383516
133 90 0.694950369759543
133 47 0.48274950373735165
133 53 0.20987374934054528
132 76 0.17284004581511242
132 62 0.5087557574060761
132 89 0.3582502279604044
132 88 1.15848235077775
132 63 0.5091981737207814
132 77 0.39822459066847826
132 49 0.3630794366458685
132 61 0.060635819072421285
132 75 0.06224515543171864
132 74 0.2336375215887148
132 60 0.064229336875549
132 48 0.4160737951055365
132 64 0.5079155046864615
132 70 1.1125811596050905
132 58 1.1200226900809913
132 59 0.09455172925566943
132 71 0.43722534974000987
132 65 0.014442279129315436
132 73 0.0568188506707903
132 67 1.1806693852770622
132 66 0.9891338322011731
132 72 0.100297132630118
132 57 1.0651461151625623
132 94 1.5897110093662539
132 80 0.4795812396713473
132 81 0.8614052584421302
132 95 0.26498624304406554
132 56 0.8448182430604895
132 68 1.990973355771165
132 54 0.5842292406155125
132 83 0.3668647762579769
132 82 0.22702568228655312
132 55 0.6424753399509777
132 69 1.2038481027847554
132 51 0.13246356261829903
132 79 0.45151477250786076
132 86 0.16424849192950042
132 92 1.648336892510245
132 93 1.4093988352603088
132 87 0.9964283565858923
132 78 1.137950018487177
132 50 0.25370045611297426
132 52 0.36573628486058785
132 46 1.0027274931819286
132 91 1.40561586172722
132 85 1.4297329228778681
132 84 0.19464003618565384
132 90 1.419042770123143
132 47 0.7532495924271017
132 53 0.3300373755667233
126 76 0.08626484955796167
126 62 0.27677605113036974
126 89 0.18298598492641596
126 88 0.6134661921519684
126 63 0.2467751411482343
126 77 0.21395995234214496
126 49 0.38564781834232564
126 61 0.08901947971953458
126 75 0.036798500841683054
126 74 0.09068195308447276
126 60 0.1720885294992066
126 48 0.2474277629921809
126 64 0.22717745003253267
126 70 0.5170323231915218
126 58 0.5336388564386484
126 59 0.030750113789251576
126 71 0.83684727243536
126 65 0.02238682015936101
126 73 0.021833686147849703
126 67 0.8397352597548039
126 66 0.559707932649615
126 72 0.04883430636972068
126 57 0.8779081168956738
126 94 1.0791481106820426
126 80 0.921160929201747
126 81 0.4596016714100549
126 95 0.17154178554991112
126 56 0.41268451249897997
126 68 1.3101446360892526
126 54 0.26945709005498136
126 83 0.16026295208334784
126 82 0.13994296736562173
126 55 0.37239032757665935
126 69 0.6514598146982566
126 51 0.21873230349668787
126 79 0.17317944048158748
126 86 0.3051191645089288
126 92 1.010136727508713
126 93 0.9150264242285207
126 87 0.5782977972102521
126 78 0.63119098848136
126 50 0.4174096692127158
126 52 0.05636552706007013
126 46 0.39261325336465874
126 91 0.9329043157324809
126 85 0.9379578695937755
126 84 0.14948700571952583
126 90 1.3286423815180468
126 47 0.3606817865317236
126 53 0.239115992502043
118 76 0.09324331431883134
118 62 0.40492488690721823
118 89 0.1894996617112195
118 88 0.6031194527392428
118 63 0.23167875601733878
118 77 0.24190517737328215
118 49 0.27994568288474503
118 61 0.03778233632228033
118 75 0.06081591910849331
118 74 0.1333528115659019
118 60 0.029673640574648105
118 48 0.24923524383016238
118 64 0.25798580246264097
118 70 0.7317274936042745
118 58 1.4086626234659732
118 59 0.026004100203492836
118 71 0.4242155578579846
118 65 0.009468122243761626
118 73 0.04484291705972575
118 67 0.7091200824619248
118 66 0.4998965435036033
118 72 0.047429311845914784
118 57 0.9323145965238077
118 94 0.8466158476017841
118 80 0.4657502725614036
118 81 0.5436824906629859
118 95 0.14892627012747256
118 56 0.4987610564980637
118 68 1.3113320302893945
118 54 0.304161242666246
118 83 0.22101149931990446
118 82 0.1413006995109011
118 55 0.47538918035356137
118 69 0.8245253726575928
118 51 0.13988451976939917
118 79 0.2490888930097976
118 86 0.16094417741416286
118 92 0.8282375847634151
118 93 0.7272886084363163
118 87 0.5394344226692561
118 78 0.6683385088264366
118 50 0.26118431629295435
118 52 0.1709603445230542
118 46 0.5246899473759136
118 91 0.8563460550112205
118 85 0.7457448945701797
118 84 0.1985403121053415
118 90 0.7418871850573014
118 47 0.38838464651332333
118 53 0.18321704450482865
130 76 0.08429762177411394
130 62 0.26482116516118226
130 89 0.19272803866854257
130 88 0.6156137209610995
130 63 0.25840332412285627
130 77 0.2077037105845546
130 49 0.16011957387461734
130 61 0.028824084008849466
130 75 0.0415700612666617
130 74 0.12750991383876062
130 60 0.035457756280674206
130 48 0.21242467394182768
130 64 0.27306865794899815
130 70 0.5938364796503938
130 58 0.6524064960807625
130 59 0.053381849607062236
130 71 0.1664836809496409
130 65 0.005272555921339548
130 73 0.03394992895882213
130 67 0.5920193270189782
130 66 0.5014674107277588
130 72 0.048451510681307465
130 57 0.5341270863373618
130 94 0.8251024420895815
130 80 0.18207528336387507
130 81 0.48982019329580256
130 95 0.13498050128076727
130 56 0.4433585578803403
130 68 1.0148299732610213
130 54 0.32082085942994115
130 83 0.19544472875958016
130 82 0.10728156493904906
130 55 0.34979850747121055
130 69 0.6417806349616557
130 51 0.051069310017586134
130 79 0.24509464902704303
130 86 0.06480305322179011
130 92 0.8600743365984064
130 93 0.7317612380557249
130 87 0.5250834322800251
130 78 0.5953762616130417
130 50 0.10135540521171495
130 52 0.18061615098169637
130 46 0.5374399872512885
130 91 0.7276003621844991
130 85 0.7420904048890019
130 84 0.1039823153370345
130 90 0.737618909153165
130 47 0.38074676109325106
130 53 0.14226073104062154
124 76 0.09919697060087339
124 62 0.2650901804245702
124 89 0.17770844802541721
124 88 0.6178444579743755
124 63 0.24378444238916935
124 77 0.19950101358233663
124 49 0.3379468959092501
124 61 0.060394446406176985
124 75 0.034914866004596506
124 74 0.10213991108058017
124 60 0.06902641801159456
124 48 0.23272328719554014
124 64 0.22717745003253267
124 70 0.5163255783024812
124 58 0.5336388564386484
124 59 0.030750113789251576
124 71 0.7171537773559162
124 65 0.02238682015936101
124 73 0.021833686147849703
124 67 0.8003870926281046
124 66 0.537961218978231
124 72 0.047349797154767156
124 57 0.8169966008405646
124 94 0.9274860470856092
124 80 0.7892600098801782
124 81 0.4476825358194808
124 95 0.16150083952798275
124 56 0.40769506036224556
124 68 1.2374934499663364
124 54 0.26945709005498136
124 83 0.15059093055135084
124 82 0.13515858495826674
124 55 0.35909068432835
124 69 0.6313336329572683
124 51 0.2446998069086924
124 79 0.1698926828852971
124 86 0.26118660146350314
124 92 0.8500660106727872
124 93 0.7680222947800823
124 87 0.573774399830959
124 78 0.6077255993535422
124 50 0.43506995371010987
124 52 0.05636552706007013
124 46 0.4087282066558541
124 91 1.1345205475549138
124 85 0.8167942337782584
124 84 0.14081116686866668
124 90 0.7930432304738656
124 47 0.369056191503667
124 53 0.22050512524392055
125 76 0.08843033183113652
125 62 0.2814233045232762
125 89 0.1862626439186453
125 88 0.6714464560676923
125 63 0.26598246815721144
125 77 0.20311149190913969
125 49 0.36313555705472517
125 61 0.06114855304244677
125 75 0.06468513854766961
125 74 0.1061838992087802
125 60 0.071984791322805
125 48 0.2538332444942873
125 64 0.24285039492086927
125 70 0.5504089131407697
125 58 0.5704545368067491
125 59 0.03287156043221727
125 71 0.7196340841668267
125 65 0.061681592582377945
125 73 0.057149195307033426
125 67 0.8955655806903148
125 66 0.5986249216482052
125 72 0.04957403099065073
125 57 0.891554637087186
125 94 0.9763370530613866
125 80 0.7919218355449885
125 81 0.4800110992832516
125 95 0.197693240935865
125 56 0.795430202832722
125 68 1.579937274522931
125 54 0.28804690221106677
125 83 0.18690389884345027
125 82 0.15096858236795313
125 55 0.3771313856741365
125 69 0.6676029069137004
125 51 0.20216345875080136
125 79 0.17930559610332877
125 86 0.26195630183794255
125 92 0.8927366190717761
125 93 0.9697050315873966
125 87 0.5819864105602751
125 78 0.6401955006901111
125 50 0.38706089372920605
125 52 0.06636611011186885
125 46 0.41816978613571587
125 91 0.8525047595411205
125 85 0.8599177088802704
125 84 0.1387438957482257
125 90 0.8344002792101813
125 47 0.39636011825834083
125 53 0.2263060694101318
131 76 0.11959380576770703
131 62 0.466328585033709
131 89 0.30076231030643535
131 88 0.9844930762784202
131 63 0.4239318192383283
131 77 0.16080262464540795
131 49 0.17768127615405432
131 61 0.0458621487683007
131 75 0.03162650514731514
131 74 0.13652488634878757
131 60 0.04686745395221758
131 48 0.30778021857796806
131 64 0.47398254285413627
131 70 1.0719518006182072
131 58 1.7785000485622564
131 59 0.07506207118074872
131 71 0.28056976294528985
131 65 0.008640781153284083
131 73 0.024056065381009763
131 67 0.9577256728085133
131 66 0.7804566022824688
131 72 0.06742932490887696
131 57 1.1321672094216546
131 94 1.2488026513572597
131 80 0.30703712348210194
131 81 0.8697083479481627
131 95 0.1929260260086611
131 56 0.6469495340744144
131 68 1.8087371774609757
131 54 0.5747111350874461
131 83 0.16205638460456356
131 82 0.20493904530796006
131 55 0.6318662268174731
131 69 1.2227476833802622
131 51 0.085768552449732
131 79 0.29721234869673835
131 86 0.10061230703436606
131 92 1.3003828846410133
131 93 1.106270615317434
131 87 0.8274536661584108
131 78 1.0145508430447603
131 50 0.16438746353336364
131 52 0.06658524107712785
131 46 0.7336569600550679
131 91 1.0945888789205969
131 85 1.1147660140392661
131 84 0.1370833340584282
131 90 1.1064580505539336
131 47 0.5871364779906594
131 53 0.10081415615812586
119 76 0.10518358456676107
119 62 0.4309423539604611
119 89 0.18407164974588328
119 88 0.5101747245630736
119 63 0.15686212851648962
119 77 0.3063895605317543
119 49 0.19177383762112865
119 61 0.030633033337339764
119 75 0.11846141352759125
119 74 0.16639437332406276
119 60 0.004923456842977142
119 48 0.20957934161607966
119 64 0.188505127217535
119 70 0.7557202934816677
119 58 1.6807740738366277
119 59 0.04470967011941464
119 71 0.11739135306792606
119 65 0.0
119 73 0.0837390462104929
119 67 0.5271229863906266
119 66 0.39700080447012775
119 72 0.043346630239233505
119 57 0.8038804480622611
119 94 0.6691918616659246
119 80 0.12654055414907497
119 81 0.5100760631838591
119 95 0.12719555379433065
119 56 0.5123186304460561
119 68 1.1326810574050428
119 54 0.22554548883604264
119 83 0.2971384004005074
119 82 0.11925103233386122
119 55 0.4793632678916292
119 69 0.8085701920615028
119 51 0.04837176903744283
119 79 0.3123369383631044
119 86 0.0607972837130655
119 92 0.70629410188344
119 93 0.6036485941288794
119 87 0.4562498089953714
119 78 0.6159106950583706
119 50 0.10397310923279149
119 52 0.21176026542034226
119 46 0.5064093236061268
119 91 0.6164363655299216
119 85 0.6054003986398283
119 84 0.21114854414467765
119 90 0.6112519582984588
119 47 0.2741355173165791
119 53 0.12163941393950554
