114 76 0.01743461221586826
114 62 0.06159955256724667
114 89 0.054287427520611886
114 88 0.1762008187373259
114 63 0.08130651966439599
114 77 0.06795004208199351
114 49 0.03352971707970374
114 61 0.011184404966454052
114 75 0.03212089874704161
114 74 0.031288777678252534
114 60 0.021090657110584634
114 48 0.04396519915080936
114 64 0.10047740439698115
114 70 0.15190519540004097
114 58 0.32394399899597365
114 59 0.021328399569413774
114 71 0.05175297603113879
114 65 0.0024103815499275307
114 73 0.021969058569276678
114 67 0.13153622203821944
114 66 0.12403647446456167
114 72 0.02048254899762344
114 57 0.15909442451543251
114 94 0.22172883777886573
114 80 0.05703121219414263
114 81 0.15849670284061593
114 95 0.029807543556363347
114 56 0.08184519690444644
114 68 0.24115357040951335
114 54 0.12381309532176568
114 83 0.06404571622156749
114 82 0.03536214219745259
114 55 0.09640708758265917
114 69 0.18863868582002374
114 51 0.021274784378821847
114 79 0.05660182470402556
114 86 0.01899552587020144
114 92 0.23402222787171914
114 93 0.19410436518852764
114 87 0.14291005548550367
114 78 0.16175417279803941
114 50 0.03676730006143237
114 52 0.03698193585626204
114 46 0.13391337117618846
114 91 0.18695465611498074
114 85 0.19376273519923726
114 84 0.07704488057203408
114 90 0.19563556879364044
114 47 0.09550817916265152
114 53 0.018023487899575454
100 76 0.012205660236327241
100 62 0.03187085803271865
100 89 0.023365088814748244
100 88 0.06421499158049641
100 63 0.04728163028515043
100 77 0.047570609338938336
100 49 0.03916424536869016
100 61 0.010642169068659871
100 75 0.02248726680797784
100 74 0.02190471372819756
100 60 0.027426666462124952
100 48 0.025662147577949393
100 64 0.06470497063993073
100 70 0.06229095445759015
100 58 0.18553258531356273
100 59 0.014345244141902545
100 71 0.09803059581553922
100 65 0.01529726230582877
100 73 0.015380145040708648
100 67 0.0687830651291665
100 66 0.045571155595115834
100 72 0.010768984463916704
100 57 0.09567116198054278
100 94 0.20170987261573073
100 80 0.10802864183328058
100 81 0.05580079646395722
100 95 0.019132929864495267
100 56 0.04534013995460844
100 68 0.1192233158499931
100 54 0.0797325801329567
100 83 0.0448372606235082
100 82 0.01535555190905441
100 55 0.05753496912902238
100 69 0.0802392794384236
100 51 0.03925372081719188
100 79 0.0396259252881286
100 86 0.035981364970488205
100 92 0.09002007935620097
100 93 0.08430413990588566
100 87 0.05418655629700912
100 78 0.06880369323531003
100 50 0.06479266929701576
100 52 0.07480559276824567
100 46 0.06729057103327075
100 91 0.16031445379059653
100 85 0.15089077073621052
100 84 0.08605122595864921
100 90 0.14666810040153855
100 47 0.05261369314263662
100 53 0.044696656728024
128 76 0.021351971668834915
128 62 0.032496308405369705
128 89 0.046798265133225894
128 88 0.1518932284796521
128 63 0.06931569391849512
128 77 0.04308459648462584
128 49 0.03246882231837369
128 61 0.014248881096240701
128 75 0.020366668199702904
128 74 0.021685649214455083
128 60 0.018181118693096084
128 48 0.05245256928904423
128 64 0.07780645282377126
128 70 0.09814961652861905
128 58 0.1317446731358069
128 59 0.026223842292008526
128 71 0.04523792439411932
128 65 0.006543548625029229
128 73 0.013929763611658206
128 67 0.11339028711998328
128 66 0.10692515897864624
128 72 0.007846982124825824
128 57 0.09926366140948989
128 94 0.19114047970163306
128 80 0.049851696717716804
128 81 0.13663146442997376
128 95 0.025695476651407707
128 56 0.07055433273498005
128 68 0.16020842806793656
128 54 0.09587685726889147
128 83 0.04060900855139155
128 82 0.03487699781267166
128 55 0.049195837938858324
128 69 0.10310298359025674
128 51 0.013700874345037549
128 79 0.03588911357440799
128 86 0.016604227023112112
128 92 0.20173794867790926
128 93 0.16732691086090415
128 87 0.12319505587689418
128 78 0.10572542329577791
128 50 0.024890494847276488
128 52 0.04992168393321328
128 46 0.11543949926173849
128 91 0.1611635320431799
128 85 0.16703241006124472
128 84 0.021597981302835547
128 90 0.16864687895587074
128 47 0.10166952179994988
128 53 0.029828416398765926
129 76 0.024616057326087053
129 62 0.10247055898899943
129 89 0.06870736398253374
129 88 0.2500219408286541
129 63 0.1722660229172534
129 77 0.08708189243530819
129 49 0.1023838871534245
129 61 0.01642711405474613
129 75 0.04116478171183555
129 74 0.04009837063709324
129 60 0.017869830088407496
129 48 0.16539860554035868
129 64 0.1661473002103636
129 70 0.2511872022880684
129 58 0.4269121808330812
129 59 0.019427516355742937
129 71 0.11617454822265728
129 65 0.0053773788052172665
129 73 0.028154613840065637
129 67 0.21703661237798091
129 66 0.16997220437767432
129 72 0.016648343105328985
129 57 0.3130079498582195
129 94 0.28062490080069674
129 80 0.1280230784652565
129 81 0.19804573010918497
129 95 0.0458485421336878
129 56 0.1673852388436468
129 68 0.39876641818221864
129 54 0.2047347027111086
129 83 0.08207827397985899
129 82 0.10997758321163728
129 55 0.159416710842942
129 69 0.2800685512450609
129 51 0.028671362492535133
129 79 0.09930721518231475
129 86 0.04264096107042535
129 92 0.29618368607134277
129 93 0.24566275984514577
129 87 0.19519109792660203
129 78 0.2257351991523184
129 50 0.05208750787816134
129 52 0.04739448073333697
129 46 0.20527591328624734
129 91 0.24163744831353334
129 85 0.24523038540609904
129 84 0.08728095461394206
129 90 0.2476006848534346
129 47 0.3205943457030839
129 53 0.039035953319105345
101 76 0.0105450036159905
101 62 0.021483560998801218
101 89 0.012414480100872647
101 88 0.034433345066630046
101 63 0.021535779907303723
101 77 0.03227720501879641
101 49 0.021334221437752383
101 61 0.005546521635802688
101 75 0.010514879123996701
101 74 0.011893679520360913
101 60 0.012468269485337182
101 48 0.01349804051214956
101 64 0.03151621272729432
101 70 0.05547034537682655
101 58 0.1111899906195695
101 59 0.028959478602724378
101 71 0.043655599337118926
101 65 0.007152886362196584
101 73 0.007191641714110626
101 67 0.039681806095743816
101 66 0.035826038590218275
101 72 0.0050354972390913395
101 57 0.04980863201060507
101 94 0.08982670469353407
101 80 0.04810799185267484
101 81 0.05071743045972422
101 95 0.008946416055405242
101 56 0.029441523746874386
101 68 0.09016275825304394
101 54 0.03883579471428678
101 83 0.022536959117063878
101 82 0.00897517768526019
101 55 0.028023879902814866
101 69 0.07414694361147575
101 51 0.01835474862660742
101 79 0.018833715968335316
101 86 0.016023446962517462
101 92 0.05351633746086544
101 93 0.04438789769897595
101 87 0.033556075453971865
101 78 0.06357962831028179
101 50 0.03029657145960985
101 52 0.058297566979695674
101 46 0.04570536342664283
101 91 0.07496184920257382
101 85 0.06859553256271092
101 84 0.04023691483510667
101 90 0.0666758901682137
101 47 0.026163433797574468
101 53 0.034833041794657696
115 76 0.02799338246537939
115 62 0.14672037393967216
115 89 0.03235795047772265
115 88 0.137327032958499
115 63 0.06084692144463312
115 77 0.2702156385802273
115 49 0.17860407262825634
115 61 0.007877947814994695
115 75 0.02955391944342763
115 74 0.09957052368045272
115 60 0.008490726443555533
115 48 0.11226962016879614
115 64 0.08437499471483127
115 70 0.16782018169387794
115 58 0.0890116385886041
115 59 0.013070503670924698
115 71 0.08206915664344606
115 65 0.005426713955083207
115 73 0.02021337548234529
115 67 0.17175798251675875
115 66 0.18897256654663308
115 72 0.034194412227429694
115 57 0.07494162670830334
115 94 0.24953000940729927
115 80 0.0904393108583849
115 81 0.07053944087355951
115 95 0.05587163885698531
115 56 0.22267501782931065
115 68 0.22065766999369876
115 54 0.06705409708359276
115 83 0.18867305257464254
115 82 0.014021096356647606
115 55 0.1314935995031717
115 69 0.07682414061809757
115 51 0.015974092422072712
115 79 0.1576705475043056
115 86 0.030122843316840467
115 92 0.2633647896562116
115 93 0.23128515771447938
115 87 0.11355137041877868
115 78 0.10571631063759983
115 50 0.03715009181465326
115 52 0.4880507553215476
115 46 0.38263238584876047
115 91 0.2435835214280276
115 85 0.2309599513142394
115 84 0.0752718272011976
115 90 0.23319231841691393
115 47 0.21820604653835565
115 53 0.2916123817645892
103 76 0.041784611313618804
103 62 0.12382551441383308
103 89 0.03884292064037744
103 88 0.15261968714679222
103 63 0.13394698598609528
103 77 0.055624936798228365
103 49 0.03676634077898968
103 61 0.027884261345728727
103 75 0.023520418824839105
103 74 0.022911101003285483
103 60 0.020604214672144155
103 48 0.07762414894279601
103 64 0.19602269909370656
103 70 0.1850232228781278
103 58 0.8046389101129765
103 59 0.03171783537004481
103 71 0.057060190608575395
103 65 0.013168858994358618
103 73 0.01608676839356492
103 67 0.12415801809819459
103 66 0.11659697152419901
103 72 0.011263753264120383
103 57 0.2539705964411401
103 94 0.15864807088634952
103 80 0.06287970447299282
103 81 0.16904764234130187
103 95 0.025309397384016965
103 56 0.09211781412829712
103 68 0.28210483524753843
103 54 0.24154860760762328
103 83 0.04689725780499213
103 82 0.03731615649091853
103 55 0.17430129137535025
103 69 0.23199391541371472
103 51 0.026858441335372688
103 79 0.041446493567102345
103 86 0.02094349755290715
103 92 0.16744405178996863
103 93 0.13888262526542047
103 87 0.11179326365748499
103 78 0.19893047769494385
103 50 0.04433287013428636
103 52 0.10046714010236124
103 46 0.20385573514746963
103 91 0.13751575774881344
103 85 0.13863818733257968
103 84 0.07200380169706544
103 90 0.1399782089545734
103 47 0.15939236255124759
103 53 0.06002953933556333
117 76 0.053568623469198995
117 62 0.13162404946660408
117 89 0.062272482306342615
117 88 0.12992774272899257
117 63 0.05096977496401006
117 77 0.20877953429291474
117 49 0.10302155086860192
117 61 0.015507483538647147
117 75 0.09869289372013984
117 74 0.09613616463073808
117 60 0.00352000834939743
117 48 0.08267573763114483
117 64 0.07459094944981629
117 70 0.1764312967975281
117 58 0.33482948744374624
117 59 0.027324656526768392
117 71 0.04600964710558581
117 65 0.0
117 73 0.06750091208792358
117 67 0.13076761650298216
117 66 0.0998333597815878
117 72 0.01806475469326125
117 57 0.15949750005141353
117 94 0.19791869654078448
117 80 0.05070212668499453
117 81 0.0939713584374254
117 95 0.05059146674934729
117 56 0.19899037317460577
117 68 0.25458739014854764
117 54 0.09191455919664049
117 83 0.19678331898691215
117 82 0.03534884895559956
117 55 0.11714238150709896
117 69 0.1565570870288735
117 51 0.018913797748134717
117 79 0.17391163036479104
117 86 0.024156046970144875
117 92 0.20889197258199785
117 93 0.17895232849959913
117 87 0.13259174338316645
117 78 0.14604731927300893
117 50 0.03808021026606981
117 52 0.2578350262056059
117 46 0.20214297418191693
117 91 0.19141649554124096
117 85 0.18886435312583422
117 84 0.10465959637528782
117 90 0.19068984090580177
117 47 0.1152772762135599
117 53 0.15405751404813456
116 76 0.05488163413639632
116 62 0.09666652946335505
116 89 0.045733775628515716
116 88 0.12977748096632824
116 63 0.06978650848254951
116 77 0.15333058878569303
116 49 0.07566045736138051
116 61 0.036624340426523544
116 75 0.07248143145027801
116 74 0.07060373410809756
116 60 0.013204751669161761
116 48 0.060718209628198794
116 64 0.10105170054874109
116 70 0.15200587874066115
116 58 0.37471440143142026
116 59 0.02579300903902687
116 71 0.059864005803187764
116 65 0.0027881506757396744
116 73 0.04957360705428046
116 67 0.10562678442037084
116 66 0.1388892832782569
116 72 0.017793288137958725
116 57 0.15233224900343686
116 94 0.14535423874314707
116 80 0.06596947807791338
116 81 0.12857266915685517
116 95 0.0371550756183121
116 56 0.14614129294272754
116 68 0.24837675880503865
116 54 0.12452077069024797
116 83 0.14452040170342526
116 82 0.049012581032280865
116 55 0.08985409334100049
116 69 0.20482648470340264
116 51 0.024609093296375114
116 79 0.12772311601721095
116 86 0.021972616033600498
116 92 0.15341316502634592
116 93 0.13142507471502426
116 87 0.1013167440905777
116 78 0.17313338519895943
116 50 0.04252968685164714
116 52 0.12979569017735956
116 46 0.12015994065694273
116 91 0.1405789320492248
116 85 0.13870460322411
116 84 0.08911980588121297
116 90 0.14004526679571663
116 47 0.0878234829620834
116 53 0.07755347152461915
102 76 0.006832237811515509
102 62 0.06439644904422029
102 89 0.020200571518621712
102 88 0.07937108885045181
102 63 0.06966020128010757
102 77 0.02587610303502139
102 49 0.052127401150503114
102 61 0.005975503993972036
102 75 0.012231981910371666
102 74 0.01191510130435797
102 60 0.0009926819361066972
102 48 0.040369059443514016
102 64 0.10194317232158587
102 70 0.09622280674925034
102 58 0.41845890016588266
102 59 0.0037871744215568774
102 71 0.12687803410537157
102 65 0.0
102 73 0.008366052554243613
102 67 0.06456937024441367
102 66 0.06063718750543455
102 72 0.005857804964939979
102 57 0.13207943976548542
102 94 0.08250619802517326
102 80 0.13981820256066704
102 81 0.08791457832910964
102 95 0.013162354517121189
102 56 0.064291669522145
102 68 0.14671087565550067
102 54 0.1256192851298906
102 83 0.024389293974259162
102 82 0.012529012626071345
102 55 0.09064678052442325
102 69 0.12065029104243696
102 51 0.02469577519768438
102 79 0.02155458044079279
102 86 0.04656959201261694
102 92 0.0870806182384485
102 93 0.07222701995924896
102 87 0.058138980812520454
102 78 0.1034553858376198
102 50 0.053457255196083964
102 52 0.014083116850707234
102 46 0.10601680536470726
102 91 0.07151616957594903
102 85 0.07209989805742469
102 84 0.03744615291060905
102 90 0.07279678701853554
102 47 0.08289327285784837
102 53 0.011395757829614772
106 76 0.01438191200442067
106 62 0.05266713192988778
106 89 0.02753105074226593
106 88 0.08482035641154428
106 63 0.052097823020969214
106 77 0.056052380966091046
106 49 0.027658856681338866
106 61 0.0062709252388400945
106 75 0.026496714326826376
106 74 0.025810292865874312
106 60 0.001402757391942488
106 48 0.030191415984492136
106 64 0.0762417743877921
106 70 0.08673058761724925
106 58 0.3422398351054782
106 59 0.023459349117669653
106 71 0.04702791907275615
106 65 0.0
106 73 0.018122402910443293
106 67 0.06903587151199032
106 66 0.05684174140013209
106 72 0.012689078995994342
106 57 0.1080221872882729
106 94 0.0942183467941333
106 80 0.051824251229022636
106 81 0.07929917357331784
106 95 0.013582615640329926
106 56 0.05342422207973165
106 68 0.1409738654294614
106 54 0.09394878516646749
106 83 0.0528316800829292
106 82 0.019837430499137707
106 55 0.06779337185938647
106 69 0.1159323589164615
106 51 0.019332392352771816
106 79 0.04669117110858549
106 86 0.017261230597266242
106 92 0.09944212779910658
106 93 0.08303328393733228
106 87 0.0662189023876163
106 78 0.0994098465833729
106 50 0.03341043828614654
106 52 0.030506611827810174
106 46 0.07928838363429043
106 91 0.08013243442922657
106 85 0.08189296701451372
106 84 0.07001066772144145
106 90 0.08268451188826062
106 47 0.061994639401226063
106 53 0.014867678946624965
112 76 0.029102321648795684
112 62 0.09295202435040571
112 89 0.05571008178776664
112 88 0.1586713983249155
112 63 0.10542183836837853
112 77 0.11342403009798725
112 49 0.05596870175056321
112 61 0.010556643266481213
112 75 0.053617064458364824
112 74 0.052228065684271165
112 60 0.002624104475701457
112 48 0.061093427545879
112 64 0.15427800146645498
112 70 0.16404681773647053
112 58 0.604017806186072
112 59 0.030673957795972026
112 71 0.11042807947685104
112 65 0.0
112 73 0.036671340944561454
112 67 0.12914374250254662
112 66 0.10633247692831749
112 72 0.02567681253055199
112 57 0.19064795471624277
112 94 0.17625199263666674
112 80 0.12169053290861266
112 81 0.149990648411652
112 95 0.02748491640578406
112 56 0.10810585507150526
112 68 0.26664542052650797
112 54 0.19010878133503625
112 83 0.10690682480514957
112 82 0.03710940356344818
112 55 0.13718235189464664
112 69 0.2192805914893331
112 51 0.03730593500049016
112 79 0.09448128171993685
112 86 0.04053176457402308
112 92 0.18602399397772018
112 93 0.15532836487884769
112 87 0.12387410619220325
112 78 0.1880290383323739
112 50 0.06447249860735238
112 52 0.06173123779056588
112 46 0.1604429260051767
112 91 0.14990181555443774
112 85 0.15319520146935559
112 84 0.1351003730783757
112 90 0.15467592540483346
112 47 0.12544840601173315
112 53 0.030085288711452992
113 76 0.03769930194802513
113 62 0.09263136633175655
113 89 0.07226409158822444
113 88 0.23454771545989692
113 63 0.1070346441169919
113 77 0.14693009067896348
113 49 0.07250215334695678
113 61 0.020980345657936834
113 75 0.0694558299154208
113 74 0.06765651353022235
113 60 0.028074588292408127
113 48 0.07297659181354935
113 64 0.1318731227143063
113 70 0.19937032205553418
113 58 0.33884536396289494
113 59 0.028391056461998878
113 71 0.06711073589905447
113 65 0.006981333018630221
113 73 0.04750424972246877
113 67 0.1750929456535755
113 66 0.16510974198555137
113 72 0.018256496098974576
113 57 0.2088059369487049
113 94 0.2951518200953412
113 80 0.07395529519425433
113 81 0.21098108298016413
113 95 0.039677972524286446
113 56 0.1400408985191315
113 68 0.31650573155691847
113 54 0.16250041102271817
113 83 0.13848766834726875
113 82 0.04852392299473135
113 55 0.12653097248697306
113 69 0.22229379821396658
113 51 0.023607116041249043
113 79 0.1223915538760367
113 86 0.02463247174755162
113 92 0.31151602647189924
113 93 0.2583798176535853
113 87 0.1902330946619567
113 78 0.17916875917370587
113 50 0.04079805950643074
113 52 0.1445922434128849
113 46 0.17825726068691983
113 91 0.24886256375306137
113 85 0.2579250607796113
113 84 0.08549122772114807
113 90 0.2604180619140649
113 47 0.141451511200299
113 53 0.08639447439956663
107 76 0.015210336916031218
107 62 0.02786512585025011
107 89 0.012790637049128258
107 88 0.07673227082235154
107 63 0.014947081417251488
107 77 0.035042680186145
107 49 0.08428394016037657
107 61 0.011778021719599834
107 75 0.033022838801265685
107 74 0.012615523439940145
107 60 0.010939900224483082
107 48 0.030669328185272793
107 64 0.009291880317848365
107 70 0.03514107748440055
107 58 0.03525985824606538
107 59 0.016840726997180016
107 71 0.16220384481351266
107 65 0.03745218324865861
107 73 0.03354220466569873
107 67 0.14930854270742455
107 66 0.07159209970459117
107 72 0.005251415924562585
107 57 0.1137139000538672
107 94 0.05234273251986385
107 80 0.17874685866759155
107 81 0.038622341816708254
107 95 0.04684302204164809
107 56 0.7198020867453169
107 68 0.5373868414552293
107 54 0.011449902298100795
107 83 0.043884668409206386
107 82 0.01803364337214347
107 55 0.034818523920021875
107 69 0.04380522154425364
107 51 0.04179555458230718
107 79 0.017233239404938375
107 86 0.0595356550809241
107 92 0.05679845772346796
107 93 0.20640125227980938
107 87 0.06019009540527502
107 78 0.05177164519586211
107 50 0.08615060157586849
107 52 0.05334347880023413
107 46 0.04182135226767307
107 91 0.05824115126849164
107 85 0.04568132606301537
107 84 0.013144105942084797
107 90 0.04609361077920198
107 47 0.025758054400486632
107 53 0.048733294108825605
139 76 0.036134574226027644
139 62 0.03942981711463509
139 89 0.022445989457776525
139 88 0.06225717823714841
139 63 0.037149728979897725
139 77 0.07261808925809846
139 49 0.04799828224645053
139 61 0.02411380361474816
139 75 0.009406614341507642
139 74 0.026758707283168374
139 60 0.009460253414091967
139 48 0.030171478383808913
139 64 0.03121200160436897
139 70 0.08348321800842706
139 58 0.08376540059732673
139 59 0.025942621743016724
139 71 0.03325070726681743
139 65 0.006046371834278334
139 73 0.006433645055657498
139 67 0.06661287714057618
139 66 0.091445985433762
139 72 0.009565946160210401
139 57 0.07396088749664582
139 94 0.09167727008946634
139 80 0.03664191486491907
139 81 0.049019393189034484
139 95 0.015310240215581826
139 56 0.05984196327510699
139 68 0.1291900236151368
139 54 0.03433001057024244
139 83 0.050704232532401826
139 82 0.032270335517317
139 55 0.03533775467534578
139 69 0.07648249111040692
139 51 0.01233182945252759
139 79 0.042372580477578387
139 86 0.012204412548358426
139 92 0.0967601652831971
139 93 0.08025549807229093
139 87 0.05897778670338096
139 78 0.06760568664561396
139 50 0.02035506777219644
139 52 0.13115937145103448
139 46 0.10282910676302237
139 91 0.07894047017767089
139 85 0.08011424578813797
139 84 0.020228645148137277
139 90 0.08088859824939959
139 47 0.05864096633131946
139 53 0.07836827682887919
111 76 0.05378739630606555
111 62 0.10697203243140709
111 89 0.06513310182548723
111 88 0.2344080831733521
111 63 0.12605054099485602
111 77 0.11553664576122845
111 49 0.05701116476186131
111 61 0.03589411911594786
111 75 0.054615726294784304
111 74 0.05320085627838125
111 60 0.012310849760114973
111 48 0.0687638154778186
111 64 0.15577140965172176
111 70 0.276200746466675
111 58 0.5561528280785826
111 59 0.07892187746384455
111 71 0.09566448353201992
111 65 0.0025994054971707845
111 73 0.037354374770855674
111 67 0.19758565392616134
111 66 0.15708686227622215
111 72 0.030019888527136097
111 57 0.2571240815141921
111 94 0.2603802083148171
111 80 0.10542121203764208
111 81 0.2525347923595156
111 95 0.03447126323919838
111 56 0.14659672264092655
111 68 0.4489429615736385
111 54 0.19194903080312756
111 83 0.10889805217024695
111 82 0.054822382917440536
111 55 0.14946114525246457
111 69 0.369196208074587
111 51 0.03932607196599691
111 79 0.09624107314572383
111 86 0.035112901926617146
111 92 0.27481655996549814
111 93 0.2294693603137193
111 87 0.1830014236583876
111 78 0.31657889778904813
111 50 0.067963719982546
111 52 0.06288103276571314
111 46 0.19245644280501406
111 91 0.2214526223331551
111 85 0.22631800001064406
111 84 0.14241613282828663
111 90 0.2285054998567948
111 47 0.14806755599154808
111 53 0.03200065147705514
105 76 0.016244906267929266
105 62 0.04135700844267049
105 89 0.01742324459445073
105 88 0.05788787496024944
105 63 0.04262296131320886
105 77 0.03300635464804574
105 49 0.06157670119098066
105 61 0.01125778720480637
105 75 0.01479285854525874
105 74 0.012162360529377374
105 60 0.02901321833695353
105 48 0.030352827578784332
105 64 0.035810434515167064
105 70 0.04821526030832154
105 58 0.2401529745789673
105 59 0.04220781809144064
105 71 0.14987761947403572
105 65 0.016777020665687932
105 73 0.015025512854963322
105 67 0.07823626736275403
105 66 0.053209211052584714
105 72 0.008158494441947816
105 57 0.15247631908728473
105 94 0.27794140760267794
105 80 0.1651634934816831
105 81 0.03634400591879085
105 95 0.020983725931762676
105 56 0.37272500827319555
105 68 0.2782674829868572
105 54 0.03938781661662402
105 83 0.023046074307646356
105 82 0.020182338356774722
105 55 0.04062729740634802
105 69 0.06001953826484469
105 51 0.04305087225341225
105 79 0.01925917402790713
105 86 0.055011410288178464
105 92 0.09047348594823951
105 93 0.09245917793180333
105 87 0.04884754351350696
105 78 0.06434711257904853
105 50 0.07106029366881704
105 52 0.059614522686505744
105 46 0.05110477998848258
105 91 0.1758222386778636
105 85 0.22085559910226998
105 84 0.04524005307262665
105 90 0.15515241802690333
105 47 0.058833294670579614
105 53 0.03561992837592798
104 76 0.020393294395676474
104 62 0.1160800089581809
104 89 0.039038538313734626
104 88 0.13389315617835298
104 63 0.11751160711662398
104 77 0.07948127524829428
104 49 0.039219764853031296
104 61 0.013294577701691443
104 75 0.03757186774741884
104 74 0.036598534373636346
104 60 0.002204837664300841
104 48 0.06809961736858382
104 64 0.17197059144153531
104 70 0.2140809515470529
104 58 0.7543073197488029
104 59 0.01040235363022784
104 71 0.0699793575929017
104 65 0.0
104 73 0.025697243704184473
104 67 0.12235173959457933
104 66 0.102290450269349
104 72 0.017992887419681525
104 57 0.25585375191946785
104 94 0.15634002341207842
104 80 0.0771164848508277
104 81 0.1563781101480645
104 95 0.022203918511894336
104 56 0.09077766364902341
104 68 0.278000711265223
104 54 0.2119104425365805
104 83 0.07491437890999476
104 82 0.030393294485218096
104 55 0.15291441402157857
104 69 0.2286188162553993
104 51 0.028767345531234244
104 79 0.06620724683919686
104 86 0.025685376947911762
104 92 0.16500803842619816
104 93 0.13686212989681543
104 87 0.10346414666344493
104 78 0.1960363927934749
104 50 0.04971602091397403
104 52 0.04325783079662358
104 46 0.17884250907748503
104 91 0.13551514787331112
104 85 0.13662124810147042
104 84 0.10417857409801486
104 90 0.13794177479041622
104 47 0.13983482007916967
104 53 0.025353809166273517
110 76 0.022991364098233383
110 62 0.05649233169320837
110 89 0.05063721698831254
110 88 0.11615076820691957
110 63 0.045377477335857744
110 77 0.08960704939427822
110 49 0.044216293654560763
110 61 0.010348873529834423
110 75 0.04235845736698217
110 74 0.041261123039756466
110 60 0.007563960316030024
110 48 0.03548398041365779
110 64 0.05607682089467647
110 70 0.10992098509994537
110 58 0.22192520599523072
110 59 0.012716001388905605
110 71 0.03285077599316352
110 65 0.003022268573316779
110 73 0.028971027184759208
110 67 0.08652557315434088
110 66 0.07410845036781465
110 72 0.02333872588144889
110 57 0.09980826787393071
110 94 0.12144332209123669
110 80 0.03620119498598678
110 81 0.09443682757539129
110 95 0.02171358450094786
110 56 0.08540559427164061
110 68 0.1767042293141652
110 54 0.06910055860263409
110 83 0.08445833852513125
110 82 0.030402976219217906
110 55 0.09557310489531827
110 69 0.1710506208563428
110 51 0.013504405534302419
110 79 0.07464193320056726
110 86 0.01205762089621417
110 92 0.12817654699601227
110 93 0.12499808600383029
110 87 0.08237957434451817
110 78 0.1282792720481383
110 50 0.0233384518305732
110 52 0.07770611563280835
110 46 0.07022198129499956
110 91 0.10526677297496569
110 85 0.10612598025498177
110 84 0.04890509314032651
110 90 0.10715175180417116
110 47 0.06554699057540461
110 53 0.04642973135535555
138 76 0.03382613985826812
138 62 0.03481231711739401
138 89 0.04036674933550291
138 88 0.13101844400307017
138 63 0.06431827613924479
138 77 0.037776636847096264
138 49 0.030017230856021468
138 61 0.01576407937600912
138 75 0.012296476732590841
138 74 0.018705376439180247
138 60 0.015682475810458445
138 48 0.03490880251569883
138 64 0.0671134617678787
138 70 0.12585336071973108
138 58 0.10480604928898338
138 59 0.046301164575246814
138 71 0.07513503701773962
138 65 0.00894338461408099
138 73 0.008410163727405561
138 67 0.14372438611374908
138 66 0.15068350108118383
138 72 0.020639548965464834
138 57 0.08112123020388261
138 94 0.1648719201452959
138 80 0.08279798705286513
138 81 0.11785411404218112
138 95 0.02662821367837734
138 56 0.06751122853285355
138 68 0.2556616771911513
138 54 0.08270043886095547
138 83 0.026376835283829177
138 82 0.021096303955726828
138 55 0.040016208737262984
138 69 0.1265879622716347
138 51 0.018240408762814606
138 79 0.03025894876587094
138 86 0.027577728835734512
138 92 0.17401297211673722
138 93 0.14433106544820673
138 87 0.12725086427962903
138 78 0.14586647849535156
138 50 0.03248845081049407
138 52 0.0682303816448403
138 46 0.09957457433194712
138 91 0.13901472376146795
138 85 0.14407703808362143
138 84 0.01303988811312414
138 90 0.14546962947549902
138 47 0.06900094326868263
138 53 0.04076794038982678
140 76 0.03348592770402186
140 62 0.029430368830715984
140 89 0.02080070946807914
140 88 0.0581130676516331
140 63 0.017605889728799437
140 77 0.046681884681754764
140 49 0.02303501717096615
140 61 0.02234627366747322
140 75 0.02206715471013769
140 74 0.021495485015988025
140 60 0.007904586846678734
140 48 0.01848581214220619
140 64 0.019762506168012874
140 70 0.07736393918032342
140 58 0.14652365001366224
140 59 0.02896941132030771
140 71 0.04050027004182438
140 65 0.0050520920718858725
140 73 0.015092809765447647
140 67 0.06837801298869493
140 66 0.08474303966898078
140 72 0.009819428598041871
140 57 0.06853959081255903
140 94 0.08495737127315356
140 80 0.044630853562616625
140 81 0.05555697415084812
140 95 0.014188007136414542
140 56 0.04449308542035357
140 68 0.12163306420284466
140 54 0.02435231159345787
140 83 0.043999600992269024
140 82 0.029904935792464688
140 55 0.03350562973331067
140 69 0.09019832434847659
140 51 0.010303954092892682
140 79 0.038885624977565876
140 86 0.01486530797507626
140 92 0.08966769274863921
140 93 0.07437280952831184
140 87 0.06054060473529309
140 78 0.07624180660200558
140 50 0.017512349541464595
140 52 0.03854314502217874
140 46 0.03658299715364615
140 91 0.07315417253171759
140 85 0.07726810748964098
140 84 0.023401274580752765
140 90 0.07495950377375818
140 47 0.024239710115092888
140 53 0.02302969147790862
135 76 0.03465311030515179
135 62 0.08514653559465805
135 89 0.049084946843898775
135 88 0.16308232659691244
135 63 0.1200778522649424
135 77 0.1352929962813738
135 49 0.08942443250470354
135 61 0.010031665979415181
135 75 0.06384363664646109
135 74 0.062189709227430584
135 60 0.01427597188527204
135 48 0.06517236286232579
135 64 0.10088553053968688
135 70 0.1358325354654366
135 58 0.19228673618858136
135 59 0.01767609983887177
135 71 0.09054085501581675
135 65 0.008364332151430252
135 73 0.04366579540028913
135 67 0.17468354375893722
135 66 0.11573387922733326
135 72 0.017120639318422965
135 57 0.1514478260406712
135 94 0.2166082188759701
135 80 0.0997750295855309
135 81 0.09259989699506112
135 95 0.03358077329477764
135 56 0.12872526685789862
135 68 0.27419532999449453
135 54 0.11096376879998524
135 83 0.12729754131144008
135 82 0.04167182157688614
135 55 0.07577846143662299
135 69 0.15382946793496877
135 51 0.027421436643658762
135 79 0.1125020304814266
135 86 0.033232314074620295
135 92 0.22861770469042322
135 93 0.19138655500984997
135 87 0.1376138103220555
135 78 0.14448434972670404
135 50 0.04981675696712891
135 52 0.24435983561786154
135 46 0.19157840836957973
135 91 0.1834426586674877
135 85 0.1878785740603065
135 84 0.06770344845188804
135 90 0.1896945336915891
135 47 0.12147703179645616
135 53 0.14600603092024764
121 76 0.08840025546842956
121 62 0.09129944152793566
121 89 0.03792039750280866
121 88 0.2700101638382926
121 63 0.12956195457395286
121 77 0.14954686282396795
121 49 0.07902808784412395
121 61 0.03491829716443854
121 75 0.013534378463358915
121 74 0.047352705918784536
121 60 0.09482753297189761
121 48 0.07578309898364001
121 64 0.08054242444001139
121 70 0.1089720668545648
121 58 0.06560236023665256
121 59 0.009088520404075871
121 71 0.21808247546881177
121 65 0.06060752279862847
121 73 0.010523296943496763
121 67 0.16174545724111972
121 66 0.17917830965911077
121 72 0.04439625449423307
121 57 0.15932056029424832
121 94 0.28800684340399035
121 80 0.23796181406730077
121 81 0.08564191363567794
121 95 0.06638016651028393
121 56 0.13740087286775907
121 68 0.300924343865931
121 54 0.09924825322156562
121 83 0.0336708585215936
121 82 0.05521442696543866
121 55 0.22108243719468584
121 69 0.2384607423787289
121 51 0.07847408943499033
121 79 0.056078018756454115
121 86 0.0706021349081316
121 92 0.4923315123543173
121 93 0.35031715115141154
121 87 0.13750655298818584
121 78 0.2648408347966653
121 50 0.10357001990366513
121 52 0.03791048874843001
121 46 0.08662623175690587
121 91 0.25305293350418384
121 85 0.34022050918909663
121 84 0.03896832661488552
121 90 0.34350894542250915
121 47 0.21006181466760382
121 53 0.18432581050268973
109 76 0.02208645110728614
109 62 0.06740406836733345
109 89 0.04990302649223301
109 88 0.11446669480791069
109 63 0.0593567655294279
109 77 0.08608022155009803
109 49 0.05022507473182237
109 61 0.010432901415471202
109 75 0.040691278413002116
109 74 0.03963713387146622
109 60 0.005572465674446128
109 48 0.034087372769603136
109 64 0.07737448452146796
109 70 0.13173990322493076
109 58 0.35974760011290835
109 59 0.014858520450380617
109 71 0.12224777380269396
109 65 0.001676863107389385
109 73 0.02783076170296516
109 67 0.12661557859912298
109 66 0.07397166230539035
109 72 0.02300033700955018
109 57 0.20233611333270585
109 94 0.12261214312500972
109 80 0.13471570647083378
109 81 0.11925872300685623
109 95 0.02085896340882883
109 56 0.0820441307488253
109 68 0.25214685228377665
109 54 0.09534456512908102
109 83 0.08113415787196661
109 82 0.029962162574229595
109 55 0.09418738764092906
109 69 0.17435169190970992
109 51 0.050254018761712385
109 79 0.07170411469036414
109 86 0.04487009111217888
109 92 0.12941017138626734
109 93 0.1231857350842818
109 87 0.09119307949117217
109 78 0.14950334062282858
109 50 0.08684950945702855
109 52 0.12106386235462878
109 46 0.11460121508199804
109 91 0.10428127698589136
109 85 0.10657236657373066
109 84 0.18199079270646426
109 90 0.10760245271567692
109 47 0.0697245020460834
109 53 0.07233616762583261
108 76 0.0485718496565544
108 62 0.10488960488960945
108 89 0.0662620959071989
108 88 0.2574590324556459
108 63 0.1384459523993738
108 77 0.15389934121941937
108 49 0.07594110631474284
108 61 0.03241361131023306
108 75 0.07275028837480814
108 74 0.0708656260497001
108 60 0.01968446499301914
108 48 0.11896578779356205
108 64 0.19177852795937914
108 70 0.2622851146032152
108 58 0.6442635060449291
108 59 0.0637899114742282
108 71 0.08543789799865432
108 65 0.006116972149607034
108 73 0.049757491495630406
108 67 0.20954767742275413
108 66 0.17253428732327575
108 72 0.023292700670772198
108 57 0.2709005282034533
108 94 0.28598517421328085
108 80 0.0941516268987314
108 81 0.23981150595227088
108 95 0.03786105820644672
108 56 0.1466833779675575
108 68 0.42632417773300935
108 54 0.23631873559440716
108 83 0.14505647432169985
108 82 0.07910326561496887
108 55 0.1705274197117547
108 69 0.35059524995744035
108 51 0.03512209339628094
108 79 0.12819688210428593
108 86 0.031359313534985486
108 92 0.30184115101176495
108 93 0.25203465121505825
108 87 0.20099720468364105
108 78 0.3006289213544124
108 50 0.0606983612004168
108 52 0.08684540540781643
108 46 0.2113820004994911
108 91 0.2432295725847274
108 85 0.24857339611000764
108 84 0.12719177045338134
108 90 0.2509760077702478
108 47 0.23059298942772843
108 53 0.05189049548668236
120 76 0.020946833067043414
120 62 0.021633808077431954
120 89 0.02574679950383943
120 88 0.08356644180127751
120 63 0.03813511609262461
120 77 0.03543579319623597
120 49 0.02568766437445413
120 61 0.008274045564835781
120 75 0.01006454608320988
120 74 0.011930700013038729
120 60 0.022469805011268055
120 48 0.02058175909181766
120 64 0.042806440265587914
120 70 0.053998550821212576
120 58 0.051695029640384076
120 59 0.010115381268397266
120 71 0.060714596385643874
120 65 0.014361221649673725
120 73 0.010222835977912459
120 67 0.062383444767661916
120 66 0.05882655312760293
120 72 0.0105198896401922
120 57 0.04105618194300162
120 94 0.10750838392896508
120 80 0.06690681957435612
120 81 0.07516994295792633
120 95 0.015729075210082818
120 56 0.03881657266318171
120 68 0.08814117926268754
120 54 0.052748156670615005
120 83 0.013374963618630935
120 82 0.01368531563955615
120 55 0.05238646519099776
120 69 0.05672372339420956
120 51 0.029290315079482872
120 79 0.019299822252138315
120 86 0.02228481866720886
120 92 0.116660138008469
120 93 0.09205752421095238
120 87 0.06777769206821975
120 78 0.06275521180822131
120 50 0.048346950532117516
120 52 0.017448262562984856
120 46 0.06351085096540034
120 91 0.11962333163752517
120 85 0.10129732594311343
120 84 0.010225514918118852
120 90 0.09278372535955952
120 47 0.04977507974707076
120 53 0.04367681928166165
134 76 0.013180178774689267
134 62 0.05958482738643167
134 89 0.04308720916889265
134 88 0.14315513756544393
134 63 0.10540542202367824
134 77 0.10973767139209639
134 49 0.07253316327045436
134 61 0.00901009653726752
134 75 0.024282684504125476
134 74 0.04043673217951205
134 60 0.023220539997519676
134 48 0.05720888808559538
134 64 0.08855822886601557
134 70 0.11923502507098623
134 58 0.10080982964499606
134 59 0.012145271676790758
134 71 0.1400557901489637
134 65 0.012951289275916107
134 73 0.01660811928992283
134 67 0.15333879065288822
134 66 0.10159224330127406
134 72 0.013886743166219327
134 57 0.13294226801428385
134 94 0.28818182073687715
134 80 0.1543399452467796
134 81 0.08128502499010144
134 95 0.029477505753581105
134 56 0.09043087980463824
134 68 0.24069113437523956
134 54 0.0974049973336764
134 83 0.0766222915622726
134 82 0.03203512910346225
134 55 0.05492867481354222
134 69 0.13503289475554014
134 51 0.03323380898461748
134 79 0.0640318185177958
134 86 0.05140638450328743
134 92 0.20068268369598544
134 93 0.16800084461837808
134 87 0.12079864421024109
134 78 0.1268296656835384
134 50 0.06056023700241434
134 52 0.19820301182989877
134 46 0.15539140237354726
134 91 0.16102762074165897
134 85 0.16492150729294186
134 84 0.050998146489200584
134 90 0.1665155730403119
134 47 0.09702780988969063
134 53 0.11842713431424129
122 76 0.01883445471513492
122 62 0.04296206400236983
122 89 0.03271554365411038
122 88 0.10370416154285719
122 63 0.07635758729259316
122 77 0.059754143023183263
122 49 0.13285012963913018
122 61 0.020083669132173885
122 75 0.019854409213154327
122 74 0.012099700174302976
122 60 0.039746148109169786
122 48 0.05454203967244687
122 64 0.06415317695512089
122 70 0.08637600097219983
122 58 0.11412569741881941
122 59 0.009518401415253232
122 71 0.3319044670240357
122 65 0.022517475757305623
122 73 0.02016666893333932
122 67 0.22869587762453247
122 66 0.10989079955102075
122 72 0.009459013894952635
122 57 0.22402450328785997
122 94 0.2890265729919005
122 80 0.3657550838359983
122 81 0.06579566445727021
122 95 0.03752124689793139
122 56 0.059183981200816985
122 68 0.28677523847801806
122 54 0.07056193546637685
122 83 0.028374861882752796
122 82 0.036266337838896025
122 55 0.059073834623217004
122 69 0.09782026247522152
122 51 0.07236205382302185
122 79 0.032747664664635745
122 86 0.12182294378582312
122 92 0.1453781527005866
122 93 0.12409517393500927
122 87 0.1069031409980167
122 78 0.10768682640572988
122 50 0.14586194571100955
122 52 0.059307389285049306
122 46 0.09155247732235872
122 91 0.23598188712499021
122 85 0.773136337281784
122 84 0.05773443974305965
122 90 0.21254832589663836
122 47 0.10571957039766607
122 53 0.07691272799485002
136 76 0.02181311901757057
136 62 0.05359725284411088
136 89 0.02535732636192976
136 88 0.08166958811353647
136 63 0.059448665272873215
136 77 0.08501493103668886
136 49 0.0419503284747204
136 61 0.006314640216320359
136 75 0.04018770126030352
136 74 0.039146602342485105
136 60 0.0035639077092209648
136 48 0.05707873305980859
136 64 0.053165590736238395
136 70 0.0718427434985636
136 58 0.12103887428996964
136 59 0.011126587661438517
136 71 0.040091607814231975
136 65 0.0021448980415037728
136 73 0.027486340581722283
136 67 0.07489890753102571
136 66 0.05865707301198001
136 72 0.00664994790896033
136 57 0.10801842710333966
136 94 0.09684310064409689
136 80 0.04418051226816564
136 81 0.06834519145796997
136 95 0.02060082216059747
136 56 0.08102878909898116
136 68 0.12243436306121844
136 54 0.06551320063619842
136 83 0.08013007764147899
136 82 0.037953047392338485
136 55 0.04770032426323639
136 69 0.07277846940326967
136 51 0.008446282230520833
136 79 0.07081673647761648
136 86 0.014715311694442358
136 92 0.10221240680176813
136 93 0.08477773464973634
136 87 0.06123854161588772
136 78 0.05982510632696716
136 50 0.01689171277958808
136 52 0.09491352207579656
136 46 0.07441231676251363
136 91 0.08338860756704512
136 85 0.08462852308227721
136 84 0.04261733985712191
136 90 0.08544650875382669
136 47 0.11063647736984807
136 53 0.056711229175239346
137 76 0.05357329443154296
137 62 0.036433393747031105
137 89 0.03927487233236763
137 88 0.12747453649631188
137 63 0.05817234937082185
137 77 0.053773845468589654
137 49 0.03554282739531789
137 61 0.03575124181169368
137 75 0.012473993983856268
137 74 0.019814878153432698
137 60 0.01525828176532128
137 48 0.05319802214926776
137 64 0.0652981150602186
137 70 0.12377262259912401
137 58 0.15269883900556175
137 59 0.11727760017312168
137 71 0.037365830076614905
137 65 0.006577240586187921
137 73 0.00853157648490091
137 67 0.14804159015219176
137 66 0.14508520292127014
137 72 0.014216534780488463
137 57 0.1096547693489073
137 94 0.16041231264573744
137 80 0.04117673508529262
137 81 0.11466628745307395
137 95 0.02504198479035267
137 56 0.08950816567406686
137 68 0.24747866272878208
137 54 0.08046348124539504
137 83 0.037546589185376324
137 82 0.04784415544126245
137 55 0.05702050153804439
137 69 0.14125255984116364
137 51 0.013414558581608118
137 79 0.04575943531250339
137 86 0.013714836253181348
137 92 0.16930610902696203
137 93 0.14042706589919407
137 87 0.12140572098055677
137 78 0.17879329665872631
137 50 0.02214223364942548
137 52 0.09712378615606063
137 46 0.09688118956354778
137 91 0.137744828071342
137 85 0.14017990970065816
137 84 0.014979353620400582
137 90 0.1415348329983596
137 47 0.10311444312316831
137 53 0.058031871271879226
123 76 0.015476351776246781
123 62 0.05155382137517865
123 89 0.03893567794069994
123 88 0.12936187883407463
123 63 0.09524941726976492
123 77 0.058486806245285614
123 49 0.1514181348265797
123 61 0.019657710843115263
123 75 0.02365163283068742
123 74 0.02479092222489565
123 60 0.03752925080066112
123 48 0.05169670732479084
123 64 0.08002548191530029
123 70 0.10774651282745208
123 58 0.08707304966637543
123 59 0.007262135153779779
123 71 0.379009217070067
123 65 0.026824019952849863
123 73 0.024023613289553734
123 67 0.21951800851066916
123 66 0.09180364527548482
123 72 0.007965199575994815
123 57 0.2643936939535179
123 94 0.7798575563005268
123 80 0.4176640019552364
123 81 0.07345306450484304
123 95 0.03465075854332781
123 56 0.07382684446905466
123 68 0.2985175101107882
123 54 0.08801984809767686
123 83 0.0528008978960324
123 82 0.02894848595721211
123 55 0.05379742391312282
123 69 0.12202222894022872
123 51 0.08136603564253617
123 79 0.03191733065571635
123 86 0.13911237459209008
123 92 0.18134654091969954
123 93 0.151813656674456
123 87 0.10915947440937546
123 78 0.11460939595842029
123 50 0.16388389217932378
123 52 0.04524901375935511
123 46 0.11420371470280759
123 91 0.28111422954227827
123 85 0.21303753400321776
123 84 0.04404892020733288
123 90 0.2006931440985418
123 47 0.08767900335220404
123 53 0.08456725745512578
127 76 0.040818885979314906
127 62 0.06515724311923272
127 89 0.055679882463624736
127 88 0.18072031270156919
127 63 0.11227200202462374
127 77 0.06685890216470404
127 49 0.09184137567720996
127 61 0.027239800699492098
127 75 0.02833583536594527
127 74 0.027601769803352216
127 60 0.031631257451545644
127 48 0.10517086331042814
127 64 0.09796067250266757
127 70 0.12700252718658658
127 58 0.18507304425188575
127 59 0.07009992321391045
127 71 0.22884584138720077
127 65 0.018532842864805697
127 73 0.019380268020089804
127 67 0.16332796438846478
127 66 0.1272179698838554
127 72 0.011649384503543256
127 57 0.1990301925585676
127 94 0.22741611069406237
127 80 0.25218560826430153
127 81 0.1625620919629474
127 95 0.031397802144404595
127 56 0.10643409004021505
127 68 0.25637082995422633
127 54 0.1207118571100496
127 83 0.056498695289948324
127 82 0.0699306825071148
127 55 0.0808513575797283
127 69 0.14382954066612602
127 51 0.11040124118234947
127 79 0.06314578964893401
127 86 0.08399607971806378
127 92 0.24002482226341562
127 93 0.1990830793238496
127 87 0.14657565214858878
127 78 0.135091916611328
127 50 0.1822296322741251
127 52 0.12075739906432258
127 46 0.13734820579897472
127 91 0.4508850195470057
127 85 0.19873268663591986
127 84 0.09081651555281782
127 90 0.2006535578057815
127 47 0.20385410142897428
127 53 0.07215305451918302
133 76 0.017846304187309522
133 62 0.07693861301882064
133 89 0.05158798137875793
133 88 0.17769005912718058
133 63 0.12934357930988452
133 77 0.08110499832827034
133 49 0.07687353666047224
133 61 0.00596815929602493
133 75 0.03287938513985045
133 74 0.032027614791854814
133 60 0.015380954140913557
133 48 0.12418727321364911
133 64 0.11567337585100265
133 70 0.13897338817650726
133 58 0.1925193778749619
133 59 0.009103167126757473
133 71 0.10358389607662123
133 65 0.00857874909196123
133 73 0.02248782462619317
133 67 0.1629589620220369
133 66 0.12762129713739223
133 72 0.010263424282597416
133 57 0.23501772375947805
133 94 0.21313646325246943
133 80 0.11414831783755512
133 81 0.14869991868138596
133 95 0.03442474868395703
133 56 0.1256789095669591
133 68 0.2663827467980179
133 54 0.1425383029785046
133 83 0.06555805884480212
133 82 0.0825751591378913
133 55 0.09547044986986028
133 69 0.15834548490038544
133 51 0.022237482891095523
133 79 0.07456345973197145
133 86 0.03801966048243924
133 92 0.2223854561735851
133 93 0.1844525120126477
133 87 0.13323784693834922
133 78 0.13016260919242614
133 50 0.04478976049017031
133 52 0.14648802675687056
133 46 0.12260528631475681
133 91 0.18143016208827406
133 85 0.18412786959854105
133 84 0.034867182915543235
133 90 0.1859075764110788
133 47 0.2407138649718849
133 53 0.08752721293182247
132 76 0.028178133079481728
132 62 0.0916696357757054
132 89 0.06831543567567053
132 88 0.22697468182864883
132 63 0.16712192474336948
132 77 0.16882842174144225
132 49 0.11159029824052857
132 61 0.01752200093198747
132 75 0.05191437287620918
132 74 0.06221081227298667
132 60 0.026178603625900947
132 48 0.09070557572593342
132 64 0.14041043976492662
132 70 0.18904897399121257
132 58 0.16223226471844085
132 59 0.03224773832957978
132 71 0.12601292971802566
132 65 0.008046671477700605
132 73 0.035506786634036856
132 67 0.2431210210986546
132 66 0.1610760709794569
132 72 0.021364376536701535
132 57 0.21078201940413513
132 94 0.3014709354886923
132 80 0.1388648670103573
132 81 0.1967327209352026
132 95 0.04673704069099568
132 56 0.13912544817500774
132 68 0.3816195113418258
132 54 0.15443712782033142
132 83 0.1178813108622496
132 82 0.05079219201807544
132 55 0.087090262362212
132 69 0.2140967403948658
132 51 0.03816460058766868
132 79 0.09851121063948977
132 86 0.04625206220021806
132 92 0.3181854948069353
132 93 0.26636793413557003
132 87 0.19152811628864713
132 78 0.20109039399158754
132 50 0.06933395419539766
132 52 0.30492994107812155
132 46 0.2390654447293554
132 91 0.25531177996845394
132 85 0.2614855972416919
132 84 0.05505297399331889
132 90 0.2640130131065808
132 47 0.15383909130173776
132 53 0.18219692402799761
126 76 0.01264149528037988
126 62 0.04838634792144908
126 89 0.02622414071286781
126 88 0.08712842032935575
126 63 0.06415283496810414
126 77 0.06931411085850973
126 49 0.15410460509493754
126 61 0.052196921341701306
126 75 0.012097176045403286
126 74 0.011642802438717504
126 60 0.13452027897249785
126 48 0.047298321616774434
126 64 0.0538991385114217
126 70 0.07256993747511783
126 58 0.07660001242991835
126 59 0.010612130011944543
126 71 0.3850053211007136
126 65 0.013719767000357408
126 73 0.012287434076574696
126 67 0.2055699277987773
126 66 0.10425067477404332
126 72 0.007116527568523486
126 57 0.23599250948891998
126 94 0.2615510170550367
126 80 0.42427164285890545
126 81 0.07335603059605311
126 95 0.03742537283757505
126 56 0.05359018302255344
126 68 0.28649193893934566
126 54 0.05928354157732262
126 83 0.03259120149899273
126 82 0.029005083638341724
126 55 0.0637566118652105
126 69 0.08299215719238842
126 51 0.08393914073359593
126 79 0.02619091998694737
126 86 0.1413131977711482
126 92 0.2760522822673085
126 93 0.24627848752702314
126 87 0.11020575056807534
126 78 0.09865672789360766
126 50 0.16919816038744462
126 52 0.04426584499213734
126 46 0.07691902241589163
126 91 0.2266011652697237
126 85 0.2147360135509112
126 84 0.04159074645025984
126 90 0.7193668180428469
126 47 0.08455237457985373
126 53 0.08921786984037382
118 76 0.026957756005743093
118 62 0.06623819654519918
118 89 0.03133786674304924
118 88 0.07720571581129258
118 63 0.05619933762905028
118 77 0.10506575267324536
118 49 0.051844338192596616
118 61 0.0078039518364383
118 75 0.0496659943098599
118 74 0.0483793515981145
118 60 0.011292455425047584
118 48 0.05395894047314044
118 64 0.05025968153059869
118 70 0.08878689693378682
118 58 0.21838940368232668
118 59 0.013750799925125876
118 71 0.09570594645114416
118 65 0.006298383106542799
118 73 0.03396901022251651
118 67 0.07080510509466131
118 66 0.05545101198489524
118 72 0.008097129880743046
118 57 0.10211438771712132
118 94 0.09960016862088986
118 80 0.10546690371993955
118 81 0.06460960010520518
118 95 0.025459538219901212
118 56 0.10013947680804576
118 68 0.12811799709039814
118 54 0.0619323994039855
118 83 0.09902880372312865
118 82 0.03587862090196747
118 55 0.05895047387984087
118 69 0.0883801224145717
118 51 0.046171060888365985
118 79 0.08751890555169275
118 86 0.03512812056742344
118 92 0.1051223358700219
118 93 0.09005557537101139
118 87 0.0667251766989067
118 78 0.07578431502962168
118 50 0.0762105150022383
118 52 0.11275838019875911
118 46 0.08840270723783052
118 91 0.18856526854414718
118 85 0.09504368079714019
118 84 0.08077550219647224
118 90 0.0959623352440316
118 47 0.10458934136295983
118 53 0.06737360705858024
130 76 0.020499126253967045
130 62 0.050368626881475226
130 89 0.0530909296782813
130 88 0.17231734315071706
130 63 0.07863613364623083
130 77 0.07989374666638036
130 49 0.050046318034950035
130 61 0.006396894073328068
130 75 0.03776684853404447
130 74 0.03678846400581458
130 60 0.020625817885764716
130 48 0.04191806765270024
130 64 0.08826859080403279
130 70 0.1113471701191671
130 58 0.1475746724186221
130 59 0.020858320487927018
130 71 0.03609560402429739
130 65 0.002937661359882288
130 73 0.02583060063030898
130 67 0.12863715658153904
130 66 0.12130270385053153
130 72 0.009581553232069977
130 57 0.09093961736375683
130 94 0.21684192218714513
130 80 0.03977695990172323
130 81 0.15500342692708502
130 95 0.029150583682241063
130 56 0.08004132433258603
130 68 0.18175063464871866
130 54 0.10876880740229386
130 83 0.0753031502276103
130 82 0.020213277054766658
130 55 0.05510704528222344
130 69 0.1169665848900239
130 51 0.01093200764112462
130 79 0.06655083212901547
130 86 0.013248609696020973
130 92 0.2288643652966396
130 93 0.18982629446862032
130 87 0.13976031012372855
130 78 0.11994164735430546
130 50 0.01986027117753657
130 52 0.13675580270141913
130 46 0.1309619132237797
130 91 0.1828341653702259
130 85 0.18949219402279388
130 84 0.040050128990524486
130 90 0.1913237502633586
130 47 0.09075103363824198
130 53 0.0817121680707465
124 76 0.029274133422045358
124 62 0.03851906906456426
124 89 0.02622414071286781
124 88 0.08712842032935575
124 63 0.06415283496810414
124 77 0.058305788636533844
124 49 0.10831057431939706
124 61 0.01959686991096668
124 75 0.012097176045403286
124 74 0.020153713375698625
124 60 0.023900716989451867
124 48 0.04362162039996126
124 64 0.0538991385114217
124 70 0.07256993747511783
124 58 0.07660001242991835
124 59 0.010612130011944543
124 71 0.2698829838783001
124 65 0.013719767000357408
124 73 0.012287434076574696
124 67 0.17776517241690382
124 66 0.08769380048745376
124 72 0.00634879434093746
124 57 0.18249919375314572
124 94 0.17211337386739542
124 80 0.29740808938003443
124 81 0.07335603059605311
124 95 0.028419592796307656
124 56 0.05356248438823013
124 68 0.2233261632861648
124 54 0.05928354157732262
124 83 0.023839514790216065
124 82 0.029005083638341724
124 55 0.05363092001833142
124 69 0.082184984853735
124 51 0.13019863596187153
124 79 0.02619091998694737
124 86 0.09905844253483773
124 92 0.12214137414309394
124 93 0.10225024721103826
124 87 0.11801225643242946
124 78 0.07903326186495169
124 50 0.21490745303067985
124 52 0.04426584499213734
124 46 0.07691902241589163
124 91 0.531738718622734
124 85 0.14108769212770095
124 84 0.03875077131597422
124 90 0.12781257116750197
124 47 0.08455237457985373
124 53 0.07504847421520366
125 76 0.013513630515664845
125 62 0.038998932560636496
125 89 0.0280333410189629
125 88 0.10739146383573657
125 63 0.06857873131803527
125 77 0.049044354892484904
125 49 0.11796048278855142
125 61 0.01648405527428339
125 75 0.046217464449735145
125 74 0.017656189693718488
125 60 0.0255496245729896
125 48 0.04663107073216025
125 64 0.057617633579032324
125 70 0.07757652871220883
125 58 0.0818846380522592
125 59 0.011344259582028431
125 71 0.22701411215414802
125 65 0.05241660047086874
125 73 0.04694434845629489
125 67 0.20896635525949003
125 66 0.10019748280550667
125 72 0.006786796897083093
125 57 0.15914949543886306
125 94 0.18398745477984096
125 80 0.2501670627315848
125 81 0.07841685430278297
125 95 0.06555964854981071
125 56 0.3204231310181297
125 68 0.2666336694665114
125 54 0.0633735059632849
125 83 0.061419253332429244
125 82 0.031006140861583813
125 55 0.04873063461170959
125 69 0.0878549170502488
125 51 0.05849541190840051
125 79 0.027997828399166418
125 86 0.08332375780148986
125 92 0.130567892819381
125 93 0.28887106275240293
125 87 0.08423968670170308
125 78 0.08251774338623437
125 50 0.120572988579752
125 52 0.04731974030128034
125 46 0.0822256564987038
125 91 0.1537019210095187
125 85 0.15082131499750326
125 84 0.041424182357117666
125 90 0.1366303450427611
125 47 0.0903856327081506
125 53 0.06820519887911056
131 76 0.02203846821715948
131 62 0.0909263091213407
131 89 0.05744103833575158
131 88 0.2231851249299764
131 63 0.12001551038077092
131 77 0.05371904721162913
131 49 0.03762380548135114
131 61 0.014707003083370057
131 75 0.025393716080266252
131 74 0.025643479250365878
131 60 0.021499339740498703
131 48 0.0648964663209806
131 64 0.1483134073406829
131 70 0.2242253097374917
131 58 0.38108834807685066
131 59 0.02174168903603317
131 71 0.044582979760445215
131 65 0.004814304351039065
131 73 0.017368008294298853
131 67 0.18165190833784703
131 66 0.1495658789037965
131 72 0.01216086135699166
131 57 0.23483723858513417
131 94 0.24791376020535671
131 80 0.04912995491187343
131 81 0.1767849935171201
131 95 0.03282085279817347
131 56 0.11696877582303827
131 68 0.3559636908861154
131 54 0.18275892127961416
131 83 0.05063241681671743
131 82 0.052197604343444955
131 55 0.14230526491989498
131 69 0.2500065969867181
131 51 0.015522545753516161
131 79 0.057126565753783325
131 86 0.016363834707798293
131 92 0.2616589301801803
131 93 0.21848285756999578
131 87 0.17423970644969589
131 78 0.20150526972522936
131 50 0.02682622240839119
131 52 0.03672902792401768
131 46 0.1832420394788627
131 91 0.21084994387733982
131 85 0.21548237766580627
131 84 0.05621362183788279
131 90 0.21756514469260035
131 47 0.14097839773558932
131 53 0.021945748871476076
119 76 0.06429859960214794
119 62 0.15798879094835624
119 89 0.07474587074931305
119 88 0.1559527082443304
119 63 0.043171326779520354
119 77 0.25059877986862467
119 49 0.123657115316792
119 61 0.018613684845975056
119 75 0.11846141352759125
119 74 0.11539256296985513
119 60 0.0024675714370583947
119 48 0.09923596699873731
119 64 0.063178427916672
119 70 0.21177108119260793
119 58 0.3567866708101914
119 59 0.03279787747936265
119 71 0.038970105549969374
119 65 0.0
119 73 0.08102157266775264
119 67 0.15696081157073288
119 66 0.1061783228128826
119 72 0.017163370231448496
119 57 0.19144538778835932
119 94 0.23756247964766328
119 80 0.0429446290685041
119 81 0.11279413878745857
119 95 0.060725108340184554
119 56 0.23884881672930722
119 68 0.30558210390322094
119 54 0.07785150069184345
119 83 0.23619968213662254
119 82 0.042429342742020766
119 55 0.14060639600526292
119 69 0.1879160001103289
119 51 0.01781029674337592
119 79 0.20874671706679304
119 86 0.02899458473106158
119 92 0.250733739926612
119 93 0.21479708405581371
119 87 0.15915031722342013
119 78 0.17530109039112635
119 50 0.045707804944278105
119 52 0.13638884861286776
119 46 0.19638569678880588
119 91 0.22975786583594707
119 85 0.22669452067849213
119 84 0.12562326686864314
119 90 0.22888565982378373
119 47 0.05674118987997033
119 53 0.06647036467115634
