114 76 0.8813088618829612
114 62 1.2469534666713358
114 89 1.0152035101759498
114 88 1.7343654025277433
114 63 1.1542775880879539
114 77 0.9232498012600993
114 49 0.9673969621706647
114 61 0.8122698587293093
114 75 0.8223321788588005
114 74 0.9715541345777979
114 60 0.8114448020057106
114 48 1.0189283370247508
114 64 1.1304146769931378
114 70 1.6962211314538551
114 58 2.4701101313718
114 59 0.8406570473561993
114 71 1.103224287645773
114 65 0.7743899117472077
114 73 0.8030895681075239
114 67 1.6382998803803148
114 66 1.4512534166011666
114 72 0.8494522386077945
114 57 1.9297876331930084
114 94 1.854775966789457
114 80 1.1331073884499538
114 81 1.652574267169104
114 95 0.9901339329560065
114 56 1.3628503140736408
114 68 2.3511025030671946
114 54 1.2020312522581993
114 83 0.9606605502317198
114 82 0.9878933435109906
114 55 1.3499581474316986
114 69 1.7850419371119985
114 51 0.8599097336241902
114 79 1.038335387045083
114 86 0.8687501102297016
114 92 1.8416363180667128
114 93 1.7664335125363608
114 87 1.812385863878655
114 78 1.6352609768204223
114 50 0.9775297202331429
114 52 0.8084133923318964
114 46 1.420611183232402
114 91 1.8180608949665373
114 85 1.7010298320785164
114 84 0.9328650379207788
114 90 1.7257391732125236
114 47 1.2746491393615151
114 53 0.896680159021635
100 76 0.8229186430007472
100 62 1.0885280599142442
100 89 0.8854308786656241
100 88 1.426943723649291
100 63 0.9643145753520695
100 77 0.935914310066277
100 49 0.9877756865677751
100 61 0.7862240438926615
100 75 0.768176509466194
100 74 0.8662662375216242
100 60 0.7846951571929096
100 48 0.925566983603944
100 64 0.9461584764558871
100 70 1.3774528403223867
100 58 1.9724792034995602
100 59 0.7488604183912279
100 71 1.2639695158412623
100 65 0.7364755942857797
100 73 0.744213507413782
100 67 1.4933729954224515
100 66 1.2803207216043109
100 72 0.7882596852800932
100 57 1.791490425769353
100 94 1.6337004432731537
100 80 1.312048176088661
100 81 1.3235640723665967
100 95 0.8845842932334519
100 56 1.21805826503956
100 68 2.059843816482352
100 54 0.9884877447261897
100 83 0.8954567216133869
100 82 0.8930406400158475
100 55 1.1735038365101085
100 69 1.4611842886834503
100 51 0.8781155702967488
100 79 0.9107905238201686
100 86 0.9247265943872165
100 92 1.551777118308162
100 93 1.5288550721028935
100 87 1.5013790840100607
100 78 1.3625711373948897
100 50 1.0262957934230583
100 52 0.8221422432008595
100 46 1.1914788397887717
100 91 1.6028536846207995
100 85 1.5057273993103442
100 84 0.8922514815293443
100 90 1.5252307724890928
100 47 1.0982495772922491
100 53 0.9377180925932183
128 76 0.707579122677505
128 62 0.9217556692540504
128 89 0.7891629269633156
128 88 1.3657751675547696
128 63 0.8827746758949574
128 77 0.7898020692907292
128 49 0.8063122591176252
128 61 0.6430738053960082
128 75 0.6355378663123915
128 74 0.7375116273814073
128 60 0.6420122291816573
128 48 0.8030911361959809
128 64 0.8311660543891557
128 70 1.2505167364641363
128 58 1.4742508161836827
128 59 0.664738761749046
128 71 0.9531485572287093
128 65 0.5883346461321133
128 73 0.6239279134942519
128 67 1.3460480267547164
128 66 1.1861512849341518
128 72 0.655064776491509
128 57 1.485840036279653
128 94 1.5465133384723257
128 80 0.9871989906826154
128 81 1.2058373176785162
128 95 0.7702045282660337
128 56 1.1009651817295067
128 68 1.8599561453942788
128 54 0.8780042688752457
128 83 0.7666940598217721
128 82 0.7859169436566728
128 55 0.9857081457076589
128 69 1.3160429337401525
128 51 0.6893966780717693
128 79 0.827347718597824
128 86 0.7223408636546611
128 92 1.497829246966907
128 93 1.4386215205421131
128 87 1.428140432858543
128 78 1.2740284643782023
128 50 0.811019345517816
128 52 0.6534627332010592
128 46 1.083722752332158
128 91 1.4854531631563315
128 85 1.4035168890806113
128 84 0.7203041599665778
128 90 1.4232008459533045
128 47 0.9966652196901588
128 53 0.748676678027124
129 76 0.9964352050474014
129 62 1.4489265193458467
129 89 1.166977682348199
129 88 2.027056660370385
129 63 1.40098074572012
129 77 1.0751699530228296
129 49 1.1689945569656321
129 61 0.9415798254353758
129 75 0.9248147536251529
129 74 1.0857151060204606
129 60 0.9391980912310308
129 48 1.2170558746577411
129 64 1.3226432354905684
129 70 1.9066476910087886
129 58 2.7041275765252752
129 59 0.9700617402571976
129 71 1.3353383711043716
129 65 0.9192060927558757
129 73 0.9225531506805414
129 67 1.93978253511118
129 66 1.710668588409233
129 72 0.9681257310072761
129 57 2.349552725888896
129 94 2.2461138292154748
129 80 1.3768974279767756
129 81 1.9049841344709373
129 95 1.0943491214665577
129 56 1.65213031525401
129 68 2.755567208725924
129 54 1.4072637322761925
129 83 1.1201194815932822
129 82 1.2042458308187267
129 55 1.5356025935889663
129 69 2.0168475089846933
129 51 0.980234093796405
129 79 1.2071572769782086
129 86 1.045423437525723
129 92 2.177415938271831
129 93 2.0788690230851716
129 87 2.0763755856278587
129 78 1.8714022495306248
129 50 1.1572933248712607
129 52 0.9287332323477198
129 46 1.6726883157482597
129 91 2.108735883257038
129 85 2.008179007807756
129 84 1.059589630044027
129 90 2.037309155594821
129 47 1.5482005491364248
129 53 1.0432656731358851
101 76 0.6781953342821301
101 62 0.8594871726622407
101 89 0.713070232518162
101 88 1.147430571306837
101 63 0.7716818704948563
101 77 0.7292028353824286
101 49 0.7698769054171177
101 61 0.6287482001733371
101 75 0.6067554365651753
101 74 0.6791558035473966
101 60 0.6234737971217361
101 48 0.7322925812510049
101 64 0.7572281755939939
101 70 1.0933192687423716
101 58 1.4783804376161385
101 59 0.6215434769633643
101 71 0.9494967935027432
101 65 0.5933561830010873
101 73 0.5940386209724455
101 67 1.1800666156092599
101 66 1.04250702089543
101 72 0.6277056352257169
101 57 1.3820931045164382
101 94 1.2914959099807777
101 80 0.9842317247843201
101 81 1.0529893813778264
101 95 0.7157279032944641
101 56 0.9931455569099509
101 68 1.6345181033969087
101 54 0.7893944926879247
101 83 0.7025481769688621
101 82 0.7112775920037031
101 55 0.913668995000918
101 69 1.156408175192734
101 51 0.6870561599356695
101 79 0.7292819540412941
101 86 0.7183658498807479
101 92 1.244923011297213
101 93 1.2155846943082846
101 87 1.1885861311902812
101 78 1.0942237135550936
101 50 0.7942837878377937
101 52 0.6581911177713011
101 46 0.9382998618337403
101 91 1.269273266849266
101 85 1.1818386486143282
101 84 0.684646796962876
101 90 1.198720922476008
101 47 0.8797034644325481
101 53 0.7380534519187593
115 76 0.6653006658892711
115 62 0.8195725420689961
115 89 0.7109083248973487
115 88 1.110345774110166
115 63 0.6759800285130773
115 77 0.956333092156917
115 49 0.7870981628967079
115 61 0.6145684770052958
115 75 0.5950075340523463
115 74 0.6130743550857847
115 60 0.5991774501115241
115 48 0.7319831639865292
115 64 0.7306236800056314
115 70 1.0252089879182684
115 58 1.1487871889641559
115 59 0.5842088356495576
115 71 0.85593527425882
115 65 0.5413663453598192
115 73 0.5914150210444327
115 67 1.1580156645259425
115 66 1.0661285078144835
115 72 0.6396326443675024
115 57 1.2029861207062325
115 94 1.3183361583205881
115 80 0.8890471387250687
115 81 0.9244125833101945
115 95 0.6935050031668241
115 56 1.0952233119310812
115 68 1.555998565594561
115 54 0.7514485825234639
115 83 0.7763635264902797
115 82 0.6714082723192725
115 55 0.8765229562117398
115 69 1.023996946073685
115 51 0.6677451693679317
115 79 0.865628658757907
115 86 0.6836217169217286
115 92 1.266220739938251
115 93 1.2296167359407593
115 87 1.1627704685341207
115 78 1.0260086661085541
115 50 0.7401246985856134
115 52 1.032474064123359
115 46 1.1140888144363457
115 91 1.2845711339681518
115 85 1.2324505412965365
115 84 0.6768038833728501
115 90 1.246633507353305
115 47 0.9344138452826035
115 53 0.8833052641074266
103 76 1.2541858511329416
103 62 1.6664741206981863
103 89 1.3082522374706207
103 88 1.97098219518098
103 63 1.3561176358216949
103 77 1.2902711132859332
103 49 1.3118432542225902
103 61 1.1436651451304911
103 75 1.1142146520926495
103 74 1.2351259536037473
103 60 1.1294896008439947
103 48 1.300187738768334
103 64 1.3828028072798975
103 70 2.1137088609244574
103 58 3.5923777065215057
103 59 1.1345347692443537
103 71 1.5006361990837935
103 65 1.1212045494581127
103 73 1.1011599138357833
103 67 2.036225951702118
103 66 1.831496929550317
103 72 1.1511127639591348
103 57 2.659072822982642
103 94 2.1854446664636415
103 80 1.5483323826285316
103 81 1.994901589363483
103 95 1.2526693837230023
103 56 1.7905988701943572
103 68 2.957705875837583
103 54 1.4421293127672596
103 83 1.249604357386452
103 82 1.2996391377650527
103 55 1.7488271611293078
103 69 2.198546155625477
103 51 1.2193420515380544
103 79 1.323883478201811
103 86 1.2518583504758414
103 92 2.1444172252340015
103 93 2.082611209089131
103 87 2.058063049120512
103 78 1.9898870853031037
103 50 1.353935439085908
103 52 1.206142377506959
103 46 1.653814535947792
103 91 2.1780198246944265
103 85 2.001737156658415
103 84 1.1921206523576453
103 90 2.0573683589429455
103 47 1.5342008312543014
103 53 1.28909472901213
117 76 0.9211508566503381
117 62 1.2338011523728727
117 89 0.9753129974314101
117 88 1.513656361187385
117 63 0.9452644517797824
117 77 1.2009078611973723
117 49 1.0228643205029642
117 61 0.8466056189713961
117 75 0.8622100722841243
117 74 0.9065553721635942
117 60 0.8132445535987437
117 48 1.0050677693418808
117 64 1.0137918147433234
117 70 1.5918147221514798
117 58 2.519175554496544
117 59 0.8291719118461617
117 71 1.0689168448105206
117 65 0.7510932675395019
117 73 0.8458946864045205
117 67 1.518937937301414
117 66 1.3837342610458871
117 72 0.8993729818141957
117 57 1.8350364757252837
117 94 1.7004578711888607
117 80 1.0972957696311085
117 81 1.4455630862051636
117 95 0.9835052751801607
117 56 1.4142664364375073
117 68 2.1830456358721735
117 54 1.0540298048764027
117 83 1.0666309078772787
117 82 0.9428269891765724
117 55 1.2891732565139062
117 69 1.6290195091280197
117 51 0.8811107143491193
117 79 1.1632581170397458
117 86 0.8909180554008035
117 92 1.6743634165505614
117 93 1.6061062648442959
117 87 1.609297561760593
117 78 1.501438061276507
117 50 0.9700033394833583
117 52 1.2135718453374067
117 46 1.4779753810623966
117 91 1.6715934881506618
117 85 1.6169967576590198
117 84 0.9970722551087863
117 90 1.6276990474369042
117 47 1.1845858431331004
117 53 1.0575589095307645
116 76 1.283816156685792
116 62 1.6664654943819062
116 89 1.3572098401252881
116 88 2.1912512695447544
116 63 1.385596772372512
116 77 1.3696513491213254
116 49 1.3230190705697815
116 61 1.1403289714394669
116 75 1.1350109538675806
116 74 1.2475703842765469
116 60 1.1067384661083968
116 48 1.3413002749026741
116 64 1.4077947615944073
116 70 2.2492877318273203
116 58 3.386146383004734
116 59 1.1773427058869301
116 71 1.4046691897405224
116 65 1.0602794153520627
116 73 1.1206976885560271
116 67 2.1486162735922614
116 66 1.9749981791703468
116 72 1.178289666127966
116 57 2.581339672955906
116 94 2.39479497107193
116 80 1.4405341168302395
116 81 2.0999848088792894
116 95 1.3272285618888806
116 56 1.9153949915705093
116 68 3.12358605270871
116 54 1.4775982792349893
116 83 1.3450979850860318
116 82 1.3136455339970117
116 55 1.7571568418004864
116 69 2.3378797660117825
116 51 1.1624007516742447
116 79 1.464766138944109
116 86 1.1915567737687927
116 92 2.3915762896939574
116 93 2.281503079510167
116 87 2.2954948443327092
116 78 2.162549918554661
116 50 1.3110557444204702
116 52 1.2949188457328478
116 46 1.8573610350285485
116 91 2.355788767254071
116 85 2.229086671745922
116 84 1.2682311277539111
116 90 2.262779966856937
116 47 1.5969362532120424
116 53 1.2734898443469338
102 76 0.904243513022394
102 62 1.2709901943347133
102 89 0.9692131283227164
102 88 1.3962795406584316
102 63 1.0546000918338596
102 77 0.9662652228174058
102 49 1.0295122128901666
102 61 0.8652609611153658
102 75 0.8664425836610339
102 74 0.9654270362478138
102 60 0.8593874157864064
102 48 1.0060388529872888
102 64 1.0564930714687144
102 70 1.5417449886232357
102 58 2.7607806258693923
102 59 0.8661693240081461
102 71 1.231293757638276
102 65 0.8521111417747594
102 73 0.8535040403498665
102 67 1.474350890903375
102 66 1.2577045415429113
102 72 0.8897872401408036
102 57 1.9869621200279355
102 94 1.5280451345747654
102 80 1.2693382769523909
102 81 1.452388102786302
102 95 0.9689229436764811
102 56 1.2914052387512815
102 68 2.119122275501987
102 54 1.0974502454973658
102 83 0.961784082943421
102 82 0.9855167037506735
102 55 1.2601238267400188
102 69 1.6023882721907565
102 51 0.9392719302224597
102 79 0.9895773160038379
102 86 0.9764755016292863
102 92 1.4761645216708454
102 93 1.4401022022915797
102 87 1.4517434154515891
102 78 1.4097317752024272
102 50 1.0416102105698302
102 52 0.8962274478533766
102 46 1.2353888539959716
102 91 1.486252074259128
102 85 1.421489102224688
102 84 0.938152950271669
102 90 1.4222558078801937
102 47 1.1486970946517294
102 53 0.9583907025777115
106 76 0.7276161115506777
106 62 0.9901618087563662
106 89 0.7797521045210972
106 88 1.239614537815713
106 63 0.8491024627089887
106 77 0.7456332809771093
106 49 0.7924296893502051
106 61 0.670798726675191
106 75 0.662723987110569
106 74 0.74320918636296
106 60 0.661182808150711
106 48 0.7914008884209289
106 64 0.8409646673743891
106 70 1.2803677565310652
106 58 2.0623954192464056
106 59 0.6717370578877437
106 71 0.9271607332847993
106 65 0.6388494893491459
106 73 0.6498618583024471
106 67 1.2397472351948895
106 66 1.093376929191689
106 72 0.6877174685463388
106 57 1.5775456659631186
106 94 1.3463675082204098
106 80 0.9551503984619901
106 81 1.2192350327330819
106 95 0.7678081214034627
106 56 1.0539270712399273
106 68 1.7930765612430282
106 54 0.8836213420898791
106 83 0.7529537434211343
106 82 0.786984974379481
106 55 1.039912588864904
106 69 1.3458869367568822
106 51 0.7158560430681566
106 79 0.7821683801398548
106 86 0.7411639160881834
106 92 1.317795189637253
106 93 1.2752497997049248
106 87 1.2922457945053754
106 78 1.2194846430492072
106 50 0.8141462768262931
106 52 0.6663237865643359
106 46 1.023464879265694
106 91 1.327984568265247
106 85 1.2258377665670916
106 84 0.7483095617552994
106 90 1.2492582056021213
106 47 0.9405263222511122
106 53 0.7445492846456863
112 76 1.1382326456700405
112 62 1.5643138051066687
112 89 1.209485371958155
112 88 1.9028362362941627
112 63 1.2927702164459318
112 77 1.1602842477349915
112 49 1.2205531364031244
112 61 1.0515889393792848
112 75 1.0532665484025792
112 74 1.1724901351116783
112 60 1.0248487691568455
112 48 1.2292347737823954
112 64 1.3048686619007068
112 70 2.033352541295624
112 58 3.4025789149851247
112 59 1.0768730079434055
112 71 1.398218350415543
112 65 0.9940636058225223
112 73 1.0298640921358637
112 67 1.8731021739603484
112 66 1.6577037352087514
112 72 1.100926160733676
112 57 2.3966876100649617
112 94 2.010610154998776
112 80 1.4312106993420026
112 81 1.9077633548652617
112 95 1.2325696191703617
112 56 1.6479783070659129
112 68 2.7559961616352755
112 54 1.3688375344409986
112 83 1.1975514610292632
112 82 1.1981171388040446
112 55 1.6164940028291153
112 69 2.1499339828737494
112 51 1.0956991098018123
112 79 1.2530016122154854
112 86 1.1145849482678782
112 92 2.005654224898276
112 93 1.931391299613137
112 87 1.9786626991828618
112 78 1.9106018746259874
112 50 1.2329250991748748
112 52 1.090386533177478
112 46 1.6217798720502203
112 91 1.9899419171066273
112 85 1.8762222559607458
112 84 1.2082287257451825
112 90 1.886186132359099
112 47 1.4313652345769072
112 53 1.1321458678934353
113 76 1.1079373861258253
113 62 1.5032815405242146
113 89 1.2410345391140891
113 88 2.0957812496276267
113 63 1.3695627244089421
113 77 1.2381130774090714
113 49 1.2335982905250955
113 61 1.0199370932469212
113 75 1.0162925567696095
113 74 1.1646992697902512
113 60 1.0092480764543914
113 48 1.2594440123631583
113 64 1.3460996145357351
113 70 2.0131823044163
113 58 2.788025867527566
113 59 1.0469917242782338
113 71 1.3847837860302408
113 65 0.9571271657042083
113 73 1.0006268657567257
113 67 2.0256392759566735
113 66 1.8146442761518637
113 72 1.0496118392500622
113 57 2.347512084464416
113 94 2.311759451936307
113 80 1.4262648932491244
113 81 1.9464535921192183
113 95 1.2120955424035043
113 56 1.7393826629587834
113 68 2.869049742739654
113 54 1.4212433759544327
113 83 1.2215672440482652
113 82 1.2152809265062583
113 55 1.6054422989668578
113 69 2.108830975510939
113 51 1.0655223621373326
113 79 1.3296527637649829
113 86 1.099857588857211
113 92 2.2727097723426697
113 93 2.177190552290016
113 87 2.182035706591119
113 78 1.9739597255956065
113 50 1.221746017993121
113 52 1.1139493785154653
113 46 1.7590076222148268
113 91 2.237231186608493
113 85 2.126260585864475
113 84 1.1514804119086612
113 90 2.1517760196036733
113 47 1.5570349710922908
113 53 1.1625374893396163
107 76 0.7172924205432242
107 62 0.8431951711822474
107 89 0.7427617850941162
107 88 1.1389857328550606
107 63 0.6797675545632226
107 77 0.714369658021835
107 49 0.7727942801259807
107 61 0.6406490630126591
107 75 0.6194519586077155
107 74 0.6206794036438636
107 60 0.6533677196164248
107 48 0.7142226326902322
107 64 0.7127801651480224
107 70 0.938304865246787
107 58 1.113524742837066
107 59 0.602518866643629
107 71 0.9130834836214036
107 65 0.6604425178519034
107 73 0.6274117136373485
107 67 1.1936644308695081
107 66 1.0286691204603746
107 72 0.601250970596198
107 57 1.308698169456183
107 94 1.1659451163920762
107 80 0.9543124166657238
107 81 0.9020776433829769
107 95 0.7005414887917607
107 56 1.4837253116899145
107 68 1.77887772047869
107 54 0.7327959921537618
107 83 0.7395177683695018
107 82 0.6368373354279059
107 55 0.923873119770488
107 69 1.0160811093254707
107 51 0.6977692478040313
107 79 0.7531076487118574
107 86 0.7585238155638688
107 92 1.1457610199200632
107 93 1.2004732611409934
107 87 1.1006860533690346
107 78 0.9808108570891433
107 50 0.7994954449674402
107 52 0.7001208899274775
107 46 0.8643166898938791
107 91 1.2186367912028508
107 85 1.059621892735522
107 84 0.6342162384276901
107 90 1.0902462793604935
107 47 0.7993863881522534
107 53 0.7499570394554397
139 76 0.7256292048663526
139 62 0.8616297462368062
139 89 0.7454645011146203
139 88 1.2077438048895304
139 63 0.7826286520887777
139 77 0.790443462553476
139 49 0.779747832454927
139 61 0.6383026349883881
139 75 0.6161667428021849
139 74 0.6821200886463654
139 60 0.6273516356922821
139 48 0.7503235873878534
139 64 0.7649508303284835
139 70 1.1447800440469202
139 58 1.3668855129030713
139 59 0.6588868310877303
139 71 0.8998049143840448
139 65 0.5884914711402247
139 73 0.6110356978491605
139 67 1.2333951755928705
139 66 1.1263558604233292
139 72 0.6545367594306702
139 57 1.3826405425100405
139 94 1.3874799877263593
139 80 0.9330719003054448
139 81 1.071437614692439
139 95 0.7384652876460028
139 56 1.026254142345917
139 68 1.6899025284840317
139 54 0.7959116549735916
139 83 0.7272088277272568
139 82 0.7585980845495119
139 55 0.8950752536894909
139 69 1.171546131401208
139 51 0.6855157944948701
139 79 0.7905623051053323
139 86 0.7189397879821771
139 92 1.340576077640642
139 93 1.2862701590289167
139 87 1.2605464880869284
139 78 1.1485759990426538
139 50 0.7835103206857981
139 52 0.735317304781889
139 46 0.9856730502050167
139 91 1.3493481676073904
139 85 1.2456732551785656
139 84 0.6673637086302403
139 90 1.2730822862119848
139 47 0.929481983468414
139 53 0.773055965915127
111 76 1.3621620820693994
111 62 1.8022323287948085
111 89 1.4427852274307436
111 88 2.3960082205480093
111 63 1.5337437764951323
111 77 1.303786343917481
111 49 1.3913224450879198
111 61 1.2223055926355408
111 75 1.1894260320622652
111 74 1.3471834296608174
111 60 1.1801362583162998
111 48 1.4257211382023895
111 64 1.5269028868518444
111 70 2.46339962034495
111 58 3.7633187281960097
111 59 1.2923449629388437
111 71 1.5322601723658822
111 65 1.1422974858684989
111 73 1.1696224102521988
111 67 2.289088485055358
111 66 2.1056682450627893
111 72 1.2582750541160976
111 57 2.7902868043018096
111 94 2.5331882120353546
111 80 1.5633495999131524
111 81 2.3378456443726328
111 95 1.4348477173390428
111 56 2.014348531004224
111 68 3.3786707609862496
111 54 1.6117294018985162
111 83 1.3839576981045223
111 82 1.398701362206238
111 55 1.9234805931410839
111 69 2.62577709407
111 51 1.22794899843697
111 79 1.4955791429418803
111 86 1.2511799741933296
111 92 2.567164613395091
111 93 2.44170995350877
111 87 2.4721962970319096
111 78 2.387169007778232
111 50 1.4108390836658242
111 52 1.247843023882865
111 46 1.9540458420273104
111 91 2.4982296424438046
111 85 2.366502942403653
111 84 1.3900801549037614
111 90 2.3875176861832976
111 47 1.713057876936566
111 53 1.2778747814483797
105 76 0.9632753314931926
105 62 1.1835606586187704
105 89 1.0000305595969827
105 88 1.5164499541873742
105 63 1.067452847949151
105 77 1.0383303960513435
105 49 1.159187366368834
105 61 0.9118496751997762
105 75 0.8849088457914156
105 74 0.9716552663249903
105 60 0.9176243828195731
105 48 1.0447824899476803
105 64 1.0184649629127347
105 70 1.4057173834224634
105 58 1.7545125229172212
105 59 0.8965103198161309
105 71 1.513977773346983
105 65 0.8664106125221556
105 73 0.8701486361571699
105 67 1.671431275307147
105 66 1.3918897746542391
105 72 0.8914128535964447
105 57 1.9308069222352564
105 94 1.7290112949954932
105 80 1.576959342222018
105 81 1.334937988648689
105 95 1.0120163154567954
105 56 1.5132974074252048
105 68 2.2852114182673495
105 54 1.0477079190912502
105 83 1.019619874573813
105 82 0.9920087582223552
105 55 1.1969457289513246
105 69 1.4914197789740253
105 51 1.0193847706131836
105 79 1.0212740857281324
105 86 1.105880324370798
105 92 1.6249247958079458
105 93 1.6256718262653438
105 87 1.550510939769525
105 78 1.4252929896087492
105 50 1.1952899894331426
105 52 0.9021696472697087
105 46 1.216299752846899
105 91 1.6726141151165608
105 85 1.6075884653382662
105 84 0.9774779725172291
105 90 1.5971496939242853
105 47 1.1744209344701586
105 53 1.0551727227166003
104 76 0.9973818110027476
104 62 1.4468865565342723
104 89 1.0847353632213994
104 88 1.65258970543095
104 63 1.1658905296880824
104 77 1.019935911382253
104 49 1.063426459951588
104 61 0.9316875671450673
104 75 0.9288699876052082
104 74 1.0405515358868105
104 60 0.9186856515961723
104 48 1.091696839412608
104 64 1.1928566950017896
104 70 1.8435759315218372
104 58 3.468484852350828
104 59 0.9166532934712396
104 71 1.196235836222674
104 65 0.9226344780538085
104 73 0.913966901972496
104 67 1.6543734899383389
104 66 1.465004632644016
104 72 0.9594185918335281
104 57 2.3011085799885227
104 94 1.7736845158100825
104 80 1.2278607547173388
104 81 1.7528512672557766
104 95 1.03677128275433
104 56 1.4370970662440914
104 68 2.467474398290751
104 54 1.2554245930857877
104 83 1.0355337953615344
104 82 1.0940831659921155
104 55 1.519078754344985
104 69 1.9248947618900927
104 51 0.9885436831742248
104 79 1.0806636900271647
104 86 1.0109582486029414
104 92 1.7492763529098105
104 93 1.6934066262576093
104 87 1.73327846953763
104 78 1.6764649898506148
104 50 1.0943016767798617
104 52 0.9427499577131194
104 46 1.4211645346920334
104 91 1.7667069658856387
104 85 1.6181163633021716
104 84 1.0253457681405667
104 90 1.6637278532842423
104 47 1.2878190790065607
104 53 1.0150404878933132
110 76 0.8029598066538006
110 62 1.0759400441656908
110 89 0.8876429422032541
110 88 1.469591279896115
110 63 0.9743388225057734
110 77 0.8696443002990913
110 49 0.8819530364827536
110 61 0.7284729090597175
110 75 0.7366290739244359
110 74 0.8412996167658074
110 60 0.7281912950247494
110 48 0.8849796935546258
110 64 0.9431592768864158
110 70 1.4120325643698732
110 58 1.994297109317291
110 59 0.7386695452080464
110 71 1.0348546666897085
110 65 0.6926913584361335
110 73 0.7176379676174783
110 67 1.432047847255183
110 66 1.2648431811815373
110 72 0.7650818015538248
110 57 1.6501455322257321
110 94 1.602074852800862
110 80 1.0662086164706064
110 81 1.3617852178973016
110 95 0.8697294723922229
110 56 1.2452095387688522
110 68 2.0337369596309616
110 54 0.9941057102168862
110 83 0.868797279232778
110 82 0.8586929279542543
110 55 1.1863815733700045
110 69 1.5140435775673524
110 51 0.7746296518184157
110 79 0.9198904084129249
110 86 0.7911774083175781
110 92 1.5859063540609628
110 93 1.537235884970664
110 87 1.5311585685397346
110 78 1.403889708026048
110 50 0.8925823784533389
110 52 0.7812086919175258
110 46 1.217357969516971
110 91 1.5783716512313692
110 85 1.5041536495677381
110 84 0.8321897798654614
110 90 1.5169222738428678
110 47 1.0785724257727822
110 53 0.8471042037091263
138 76 0.8654367436959001
138 62 1.0209836064727487
138 89 0.911413681844306
138 88 1.5601460969521685
138 63 0.9823997711258542
138 77 0.8784152682082967
138 49 0.9179333973733623
138 61 0.7558268142336607
138 75 0.7333663766404567
138 74 0.8319514671550442
138 60 0.7500663838467482
138 48 0.9073457015698171
138 64 0.9494685278569648
138 70 1.4231461322660053
138 58 1.4589636359962683
138 59 0.7961026319496112
138 71 1.0802703081575815
138 65 0.692925065749686
138 73 0.7245393764470446
138 67 1.5590561917277872
138 66 1.4093260239899537
138 72 0.7635819073110677
138 57 1.646832635320155
138 94 1.764344034448873
138 80 1.1212197661014625
138 81 1.3429941876954694
138 95 0.897052092133915
138 56 1.246154899420832
138 68 2.134095287165291
138 54 0.9966839526401469
138 83 0.8558541775715094
138 82 0.9098266937526055
138 55 1.0619540173388389
138 69 1.4653079934131787
138 51 0.809712905089323
138 79 0.9249400544325128
138 86 0.8366598702971326
138 92 1.7127304278579885
138 93 1.6431678296921381
138 87 1.6351780714966222
138 78 1.4569892289529098
138 50 0.9376395868641714
138 52 0.7462887151156515
138 46 1.1755879882497242
138 91 1.7204057353586362
138 85 1.5535514841811222
138 84 0.7826822881849944
138 90 1.5976746558543051
138 47 1.1405747087935998
138 53 0.8764814101124532
140 76 0.8104913592247166
140 62 0.9590107668594151
140 89 0.808738268416435
140 88 1.2824288476882175
140 63 0.8309803491065555
140 77 0.7973669154529881
140 49 0.8293750667480764
140 61 0.7053538406465817
140 75 0.6787978553247264
140 74 0.7570716721168148
140 60 0.6894610471531347
140 48 0.7955739591053228
140 64 0.8058333404999037
140 70 1.2860306432845083
140 58 1.7506210636600574
140 59 0.7254403082823134
140 71 0.9784340379159395
140 65 0.6540044576031594
140 73 0.6669594373957353
140 67 1.3260147700726959
140 66 1.2028067797799602
140 72 0.708217210308871
140 57 1.5654124839154273
140 94 1.4480067143824622
140 80 1.0117751432556783
140 81 1.2006587555027959
140 95 0.7938456302749084
140 56 1.1145246166623568
140 68 1.8709222762446507
140 54 0.8391401742812348
140 83 0.776047202644441
140 82 0.8020875305712899
140 55 1.0126827381232655
140 69 1.340796696643037
140 51 0.7461688954424311
140 79 0.8285797641951104
140 86 0.7843339922876843
140 92 1.419170428770306
140 93 1.366101641502108
140 87 1.3368976898592446
140 78 1.2739574021296596
140 50 0.85952675083245
140 52 0.7116603802950306
140 46 1.0007763029861285
140 91 1.4242226608601012
140 85 1.342712902749284
140 84 0.7577093737358467
140 90 1.362058299373679
140 47 0.9323438526044526
140 53 0.7883741779489417
135 76 0.7920609817618051
135 62 1.0533572503341186
135 89 0.8893983429226207
135 88 1.4830697543502014
135 63 0.964435939041065
135 77 1.0474771937484921
135 49 0.9694002936303454
135 61 0.7451675250667069
135 75 0.7416178046441843
135 74 0.8122678630557508
135 60 0.7378124799661373
135 48 0.9414733303572804
135 64 0.9520777330761689
135 70 1.362771604943509
135 58 1.630754762043023
135 59 0.7379298482586633
135 71 1.102059107281049
135 65 0.6756575405881144
135 73 0.736162913556588
135 67 1.506091008475826
135 66 1.3306773253831303
135 72 0.7727436227810982
135 57 1.6709106140513539
135 94 1.7484342559475696
135 80 1.1442456401294288
135 81 1.2875375111489746
135 95 0.8642526425354332
135 56 1.2819459953654775
135 68 2.040133824359496
135 54 0.995985340303245
135 83 0.9366555126877157
135 82 0.9073906879121003
135 55 1.0876182229903755
135 69 1.394403974969459
135 51 0.8021343829526238
135 79 1.0134765826098695
135 86 0.8475692062880599
135 92 1.656921043830781
135 93 1.5932836701923632
135 87 1.5632326322710723
135 78 1.3650103279383754
135 50 0.9291432011157319
135 52 0.9643375297268622
135 46 1.3291299536408825
135 91 1.6503600794954028
135 85 1.575181646929049
135 84 0.829087005807795
135 90 1.5981761694097645
135 47 1.1770424636797208
135 53 0.9551099187461094
121 76 0.7377870561910035
121 62 0.9561469203293149
121 89 0.7818208677914448
121 88 1.3386021909801995
121 63 0.9524250372136972
121 77 0.8834880035468944
121 49 0.8651881750031568
121 61 0.6882081357408264
121 75 0.65740445522782
121 74 0.7635219587397213
121 60 0.7009768215317784
121 48 0.82953931612705
121 64 0.8587271561163393
121 70 1.1439427115684133
121 58 1.3452866777135906
121 59 0.6416137314241089
121 71 1.1835665965616193
121 65 0.6743762011104802
121 73 0.6337962000085433
121 67 1.375647848428924
121 66 1.1796317388571813
121 72 0.6934623852493683
121 57 1.538954069265253
121 94 1.6214405226839563
121 80 1.235248024268099
121 81 1.160207695394136
121 95 0.766189860836822
121 56 1.076148252795083
121 68 1.8164155781167248
121 54 0.8977963989805957
121 83 0.7638672542913382
121 82 0.8166967319465138
121 55 1.0844440239691289
121 69 1.2937852946708588
121 51 0.7610513989870679
121 79 0.7836813632255605
121 86 0.7729163544040677
121 92 1.5279754352442416
121 93 1.5032519526700574
121 87 1.3620449962780374
121 78 1.269476348695119
121 50 0.9000359625347207
121 52 0.6682158125684385
121 46 1.0461344000594985
121 91 1.5552435799396707
121 85 1.4624875059475089
121 84 0.7624012247636531
121 90 1.4964213070458001
121 47 1.058861152378829
121 53 0.8903389850187771
109 76 0.8899711020564719
109 62 1.1954386197628784
109 89 0.9517688679960963
109 88 1.5964604675681064
109 63 1.0049583501513955
109 77 0.9215679925247552
109 49 0.9744512951447597
109 61 0.8222701783069553
109 75 0.8039797695233442
109 74 0.9016842936814584
109 60 0.7947320249129115
109 48 0.9649176353956743
109 64 1.0265214577848416
109 70 1.6119251535824655
109 58 2.4237049669453223
109 59 0.8119180590181712
109 71 1.1609192684792642
109 65 0.7530069362521101
109 73 0.776657332811363
109 67 1.5497143387728314
109 66 1.378484502367678
109 72 0.8499408035411882
109 57 1.8549246492201097
109 94 1.6913295332805252
109 80 1.1910486867408296
109 81 1.5169407846313274
109 95 0.9644242614988049
109 56 1.32851147822611
109 68 2.249984786448281
109 54 1.0833509877319887
109 83 0.9415589286956918
109 82 0.909795434945323
109 55 1.3008726879426458
109 69 1.7148705786017346
109 51 0.8691910275368411
109 79 0.9856367122696762
109 86 0.8836047303421342
109 92 1.6842258751143422
109 93 1.631642318836739
109 87 1.6525301781501385
109 78 1.552880892279206
109 50 1.0009364685214888
109 52 0.8922019887203217
109 46 1.3409534874706721
109 91 1.6899830499069024
109 85 1.5812177735629454
109 84 1.0082844538097688
109 90 1.5937515594641933
109 47 1.1675152393555026
109 53 0.9276455882106909
108 76 1.4315727285311237
108 62 1.9659000713476713
108 89 1.5637275530389567
108 88 2.574268372897245
108 63 1.705237736327164
108 77 1.4586387119629747
108 49 1.5234783663524887
108 61 1.3072031213487092
108 75 1.281794362158363
108 74 1.4624916975627853
108 60 1.279472678184945
108 48 1.570905998628454
108 64 1.690478797633508
108 70 2.621477156321279
108 58 4.095430457929165
108 59 1.365090529758633
108 71 1.671135281089155
108 65 1.2514455048582125
108 73 1.26973541388092
108 67 2.4819728385740514
108 66 2.262292299969918
108 72 1.3459392161392354
108 57 3.09725236508695
108 94 2.776992728952565
108 80 1.7126777944895495
108 81 2.520022491620862
108 95 1.5262839103194152
108 56 2.1561516022929124
108 68 3.62069900405425
108 54 1.7851660196374453
108 83 1.4949297477970795
108 82 1.5630722922730482
108 55 2.0763674368259695
108 69 2.760172145300092
108 51 1.3477688185664378
108 79 1.6216926242596263
108 86 1.3858999699356058
108 92 2.762687013473782
108 93 2.6339132905353155
108 87 2.6689784651753135
108 78 2.5180868510021672
108 50 1.5333977621718033
108 52 1.3645880558202002
108 46 2.1366596760287435
108 91 2.7147916669463337
108 85 2.5271546337091424
108 84 1.436991988957986
108 90 2.5758390134184483
108 47 1.924809466542824
108 53 1.419865513608075
120 76 0.5678279304227305
120 62 0.7492700903094316
120 89 0.6437768550889688
120 88 1.08032007917878
120 63 0.7368661813927374
120 77 0.670386180078232
120 49 0.7004441231150519
120 61 0.5426953631112281
120 75 0.5375246952316141
120 74 0.6365811500311956
120 60 0.5608278232106824
120 48 0.6639667842044001
120 64 0.6823222173431066
120 70 0.9423072670607014
120 58 1.1040969953397992
120 59 0.5307193981029416
120 71 0.9241484278808315
120 65 0.5270214766522063
120 73 0.5211280435759877
120 67 1.118372171386625
120 66 0.9479770462825093
120 72 0.5368968188066507
120 57 1.2309059890171434
120 94 1.2656431981211067
120 80 0.9635591008313914
120 81 0.9419322346910425
120 95 0.6311052724435866
120 56 0.898047169780727
120 68 1.4933752968878165
120 54 0.715240941771394
120 83 0.632746406600937
120 82 0.6388964429448616
120 55 0.8338359504016679
120 69 1.0260747373061017
120 51 0.6140854692965764
120 79 0.6554525534848057
120 86 0.6436842463520687
120 92 1.199272343035304
120 93 1.184133278894322
120 87 1.1337757248909675
120 78 0.99653116287692
120 50 0.7282030956773698
120 52 0.5263630684039484
120 46 0.8476846013628536
120 91 1.228183457574205
120 85 1.1645156431256865
120 84 0.583714999832138
120 90 1.1803114183115344
120 47 0.8131541888650118
120 53 0.6632655455884494
134 76 0.7332882635985599
134 62 0.9814084373766263
134 89 0.7957774512001061
134 88 1.2883022047903492
134 63 0.8663113983421786
134 77 0.9612881519786676
134 49 0.955507189785077
134 61 0.7265924953819464
134 75 0.7041815462182216
134 74 0.7667458082731825
134 60 0.7230063485792434
134 48 0.8710969649734075
134 64 0.8609424408208061
134 70 1.2306875606275505
134 58 1.621124542454892
134 59 0.6676385425903888
134 71 1.2368267034326599
134 65 0.6668612826958514
134 73 0.6877219892181403
134 67 1.4119341155198961
134 66 1.1877980125958423
134 72 0.7401189646948723
134 57 1.661519394891356
134 94 1.5948363273917123
134 80 1.289067783059343
134 81 1.143061680965424
134 95 0.7724305154779282
134 56 1.1150235684048744
134 68 1.8837507201274435
134 54 0.8944329477381193
134 83 0.8606986865165828
134 82 0.8515742049635507
134 55 1.018188374206311
134 69 1.279642448842138
134 51 0.8062074365721443
134 79 0.8746209297640836
134 86 0.8639148545840177
134 92 1.4613654454812235
134 93 1.4381486699909936
134 87 1.3790518335505018
134 78 1.22428277628226
134 50 0.9598830547648535
134 52 0.8638129162232225
134 46 1.1460595511492788
134 91 1.5052478963409601
134 85 1.429690227941926
134 84 0.8205012041401377
134 90 1.4555962829842202
134 47 1.059365585728012
134 53 0.9296031178390528
122 76 0.798400296744794
122 62 1.0152078837657397
122 89 0.9184366843387028
122 88 1.4055127808166838
122 63 1.0521664107498971
122 77 0.921441160335975
122 49 1.0402916821704398
122 61 0.7627306734833293
122 75 0.7438723657207101
122 74 0.9071238535074352
122 60 0.7870979682967703
122 48 0.9250666427589493
122 64 0.9076600897191321
122 70 1.2881424165124866
122 58 1.465443216813504
122 59 0.7453396078834121
122 71 1.4002840878092877
122 65 0.7079997440783585
122 73 0.7180731060860818
122 67 1.5848664726333435
122 66 1.3074410726005365
122 72 0.7235719173988093
122 57 1.776683581585482
122 94 1.7003704567961566
122 80 1.4637092857675267
122 81 1.2839676817936434
122 95 0.8297550254145777
122 56 1.1879084074809614
122 68 2.0462370747354526
122 54 0.9481309812705258
122 83 0.8888314918230623
122 82 0.8792365420412772
122 55 1.1313729660546668
122 69 1.3504502722784557
122 51 0.8996136141458323
122 79 0.9070662121119877
122 86 1.0151113802906124
122 92 1.5818083037749708
122 93 1.5502434365413005
122 87 1.4847260074245956
122 78 1.3160200850673334
122 50 1.0938140512534558
122 52 0.7379477500342293
122 46 1.1522883151193632
122 91 1.584115818298354
122 85 1.7042576689336728
122 84 0.8741165068305473
122 90 1.6535040577794986
122 47 1.069928007110526
122 53 0.9255721105169546
136 76 0.5833365499544211
136 62 0.7466575753759913
136 89 0.6240748726470868
136 88 1.0496300418503244
136 63 0.6775423185974614
136 77 0.6988622256591533
136 49 0.6686336000182825
136 61 0.5283297333583006
136 75 0.524737781120791
136 74 0.580208759147144
136 60 0.5194868172250302
136 48 0.6558764742972385
136 64 0.6567728125997793
136 70 0.9569126426050252
136 58 1.199587780008057
136 59 0.5314273226985455
136 71 0.758140657627938
136 65 0.47933177755172207
136 73 0.5191462963977745
136 67 1.0393983587301803
136 66 0.9318764343125483
136 72 0.540945862450123
136 57 1.1912367668303618
136 94 1.1887723950855245
136 80 0.7860428335879407
136 81 0.9278006096359972
136 95 0.6283110543626055
136 56 0.9210850969284372
136 68 1.4452716136987966
136 54 0.6879379386168335
136 83 0.6426998685438778
136 82 0.636873288781298
136 55 0.7838299740098734
136 69 0.9949925684111601
136 51 0.5704348854278372
136 79 0.6948012128399778
136 86 0.6025617278765971
136 92 1.141410136658325
136 93 1.099843841538865
136 87 1.0868548249203236
136 78 0.9673552032609791
136 50 0.6567183723851956
136 52 0.6214845616492485
136 46 0.8899378389579874
136 91 1.1474508718584246
136 85 1.0667057097127108
136 84 0.5941130358167407
136 90 1.0856566628124569
136 47 0.8013840131273937
136 53 0.6461156114573551
137 76 0.9216040939480734
137 62 1.058192800401384
137 89 0.936110193225323
137 88 1.5685471822266666
137 63 0.989935453977086
137 77 0.895701732399452
137 49 0.9290935466658562
137 61 0.8012504358400995
137 75 0.7393526312912956
137 74 0.8519754437366177
137 60 0.7791427614272006
137 48 0.9143478716635449
137 64 0.9454104805115925
137 70 1.465422157880401
137 58 1.6409521055331302
137 59 0.880785121529131
137 71 1.0262203066268962
137 65 0.7341399693501236
137 73 0.7397253618143332
137 67 1.5478363225736325
137 66 1.4755080092549517
137 72 0.7842751895708701
137 57 1.6897374413228459
137 94 1.7681384116901104
137 80 1.0572178949663198
137 81 1.4188096472691003
137 95 0.9182779377735235
137 56 1.3371613675796679
137 68 2.1602251752850368
137 54 0.9870304376870506
137 83 0.882686960703731
137 82 0.9137050299854882
137 55 1.1283669930763658
137 69 1.5419615312825647
137 51 0.8049294683441509
137 79 1.0017859065757793
137 86 0.8427044220160409
137 92 1.7638106129306013
137 93 1.6646515333380667
137 87 1.6056322146107649
137 78 1.5182145972031214
137 50 0.9383270177611344
137 52 0.8525565587851455
137 46 1.2230403870602384
137 91 1.707694377684723
137 85 1.6398122051814952
137 84 0.8067537723798823
137 90 1.6552419984156763
137 47 1.1329945636322318
137 53 0.8734069892423104
123 76 0.8052419545264522
123 62 1.0349760875933025
123 89 0.8466378854916379
123 88 1.4432438519236335
123 63 0.9572931683021404
123 77 0.9925297611473947
123 49 1.0558690967496562
123 61 0.8006634447263471
123 75 0.7694666766335766
123 74 0.8612461073803749
123 60 0.8065915437493514
123 48 0.949769327646932
123 64 0.9260530674327934
123 70 1.298711730771001
123 58 1.5488734692878054
123 59 0.7222008329182839
123 71 1.4875754973964894
123 65 0.7426344718404059
123 73 0.7416698344948045
123 67 1.5916500454122766
123 66 1.304536423646253
123 72 0.7918918902999939
123 57 1.8549942233089403
123 94 1.7991355504728737
123 80 1.5568589686500893
123 81 1.2355730323855145
123 95 0.8614589582189629
123 56 1.1677784670437166
123 68 2.09270121294951
123 54 0.9632102480731121
123 83 0.8994320353111565
123 82 0.9426824447312497
123 55 1.0759620355036923
123 69 1.376300102329542
123 51 0.9158288493673716
123 79 0.8819777238497206
123 86 0.9821250239689129
123 92 1.6173053300394808
123 93 1.6159929192287565
123 87 1.544554683427043
123 78 1.3412987136250472
123 50 1.1059811401344604
123 52 0.7607355504567384
123 46 1.1345406381703729
123 91 1.721767285291666
123 85 1.5448455313472893
123 84 0.8949343921378557
123 90 1.599153642199978
123 47 1.1459357445328373
123 53 0.9919645516574996
127 76 1.1201835865807448
127 62 1.4035246729327637
127 89 1.210227582266426
127 88 2.1055772967566733
127 63 1.326097424233302
127 77 1.2512943617760428
127 49 1.328826353810768
127 61 1.040218586439279
127 75 1.0071020667684176
127 74 1.169863776549085
127 60 1.0354688234546094
127 48 1.2648482533104057
127 64 1.271487322308361
127 70 1.887843041210085
127 58 2.130498981909848
127 59 1.0584653587989798
127 71 1.6606807618344035
127 65 0.9344078702723362
127 73 0.9816334336854383
127 67 2.1145850424796273
127 66 1.8637922244061966
127 72 1.0423034781849279
127 57 2.347073789537132
127 94 2.3933107227782795
127 80 1.7246665857181664
127 81 1.8271369592867601
127 95 1.254590391692102
127 56 1.665233296150284
127 68 2.876451833606555
127 54 1.3358959746543595
127 83 1.1954770336026863
127 82 1.2454091493888348
127 55 1.4979102037815741
127 69 1.9831560897112506
127 51 1.164906787790041
127 79 1.2679188983312004
127 86 1.2270341199925892
127 92 2.2819695546577083
127 93 2.2160166483015598
127 87 2.2197249626322835
127 78 1.939594433560843
127 50 1.3731882374365982
127 52 1.0636954629260933
127 46 1.647678376805982
127 91 2.347028428482605
127 85 2.118644792332552
127 84 1.1483545678488019
127 90 2.1690115577861646
127 47 1.5624146489613082
127 53 1.2337715373249911
133 76 0.6239420814893475
133 62 0.8735763989811999
133 89 0.7083511122636724
133 88 1.1893194314312492
133 63 0.8380981139642878
133 77 0.8227167867223364
133 49 0.8205490888502139
133 61 0.6109736749353434
133 75 0.5998661146284265
133 74 0.6715630109329608
133 60 0.6131260544207933
133 48 0.7871336915364576
133 64 0.7887739595879512
133 70 1.0685827334464435
133 58 1.3749122475948663
133 59 0.5818739743512931
133 71 1.002896393675895
133 65 0.5735706040233733
133 73 0.5968538110363892
133 67 1.238052217180655
133 66 1.052812317238708
133 72 0.6204240123167124
133 57 1.4795114651648544
133 94 1.4408883480279013
133 80 1.0459631345575178
133 81 1.0579095659361417
133 95 0.6719555384341674
133 56 1.0380932612421978
133 68 1.667940165151425
133 54 0.8271230297865911
133 83 0.7508417531895474
133 82 0.7729510184470573
133 55 0.9008776189666848
133 69 1.110831567645074
133 51 0.6727926846906621
133 79 0.7869366287902456
133 86 0.7387275211604593
133 92 1.324075779719196
133 93 1.2857582847395959
133 87 1.237866590871632
133 78 1.0755269120671864
133 50 0.8024653857657773
133 52 0.6981835416173628
133 46 1.0460599396061454
133 91 1.326032167289125
133 85 1.2729522346717193
133 84 0.6835664307031261
133 90 1.2928525053776432
133 47 0.9768234973433939
133 53 0.7680046927456786
132 76 0.9545498029243518
132 62 1.256567469396887
132 89 1.0948797536046773
132 88 1.9083884678260568
132 63 1.2089744884404918
132 77 1.1804951427210835
132 49 1.1101313906995176
132 61 0.870611942242565
132 75 0.8650598639146443
132 74 0.9807052917752902
132 60 0.8604914168328391
132 48 1.1245679298235616
132 64 1.186450232985515
132 70 1.7098852809686569
132 58 1.8801209566237564
132 59 0.9114667191436512
132 71 1.2023354326102782
132 65 0.7928897619586011
132 73 0.8612455501687725
132 67 1.828607451917679
132 66 1.6697787229281191
132 72 0.9169915929107475
132 57 1.9335262106560704
132 94 2.152413495183364
132 80 1.2424354471975807
132 81 1.642156965038986
132 95 1.0747824893222921
132 56 1.5402406701603508
132 68 2.4959203952717326
132 54 1.2519549082806685
132 83 1.0921397589615824
132 82 1.0918371802430509
132 55 1.3277571155721164
132 69 1.753018603753762
132 51 0.9249051467248295
132 79 1.219785383525446
132 86 0.9573843875844749
132 92 2.0917356439470733
132 93 1.9879032416600766
132 87 1.9930551080137446
132 78 1.7250403813853188
132 50 1.0618842046312915
132 52 1.1225960814989393
132 46 1.6504885843583974
132 91 2.0577698120306684
132 85 1.9246528661869127
132 84 0.9628104130001883
132 90 1.958741940973378
132 47 1.47274178352395
132 53 1.0985747660848844
126 76 0.7321113546310404
126 62 0.9389451316464158
126 89 0.7852192994001014
126 88 1.298065847795516
126 63 0.9062066923755044
126 77 0.8628013122725358
126 49 0.9322036798284878
126 61 0.724180805727333
126 75 0.6776952560402676
126 74 0.7798351273786022
126 60 0.7403483260300989
126 48 0.8433995312877636
126 64 0.8601962523164354
126 70 1.1800229300040455
126 58 1.4150118231521231
126 59 0.681992104777446
126 71 1.2573599257666657
126 65 0.662498666261105
126 73 0.6592170506647291
126 67 1.413034726855666
126 66 1.1856842816595496
126 72 0.6999789086389384
126 57 1.614907486482024
126 94 1.6315531058689285
126 80 1.3126380992146445
126 81 1.149985120508025
126 95 0.7621809793013955
126 56 1.070528199731424
126 68 1.8658052355082653
126 54 0.8926360661795327
126 83 0.8027113191335896
126 82 0.8203322203048528
126 55 1.0037311528014348
126 69 1.2583256971077823
126 51 0.8027524215385293
126 79 0.8171788449790619
126 86 0.8595784074025383
126 92 1.5125410432416002
126 93 1.49156106740776
126 87 1.3842252544066336
126 78 1.2203734628847442
126 50 0.9745889786234807
126 52 0.6802931842441381
126 46 1.042658761382987
126 91 1.546544223722111
126 85 1.5099615610428225
126 84 0.7411311315410354
126 90 1.5285744456696473
126 47 0.9958803157374101
126 53 0.8515780443672114
118 76 0.7881824374372158
118 62 1.094332564343589
118 89 0.8671555637565919
118 88 1.4258598953822947
118 63 0.9402740410542434
118 77 0.976210642375106
118 49 0.9624257711110816
118 61 0.7566688463295204
118 75 0.757251426242683
118 74 0.850634962986102
118 60 0.7531473986549367
118 48 0.9273345611949451
118 64 0.9388906138899638
118 70 1.3740511164952136
118 58 2.048804681655235
118 59 0.7224867677228715
118 71 1.1788979178330425
118 65 0.6908853819097923
118 73 0.7347001602601227
118 67 1.4425555004869246
118 66 1.2369721589010199
118 72 0.7791820402238714
118 57 1.759764247295255
118 94 1.6057144520476199
118 80 1.2219448626628884
118 81 1.3162443334534317
118 95 0.8953212088067558
118 56 1.2189238336971113
118 68 2.0192561421850175
118 54 0.9842870040126421
118 83 0.8985277699041281
118 82 0.8883426067543345
118 55 1.1634437254781766
118 69 1.4426118806372734
118 51 0.8559812135734273
118 79 0.9361511236726107
118 86 0.8858802351142286
118 92 1.5257788338774254
118 93 1.4995380631216697
118 87 1.5067703760740732
118 78 1.3404576325455553
118 50 0.9769726503439501
118 52 0.8603757076565047
118 46 1.2361461186886507
118 91 1.587785980854541
118 85 1.4456773113841335
118 84 0.8791686106169766
118 90 1.4772358154802794
118 47 1.1110910197852868
118 53 0.9288361572167626
130 76 0.6575071103178403
130 62 0.8632346096542953
130 89 0.7426222224979334
130 88 1.2607470276888815
130 63 0.8177356744821375
130 77 0.7907927699507882
130 49 0.7622056565440044
130 61 0.6113932379280738
130 75 0.6048354263918262
130 74 0.6939844368467043
130 60 0.6104107369634413
130 48 0.7599847294128672
130 64 0.7994170196933011
130 70 1.1443220095585067
130 58 1.3692865280017696
130 59 0.6248156178226549
130 71 0.869090123542884
130 65 0.5672095412894338
130 73 0.5972799257435331
130 67 1.2361653644908452
130 66 1.1042738354227624
130 72 0.6215543155360216
130 57 1.3479123035058465
130 94 1.4290779658102615
130 80 0.8996212658109404
130 81 1.1132554420121787
130 95 0.7270252758145163
130 56 1.064162037431481
130 68 1.6971880069863612
130 54 0.8399751276493215
130 83 0.7453455639243826
130 82 0.7232052280154992
130 55 0.9215493552588414
130 69 1.1891090691470043
130 51 0.6472764658899793
130 79 0.8209656986630747
130 86 0.6757187834509206
130 92 1.386873825546446
130 93 1.3334707575418265
130 87 1.3118849311674072
130 78 1.1506883583768142
130 50 0.7453392991398077
130 52 0.714943758455487
130 46 1.0704275270158692
130 91 1.370794341512539
130 85 1.314853936836042
130 84 0.674412224447592
130 90 1.3268415192833927
130 47 0.9518539876201124
130 53 0.7317434809164695
124 76 0.7093387007492221
124 62 0.9319982751594329
124 89 0.7979952259636051
124 88 1.3776519130755904
124 63 0.8917660575837617
124 77 0.8589566003750606
124 49 0.9193993224811735
124 61 0.6902361268766478
124 75 0.6868123805859905
124 74 0.8015731218751213
124 60 0.7019535170059766
124 48 0.8599276928307593
124 64 0.863653644175149
124 70 1.2145885950419524
124 58 1.3928174921630385
124 59 0.6676650799940473
124 71 1.2100961529783025
124 65 0.6207084159862601
124 73 0.6622530719253649
124 67 1.4164622220111815
124 66 1.1878167171277005
124 72 0.692355281556982
124 57 1.5845764385272931
124 94 1.5824726725831315
124 80 1.2621633862539539
124 81 1.1801934241726955
124 95 0.8391407804274618
124 56 1.0789873327879511
124 68 1.8925857549296918
124 54 0.9069227480620616
124 83 0.808566879366931
124 82 0.8307948598253275
124 55 0.9862151544739814
124 69 1.2600738820938289
124 51 0.8160786729314728
124 79 0.8291852547069747
124 86 0.8638971700524883
124 92 1.469280586428002
124 93 1.4543044789568615
124 87 1.4756683214488528
124 78 1.2258866623577835
124 50 0.9574959741464837
124 52 0.6883949690619288
124 46 1.0949683992118902
124 91 1.5590679016778197
124 85 1.385592454418271
124 84 0.7768911991688464
124 90 1.4219110803132309
124 47 1.0473054198459943
124 53 0.846335628290037
125 76 0.7926266899582401
125 62 1.0219619418657866
125 89 0.8816493939365038
125 88 1.4582759784013337
125 63 0.9525190227772657
125 77 0.8544228531968684
125 49 0.9654944525898042
125 61 0.7518231256496138
125 75 0.7368908488341773
125 74 0.8241531041450194
125 60 0.7710248876937982
125 48 0.9051212938379908
125 64 0.9181758464209908
125 70 1.251247291330657
125 58 1.4843809316758036
125 59 0.7216896217889781
125 71 1.2364290924021397
125 65 0.7338038726145342
125 73 0.7270832062173105
125 67 1.5138280205049535
125 66 1.2665255294300442
125 72 0.7262517828055954
125 57 1.7017854532572712
125 94 1.6173772730672766
125 80 1.290330990362334
125 81 1.2336595915086304
125 95 0.8550386726691156
125 56 1.426425664777036
125 68 2.114944960924808
125 54 0.9602492535393359
125 83 0.874392938360821
125 82 0.8511202973355207
125 55 1.1031963855535116
125 69 1.3388014019458234
125 51 0.8461845842803492
125 79 0.8845829564204516
125 86 0.9217707585496525
125 92 1.5324262524192214
125 93 1.544775186772899
125 87 1.4924141761276533
125 78 1.285852754213851
125 50 1.0051647770024439
125 52 0.7070201572381547
125 46 1.1179690574549304
125 91 1.5932874140079176
125 85 1.4585514945698166
125 84 0.806260163514459
125 90 1.4840066785059767
125 47 1.0616860284331588
125 53 0.8699813689315025
131 76 0.884058894881993
131 62 1.2716353019371285
131 89 1.0465082850624572
131 88 1.8344086546927965
131 63 1.2589998965456506
131 77 0.9187826553217984
131 49 1.019369059276264
131 61 0.8340402630759575
131 75 0.8233165984833266
131 74 0.9949161481389605
131 60 0.840877148397779
131 48 1.0730288318694106
131 64 1.2001103872649397
131 70 1.700125772936674
131 58 2.3550971326248193
131 59 0.8678962534328947
131 71 1.1816946497282257
131 65 0.8242411467787869
131 73 0.8154104675501923
131 67 1.7254934302377891
131 66 1.5312387867117592
131 72 0.8562051294792856
131 57 2.0397221282723206
131 94 1.992422850908777
131 80 1.218126088504799
131 81 1.7206671580173933
131 95 0.9988796321076684
131 56 1.4352993298314327
131 68 2.438172144503604
131 54 1.2786253002907781
131 83 0.9762385684947132
131 82 1.0577233895884577
131 55 1.3763653134470808
131 69 1.79586700238175
131 51 0.8823832008436776
131 79 1.0614518064511467
131 86 0.9238917407740238
131 92 1.9476941984532896
131 93 1.866333602565365
131 87 1.885746691189089
131 78 1.665843800924572
131 50 1.0267176254255403
131 52 0.7969399544294085
131 46 1.4817053199126875
131 91 1.9084497237304245
131 85 1.7830253419842863
131 84 0.9241192890189063
131 90 1.8145745395681696
131 47 1.3865813879311708
131 53 0.917054923335115
119 76 0.7991974073707745
119 62 1.0452362699939692
119 89 0.8333234994902317
119 88 1.3021986170255966
119 63 0.8179543688803199
119 77 1.010968276961217
119 49 0.8708198930050008
119 61 0.7201956388233254
119 75 0.7511414515058091
119 74 0.8068429923746674
119 60 0.7017509411811075
119 48 0.8603101123472454
119 64 0.849083443541975
119 70 1.3361962121675153
119 58 2.10991308299236
119 59 0.7210177445948401
119 71 0.9202932868577355
119 65 0.6416682570505522
119 73 0.7351112310106402
119 67 1.2998140721389817
119 66 1.1762273747552525
119 72 0.7605148604864441
119 57 1.5862188530650245
119 94 1.4528605704388071
119 80 0.947264373969466
119 81 1.242188098617276
119 95 0.8661309111077087
119 56 1.2174404533402161
119 68 1.8747501771829789
119 54 0.882560149557371
119 83 0.9086538497121956
119 82 0.8228124374646781
119 55 1.0931351272666507
119 69 1.3755353288810541
119 51 0.7634281487138912
119 79 0.9898215133394848
119 86 0.7760280719951932
119 92 1.4264611343728535
119 93 1.37528026005616
119 87 1.3938660858139766
119 78 1.27822341151141
119 50 0.838911059309184
119 52 0.9438260294817629
119 46 1.2041872343715239
119 91 1.4465822182262449
119 85 1.3664247297625023
119 84 0.8234419617421852
119 90 1.383591382540331
119 47 0.9808392175891049
119 53 0.8695129682544057
