114 76 0.08963303771071401
114 62 0.18286194501004296
114 89 0.14426620024614795
114 88 0.3453004907786569
114 63 0.20455233501276923
114 77 0.07538245553999046
114 49 0.12206795435009199
114 61 0.07917049656512398
114 75 0.07702723498909145
114 74 0.11922507059326398
114 60 0.08172472439793896
114 48 0.14267199309027073
114 64 0.17061945297691464
114 70 0.29485103546129676
114 58 0.35975201808361323
114 59 0.10945806999377672
114 71 0.1437125794884416
114 65 0.07907610537335588
114 73 0.07945041294391622
114 67 0.29644044327748253
114 66 0.2536994443136694
114 72 0.09574770725456205
114 57 0.33991819359040787
114 94 0.3726308419063391
114 80 0.14839401365508334
114 81 0.2953169633644509
114 95 0.1243592489104573
114 56 0.2213150309256253
114 68 0.45389554724664505
114 54 0.19146720189592117
114 83 0.11393623404153572
114 82 0.1595141228458938
114 55 0.19943188539428683
114 69 0.33083124541079756
114 51 0.07536952128235602
114 79 0.13318628020338746
114 86 0.08880527458479937
114 92 0.36771444152515353
114 93 0.33977822460494655
114 87 0.3550753272337628
114 78 0.3066067092269299
114 50 0.1176643750136615
114 52 0.051283283534991314
114 46 0.23688308003245503
114 91 0.33824212193556846
114 85 0.30724803201530393
114 84 0.09298878153560383
114 90 0.3154609232092629
114 47 0.23004665084868406
114 53 0.08519411874118671
100 76 0.08463978289297217
100 62 0.14044856131922331
100 89 0.10853947731000824
100 88 0.2587882654170939
100 63 0.14080715595123366
100 77 0.06867211899189668
100 49 0.11277344998462341
100 61 0.07559204483235538
100 75 0.06020011395099764
100 74 0.08238563496780363
100 60 0.07219631756345204
100 48 0.11097562023020366
100 64 0.11736359843028438
100 70 0.2224928990301205
100 58 0.2593565331480261
100 59 0.09912771669539078
100 71 0.1380493422595644
100 65 0.0644009278105036
100 73 0.06376317386882124
100 67 0.24140327080347
100 66 0.21457027808017196
100 72 0.07767025798792818
100 57 0.2893403306370247
100 94 0.2966199625999175
100 80 0.14370012623526296
100 81 0.2155209878550761
100 95 0.099428379364534
100 56 0.18076009345753505
100 68 0.37074105406926205
100 54 0.12940004237059158
100 83 0.09193146009921221
100 82 0.12880102348890152
100 55 0.14281411137269934
100 69 0.2542072828176162
100 51 0.06950862808324362
100 79 0.10179576959272943
100 86 0.08749647610068206
100 92 0.2871311361147614
100 93 0.2641805091149838
100 87 0.26569480830193315
100 78 0.24357667208082748
100 50 0.11300480360499793
100 52 0.05465029867185406
100 46 0.16951853652113305
100 91 0.2683248847613591
100 85 0.23980380786679992
100 84 0.07357699273214455
100 90 0.24792654871694927
100 47 0.1683472798936744
100 53 0.07997117493581882
128 76 0.0948018992905374
128 62 0.1681322252974708
128 89 0.13489166375396333
128 88 0.32802200735813813
128 63 0.18970231680609864
128 77 0.08301528509554212
128 49 0.1307276294529569
128 61 0.08515349350987547
128 75 0.07014012249196175
128 74 0.0988525220474597
128 60 0.08201744950658765
128 48 0.14243192437277116
128 64 0.1584269904965946
128 70 0.26973691418196
128 58 0.27369000624213147
128 59 0.11414298963274075
128 71 0.14352050919634202
128 65 0.07501764978558284
128 73 0.07676180366389723
128 67 0.29340008343242374
128 66 0.26238214445155905
128 72 0.08801490418923166
128 57 0.33929594045238964
128 94 0.37327638688107256
128 80 0.14949388181271597
128 81 0.2708815991774922
128 95 0.11610620466108673
128 56 0.21872242205456968
128 68 0.44047511012711793
128 54 0.1759613456769654
128 83 0.11147983754415927
128 82 0.16042644748229032
128 55 0.16487293667835273
128 69 0.29609647196418
128 51 0.07669146055832918
128 79 0.12973992820551755
128 86 0.09874982136553917
128 92 0.35847193036273994
128 93 0.32589565083259997
128 87 0.3326365931182671
128 78 0.2900167537405349
128 50 0.12330856356924469
128 52 0.0573539154243729
128 46 0.22328696127129002
128 91 0.32731579258191834
128 85 0.29414853265597307
128 84 0.08562889619089284
128 90 0.3048967986410358
128 47 0.22348607720034305
128 53 0.08864574742522999
129 76 0.1812820215910095
129 62 0.35508529254128707
129 89 0.2761178366743955
129 88 0.6095209831218498
129 63 0.4111571017599237
129 77 0.18406716151278804
129 49 0.27442658488058447
129 61 0.1799456506040866
129 75 0.16246068922679763
129 74 0.21828193904668822
129 60 0.17997042572501334
129 48 0.306169036992187
129 64 0.33997140271958326
129 70 0.5011392670371717
129 58 0.6003568888398335
129 59 0.22178636757938888
129 71 0.29927856911576767
129 65 0.18413648862718865
129 73 0.1772386088751642
129 67 0.5412199834562416
129 66 0.4717045378342295
129 72 0.19527697647213546
129 57 0.6726714782910266
129 94 0.6915976127607834
129 80 0.3100743817560403
129 81 0.5280029295517684
129 95 0.22694381205920902
129 56 0.4264631237678127
129 68 0.7896540525115652
129 54 0.3750235053357497
129 83 0.23908192851418578
129 82 0.3430043377702183
129 55 0.351574566988908
129 69 0.5510496496274744
129 51 0.17035440909183203
129 79 0.26664336973666336
129 86 0.21816282562489167
129 92 0.6514806865089751
129 93 0.5975287571544048
129 87 0.6075644303774485
129 78 0.5255699842630663
129 50 0.2530713147535488
129 52 0.13417841364377597
129 46 0.454697098157113
129 91 0.5889735067930798
129 85 0.5421489616257321
129 84 0.1919150627865536
129 90 0.5604977345179452
129 47 0.4636050989015884
129 53 0.19374613360419443
101 76 0.09729051227609761
101 62 0.11633109572800024
101 89 0.09805168954602866
101 88 0.2300750268921635
101 63 0.10764727816201655
101 77 0.05562014703624307
101 49 0.09716961598105811
101 61 0.07844195973574716
101 75 0.05226262380843627
101 74 0.06874277348130828
101 60 0.06858558614462823
101 48 0.09139564901554773
101 64 0.0929319728275246
101 70 0.20143669517285315
101 58 0.1889381061712069
101 59 0.11141208108054482
101 71 0.10356065907246609
101 65 0.05777180373328822
101 73 0.056961318071068634
101 67 0.21453585746876322
101 66 0.21497751123964629
101 72 0.06786960818487456
101 57 0.24128116542870506
101 94 0.2578799682373998
101 80 0.10690896754420404
101 81 0.19281007136101388
101 95 0.09646851908889073
101 56 0.17008630783777343
101 68 0.33692060598857776
101 54 0.10051368177156336
101 83 0.0789867314076495
101 82 0.10558503790635768
101 55 0.11386330626151217
101 69 0.23002031079529342
101 51 0.06141880414000753
101 79 0.09627685466576266
101 86 0.07580408272939304
101 92 0.2621591144510169
101 93 0.2340576889730346
101 87 0.23040363556313528
101 78 0.2304713073548658
101 50 0.09945850070982887
101 52 0.05951591064500164
101 46 0.1379193402913685
101 91 0.23863683307748298
101 85 0.2158917889491929
101 84 0.06362528246519686
101 90 0.2207221033527307
101 47 0.13484960339560995
101 53 0.0681952322333553
115 76 0.03989762150125867
115 62 0.06813807464451571
115 89 0.05345106657969573
115 88 0.16089597551170956
115 63 0.0687418276655099
115 77 0.034257575178924415
115 49 0.05694878987627397
115 61 0.033021705035712084
115 75 0.016484140382639262
115 74 0.02263960482953077
115 60 0.02728530245801143
115 48 0.05470294637604861
115 64 0.059091855768743234
115 70 0.13159535414071455
115 58 0.10612483472438317
115 59 0.04937549231462002
115 71 0.06138284036951128
115 65 0.016897996807052174
115 73 0.020789805387155927
115 67 0.15064985791475635
115 66 0.13820155683817467
115 72 0.029087949110317257
115 57 0.16550566637095473
115 94 0.19420269391886144
115 80 0.065106011389504
115 81 0.11829427452080707
115 95 0.04580201617864371
115 56 0.10512479533626365
115 68 0.23741796677505436
115 54 0.06640895840075
115 83 0.04358064799255404
115 82 0.06425397843042574
115 55 0.05858965542212388
115 69 0.1450344130630317
115 51 0.022313954769353342
115 79 0.05209278741826706
115 86 0.0359604341939319
115 92 0.18641182925826352
115 93 0.16587054429494882
115 87 0.16521940116817438
115 78 0.14808012788306726
115 50 0.05206169074626674
115 52 0.025858128857323928
115 46 0.10114750388429752
115 91 0.16892218153721852
115 85 0.14970832914189605
115 84 0.027250756799114068
115 90 0.15601378762956494
115 47 0.09485229019610356
115 53 0.036012085034344096
103 76 0.16857042747944823
103 62 0.2129565389536396
103 89 0.17405855527540723
103 88 0.3502385618986741
103 63 0.1856038814974851
103 77 0.11186994690482202
103 49 0.1622941033487912
103 61 0.13844555782764778
103 75 0.11184135208493434
103 74 0.14411025183875922
103 60 0.12794777906070012
103 48 0.16084778903604735
103 64 0.1658691025398635
103 70 0.33449451988046985
103 58 0.42105386335439277
103 59 0.18255371635696746
103 71 0.1729650292337412
103 65 0.12105344440349639
103 73 0.11662426545695262
103 67 0.3299382607888274
103 66 0.3240645517537807
103 72 0.1310080929031606
103 57 0.39747181486481786
103 94 0.38361342334647786
103 80 0.17723349866065605
103 81 0.32143055122909037
103 95 0.166942192022147
103 56 0.2748580364447252
103 68 0.5144507237319963
103 54 0.17810227990819247
103 83 0.1438122344089299
103 82 0.18113017677645368
103 55 0.21916761414601063
103 69 0.3747262574553323
103 51 0.1221394297495213
103 79 0.17262487863565515
103 86 0.13738696971514114
103 92 0.39304367610745894
103 93 0.3575458600319863
103 87 0.3550233483798273
103 78 0.35925103675194825
103 50 0.16842885937835056
103 52 0.11566323781908022
103 46 0.22584506527200324
103 91 0.3646392962890843
103 85 0.3323225897208615
103 84 0.12326382193571225
103 90 0.3401666792956657
103 47 0.22068219640465178
103 53 0.12693180017463712
117 76 0.04795670275981759
117 62 0.1126775827159196
117 89 0.07928069647915698
117 88 0.20666383500146
117 63 0.11247706009749775
117 77 0.03955781888843714
117 49 0.07086819938070912
117 61 0.040667670247528445
117 75 0.03497241074357765
117 74 0.05708210678352185
117 60 0.03974789993287449
117 48 0.07834229363127598
117 64 0.0909182909697007
117 70 0.1853573771215585
117 58 0.26386967863144317
117 59 0.06030508812924637
117 71 0.08543403367820468
117 65 0.039351123985554015
117 73 0.03771859000191927
117 67 0.18391833466969884
117 66 0.15663291785293432
117 72 0.050964114992758325
117 57 0.23078406569094548
117 94 0.23164517917825025
117 80 0.08873158716995644
117 81 0.1780175361141074
117 95 0.06391291014551692
117 56 0.13867797301428111
117 68 0.2978837666297812
117 54 0.10345200673858637
117 83 0.06239217304600153
117 82 0.09312515279514472
117 55 0.12015497408643327
117 69 0.21364902630328056
117 51 0.03470014389420863
117 79 0.07274572574845378
117 86 0.04680934290563318
117 92 0.22748680398865243
117 93 0.20782912222737607
117 87 0.2124172528791793
117 78 0.1942358905481351
117 50 0.06732017571969637
117 52 0.03058227082418126
117 46 0.13988132788441043
117 91 0.2057502940095414
117 85 0.18851244771608341
117 84 0.04770336981022108
117 90 0.193896840474072
117 47 0.1330352646753938
117 53 0.046948814299585195
116 76 0.21619963065951395
116 62 0.2935757390679017
116 89 0.2485874717227419
116 88 0.510438308575469
116 63 0.2907331033761854
116 77 0.15663377571562523
116 49 0.22500389721245442
116 61 0.18389830074542587
116 75 0.15546618021084604
116 74 0.1953811783977952
116 60 0.17334455064943102
116 48 0.234961826776273
116 64 0.2550948780206048
116 70 0.4601448904905061
116 58 0.512750984815797
116 59 0.23847309289781496
116 71 0.23398975648510326
116 65 0.16524257590784838
116 73 0.16276309594280303
116 67 0.46264107155541145
116 66 0.4412574096279267
116 72 0.18550199454947927
116 57 0.522461642028402
116 94 0.5553995447150002
116 80 0.23906761272284907
116 81 0.444864217458383
116 95 0.22798779589507898
116 56 0.3756491990163977
116 68 0.697140417899419
116 54 0.27630523596697854
116 83 0.20702614519812
116 82 0.26282053849364373
116 55 0.3024158108486298
116 69 0.5129194624539877
116 51 0.15789115734263545
116 79 0.23885034127302576
116 86 0.1812184076070847
116 92 0.5617078206344538
116 93 0.512137082307629
116 87 0.5154826587468462
116 78 0.49462857624970624
116 50 0.22294416272619363
116 52 0.1497896553465878
116 46 0.34599410246728524
116 91 0.5124538777528509
116 85 0.4744225622671485
116 84 0.17862078733934791
116 90 0.4845795266672941
116 47 0.3336436285374139
116 53 0.1740856269100092
102 76 0.04216807751399776
102 62 0.0996955946642725
102 89 0.06431049298318309
102 88 0.16153691495876146
102 63 0.0905966968979284
102 77 0.03623060435129892
102 49 0.06508088496520323
102 61 0.03678823400177772
102 75 0.032666433913762324
102 74 0.05386907831108345
102 60 0.035703773875774725
102 48 0.06744006353171422
102 64 0.07325316622863551
102 70 0.15569140206189563
102 58 0.259009207983518
102 59 0.05460023419649898
102 71 0.08510475942161796
102 65 0.03581125572022471
102 73 0.034666922828336805
102 67 0.1529221282738501
102 66 0.1259835482356679
102 72 0.0431849120559811
102 57 0.211958844959889
102 94 0.18414812342963685
102 80 0.08899726387145243
102 81 0.14879885880699698
102 95 0.05760564754605818
102 56 0.11302828089426087
102 68 0.25210441012913754
102 54 0.08255322797213
102 83 0.05266622476305796
102 82 0.07841228888020588
102 55 0.09669839449489812
102 69 0.17721924425769534
102 51 0.03673676300769384
102 79 0.061564624429028325
102 86 0.04802911690957273
102 92 0.17769157893779505
102 93 0.16209211476663338
102 87 0.1669021253254208
102 78 0.15730404681872667
102 50 0.06324581087408598
102 52 0.025501806523215043
102 46 0.10824827382936014
102 91 0.16273048991240205
102 85 0.14889350721268638
102 84 0.04037469192430598
102 90 0.15153552676646337
102 47 0.10704174908382863
102 53 0.040794859223109686
106 76 0.08234750126435453
106 62 0.12735989439554218
106 89 0.09836063210101884
106 88 0.23529850781722753
106 63 0.12299655467817688
106 77 0.04891084459644984
106 49 0.09071846020194352
106 61 0.0664218543381945
106 75 0.05050116273303773
106 74 0.07221442909476497
106 60 0.060836598995193086
106 48 0.0933806161978935
106 64 0.1017082057980172
106 70 0.21114340324578032
106 58 0.2582546655457453
106 59 0.09571933780514444
106 71 0.10124349709894565
106 65 0.05571973553724424
106 73 0.05428682027822157
106 67 0.2122248399134287
106 66 0.19898520785473253
106 72 0.06787631658699048
106 57 0.25678984756998446
106 94 0.25751237133027194
106 80 0.10442008553468726
106 81 0.2042318093456242
106 95 0.08986169772865576
106 56 0.16640522465033908
106 68 0.3401239837476996
106 54 0.11276671753098033
106 83 0.0766673303729794
106 82 0.11149080163533259
106 55 0.13219163933440456
106 69 0.24240682713484354
106 51 0.05496290514220892
106 79 0.09062710162358581
106 86 0.06845295267927798
106 92 0.2592952207768673
106 93 0.23411657772750463
106 87 0.23776266017058226
106 78 0.23014519003028425
106 50 0.09161118669042217
106 52 0.04702364196600206
106 46 0.1480250586339099
106 91 0.23622506466633034
106 85 0.21150440785686855
106 84 0.06293666604443338
106 90 0.21749419238956183
106 47 0.1460405074574985
106 53 0.06297226875116921
112 76 0.1600785088183897
112 62 0.2295296857763506
112 89 0.18485866215324046
112 88 0.38084959556381914
112 63 0.21645097765111274
112 77 0.10424384361230801
112 49 0.16461649716494914
112 61 0.13420990942264566
112 75 0.11638664005833235
112 74 0.15558715062221423
112 60 0.12750277355840042
112 48 0.17020183774915923
112 64 0.18529798058140748
112 70 0.3576556470051775
112 58 0.4617357988588824
112 59 0.18153405969409567
112 71 0.1848026529165874
112 65 0.12294737414671153
112 73 0.11926262750439007
112 67 0.3429526292324844
112 66 0.32199036425189975
112 72 0.142455709587273
112 57 0.40320447225573774
112 94 0.4015465861367964
112 80 0.18803587029216637
112 81 0.3445543923633183
112 95 0.1757448220464252
112 56 0.28124820462930833
112 68 0.534526162798407
112 54 0.2016318991985381
112 83 0.1509833108101285
112 82 0.1935983102519018
112 55 0.24603715609249224
112 69 0.4118175415827362
112 51 0.11717929458279819
112 79 0.17406480423229062
112 86 0.13042163253970396
112 92 0.41468083024139235
112 93 0.3794900070885143
112 87 0.3858253267494519
112 78 0.3830975152916001
112 50 0.16790236047101986
112 52 0.10912870324544541
112 46 0.2538103707554832
112 91 0.3785958655065449
112 85 0.35241994968141854
112 84 0.13533673504301102
112 90 0.35602031027599035
112 47 0.24394641172769646
112 53 0.1264815278915757
113 76 0.16902962660529602
113 62 0.27658357507986064
113 89 0.2278044074927925
113 88 0.4974747071885174
113 63 0.3023060663828757
113 77 0.14467920165342363
113 49 0.21136120143518614
113 61 0.15446963911192624
113 75 0.13561163680754598
113 74 0.18229844329179304
113 60 0.15126136202771143
113 48 0.23067753458902626
113 64 0.25918745631162454
113 70 0.42382759413408266
113 58 0.4696588462256057
113 59 0.19821101768274832
113 71 0.22941636643922883
113 65 0.14540623228517005
113 73 0.14335959092922046
113 67 0.4423014965052644
113 66 0.4003091874261844
113 72 0.16106971712503354
113 57 0.5070943853154147
113 94 0.5500699405314008
113 80 0.23636843597016724
113 81 0.42667669712849887
113 95 0.20124842668979068
113 56 0.3463882469296985
113 68 0.6555536332351236
113 54 0.2842769843580698
113 83 0.19130808008430553
113 82 0.253859226602952
113 55 0.2831355431974284
113 69 0.46842027396508124
113 51 0.13946748347823923
113 79 0.22012153877088333
113 86 0.1664408717908937
113 92 0.5391352798447063
113 93 0.49433088335909703
113 87 0.502820111085768
113 78 0.4497396819212761
113 50 0.2025736847421439
113 52 0.11750556489001251
113 46 0.35047556737174335
113 91 0.4921707316156434
113 85 0.45426423030401974
113 84 0.15815316287577721
113 90 0.4656871535290408
113 47 0.34368139475378034
113 53 0.15472173985215776
107 76 0.04616392717134349
107 62 0.049909825392865176
107 89 0.0425833705730016
107 88 0.12892960918185942
107 63 0.03882781495126841
107 77 0.011657095520193922
107 49 0.04120738975190094
107 61 0.029648355560696962
107 75 0.013498070715805943
107 74 0.023669865947596333
107 60 0.023815840473968272
107 48 0.034203793972642796
107 64 0.03294551373246714
107 70 0.10281191598429584
107 58 0.08278283204814096
107 59 0.0506888171905823
107 71 0.04795162067831907
107 65 0.019465637693845947
107 73 0.01636776178984195
107 67 0.12100684498841616
107 66 0.12311264369740943
107 72 0.01946394182334106
107 57 0.13277186784299352
107 94 0.14029523137956768
107 80 0.050887643257692045
107 81 0.09919427926716176
107 95 0.04370696334133002
107 56 0.10614140600587066
107 68 0.20745006721805034
107 54 0.03706999994005651
107 83 0.029528020619616152
107 82 0.04076445860229984
107 55 0.05325736672778955
107 69 0.12282713451310448
107 51 0.021578561476032654
107 79 0.040457644914596774
107 86 0.031323693156927845
107 92 0.14555370929828332
107 93 0.13152026869276764
107 87 0.127804212582814
107 78 0.12541236096437183
107 50 0.04640980597043648
107 52 0.017645500132826133
107 46 0.05931049964511101
107 91 0.13738542439737822
107 85 0.11355795949942285
107 84 0.016262815215891957
107 90 0.11836609450283511
107 47 0.05926956701709077
107 53 0.024423099452465402
139 76 0.10914026313705702
139 62 0.13416138625682547
139 89 0.11469156862203275
139 88 0.2692680291733912
139 63 0.13549805655961733
139 77 0.06993497878189717
139 49 0.11165793313217098
139 61 0.08647241335722342
139 75 0.061803228533073545
139 74 0.07836530655951512
139 60 0.07662521538228345
139 48 0.11116279066795356
139 64 0.11724613999505301
139 70 0.23097402373117618
139 58 0.20447273825571352
139 59 0.11908757947860982
139 71 0.11521049736536665
139 65 0.06584627516822966
139 73 0.06756124166521882
139 67 0.24772568872330106
139 66 0.24352879226839882
139 72 0.08017279238613706
139 57 0.2760537531261331
139 94 0.3040366381479893
139 80 0.11946399803673627
139 81 0.22140376518000246
139 95 0.10888504699162685
139 56 0.18954578293611943
139 68 0.3800526694046408
139 54 0.1275320076168326
139 83 0.09272631820969054
139 82 0.12932433748953803
139 55 0.12818909122984073
139 69 0.2535736279551002
139 51 0.07085996293203783
139 79 0.11129862445267044
139 86 0.08833343057953455
139 92 0.3025697598935505
139 93 0.2706027570835633
139 87 0.2705218599957874
139 78 0.2565355441449805
139 50 0.11085169640131465
139 52 0.0650231690330158
139 46 0.16768772932385495
139 91 0.2768972685126083
139 85 0.24607673001928457
139 84 0.07480137276275398
139 90 0.254358557632556
139 47 0.16704622715652126
139 53 0.08056937603157693
111 76 0.35062754680650843
111 62 0.41336732085840855
111 89 0.36194872544194234
111 88 0.6975662771317396
111 63 0.39227686350500246
111 77 0.2175636529361518
111 49 0.323830109320565
111 61 0.2939602759001352
111 75 0.23882415622140832
111 74 0.300477505040018
111 60 0.27212871533444094
111 48 0.3283223297800649
111 64 0.3461852507502329
111 70 0.6416070904488278
111 58 0.6916131583660261
111 59 0.3901142875988255
111 71 0.3267935315221663
111 65 0.2583717989411676
111 73 0.24821682540119852
111 67 0.6283885667084814
111 66 0.638698066709399
111 72 0.28132848456376824
111 57 0.6966171499980437
111 94 0.7328678184123394
111 80 0.3297813920546592
111 81 0.6313039983185577
111 95 0.350661546242653
111 56 0.5436476373383574
111 68 0.9509379856266175
111 54 0.3693473281039945
111 83 0.29931294585759927
111 82 0.36414896600173496
111 55 0.4388210735953957
111 69 0.732080589059802
111 51 0.2448490468960964
111 79 0.3556814424698316
111 86 0.26864862436321835
111 92 0.7702750379804154
111 93 0.6975297905292634
111 87 0.6926915169838788
111 78 0.7101364667699538
111 50 0.3317307608556238
111 52 0.24917735486651157
111 46 0.46317696604185543
111 91 0.6961730190633062
111 85 0.6572734880744961
111 84 0.2706931067598978
111 90 0.6621907522118599
111 47 0.4457018290806871
111 53 0.25650196236731737
105 76 0.15342178710663168
105 62 0.18156249983092645
105 89 0.15526615556480677
105 88 0.32433630573226624
105 63 0.17320308807538395
105 77 0.10846037209125853
105 49 0.1665883421637491
105 61 0.13308476100250763
105 75 0.09986388775798591
105 74 0.12087543105782603
105 60 0.12115275542958728
105 48 0.15440684590582587
105 64 0.1522961176035622
105 70 0.2824573536009414
105 58 0.2588761329975481
105 59 0.17315608655543938
105 71 0.1860542870243527
105 65 0.10635496107784143
105 73 0.106242725540208
105 67 0.31347470240790787
105 66 0.30563106205239987
105 72 0.11794396183589764
105 57 0.35487172390551536
105 94 0.3677073916926553
105 80 0.1924290048297901
105 81 0.273479358289337
105 95 0.1560217237696645
105 56 0.25140891828634926
105 68 0.4685189667138896
105 54 0.16157780933878219
105 83 0.13571629630090962
105 82 0.1709539614570856
105 55 0.16974962296966797
105 69 0.316567636168422
105 51 0.11670108645275507
105 79 0.1547407947560506
105 86 0.13930293253452417
105 92 0.36460048784048915
105 93 0.33022319261025734
105 87 0.32463221973195044
105 78 0.3194665101100862
105 50 0.1686739515772029
105 52 0.1069786660044742
105 46 0.2083103581675845
105 91 0.3373716081767153
105 85 0.3076238875877464
105 84 0.11340019657548417
105 90 0.3130156117317596
105 47 0.209895580223904
105 53 0.12419664722742477
104 76 0.0653218189155684
104 62 0.15021767139611528
104 89 0.10242989580701403
104 88 0.24100378728336266
104 63 0.14248989651219773
104 77 0.054322430080663536
104 49 0.09149200547505104
104 61 0.05648085022203522
104 75 0.05468982558982202
104 74 0.08437055506781904
104 60 0.05733194332798622
104 48 0.10227974322654496
104 64 0.1160549271801368
104 70 0.22879088313211896
104 58 0.38407333472606764
104 59 0.0772232426551549
104 71 0.11215946188963336
104 65 0.061286739394701806
104 73 0.05722086480968089
104 67 0.21729516816374247
104 66 0.18148251394020912
104 72 0.07100886449847701
104 57 0.2982255406055552
104 94 0.26542522615555475
104 80 0.11620432324085431
104 81 0.22309396314122246
104 95 0.08432973478365532
104 56 0.16914227477046193
104 68 0.3542203509785452
104 54 0.1310908958452967
104 83 0.08126791200182182
104 82 0.12235814252893817
104 55 0.16176006320782604
104 69 0.2616138277646156
104 51 0.055823920295104495
104 79 0.09237276563340102
104 86 0.06941780181077406
104 92 0.25948044147163063
104 93 0.24021584546334837
104 87 0.24906393684664654
104 78 0.23058097959343257
104 50 0.09064559518397253
104 52 0.039618213103050595
104 46 0.16511519482400921
104 91 0.24035403100785732
104 85 0.21476547463856274
104 84 0.0658054605163447
104 90 0.222949557853466
104 47 0.16271297468363935
104 53 0.06391469628274779
110 76 0.07724528455055091
110 62 0.14359260332966595
110 89 0.11325466633390568
110 88 0.27762895709013014
110 63 0.15517761173090552
110 77 0.053016000931135704
110 49 0.09821669923767032
110 61 0.06376148136242529
110 75 0.0584128811252041
110 74 0.08867810659858383
110 60 0.06400895412988936
110 48 0.1073179154622875
110 64 0.12614120516251268
110 70 0.23735542921398392
110 58 0.2832254438668762
110 59 0.09041517949521485
110 71 0.12261297103211166
110 65 0.060465453177450695
110 73 0.05974597226239528
110 67 0.24123376055831472
110 66 0.20896398882663306
110 72 0.07903911527575819
110 57 0.27300338219796083
110 94 0.2993067262485085
110 80 0.12653537268420698
110 81 0.23130259635121223
110 95 0.09939973063982882
110 56 0.18003846246988844
110 68 0.3760297250063245
110 54 0.14171794502946766
110 83 0.0884004358333807
110 82 0.12613572719179955
110 55 0.16114407905910444
110 69 0.2757468394110568
110 51 0.05748207032033964
110 79 0.09913987027273338
110 86 0.06948746456246918
110 92 0.29899246939011825
110 93 0.2765148747682946
110 87 0.28518347590543713
110 78 0.2555031998560452
110 50 0.09805686811995593
110 52 0.04143916680708479
110 46 0.18131980509193216
110 91 0.27536555798451046
110 85 0.25006909323401205
110 84 0.07384444522644235
110 90 0.25599335154785285
110 47 0.175206363292601
110 53 0.06959014480014941
138 76 0.221970793914838
138 62 0.24500221144601111
138 89 0.2260035522264082
138 88 0.47131090718523894
138 63 0.24441087645353168
138 77 0.15006056953291408
138 49 0.21499167446594944
138 61 0.1840083859502694
138 75 0.14078070337409826
138 74 0.1654511262926543
138 60 0.16607439137765673
138 48 0.21333774930832947
138 64 0.22195309661206028
138 70 0.4080986897772917
138 58 0.3065719912364552
138 59 0.2420051381887023
138 71 0.21202033937019224
138 65 0.14277414373001024
138 73 0.14960624355973748
138 67 0.4351951009236381
138 66 0.43782212448927527
138 72 0.1664315743438759
138 57 0.4492498656942904
138 94 0.5203548832051748
138 80 0.2175055145087094
138 81 0.38779701763371555
138 95 0.22029402640190357
138 56 0.3432256414483381
138 68 0.6422765991994032
138 54 0.23677791216683866
138 83 0.18882349890059777
138 82 0.23613443153635535
138 55 0.23240787085401995
138 69 0.4441019581206104
138 51 0.15287705704066387
138 79 0.22144656644233837
138 86 0.17548122509824113
138 92 0.5262213444388149
138 93 0.4728702651811201
138 87 0.47441518710830877
138 78 0.45722282050953844
138 50 0.21452547851458573
138 52 0.1467209330120703
138 46 0.3013450271174536
138 91 0.48313862536748287
138 85 0.43444482077744895
138 84 0.15983477289054124
138 90 0.4461826766551076
138 47 0.29655491619105223
138 53 0.16677373212061813
140 76 0.11379438889687013
140 62 0.1251592240711775
140 89 0.10763099361278919
140 88 0.24556260719028314
140 63 0.11410625142234757
140 77 0.05587612299992764
140 49 0.09727764829900654
140 61 0.08374806157322068
140 75 0.05938027337755697
140 74 0.08104083049825248
140 60 0.07343556687991534
140 48 0.09469237834794575
140 64 0.09825706252144153
140 70 0.2225173059442561
140 58 0.22200472061412987
140 59 0.12093206413790542
140 71 0.10155615453326627
140 65 0.06505366972621587
140 73 0.06308358589484664
140 67 0.22571943955986498
140 66 0.23172412651900234
140 72 0.07632551377120633
140 57 0.2531268683311496
140 94 0.2681479365274859
140 80 0.1043222805065018
140 81 0.2137338497301637
140 95 0.10607288629476261
140 56 0.18159365994695323
140 68 0.35903779170731875
140 54 0.10651719479019803
140 83 0.08261104360153732
140 82 0.11145525451439953
140 55 0.1309983139765535
140 69 0.25146108924271215
140 51 0.06750146772739227
140 79 0.10545423733937759
140 86 0.0789149864266582
140 92 0.27922339405155117
140 93 0.24947563372333012
140 87 0.246211804938236
140 78 0.24937164906653245
140 50 0.10317053477835259
140 52 0.06311970161719843
140 46 0.1419801836123219
140 91 0.2556512814146076
140 85 0.23069749972114625
140 84 0.07006213768627431
140 90 0.2358750288469628
140 47 0.13968088999261807
140 53 0.07127122301935968
135 76 0.09969238616032039
135 62 0.205369778073462
135 89 0.16002049531466037
135 88 0.3817918065494529
135 63 0.23810584650841946
135 77 0.12013338663788584
135 49 0.17201487797118145
135 61 0.10257510176098436
135 75 0.08631370851796843
135 74 0.105958935883882
135 60 0.0996937254307163
135 48 0.18374044105008083
135 64 0.20001329848024144
135 70 0.3059587939234326
135 58 0.3086058110677956
135 59 0.12325514377385677
135 71 0.18879267669863006
135 65 0.09220325627287765
135 73 0.09691532511791107
135 67 0.3511633405853757
135 66 0.29863593357069984
135 72 0.10888772583731515
135 57 0.41842101142790233
135 94 0.4547701177532816
135 80 0.1978004267951006
135 81 0.3025361368645092
135 95 0.12912734215131078
135 56 0.2541285427347354
135 68 0.5083818421161578
135 54 0.22109585223949632
135 83 0.14331063014527332
135 82 0.20736733611239375
135 55 0.18256308478534075
135 69 0.3284297291971724
135 51 0.0941747760767854
135 79 0.15249267254972135
135 86 0.12972590580012378
135 92 0.4169980334083545
135 93 0.3805000768013431
135 87 0.3874619374473973
135 78 0.3246309645070562
135 50 0.15346828411482005
135 52 0.07537927854769513
135 46 0.2806292511384796
135 91 0.37968912610327843
135 85 0.3413177661618424
135 84 0.10737534332212384
135 90 0.35698060551520927
135 47 0.28262769458799286
135 53 0.11891851881857468
121 76 0.05709502798223831
121 62 0.11536118063848971
121 89 0.08696127961984512
121 88 0.23464828275119362
121 63 0.13189429641576414
121 77 0.05404960631525507
121 49 0.0931015127595115
121 61 0.053193051197500785
121 75 0.040105864263806315
121 74 0.061143892761689494
121 60 0.0511853290001687
121 48 0.09715819400182646
121 64 0.1065179291214147
121 70 0.1859802481299528
121 58 0.19168983590108377
121 59 0.0719044503128573
121 71 0.11353847352619398
121 65 0.045427585195059045
121 73 0.044974103987471314
121 67 0.21358530178394244
121 66 0.18528493403633586
121 72 0.055182506531715136
121 57 0.2553644969010327
121 94 0.2770620886100077
121 80 0.11941468978758263
121 81 0.18835774574761663
121 95 0.07395319346467735
121 56 0.15250194816977264
121 68 0.32395674617952996
121 54 0.11934475814589979
121 83 0.07298415638875938
121 82 0.11223428903684429
121 55 0.11192005220606788
121 69 0.20919751113161608
121 51 0.04855148100869455
121 79 0.08336071628169686
121 86 0.06800479150906469
121 92 0.2602756134229287
121 93 0.23733996704821428
121 87 0.23807736624098644
121 78 0.20468155045114747
121 50 0.0881303344671582
121 52 0.03161428728022955
121 46 0.15615677552941065
121 91 0.239194896354788
121 85 0.21339378715227772
121 84 0.05323259847792111
121 90 0.22205850154026294
121 47 0.15902243224231977
121 53 0.059631302728172714
109 76 0.0946387560265857
109 62 0.15098426810767834
109 89 0.1191751477125853
109 88 0.27793186847413975
109 63 0.14768572120580017
109 77 0.05431077398110512
109 49 0.10045119558190344
109 61 0.07480293638763211
109 75 0.06500781909840112
109 74 0.09999008766508291
109 60 0.07223187998442912
109 48 0.1073763362247474
109 64 0.12139913473455496
109 70 0.2508378776993123
109 58 0.31849632954243534
109 59 0.10972797980068416
109 71 0.12028612680070211
109 65 0.06923153948826966
109 73 0.06610568182620147
109 67 0.2428459283343272
109 66 0.22347725376976343
109 72 0.08475112598004503
109 57 0.28095943233566756
109 94 0.29215335331739845
109 80 0.12293698250372201
109 81 0.24543976143636795
109 95 0.11073589860065866
109 56 0.19380790057567962
109 68 0.38847289323747025
109 54 0.1354099382087755
109 83 0.09178633611616069
109 82 0.1248334643985089
109 55 0.17331825895438238
109 69 0.2944268004685793
109 51 0.0656740562903074
109 79 0.11046139329760732
109 86 0.07398777298886725
109 92 0.3023071867140369
109 93 0.2775091819790594
109 87 0.2837936362053868
109 78 0.2721002263993082
109 50 0.10454611250315829
109 52 0.05619054144891847
109 46 0.17686915177252346
109 91 0.277500295931156
109 85 0.2539688511562618
109 84 0.07949033568277472
109 90 0.2580063233466465
109 47 0.16941441010285727
109 53 0.07302313013452244
108 76 0.33065078316137897
108 62 0.44657618863831994
108 89 0.37580076962806064
108 88 0.7423823326728013
108 63 0.44735676705850713
108 77 0.2456916747142424
108 49 0.3524897948641077
108 61 0.2914557701844108
108 75 0.24524008943022438
108 74 0.30884918043030485
108 60 0.2755439341952256
108 48 0.3669919194657879
108 64 0.3898657594940933
108 70 0.6641765668105468
108 58 0.7538110996446714
108 59 0.3737052509511347
108 71 0.3632196415301161
108 65 0.2668524031990118
108 73 0.258333987138583
108 67 0.6720293976546228
108 66 0.6501607313556578
108 72 0.2864859111561946
108 57 0.7831915484473514
108 94 0.805067895716856
108 80 0.37033637545950293
108 81 0.6647780792392034
108 95 0.349102870921964
108 56 0.5644431973688661
108 68 0.9999999999999999
108 54 0.41973973975069634
108 83 0.3189779704326362
108 82 0.406809752634658
108 55 0.4566271576735901
108 69 0.7427538752247159
108 51 0.2557084417530827
108 79 0.3700225931205501
108 86 0.29293502914376146
108 92 0.8109933486799599
108 93 0.7385319688262467
108 87 0.7402262406867874
108 78 0.7181512867243449
108 50 0.3489352472988555
108 52 0.24384885115693536
108 46 0.5182374308377834
108 91 0.7376950499638898
108 85 0.6859015336723872
108 84 0.2775190114190512
108 90 0.6990967787158305
108 47 0.5105510804088202
108 53 0.2726261530693338
120 76 0.018541959598920743
120 62 0.062243964416243275
120 89 0.04394567338614422
120 88 0.1538532543853259
120 63 0.07441059581618956
120 77 0.018658785685586543
120 49 0.046189047524809596
120 61 0.017023202221278746
120 75 0.010100205839055187
120 74 0.03015304605030407
120 60 0.017569413938067296
120 48 0.04928307132134044
120 64 0.05780641559030525
120 70 0.11643271994039497
120 58 0.11871605362112919
120 59 0.0306877697822822
120 71 0.06534999335505923
120 65 0.012511285057252464
120 73 0.012343146829722013
120 67 0.13786538611539623
120 66 0.11402190471205417
120 72 0.017715994455586165
120 57 0.16113684903713082
120 94 0.18277046992607407
120 80 0.0698923941399347
120 81 0.11925776386690301
120 95 0.036329851850126285
120 56 0.09166893480017463
120 68 0.21865073495231177
120 54 0.06745313168923
120 83 0.033216054216480675
120 82 0.056105041330389294
120 55 0.0639567300012028
120 69 0.13359787913252982
120 51 0.016648415479933773
120 79 0.04247577453990094
120 86 0.028671533341889058
120 92 0.1720875892560866
120 93 0.15753834960721153
120 87 0.15948165994602145
120 78 0.12916697179175954
120 50 0.04437314909388704
120 52 0.0
120 46 0.09374056907912337
120 91 0.15987650383411178
120 85 0.14098507741537747
120 84 0.017192901518799306
120 90 0.1466630759109262
120 47 0.0932505306660597
120 53 0.021435404552076764
134 76 0.06539185269430908
134 62 0.151915819570539
134 89 0.11050299492268925
134 88 0.27761869367009373
134 63 0.16774557547173535
134 77 0.08481773305603146
134 49 0.1277946115939283
134 61 0.06985327015147863
134 75 0.058145424844100096
134 74 0.07089326556063574
134 60 0.0685634639053681
134 48 0.12929884957055474
134 64 0.13810838893673325
134 70 0.22709768805194966
134 58 0.25896153365197827
134 59 0.08108154198667783
134 71 0.1574256403315086
134 65 0.061166590559796646
134 73 0.06447712433213568
134 67 0.26351167700693456
134 66 0.21339816157782546
134 72 0.07890466501967683
134 57 0.32533928100499754
134 94 0.3390773218978903
134 80 0.16555751903928226
134 81 0.21596755542162052
134 95 0.08851242104563709
134 56 0.18187216207974152
134 68 0.3889550694522981
134 54 0.1535849356495684
134 83 0.10145401776336929
134 82 0.15150223376983044
134 55 0.13773701573366665
134 69 0.25133480891790017
134 51 0.06615224071855655
134 79 0.10031251526548127
134 86 0.0940231441650003
134 92 0.3067764556020087
134 93 0.28317111912427073
134 87 0.28694009876085946
134 78 0.2423502470000655
134 50 0.11714524859749198
134 52 0.048642664576755035
134 46 0.19985077893041184
134 91 0.28442300368326057
134 85 0.25237539441910606
134 84 0.07654005163439606
134 90 0.26526405693627464
134 47 0.20164015986298442
134 53 0.08828624836548998
122 76 0.07757101686304729
122 62 0.14771463110429808
122 89 0.11603707540024782
122 88 0.2836454193691277
122 63 0.16997508398336483
122 77 0.08080547976828661
122 49 0.12897218053497297
122 61 0.07573814532484885
122 75 0.06168153633340878
122 74 0.08745034339629376
122 60 0.0750134904265875
122 48 0.12951814019774055
122 64 0.1376157903611903
122 70 0.2262873866094465
122 58 0.230327742851498
122 59 0.09508382110420438
122 71 0.1595468721598478
122 65 0.06602552822592692
122 73 0.06704068267143415
122 67 0.26733540224577046
122 66 0.2276809204356011
122 72 0.0766262149151995
122 57 0.3189602779288552
122 94 0.3383949191205011
122 80 0.16770220372797637
122 81 0.22966518346123335
122 95 0.09884842560334181
122 56 0.1897041960520647
122 68 0.3919527561375076
122 54 0.15238609775023312
122 83 0.10109577021559832
122 82 0.14596245161507376
122 55 0.14288061376771088
122 69 0.2501965616545899
122 51 0.07576897943588523
122 79 0.1107835932287623
122 86 0.10226034758601893
122 92 0.31379040798175983
122 93 0.28884764084733816
122 87 0.29039170122202795
122 78 0.2460553698798593
122 50 0.12416969176593462
122 52 0.04978963282842161
122 46 0.19556485410172494
122 91 0.29182314420629785
122 85 0.2667529235306798
122 84 0.07638145333488908
122 90 0.27519545437157555
122 47 0.19868095683725842
122 53 0.08649664533868742
136 76 0.058750473607350695
136 62 0.10770270164171405
136 89 0.08067813158175255
136 88 0.22145625060585403
136 63 0.12346410640457747
136 77 0.041015442223271206
136 49 0.08337576023734414
136 61 0.049506103492274994
136 75 0.03259116168583841
136 74 0.054485225856528235
136 60 0.04481571261467336
136 48 0.08992580031729758
136 64 0.09705621247945989
136 70 0.17450467946305112
136 58 0.1805101032110394
136 59 0.0745543484746454
136 71 0.08930359540378852
136 65 0.04256129932972527
136 73 0.03971189833216848
136 67 0.1964378708410137
136 66 0.18361501709029746
136 72 0.04674645477474229
136 57 0.246520021205311
136 94 0.25522401572564446
136 80 0.0938373926552318
136 81 0.18626239516481521
136 95 0.0674800488859047
136 56 0.15254750020672592
136 68 0.30751646234781516
136 54 0.10920099471387212
136 83 0.06346238007882174
136 82 0.10638530727956158
136 55 0.10383376920312098
136 69 0.19587295418856007
136 51 0.0421157777750501
136 79 0.0802206709492845
136 86 0.06252321722990856
136 92 0.24373542482774366
136 93 0.21720723425946967
136 87 0.21765643398114956
136 78 0.19439391429259964
136 50 0.0785033674181208
136 52 0.031017863358560965
136 46 0.14421074646551166
136 91 0.21866843511880443
136 85 0.1929374112980781
136 84 0.04333932826854538
136 90 0.20117734143732782
136 47 0.15154600273246366
136 53 0.04979580121087726
137 76 0.3457850863657248
137 62 0.3132733136764895
137 89 0.3008612231330141
137 88 0.5756669989619118
137 63 0.2846419964250404
137 77 0.18296689860726986
137 49 0.2772015295318023
137 61 0.2799351495725234
137 75 0.19605691306706965
137 74 0.23781073547118778
137 60 0.24532400295652615
137 48 0.26339419397710284
137 64 0.2625230797123185
137 70 0.5186820913374095
137 58 0.3947531650207393
137 59 0.38206564492536776
137 71 0.24922080690720136
137 65 0.21857333206849974
137 73 0.2089065017361396
137 67 0.5283913038889424
137 66 0.5966100918360306
137 72 0.2279823444624096
137 57 0.5460515209480352
137 94 0.6112986046021076
137 80 0.25043503858627825
137 81 0.5158242248010445
137 95 0.30983142213075887
137 56 0.4724868161945883
137 68 0.7977223377067538
137 54 0.2725099878975499
137 83 0.24589372707829057
137 82 0.2863868359424939
137 55 0.31666948479308854
137 69 0.5858387262807144
137 51 0.21559607390307936
137 79 0.3137921347633963
137 86 0.23785710741951557
137 92 0.6593121566460185
137 93 0.5816290317083372
137 87 0.5571057914037537
137 78 0.6060895031907215
137 50 0.28955364876578193
137 52 0.23920210918211418
137 46 0.35375469385968783
137 91 0.5881400510018968
137 85 0.5583762188684901
137 84 0.21955073507560088
137 90 0.5595938516520728
137 47 0.34153880872148157
137 53 0.21689686292444818
123 76 0.08125675669438184
123 62 0.15824872528169645
123 89 0.12058186029555448
123 88 0.2991606245042435
123 63 0.17508132963278503
123 77 0.09622584981641816
123 49 0.14158596802860146
123 61 0.08310305325409584
123 75 0.06851270465601253
123 74 0.08533883560312397
123 60 0.0812210754456675
123 48 0.1409891328877829
123 64 0.14773710007583785
123 70 0.23940423405187947
123 58 0.2437221112854905
123 59 0.09654424393635952
123 71 0.17612250792308984
123 65 0.07064422296743672
123 73 0.07445986173284627
123 67 0.28542541893819073
123 66 0.2380957892278515
123 72 0.08640286743996672
123 57 0.34335847939484754
123 94 0.3632882522072206
123 80 0.18547410638903325
123 81 0.23240072842883416
123 95 0.1058439848372002
123 56 0.19713678265995835
123 68 0.415823721138738
123 54 0.16295449697163086
123 83 0.1110236448981706
123 82 0.16146851725249625
123 55 0.14317349621146813
123 69 0.26086390200645004
123 51 0.08265510435837611
123 79 0.11402125543786767
123 86 0.11062434214587036
123 92 0.3294684717549754
123 93 0.3053970273118858
123 87 0.30980342985210996
123 78 0.25804786804976165
123 50 0.13433232305444268
123 52 0.05564747074677964
123 46 0.2077670745282292
123 91 0.31303204917767846
123 85 0.26983665142426105
123 84 0.08482872246328954
123 90 0.2851484587076272
123 47 0.21432072708607317
123 53 0.09936708973085956
127 76 0.29469622730586065
127 62 0.3653276286070497
127 89 0.3199899424025957
127 88 0.652378989869225
127 63 0.37409075652740664
127 77 0.22664599738071775
127 49 0.32284830966672806
127 61 0.26174518734751606
127 75 0.2091990456286312
127 74 0.2562833905188505
127 60 0.24430158237728974
127 48 0.3216303362373515
127 64 0.3302250769233843
127 70 0.5552775205680895
127 58 0.5017519795486334
127 59 0.33203657755331084
127 71 0.340442221143465
127 65 0.22086120139903517
127 73 0.22153695744360827
127 67 0.6019069345677993
127 66 0.5879846330975399
127 72 0.2432059636339495
127 57 0.6707513855019259
127 94 0.7256315426109158
127 80 0.349962972383678
127 81 0.5546637098717463
127 95 0.3109860651087838
127 56 0.4861995087330485
127 68 0.8758414547503333
127 54 0.35313655538249744
127 83 0.2776094965754936
127 82 0.3543565678900352
127 55 0.3580313639018978
127 69 0.6125318385522612
127 51 0.2341988783816921
127 79 0.3202474863616823
127 86 0.27200775266313937
127 92 0.7182792483205677
127 93 0.6537628499194866
127 87 0.6539423742832385
127 78 0.6176052588256202
127 50 0.32200633511706245
127 52 0.21507257635718777
127 46 0.4426537878805399
127 91 0.6661668513961755
127 85 0.6008690877861701
127 84 0.23618645020714987
127 90 0.6176588784441315
127 47 0.44412681170766355
127 53 0.2482143978554043
133 76 0.05050023662349748
133 62 0.16403492409292567
133 89 0.11208891523808051
133 88 0.2998461331842106
133 63 0.20610736872989713
133 77 0.0799640505077637
133 49 0.1326674248446891
133 61 0.06122935344629532
133 75 0.05117580966509991
133 74 0.07530734104522263
133 60 0.06258678947429308
133 48 0.14729478836564786
133 64 0.16107721644428677
133 70 0.22558291722166565
133 58 0.27506982076124564
133 59 0.07329410860329538
133 71 0.1551638683026369
133 65 0.06516730603471341
133 73 0.06228151833373269
133 67 0.2725133561841996
133 66 0.21969899102690757
133 72 0.06974878646470684
133 57 0.3693337104490625
133 94 0.36818802624071534
133 80 0.16435989760849978
133 81 0.24634227058261418
133 95 0.07853153599689394
133 56 0.1978638174762268
133 68 0.4004831672243203
133 54 0.18146070214125684
133 83 0.10079776809953206
133 82 0.1717111634342902
133 55 0.14722906701860242
133 69 0.24541604180292784
133 51 0.06292679599173737
133 79 0.1078395205848568
133 86 0.10024801193067184
133 92 0.32326291485374925
133 93 0.29492116044260674
133 87 0.2982318864796265
133 78 0.23707128774796157
133 50 0.11517350662621367
133 52 0.03615883257026148
133 46 0.22681562107093248
133 91 0.29188655514536943
133 85 0.2595160189499919
133 84 0.0679649097773686
133 90 0.2745043676926081
133 47 0.24231498782059366
133 53 0.08137764913899978
132 76 0.20001178021228658
132 62 0.31548475847746094
132 89 0.2663193610161687
132 88 0.5811773236753885
132 63 0.35466143170669195
132 77 0.18923272378155906
132 49 0.2638768331559944
132 61 0.1880362452214214
132 75 0.158912847476802
132 74 0.1937135938007202
132 60 0.17993987051151836
132 48 0.2813015500781918
132 64 0.30685403509743425
132 70 0.4785918688076217
132 58 0.4452276716717385
132 59 0.2333884976409958
132 71 0.27431017070674313
132 65 0.16619139602378027
132 73 0.17195224738685091
132 67 0.5245030612423747
132 66 0.4767707383735722
132 72 0.190877865552552
132 57 0.587600015816038
132 94 0.6596358400001495
132 80 0.28377617714582803
132 81 0.4740731906726501
132 95 0.23429706446858464
132 56 0.4007430541731476
132 68 0.7555132291006592
132 54 0.33459363423141164
132 83 0.23187250804188306
132 82 0.3113360657620041
132 55 0.2971810124902404
132 69 0.5165765107057366
132 51 0.16726885829485136
132 79 0.25744391783134357
132 86 0.20754675090778849
132 92 0.6312604534757565
132 93 0.5749730637005067
132 87 0.5857993388828571
132 78 0.5142111762552535
132 50 0.2450258970644086
132 52 0.14886874670852207
132 46 0.4178869621765344
132 91 0.5753797191280001
132 85 0.5224481495556614
132 84 0.18788004552600243
132 90 0.5403047218310044
132 47 0.41435016759017296
132 53 0.19487255964544128
126 76 0.07729321841095732
126 62 0.14131238469677415
126 89 0.10731613696874706
126 88 0.2675117785811546
126 63 0.1588661158409888
126 77 0.08156831523104618
126 49 0.12643884613823247
126 61 0.07793633125767407
126 75 0.059395144650390086
126 74 0.08229577054833867
126 60 0.07775274878837196
126 48 0.12267101506544403
126 64 0.13235603595246764
126 70 0.21603317791762552
126 58 0.22243105952942946
126 59 0.09227150281097665
126 71 0.16427483790074981
126 65 0.06528499371716248
126 73 0.06407825734032147
126 67 0.2587339266227161
126 66 0.21946282836044675
126 72 0.07610205298386638
126 57 0.30927034774311024
126 94 0.3362228143003648
126 80 0.17292258590864004
126 81 0.21651941275443506
126 95 0.09126439193433178
126 56 0.17779660993182247
126 68 0.378218643860774
126 54 0.1451579705233331
126 83 0.09675791656584842
126 82 0.13803985562099205
126 55 0.13667275803591036
126 69 0.2411416047067357
126 51 0.07480319129262955
126 79 0.10523803539622703
126 86 0.0979405308216138
126 92 0.31058862609249516
126 93 0.2877286301547909
126 87 0.27723995737142604
126 78 0.23723773818454671
126 50 0.12410983897940536
126 52 0.04722167651428888
126 46 0.18205153159733686
126 91 0.2905062257721017
126 85 0.2692245383290265
126 84 0.06919210877840581
126 90 0.2790149030524043
126 47 0.18494532388820376
126 53 0.08568583540613162
118 76 0.028054585791993172
118 62 0.11842180827024804
118 89 0.07621006174924036
118 88 0.21921355806438816
118 63 0.1350275981801128
118 77 0.05116024947597489
118 49 0.0865862138370607
118 61 0.03362426254070193
118 75 0.03312402237823238
118 74 0.05834836613238131
118 60 0.03737475461753656
118 48 0.0955706750993307
118 64 0.1055135256622022
118 70 0.17547774528371327
118 58 0.25252827766228747
118 59 0.04339677471425686
118 71 0.11632968192520052
118 65 0.03613147245838304
118 73 0.03716472164530056
118 67 0.19850165249309268
118 66 0.1504252237168338
118 72 0.0468783150094563
118 57 0.26889063247582035
118 94 0.2615352278802462
118 80 0.12328113878484714
118 81 0.18050252136147196
118 95 0.0596859105056764
118 56 0.13651983506127716
118 68 0.3057528189171147
118 54 0.12107885914009447
118 83 0.06604754870694682
118 82 0.11253824929133513
118 55 0.1166482137498917
118 69 0.1961145166943292
118 51 0.042692472676818236
118 79 0.07134864000279897
118 86 0.06306557961327316
118 92 0.2340069874185727
118 93 0.218158824828088
118 87 0.2281371923302649
118 78 0.17998790047403637
118 50 0.0797783188654857
118 52 0.01751334415181839
118 46 0.15707281358530137
118 91 0.22161111896414756
118 85 0.18839923963766395
118 84 0.04436313151715986
118 90 0.2002167759366075
118 47 0.16278963369262417
118 53 0.05304283639686683
130 76 0.06077743876202524
130 62 0.11478489319972479
130 89 0.09296202946757814
130 88 0.24756179685184346
130 63 0.13397357680951275
130 77 0.051064379659521736
130 49 0.08657171442188019
130 61 0.054699805960957165
130 75 0.04062350906192558
130 74 0.06443583318113605
130 60 0.052086871801563905
130 48 0.0960859913590931
130 64 0.11274499704573465
130 70 0.19847465520677074
130 58 0.18848786045915197
130 59 0.0785955747294933
130 71 0.09455070069883847
130 65 0.04534406216314692
130 73 0.045552239526141125
130 67 0.21742416429219188
130 66 0.19564189260984263
130 72 0.05347217269268309
130 57 0.2422307218206419
130 94 0.2818973425744542
130 80 0.09889176216916035
130 81 0.20018887706576047
130 95 0.07963756003684899
130 56 0.15919835472324295
130 68 0.3320920656088545
130 54 0.12623158664864378
130 83 0.07401420259083305
130 82 0.1060014676202049
130 55 0.11322228204649787
130 69 0.2188378667017523
130 51 0.0443348127201494
130 79 0.09107496028681245
130 86 0.06076124113029141
130 92 0.2734958625072291
130 93 0.2470077793696813
130 87 0.25025149859831775
130 78 0.21499576484808766
130 50 0.08001242378373413
130 52 0.03306554025355342
130 46 0.16447630504299784
130 91 0.24655497735071255
130 85 0.22563826186233285
130 84 0.053407773020284904
130 90 0.23202538522799268
130 47 0.1592046110408738
130 53 0.0532023942021457
124 76 0.06620899659062945
124 62 0.1373877762038306
124 89 0.10678771403900081
124 88 0.27799219507241724
124 63 0.15753631575900115
124 77 0.07905381493150795
124 49 0.11975581441018571
124 61 0.06675813464602873
124 75 0.056223938976364296
124 74 0.07872321991328154
124 60 0.06663704583488492
124 48 0.12320289090866268
124 64 0.13250047315472105
124 70 0.21728512401388447
124 58 0.20889774013780396
124 59 0.08308851965485128
124 71 0.1487561553281806
124 65 0.05446459528535397
124 73 0.060751235816092236
124 67 0.2564093817323032
124 66 0.21391206731725018
124 72 0.07060152425390226
124 57 0.299381447336475
124 94 0.32835843731025927
124 80 0.1568664564580256
124 81 0.21497087658942246
124 95 0.09724978544653068
124 56 0.17455698586769977
124 68 0.3767779145900454
124 54 0.1475617648608079
124 83 0.0940785495832
124 82 0.13888576645726125
124 55 0.12770921109785924
124 69 0.23535432872501574
124 51 0.07025934874064571
124 79 0.10205137259286948
124 86 0.09254462602635
124 92 0.30124757011040304
124 93 0.2789615947095666
124 87 0.28949314005960547
124 78 0.23325986842988197
124 50 0.11408703397662143
124 52 0.041964510028926205
124 46 0.1895373951877408
124 91 0.2881983101111256
124 85 0.24455391773331822
124 84 0.06883143686593224
124 90 0.258226727306333
124 47 0.19371156482982013
124 53 0.08100993672546453
125 76 0.07832247928168237
125 62 0.15042340650720012
125 89 0.11841039443657625
125 88 0.29347518725417354
125 63 0.16919897218107327
125 77 0.08015101580245901
125 49 0.1274364057532811
125 61 0.07594588280884709
125 75 0.06361811104224571
125 74 0.08640105298992196
125 60 0.07529739668120566
125 48 0.1307971488216586
125 64 0.14130511553002945
125 70 0.23128542300782065
125 58 0.2346323124987594
125 59 0.09484919693559518
125 71 0.15430922906302855
125 65 0.0684707853251478
125 73 0.06928488908255737
125 67 0.2710569723773888
125 66 0.2311481581000717
125 72 0.07816718400315309
125 57 0.3186182087295387
125 94 0.34178914584049136
125 80 0.1621194015577697
125 81 0.23216138130171124
125 95 0.10316411269010115
125 56 0.20087061966630068
125 68 0.40262786082016055
125 54 0.15668813997455108
125 83 0.10311037882902477
125 82 0.14697387424676925
125 55 0.14516570609330062
125 69 0.256247544616407
125 51 0.07458675975649307
125 79 0.11154176453491874
125 86 0.0994097172770366
125 92 0.3187485804143185
125 93 0.2953466768293269
125 87 0.29995494775277276
125 78 0.2513190979735971
125 50 0.12197448991322077
125 52 0.04902609392953461
125 46 0.1989353740644413
125 91 0.2995782945316855
125 85 0.26241314081032463
125 84 0.07608409458949844
125 90 0.27435516679105976
125 47 0.20221432886980414
125 53 0.08658214169189343
131 76 0.14525776252095124
131 62 0.26405107652121107
131 89 0.21235478563417695
131 88 0.48124260047657275
131 63 0.3046112235888213
131 77 0.1277027896027918
131 49 0.1982679648263632
131 61 0.13648873925561716
131 75 0.12131760283574125
131 74 0.17278251316262852
131 60 0.13615888215487537
131 48 0.2229735120733574
131 64 0.25469030189074804
131 70 0.39620781380854764
131 58 0.45140417744865424
131 59 0.17718326754158378
131 71 0.2183472579607674
131 65 0.13509939947779426
131 73 0.12986044670645353
131 67 0.4188516736532615
131 66 0.37358715811943455
131 72 0.14610155356784474
131 57 0.4951208970862967
131 94 0.5311095356802843
131 80 0.22555624157011592
131 81 0.4152512855843987
131 95 0.1831738651618479
131 56 0.32853377553589647
131 68 0.6210985436510706
131 54 0.28144590969770966
131 83 0.17656845339637187
131 82 0.2473994310648107
131 55 0.27355576038849283
131 69 0.4398735341277069
131 51 0.12620402430243277
131 79 0.20496288543944077
131 86 0.15578270012301293
131 92 0.5145411593567814
131 93 0.47187074531809725
131 87 0.48192910590865223
131 78 0.4194755379760424
131 50 0.18769175610247715
131 52 0.0979541412809656
131 46 0.3431111291272445
131 91 0.46785520632805333
131 85 0.429775536756663
131 84 0.14363389465542054
131 90 0.4415722599484446
131 47 0.3432656536867378
131 53 0.13927082138984467
119 76 0.033316150311455
119 62 0.0748663127373575
119 89 0.05016653271358576
119 88 0.1532488660013986
119 63 0.07471202923273876
119 77 0.01118292897267395
119 49 0.04155608858074586
119 61 0.022018627557509843
119 75 0.01534430689165664
119 74 0.0406279193630619
119 60 0.02088235809374113
119 48 0.04742072578669748
119 64 0.05631091907270239
119 70 0.1330937985717174
119 58 0.19504720974336745
119 59 0.04317427088878345
119 71 0.05421693737853797
119 65 0.021706247183427813
119 73 0.017165392297377596
119 67 0.13113800420515717
119 66 0.11884128794243232
119 72 0.02664469010286885
119 57 0.1718972123340539
119 94 0.16584834907657034
119 80 0.05666184982903125
119 81 0.13801178926079885
119 95 0.043318712057873646
119 56 0.10279835957243788
119 68 0.22608101197221311
119 54 0.0658601961413966
119 83 0.03315030300330224
119 82 0.05929217597581707
119 55 0.08812588077517669
119 69 0.1582786035002435
119 51 0.019254933801783475
119 79 0.047757190455621074
119 86 0.02740875599856231
119 92 0.16795632127509266
119 93 0.15200775490624788
119 87 0.15468569455076034
119 78 0.14370549570683888
119 50 0.04369109268287244
119 52 0.010933244245923526
119 46 0.09116556609506118
119 91 0.15326892434319972
119 85 0.1354860734022787
119 84 0.02282813224190071
119 90 0.13956702283211675
119 47 0.0908803131137706
119 53 0.022152419486887967
