114 76 0.027470739115852114
114 62 0.1010620430373553
114 89 0.08307401010415749
114 88 0.2588182039143532
114 63 0.12485943251847727
114 77 0.019643138497130966
114 49 0.040584976225847655
114 61 0.005799047123973925
114 75 0.000341155506807951
114 74 0.031137780218310956
114 60 0.007244737274226062
114 48 0.08188185206584385
114 64 0.11981043218448838
114 70 0.253550932623486
114 58 0.341884672526139
114 59 0.024422723156132184
114 71 0.06814895034621793
114 65 0.00021996751595620712
114 73 0.001887253046779677
114 67 0.25062794874444727
114 66 0.20033199433198878
114 72 0.020326254224528908
114 57 0.25906700233533164
114 94 0.325848042686816
114 80 0.07434582025263235
114 81 0.21203445843737048
114 95 0.04743911264303997
114 56 0.15892477797913473
114 68 0.4489024500209008
114 54 0.1424282529664248
114 83 0.031610870344297964
114 82 0.05740516732091875
114 55 0.13715075824855075
114 69 0.3048497814249757
114 51 0.01663741190713141
114 79 0.0707543103028669
114 86 0.022019728962776437
114 92 0.34282762869957467
114 93 0.2913507250053171
114 87 0.2165297987238028
114 78 0.2658477926670619
114 50 0.03392753701858502
114 52 0.0006732283996379555
114 46 0.17356108178916385
114 91 0.2811985338102022
114 85 0.2842552184603592
114 84 0.014373938463850612
114 90 0.287343697048145
114 47 0.16350554736088208
114 53 0.01692626900486388
100 76 0.02233985803604442
100 62 0.06720769736271263
100 89 0.051231669204696996
100 88 0.15996493648343538
100 63 0.0750405986023365
100 77 0.021779315017944004
100 49 0.047874891483063106
100 61 0.007253884986521546
100 75 0.002214589094923804
100 74 0.019971571800443698
100 60 0.0064751397471701925
100 48 0.05339128361814454
100 64 0.06586966915545624
100 70 0.155813442511946
100 58 0.18616738241097505
100 59 0.02785043809941367
100 71 0.09040241502758167
100 65 0.0016135225877016196
100 73 0.0029769840748617247
100 67 0.18407568092709836
100 66 0.1364554906880594
100 72 0.013730094613316058
100 57 0.18728576265714303
100 94 0.22156781556716007
100 80 0.09925695526014566
100 81 0.11503737989705423
100 95 0.034444815717783996
100 56 0.10676255123246951
100 68 0.312830327300038
100 54 0.07626502059574253
100 83 0.02577754557542678
100 82 0.04058420100241197
100 55 0.08091671201902988
100 69 0.19052657462735462
100 51 0.024509516914937957
100 79 0.04640240849869167
100 86 0.03173327979076686
100 92 0.22096639398915674
100 93 0.19397596670107609
100 87 0.14243415555761826
100 78 0.17626919920154466
100 50 0.04762643322422357
100 52 0.0025719543980480975
100 46 0.10112972964963794
100 91 0.19942944090754994
100 85 0.1897014693215225
100 84 0.014134916290364976
100 90 0.19856158794120626
100 47 0.09956159663278213
100 53 0.02513894435841032
128 76 0.03637542940964674
128 62 0.08393711279321843
128 89 0.08006896462981242
128 88 0.25412168046599715
128 63 0.12150852369070012
128 77 0.027006925944644575
128 49 0.051920960197978226
128 61 0.009876351654711181
128 75 0.0007678982515465452
128 74 0.030417754250157976
128 60 0.0076347504643019
128 48 0.08280360537482324
128 64 0.11197038600612563
128 70 0.2297349630158498
128 58 0.18690666642944542
128 59 0.05486089339656917
128 71 0.08033065934097519
128 65 0.0005971536484045898
128 73 0.0024583498126543955
128 67 0.2657558992739472
128 66 0.2196244184651543
128 72 0.02004757703143476
128 57 0.23394263252886244
128 94 0.3332485881916481
128 80 0.08825767677253524
128 81 0.1773809443149022
128 95 0.051242073647897915
128 56 0.16298287256722102
128 68 0.442664540781839
128 54 0.1318573027820625
128 83 0.03108143058471311
128 82 0.06127365116522385
128 55 0.10447211449124148
128 69 0.2674332706140162
128 51 0.021786745017549673
128 79 0.07871247125512029
128 86 0.02843375470994588
128 92 0.3487753875495265
128 93 0.29414783271399375
128 87 0.22391048683230105
128 78 0.2620152923111131
128 50 0.04347825958929533
128 52 0.0016501615684960686
128 46 0.16399713925104156
128 91 0.2904149272922467
128 85 0.2907802614446122
128 84 0.014338230977599571
128 90 0.2948656487275496
128 47 0.16873450628265743
128 53 0.021817424893044456
129 76 0.04719232260662876
129 62 0.1966114824070243
129 89 0.15288102716468152
129 88 0.4981745662999639
129 63 0.2854778723461428
129 77 0.04208773830472521
129 49 0.12351020905488339
129 61 0.008822729738476164
129 75 0.0006907578786899347
129 74 0.05612984252012675
129 60 0.00927189308384168
129 48 0.20498956306113444
129 64 0.26340987721910153
129 70 0.4528201113175202
129 58 0.5382904973374494
129 59 0.04534897864969251
129 71 0.1804326569355969
129 65 0.0004907308795882388
129 73 0.004493818732368398
129 67 0.4936848278821704
129 66 0.3846056463179095
129 72 0.034711481869298406
129 57 0.5297433909575716
129 94 0.628044482113007
129 80 0.19821792061126764
129 81 0.37581026827463165
129 95 0.09576061479788575
129 56 0.3160335840128828
129 68 0.8425992104334273
129 54 0.3119288020843009
129 83 0.060130972587262854
129 82 0.14092872128621098
129 55 0.2448577878836723
129 69 0.529306883825155
129 51 0.044902434196986585
129 79 0.1543504600137347
129 86 0.06378401146535873
129 92 0.6604414256510716
129 93 0.5560360233165846
129 87 0.4127930114251237
129 78 0.47222787346203027
129 50 0.08990314280452827
129 52 0.0014209432918534692
129 46 0.35171374478380674
129 91 0.541896702848163
129 85 0.5477193309805286
129 84 0.026076925724196544
129 90 0.5537740703028665
129 47 0.3982766009049093
129 53 0.03956591373122792
101 76 0.02685591890866823
101 62 0.04295734146715782
101 89 0.0398349806107767
101 88 0.1192408901125847
101 63 0.03535140876170772
101 77 0.01795246855771344
101 49 0.025037108630106514
101 61 0.007982492962207335
101 75 0.0010303017060442018
101 74 0.01552119854370323
101 60 0.00319612119312909
101 48 0.026875473617942923
101 64 0.031306639631792026
101 70 0.12567748652757887
101 58 0.1131633408408769
101 59 0.05415422690355998
101 71 0.045735257297106174
101 65 0.0007656051390545149
101 73 0.0013187356009070818
101 67 0.14777797129404344
101 66 0.12248631438397123
101 72 0.012039244306235722
101 57 0.1292460707949318
101 94 0.1679454723849787
101 80 0.050226496943410776
101 81 0.08046865807891418
101 95 0.026638040689252154
101 56 0.08799048059649899
101 68 0.25441061732764814
101 54 0.036531307533634365
101 83 0.013052723137640013
101 82 0.027905948636140872
101 55 0.0476984305046086
101 69 0.15350743039429954
101 51 0.012154951305891858
101 79 0.040285186461131064
101 86 0.01610022677910193
101 92 0.17155970282001412
101 93 0.14725554290137186
101 87 0.11622882182862371
101 78 0.15700056030804035
101 50 0.02535030681772061
101 52 0.0019091354541580588
101 46 0.058621563808616335
101 91 0.15086825243657076
101 85 0.1451408309124239
101 84 0.008068581289312975
101 90 0.14973799679856883
101 47 0.05982141428479064
101 53 0.011507028504037863
115 76 0.01680634007086565
115 62 0.03205636967273166
115 89 0.028549032799221632
115 88 0.09051455323514898
115 63 0.04027588707439207
115 77 0.01985565116936433
115 49 0.025281908560272646
115 61 0.004995587464006415
115 75 0.0006590684016924047
115 74 0.013602384441956787
115 60 0.0030191212409518306
115 48 0.02542758618234182
115 64 0.034990770607107556
115 70 0.08518425597119227
115 58 0.0416413737017512
115 59 0.025475845619355075
115 71 0.03857267796909654
115 65 0.0004952331254528678
115 73 0.0021143365403154092
115 67 0.10693234893940086
115 66 0.08745612969837037
115 72 0.008435478370832842
115 57 0.07924618567841553
115 94 0.12855300075825501
115 80 0.04249415344849636
115 81 0.052351463008348496
115 95 0.020901855717305337
115 56 0.06377201203249784
115 68 0.1724133732262735
115 54 0.03818804021247359
115 83 0.021283634319556433
115 82 0.018451447453632912
115 55 0.03252259576117401
115 69 0.09499441850425976
115 51 0.011907200545935132
115 79 0.030116045286981554
115 86 0.014124464396078272
115 92 0.1332342233828679
115 93 0.11334887864240602
115 87 0.08504344377748978
115 78 0.1009109321827905
115 50 0.022740834682124574
115 52 0.014934517973291315
115 46 0.0660647595502647
115 91 0.11463809035628443
115 85 0.11195710992265342
115 84 0.009549747153184547
115 90 0.11469025022374464
115 47 0.05021979808619941
115 53 0.022645712436263045
103 76 0.04226786427112147
103 62 0.10120728584380678
103 89 0.07139307904502024
103 88 0.21673591190244904
103 63 0.06929576369892114
103 77 0.027765416370361506
103 49 0.04152174840300707
103 61 0.013647069747904476
103 75 0.0014881784791167816
103 74 0.0271656853112875
103 60 0.005099304235373251
103 48 0.05480464175269574
103 64 0.06408553314951085
103 70 0.25711045933736537
103 58 0.38231098547658643
103 59 0.06296489242140693
103 71 0.07197027014162338
103 65 0.0012017687411578928
103 73 0.0017700238453188552
103 67 0.2535008826226863
103 66 0.2087619883261542
103 72 0.02024043118623569
103 57 0.2807791204178746
103 94 0.29261395982052735
103 80 0.07892567278550201
103 81 0.1799577720168076
103 95 0.04573761065791801
103 56 0.16234194706634622
103 68 0.47542886605298085
103 54 0.0765263699417285
103 83 0.02231366454955193
103 82 0.054524080737655904
103 55 0.11641789782817133
103 69 0.30884383900009327
103 51 0.018838199658611898
103 79 0.06932611864575788
103 86 0.02489150486840322
103 92 0.30290136405614154
103 93 0.2593354277281911
103 87 0.20087968271777465
103 78 0.2784888053973805
103 50 0.03982241905499117
103 52 0.003274557174872091
103 46 0.11237408639892944
103 91 0.26361279756129175
103 85 0.2545150480750978
103 84 0.013194552919314017
103 90 0.26098154401229084
103 47 0.11668061171558337
103 53 0.016586309612784
117 76 0.010855055798611268
117 62 0.059330355844013166
117 89 0.03865889856991847
117 88 0.11957291690515406
117 63 0.05900678842968796
117 77 0.011818476796815892
117 49 0.022404994913282884
117 61 0.0014991688177761393
117 75 0.0002276307696408269
117 74 0.015676844523030045
117 60 0.00180525629126377
117 48 0.04053396236926982
117 64 0.0564449441228769
117 70 0.13075405299098816
117 58 0.2271802576215759
117 59 0.002894812950455544
117 71 0.03458444670318171
117 65 0.0
117 73 0.0012505272207483484
117 67 0.11643566950658797
117 66 0.0889297875834769
117 72 0.0096902464063997
117 57 0.1418594718030615
117 94 0.14970164381894518
117 80 0.03768139315698481
117 81 0.10657694875661904
117 95 0.0217860611474018
117 56 0.07839405686309527
117 68 0.22142963875967117
117 54 0.0663076537048594
117 83 0.018932271497152688
117 82 0.02811252038833704
117 55 0.07636575733497633
117 69 0.15816488110539537
117 51 0.007856722504867788
117 79 0.033705170598677316
117 86 0.011029861300112033
117 92 0.15800160481383888
117 93 0.1349006454793317
117 87 0.09774861697891574
117 78 0.12807502430382653
117 50 0.01636388180509543
117 52 0.008073841047085695
117 46 0.08627871002921358
117 91 0.1293917898431786
117 85 0.1306760388894222
117 84 0.008498414184461301
117 90 0.13193910154883395
117 47 0.07800389694829195
117 53 0.012604972126420873
116 76 0.044337746949701426
116 62 0.11325104265997232
116 89 0.09419106877524265
116 88 0.2899877601672281
116 63 0.12554758653914755
116 77 0.02853303558168355
116 49 0.047848890881090914
116 61 0.012516313252822743
116 75 0.00047610206916881196
116 74 0.03505651001153806
116 60 0.006495841921415319
116 48 0.08435212335531973
116 64 0.11739946809754916
116 70 0.29713717111135235
116 58 0.36435863999125856
116 59 0.05603161890696046
116 71 0.07555126222457399
116 65 0.0002544421144745795
116 73 0.002280872835086571
116 67 0.29994412178606417
116 66 0.250994673923285
116 72 0.02473956743022531
116 57 0.30116596658039163
116 94 0.3758203631872266
116 80 0.0826158869773993
116 81 0.22416743122588462
116 95 0.05653221272991078
116 56 0.1913309593047362
116 68 0.538165160340311
116 54 0.1385866216398121
116 83 0.03381358032149463
116 82 0.07038417991442963
116 55 0.14317154887927627
116 69 0.35217871817886653
116 51 0.01904927644660009
116 79 0.086934796404108
116 86 0.025210322018406842
116 92 0.3954002961028617
116 93 0.3345506580481912
116 87 0.25336964771824055
116 78 0.32104471578763444
116 50 0.03966265992205612
116 52 0.004160572602602437
116 46 0.1800053920877846
116 91 0.3262292186062378
116 85 0.3280259064369408
116 84 0.016462942621058418
116 90 0.33159089558009597
116 47 0.17453528534847218
116 53 0.021245616883451404
102 76 0.006478779283134382
102 62 0.050020975599348746
102 89 0.023361440750454356
102 88 0.07260286882351481
102 63 0.03372423788551244
102 77 0.00497928589458459
102 49 0.023855357549129572
102 61 0.0012326949735668802
102 75 9.328900918458275e-05
102 74 0.008774295371562608
102 60 0.000673716132439944
102 48 0.02842633857864198
102 64 0.03184733901674345
102 70 0.0974395702552835
102 58 0.22804672308181165
102 59 0.0014342306025326174
102 71 0.04594385934257909
102 65 0.0
102 73 0.00038654359254469673
102 67 0.08523052979171963
102 66 0.054870624710622616
102 72 0.005175113872174815
102 57 0.13289480175255877
102 94 0.09416534301911113
102 80 0.050432826552689776
102 81 0.07866479464622718
102 95 0.014586572937989368
102 56 0.05426370341400306
102 68 0.17216236041297164
102 54 0.03809311070451127
102 83 0.011058090325976372
102 82 0.019977223716813687
102 55 0.05172023563580044
102 69 0.11983956297008848
102 51 0.009482885325560481
102 79 0.020736614472808015
102 86 0.01608364536840128
102 92 0.0958895652715593
102 93 0.08132247910100952
102 87 0.06002693982146896
102 78 0.08802426121200167
102 50 0.02054433670142231
102 52 3.248208261841655e-05
102 46 0.04706378476202576
102 91 0.08040033174969335
102 85 0.08160027285475424
102 84 0.004974666524697482
102 90 0.0800621766239313
102 47 0.04903108363899375
102 53 0.004435272287273871
106 76 0.025714558060398324
106 62 0.06051059020449387
106 89 0.04809930153003161
106 88 0.14330745862867067
106 63 0.05063854125922756
106 77 0.013630674274638406
106 49 0.019505125763209934
106 61 0.005776523139276894
106 75 6.111349305727973e-05
106 74 0.017259289277329667
106 60 0.0010166741963335885
106 48 0.034993034000179564
106 64 0.048240714574360334
106 70 0.16131845974081224
106 58 0.22372192914894223
106 59 0.04515623141190941
106 71 0.033359510649027944
106 65 0.0
106 73 0.0006864267145453936
106 67 0.15830720025435352
106 66 0.13134558148254186
106 72 0.014123914716045124
106 57 0.1646181061336128
106 94 0.18541711814610654
106 80 0.036335504203081646
106 81 0.11173603294590673
106 95 0.027911606614277325
106 56 0.10038979919634448
106 68 0.29396255479176686
106 54 0.057424688339050615
106 83 0.012187690392277776
106 82 0.03464761334956236
106 55 0.07387501560145243
106 69 0.1979098421789447
106 51 0.007459631957793907
106 79 0.044607719117117584
106 86 0.010555397500275562
106 92 0.19569726477067895
106 93 0.16593983095467327
106 87 0.13008582722658335
106 78 0.1810176284899907
106 50 0.017069187041315232
106 52 7.036214328855271e-05
106 46 0.07768046222289264
106 91 0.1618208944340766
106 85 0.16171819219728445
106 84 0.007213967092064135
106 90 0.16328129597398228
106 47 0.07790223670519984
106 53 0.006333315203692471
112 76 0.03761230618202243
112 62 0.10225922100218787
112 89 0.0759200125385661
112 88 0.22404160540738238
112 63 0.07831935304269148
112 77 0.019330493201561074
112 49 0.030815670578537385
112 61 0.008043764621164361
112 75 0.0001236653743596618
112 74 0.02710254457758421
112 60 0.0015982024714159568
112 48 0.05473930960276153
112 64 0.0761635278532967
112 70 0.2612700002461956
112 58 0.4147961352714472
112 59 0.060105210835753944
112 71 0.05892394075147213
112 65 0.0
112 73 0.0009274557852941908
112 67 0.2456787612452854
112 66 0.1984278976581043
112 72 0.022395439688770804
112 57 0.27514745897904686
112 94 0.2858114109774815
112 80 0.06407088130706089
112 81 0.18660713323895534
112 95 0.04274998162596434
112 56 0.15522076156466622
112 68 0.4679618448097046
112 54 0.09121134764587494
112 83 0.01936131472332213
112 82 0.053355038183901596
112 55 0.1263248691245835
112 69 0.3248267053175677
112 51 0.012128470405588714
112 79 0.066588294423373
112 86 0.01820991981320167
112 92 0.3016577537596468
112 93 0.2573227404777013
112 87 0.19962972943931862
112 78 0.2849616341831094
112 50 0.028097983830523348
112 52 0.00014238035424307243
112 46 0.12225487652905083
112 91 0.2500303122720582
112 85 0.24929928786528488
112 84 0.011599471912068957
112 90 0.251708915706752
112 47 0.11838544169095463
112 53 0.008437564626044287
113 76 0.049653231067460966
113 62 0.1488756975180378
113 89 0.12686057614771867
113 88 0.4013692960973284
113 63 0.1940846421468421
113 77 0.03836318961323315
113 49 0.07478055894927775
113 61 0.01227523747161065
113 75 0.0009293523101748561
113 74 0.04811744713858184
113 60 0.011155299234480219
113 48 0.13045864207388402
113 64 0.18302317713881566
113 70 0.3821715148724089
113 58 0.4289019058162181
113 59 0.0629993720797013
113 71 0.1176678223246834
113 65 0.0006371051430497842
113 73 0.0035839334325610955
113 67 0.40630461472505885
113 66 0.3293016906793606
113 72 0.03105076654062808
113 57 0.39444999929302765
113 94 0.5165760524146623
113 80 0.12896486113105052
113 81 0.3049959612019705
113 95 0.07762622956810793
113 56 0.25482823864472476
113 68 0.7036617458718368
113 54 0.2162922397882112
113 83 0.05034929916091344
113 82 0.09421617776684632
113 55 0.19096709211150154
113 69 0.4504855058100148
113 51 0.030478005451448333
113 79 0.11869278376341562
113 86 0.04041531254093299
113 92 0.5420698019679305
113 93 0.45835721484477965
113 87 0.3449167682973323
113 78 0.4142295009355764
113 50 0.06155380069884488
113 52 0.004654392549311239
113 46 0.26751489490702873
113 91 0.44834397165832857
113 85 0.4506330339059259
113 84 0.02295992506096571
113 90 0.45634878416307134
113 47 0.2624111387930167
113 53 0.03234747238493077
107 76 0.016341052976485436
107 62 0.011554485830194883
107 89 0.01536191281413246
107 88 0.048143592730535055
107 63 0.003707393154250281
107 77 0.013130505421345622
107 49 0.013893402725093222
107 61 0.007154388927043523
107 75 0.0035525744500778124
107 74 0.006694916638897849
107 60 0.002657102978607331
107 48 0.005375196824847981
107 64 0.0015118825517270705
107 70 0.04679141855411849
107 58 0.0052232914865664734
107 59 0.03196721088587973
107 71 0.027043812683249836
107 65 0.003803693552466424
107 73 0.0033802814177163075
107 67 0.0722906689621327
107 66 0.06260566769546666
107 72 0.005819669771654895
107 57 0.04875257751530625
107 94 0.0680652137364992
107 80 0.02979861284847132
107 81 0.023414451975904877
107 95 0.014734822427204744
107 56 0.053866054675897335
107 68 0.12348404765320721
107 54 0.0017407647558500706
107 83 0.006015383649619047
107 82 0.011121264567246353
107 55 0.01243554872155121
107 69 0.05502227800148606
107 51 0.008207031956488245
107 79 0.016446201634421266
107 86 0.009912741961358492
107 92 0.0686871812760014
107 93 0.07309871184620641
107 87 0.0512589574505694
107 78 0.06662830358732837
107 50 0.016898633887803924
107 52 0.0022180034495145116
107 46 0.012801161724486773
107 91 0.06440135026259264
107 85 0.05903152774672878
107 84 0.003931512216115278
107 90 0.06172934809559604
107 47 0.014381397447359695
107 53 0.009100917964823294
139 76 0.03182548459904896
139 62 0.04772000887712709
139 89 0.04803913013523952
139 88 0.14832388679117656
139 63 0.056559716307601066
139 77 0.021386216176777984
139 49 0.030496185794390673
139 61 0.010540243119978044
139 75 0.0006832526598621824
139 74 0.01829490281224044
139 60 0.004465235979800177
139 48 0.03729873303988105
139 64 0.050100851044897546
139 70 0.14496176550112838
139 58 0.09571065510902159
139 59 0.05167880151492001
139 71 0.05110544301694764
139 65 0.0005517820997981706
139 73 0.0017542380742281815
139 67 0.1723158725993512
139 66 0.14824918352369892
139 72 0.014102466353961987
139 57 0.1405230650598116
139 94 0.20353897835841858
139 80 0.056219476355603766
139 81 0.09272447750714341
139 95 0.03262808477679833
139 56 0.10181977010755403
139 68 0.28951756569632486
139 54 0.05771864214353562
139 83 0.0186341748027873
139 82 0.035478964894671026
139 55 0.05206411542934004
139 69 0.16649843751799237
139 51 0.014839270957176779
139 79 0.04797203443244812
139 86 0.018370825297971623
139 92 0.2120983532843593
139 93 0.17930847224819751
139 87 0.13980252847662245
139 78 0.17238384521577593
139 50 0.029638804769352736
139 52 0.004076007510830321
139 46 0.08472021489644091
139 91 0.18010130989951195
139 85 0.17739796473653865
139 84 0.00961318149375551
139 90 0.18068144274466577
139 47 0.0800446405204243
139 53 0.016808366238308073
111 76 0.0856261946795483
111 62 0.17104023277035174
111 89 0.1535271332961224
111 88 0.4610047020516072
111 63 0.15889054406220504
111 77 0.04703817689332389
111 49 0.059075940474203364
111 61 0.021964700321780842
111 75 0.00041398266421212033
111 74 0.05633013091855275
111 60 0.0065735290476946874
111 48 0.11151905529688029
111 64 0.15197185439045907
111 70 0.4904364401301868
111 58 0.5630070558915664
111 59 0.15452412483406605
111 71 0.09219111438331284
111 65 0.00023721753520423246
111 73 0.002073513984225544
111 67 0.500863812651561
111 66 0.43105132577261585
111 72 0.04312145826104983
111 57 0.4767162854536543
111 94 0.6045393934279653
111 80 0.10054632317009483
111 81 0.34892203208215833
111 95 0.09097978739415341
111 56 0.3205658163654215
111 68 0.9047527887530132
111 54 0.18165361460150423
111 83 0.039147657231813834
111 82 0.10917610833314122
111 55 0.2166277541671838
111 69 0.5965420722120939
111 51 0.021077820554895325
111 79 0.14792064192310178
111 86 0.029683042917771036
111 92 0.6368853563473383
111 93 0.5379432326854663
111 87 0.421489975870659
111 78 0.5699013676907482
111 50 0.04879968597006307
111 52 0.0018008823113864736
111 46 0.2488739532505712
111 91 0.5271150932292903
111 85 0.5277080542742961
111 84 0.022012646271695694
111 90 0.5331763911794929
111 47 0.25252085696427884
111 53 0.0187717721327
105 76 0.040000563130907434
105 62 0.06855543585975592
105 89 0.06004486313475349
105 88 0.1869398284430846
105 63 0.06844893858884896
105 77 0.03161417722135361
105 49 0.0618265058826764
105 61 0.013221746178093415
105 75 0.0024603417516136576
105 74 0.023327248500368304
105 60 0.006986860874527032
105 48 0.05439454461971798
105 64 0.05858701612503821
105 70 0.18469727408182218
105 58 0.14269723748552438
105 59 0.07863244248005452
105 71 0.11746740596402847
105 65 0.0018029379855023506
105 73 0.002922492426660079
105 67 0.24663283374676878
105 66 0.19121822857769039
105 72 0.01789626656551687
105 57 0.2218247230076074
105 94 0.2719939350566582
105 80 0.1293770293653133
105 81 0.11544938798924659
105 95 0.04487487461131906
105 56 0.1423388385678565
105 68 0.4089722735144605
105 54 0.06779197709644148
105 83 0.024518661218839576
105 82 0.04838391891336209
105 55 0.06571467773142674
105 69 0.22137631318567083
105 51 0.031309236636775886
105 79 0.06337585255387285
105 86 0.04283723874641746
105 92 0.26933874832833393
105 93 0.2324626360785255
105 87 0.18195215937618184
105 78 0.2305285903733165
105 50 0.062870033237356
105 52 0.002097307606340217
105 46 0.09853486806477343
105 91 0.24394026746229366
105 85 0.23331774403856528
105 84 0.014740575342863289
105 90 0.23995457258370737
105 47 0.10770934200137626
105 53 0.025797828581249124
104 76 0.01459462236858043
104 62 0.08939198704838784
104 89 0.05136297615969022
104 88 0.15762702630903339
104 63 0.07323207837184571
104 77 0.009291836317157826
104 49 0.027570744547114192
104 61 0.0023811582405063028
104 75 8.665784181422818e-05
104 74 0.01857757157514708
104 60 0.0012814570190717246
104 48 0.05380798433053398
104 64 0.07050329393702738
104 70 0.1916466017726518
104 58 0.3975640902349567
104 59 0.003522801908143936
104 71 0.04586836554635157
104 65 0.0
104 73 0.0007620101492602098
104 67 0.15642076610206537
104 66 0.11681680312314398
104 72 0.012437357728677467
104 57 0.22407364795574758
104 94 0.19347675445263937
104 80 0.04994193485957662
104 81 0.15601551877283462
104 95 0.027871146451860243
104 56 0.10747644072898756
104 68 0.31800046130762805
104 54 0.08467562426921184
104 83 0.017629799023205276
104 82 0.041719816962014385
104 55 0.11203957483429032
104 69 0.23490763325903188
104 51 0.009371513866164336
104 79 0.043574001039524364
104 86 0.014440723906522566
104 92 0.2042037543332667
104 93 0.17443789649740646
104 87 0.12826608110886678
104 78 0.17972658379905584
104 50 0.020739408619310593
104 52 9.977226268337385e-05
104 46 0.10171125233799688
104 91 0.1680075764838187
104 85 0.168687983004447
104 84 0.00866565798962576
104 90 0.17031845400919407
104 47 0.10439448109117964
104 53 0.007346687401485245
110 76 0.025301631534160308
110 62 0.07313658430534503
110 89 0.06266757694214763
110 88 0.1882835395107373
110 63 0.08621513171509301
110 77 0.01637518140652132
110 49 0.03174637944773607
110 61 0.005392055190823788
110 75 0.0004297118293657448
110 74 0.02320153721420201
110 60 0.0037730302828601
110 48 0.05878960430469548
110 64 0.08056492150144907
110 70 0.18561415556014493
110 58 0.24576713315953777
110 59 0.027516950973776835
110 71 0.054272692168771924
110 65 0.00027580733458775023
110 73 0.00141208863056141
110 67 0.18702591928807202
110 66 0.15267127209102993
110 72 0.017975195361156476
110 57 0.19326603888403185
110 94 0.23681964496111407
110 80 0.058999386707450044
110 81 0.1464640881927961
110 95 0.03497140372942093
110 56 0.11876689128272433
110 68 0.3351152938238689
110 54 0.09578528506208889
110 83 0.01956072239713116
110 82 0.04695374839541143
110 55 0.10134627685343124
110 69 0.2281950310712378
110 51 0.01241406870726772
110 79 0.05373094520775976
110 86 0.016712711457382245
110 92 0.2485873793132337
110 93 0.21382417105978954
110 87 0.15897053590088803
110 78 0.20171893095781446
110 50 0.025796251289692804
110 52 0.002505386200169372
110 46 0.11679963917802584
110 91 0.20613716683671562
110 85 0.20660389517846744
110 84 0.010469495647772357
110 90 0.20927128591611346
110 47 0.12073611373787387
110 53 0.012864387111735185
138 76 0.051738926800708206
138 62 0.07798643868146579
138 89 0.08495876825228277
138 88 0.2643443098906923
138 63 0.10355563064481647
138 77 0.03496662055046458
138 49 0.04926782779241258
138 61 0.015309794028300993
138 75 0.001067727625150675
138 74 0.0324035343477596
138 60 0.008138448259254723
138 48 0.06705331416937421
138 64 0.09333688626549369
138 70 0.2474323861862628
138 58 0.1349995080707783
138 59 0.09134215578377103
138 71 0.08178824154323058
138 65 0.0008161587935567727
138 73 0.0027707726273074455
138 67 0.30181831985214236
138 66 0.25751310648015596
138 72 0.02436627517827007
138 57 0.23079477383406585
138 94 0.3646706520466653
138 80 0.0899860051285861
138 81 0.1636319216715076
138 95 0.056733291235932105
138 56 0.1763659268848203
138 68 0.49881884185225567
138 54 0.10842171395850461
138 83 0.03148217983916022
138 82 0.058147153156061865
138 55 0.0891011261046815
138 69 0.28613314390979844
138 51 0.024621596007080984
138 79 0.08386126818711051
138 86 0.029452165828727818
138 92 0.375129893617364
138 93 0.3161262456964664
138 87 0.2490222534851308
138 78 0.30232711260655326
138 50 0.04877814020192963
138 52 0.002214090114908119
138 46 0.15239205129375008
138 91 0.31574743858392995
138 85 0.3130779389559071
138 84 0.015854305261974327
138 90 0.3185092159584431
138 47 0.14610083312071437
138 53 0.02633719689899175
140 76 0.03283441396541803
140 62 0.045091313601322805
140 89 0.0452021678359815
140 88 0.13418282826126282
140 63 0.035429174707572876
140 77 0.018715478203736396
140 49 0.01951824117141834
140 61 0.01089785705960876
140 75 0.0006590226955560825
140 74 0.016964401365787626
140 60 0.0036517234421290113
140 48 0.025453352396125454
140 64 0.032283341657519234
140 70 0.14508086920078872
140 58 0.1297933005971184
140 59 0.05703946949571356
140 71 0.034635298010197844
140 65 0.00046104573919767837
140 73 0.0008755615097138647
140 67 0.15923682389239693
140 66 0.14160887568214772
140 72 0.013971249678391414
140 57 0.13635984405588425
140 94 0.18727586920333675
140 80 0.03797162159510972
140 81 0.09327238165803999
140 95 0.029145351502326337
140 56 0.09694820224751512
140 68 0.28151277531043645
140 54 0.03829262916179175
140 83 0.011708051836095456
140 82 0.030679568311016245
140 55 0.052652302943160534
140 69 0.17227602702697498
140 51 0.009604477415355465
140 79 0.04415212900846226
140 86 0.011941298820144221
140 92 0.19240736769011538
140 93 0.16307251696210145
140 87 0.13008208835579432
140 78 0.17465244645971056
140 50 0.02057374788961767
140 52 0.001290886740444717
140 46 0.06261039498240425
140 91 0.16392725028688954
140 85 0.16294826001742285
140 84 0.0073515474306964194
140 90 0.16385480019701726
140 47 0.06150597897942582
140 53 0.008877378049213227
135 76 0.028445063206598772
135 62 0.10672210882780134
135 89 0.08612915061513907
135 88 0.28233027312101433
135 63 0.16925681618232047
135 77 0.032666801579518255
135 49 0.08648199562641283
135 61 0.006441568110962543
135 75 0.001371130949953802
135 74 0.03449420147163859
135 60 0.008159662000839145
135 48 0.114001944553864
135 64 0.14867061473665533
135 70 0.24305084043971217
135 58 0.20515920424369172
135 59 0.0273366744149947
135 71 0.13757377859156572
135 65 0.0009047722990820311
135 73 0.004913410402227817
135 67 0.30025844681767305
135 66 0.2234920773480728
135 72 0.019362921507024886
135 57 0.28064609904615273
135 94 0.3794877951947758
135 80 0.15149116888830536
135 81 0.18994253997104138
135 95 0.05883890454785925
135 56 0.17813157570492624
135 68 0.4836052485710049
135 54 0.17062327164407834
135 83 0.053501220230702556
135 82 0.07186759424617248
135 55 0.1194967115130098
135 69 0.27890380633425604
135 51 0.03814372892992621
135 79 0.08496746196959633
135 86 0.050077271399540484
135 92 0.389610101448137
135 93 0.32952135141595046
135 87 0.24161277194490877
135 78 0.2652807066508649
135 50 0.07287262693803596
135 52 0.00770744236439758
135 46 0.2127025728332606
135 91 0.32608525662163634
135 85 0.3255886781420242
135 84 0.022480291794782854
135 90 0.3321431040399711
135 47 0.2110702115908908
135 53 0.04459434584123073
121 76 0.01955172837210426
121 62 0.061951431875756996
121 89 0.05102725759881841
121 88 0.1676644806576321
121 63 0.09214947243006427
121 77 0.022063379590864747
121 49 0.053250307246464644
121 61 0.006399931588738388
121 75 0.0018792686638910297
121 74 0.020514432383556876
121 60 0.008249841888176913
121 48 0.06489891579023714
121 64 0.08106231405609343
121 70 0.143065726632749
121 58 0.12498478382181138
121 59 0.019613193551875047
121 71 0.09387355164023771
121 65 0.0019160299495299706
121 73 0.002847048111834039
121 67 0.18213574715218284
121 66 0.13601579106882122
121 72 0.012345870989124449
121 57 0.17350044109899557
121 94 0.23153875462944934
121 80 0.10327455432269556
121 81 0.1147619521578138
121 95 0.03585636491348252
121 56 0.1056543542279453
121 68 0.29389164196698303
121 54 0.09430410912129611
121 83 0.028111875336005527
121 82 0.042771274346269254
121 55 0.07467115286752446
121 69 0.1689306781120143
121 51 0.025949163622891604
121 79 0.04918212811053882
121 86 0.03376796274297609
121 92 0.23168897054019252
121 93 0.19883755349650534
121 87 0.1443221990973882
121 78 0.1615761397457004
121 50 0.04931099069708576
121 52 0.0013569201000868394
121 46 0.11533158400030546
121 91 0.2007872438146362
121 85 0.196426767731712
121 84 0.013653739309214825
121 90 0.2031599613020921
121 47 0.12076817057821305
121 53 0.02688382848640365
109 76 0.025826831734766093
109 62 0.0759876531585007
109 89 0.062286345919418985
109 88 0.18541109455936405
109 63 0.07511187760979297
109 77 0.01628242694312111
109 49 0.02545420552787753
109 61 0.005345106895937316
109 75 0.00027964892166654437
109 74 0.02333977726051913
109 60 0.002901349510992618
109 48 0.05191370274929403
109 64 0.07228325274311004
109 70 0.1953588153639241
109 58 0.2814238445639605
109 59 0.03135146335981283
109 71 0.0433005236740939
109 65 0.00015302781102939552
109 73 0.001074983895901626
109 67 0.18593814171006898
109 66 0.1532541842468055
109 72 0.017591606006962652
109 57 0.19786484429517534
109 94 0.23434335793044353
109 80 0.04692632891997549
109 81 0.15261518728271117
109 95 0.03409732326210036
109 56 0.12103152236083833
109 68 0.3450497323712105
109 54 0.0863613410149285
109 83 0.018914113544123447
109 82 0.04368856102911026
109 55 0.10528790586370533
109 69 0.2427238892740129
109 51 0.009222647610914679
109 79 0.05348490587590124
109 86 0.012757071069752204
109 92 0.2465802637898657
109 93 0.21155162430101718
109 87 0.1587722963693241
109 78 0.21347520903169195
109 50 0.02030517851794877
109 52 0.0037974075537023323
109 46 0.11135814268072414
109 91 0.20382318858231124
109 85 0.20465171339705038
109 84 0.010516981251866004
109 90 0.20686701017513073
109 47 0.10915975302250294
109 53 0.010342699242880707
108 76 0.08036207384262466
108 62 0.2067655560598738
108 89 0.17125843819702122
108 88 0.5329282732928949
108 63 0.2287061079532271
108 77 0.052558484677090164
108 49 0.09517936955074331
108 61 0.020056561644740675
108 75 0.0008397805772757278
108 74 0.06368265945413318
108 60 0.009696287759585484
108 48 0.16413626081127902
108 64 0.21507577203239445
108 70 0.541193677988553
108 58 0.6438058754558985
108 59 0.12873741138170675
108 71 0.14247292883007054
108 65 0.0005582249702180201
108 73 0.003446773368190599
108 67 0.5636119407739194
108 66 0.4670104310197729
108 72 0.04391145700799957
108 57 0.5666842986135702
108 94 0.6918184814192768
108 80 0.15615698174022674
108 81 0.40915520936404026
108 95 0.10502626794877445
108 56 0.3617644666395173
108 68 1.0
108 54 0.2560024906682168
108 83 0.054459425595434395
108 82 0.134316421108459
108 55 0.25548145396121164
108 69 0.6456955936659077
108 51 0.0347355836328181
108 79 0.1697122131814184
108 86 0.04895080097889433
108 92 0.7274178845758565
108 93 0.6130955539137037
108 87 0.47130095298699565
108 78 0.6009508325257751
108 50 0.07418847477664542
108 52 0.0029025154001151078
108 46 0.32247178742803584
108 91 0.602395340492672
108 85 0.6034634549310249
108 84 0.02690878617745862
108 90 0.6106532405403619
108 47 0.34336418412597364
108 53 0.030931114313834496
120 76 0.01450575043127645
120 62 0.03639421028471096
120 89 0.03366250075648514
120 88 0.10845785451086118
120 63 0.05125733784748607
120 77 0.014607481079748522
120 49 0.029408033816526173
120 61 0.00545961749068622
120 75 0.0015835445415667286
120 74 0.013555599792086502
120 60 0.006377984266055376
120 48 0.03681967467881264
120 64 0.04669098052092461
120 70 0.09355289515703309
120 58 0.07628436602137495
120 59 0.01835500527598171
120 71 0.053626842391039
120 65 0.0013105818257156054
120 73 0.0017773316555721045
120 67 0.1178016881119772
120 66 0.0919660219827081
120 72 0.008251456957791864
120 57 0.10565322825967069
120 94 0.1472655775966515
120 80 0.05895113483322129
120 81 0.07746349809908676
120 95 0.02315898504015596
120 56 0.06864849634203342
120 68 0.19056899672376024
120 54 0.055190546380173185
120 83 0.01565077600769682
120 82 0.025197684444028094
120 55 0.04742759338842107
120 69 0.11070260102266054
120 51 0.015195883231999257
120 79 0.03162855367722691
120 86 0.019107309105998643
120 92 0.14895690182921237
120 93 0.1298726788276433
120 87 0.09567715014534421
120 78 0.10800777914534414
120 50 0.029169240479220662
120 52 0.0007298014301667172
120 46 0.06929754710449107
120 91 0.13476310303058098
120 85 0.12778468865582562
120 84 0.008157885031257724
120 90 0.13301674804540203
120 47 0.07068607351802157
120 53 0.014319099620767967
134 76 0.02296221337304046
134 62 0.08103331058414578
134 89 0.062003346460112865
134 88 0.20077914412097334
134 63 0.11725351659744201
134 77 0.027634329696148156
134 49 0.06926128535978274
134 61 0.006270080003951835
134 75 0.0019698799817086782
134 74 0.024931646502410684
134 60 0.006818496206913413
134 48 0.07498601740578292
134 64 0.09962068772178596
134 70 0.17912835244770353
134 58 0.15654379473720462
134 59 0.023154759953389073
134 71 0.12398878082691925
134 65 0.001366074358193221
134 73 0.004745885750341303
134 67 0.23084172994241017
134 66 0.16366669340998452
134 72 0.015239026972795871
134 57 0.21404654338548476
134 94 0.2850059897755067
134 80 0.13647748391603987
134 81 0.1257995763809535
134 95 0.04407555912416978
134 56 0.1278801798400685
134 68 0.37173501648188256
134 54 0.1117555929456801
134 83 0.04462382894697659
134 82 0.049022512836228604
134 55 0.08633025612053868
134 69 0.20975676302940174
134 51 0.03536293870599646
134 79 0.056811106766804884
134 86 0.044896140407136166
134 92 0.28222539383143425
134 93 0.24308008440468576
134 87 0.1769871938504596
134 78 0.20111221647021496
134 50 0.06672089281663907
134 52 0.006277659776595156
134 46 0.14985109562767307
134 91 0.24500178478341733
134 85 0.23901895318047817
134 84 0.02042639655148063
134 90 0.24727817182939507
134 47 0.1330282148283865
134 53 0.04302529214291731
122 76 0.02345095851776928
122 62 0.08524901963221845
122 89 0.06727416732182925
122 88 0.2208106897125134
122 63 0.12424142184999246
122 77 0.03190934539825688
122 49 0.08505691294078262
122 61 0.009269126513341547
122 75 0.003516624177953432
122 74 0.026831193674791014
122 60 0.011656543486623623
122 48 0.0916298106163511
122 64 0.1077358619510242
122 70 0.18619749071802588
122 58 0.1647826577652954
122 59 0.02054088465027608
122 71 0.1552578399610109
122 65 0.0023946522867260987
122 73 0.004509161177892246
122 67 0.2531043759073483
122 66 0.17953255747237093
122 72 0.015430984997469508
122 57 0.24773394320360365
122 94 0.30619211755104603
122 80 0.17093556636534643
122 81 0.15155621421007537
122 95 0.049320887423880626
122 56 0.1404505643009572
122 68 0.3992779631683288
122 54 0.12498053888642602
122 83 0.04035516705023419
122 82 0.05862359847366986
122 55 0.09937858175461353
122 69 0.21958744578924755
122 51 0.0422656501234806
122 79 0.0646596273177791
122 86 0.05636352929390449
122 92 0.30477683199131933
122 93 0.26538443084211494
122 87 0.19258017314216397
122 78 0.20907493416311504
122 50 0.08087251512194772
122 52 0.0021791414976070726
122 46 0.15337139641355657
122 91 0.27501093521308567
122 85 0.2893893178589289
122 84 0.02072171926104517
122 90 0.2747406133943048
122 47 0.16324749699263144
122 53 0.04108291041482847
136 76 0.015930261731989952
136 62 0.05299102691012177
136 89 0.042938083139642855
136 88 0.1421467877111929
136 63 0.08247073767715551
136 77 0.0154655055266187
136 49 0.04076790185716515
136 61 0.003456527696652122
136 75 0.0003262446341898646
136 74 0.01632178219109642
136 60 0.0024275317261242594
136 48 0.061792206344506315
136 64 0.07465851424750655
136 70 0.12383824664008981
136 58 0.11283664215928552
136 59 0.021035565403692554
136 71 0.05570105114522311
136 65 0.00019573992100259171
136 73 0.0014871613840658118
136 67 0.14646643310861865
136 66 0.11657444985945692
136 72 0.009943102947245392
136 57 0.14790196121271107
136 94 0.18269351131273887
136 80 0.06136865548416143
136 81 0.09870920291065782
136 95 0.0288312623315544
136 56 0.09375718187219163
136 68 0.24073696132523237
136 54 0.0880792192948612
136 83 0.01737411181076437
136 82 0.04300665534428845
136 55 0.061794090040976794
136 69 0.14077812298862422
136 51 0.014361460977852151
136 79 0.04831571044203149
136 86 0.020414195890237012
136 92 0.19185580155096257
136 93 0.16054526194864643
136 87 0.12062563122044412
136 78 0.13357385060201796
136 50 0.02866511900446055
136 52 0.003009757640579512
136 46 0.09993690677369178
136 91 0.1583192399764287
136 85 0.1591394471214942
136 84 0.0074632920150646065
136 90 0.16133018319618056
136 47 0.1211276794038134
136 53 0.013493140845745936
137 76 0.09881132699322139
137 62 0.10330486142989108
137 89 0.12568470311585506
137 88 0.3772964501570012
137 63 0.09835059917833901
137 77 0.05372867042361936
137 49 0.04730365369903274
137 61 0.029329504897380915
137 75 0.0007484118199047151
137 74 0.046826749057835355
137 60 0.007240163225329783
137 48 0.07089268884990799
137 64 0.09210631152194604
137 70 0.38047459345733975
137 58 0.18915092834554695
137 59 0.22268428439594548
137 71 0.06589314125640688
137 65 0.0006002283222063348
137 73 0.001721305623383339
137 67 0.45124525052368425
137 66 0.4140607650700462
137 72 0.03818763689710471
137 57 0.332310349704732
137 94 0.5213900405898692
137 80 0.07247833365114095
137 81 0.23008895591663345
137 95 0.08242444537946762
137 56 0.27947839959389004
137 68 0.7626099352514911
137 54 0.10969137649963756
137 83 0.023739157867149436
137 82 0.08888350294929949
137 55 0.11504953992599386
137 69 0.4491187075676233
137 51 0.017435919415652097
137 79 0.13898540371289872
137 86 0.023652285870156532
137 92 0.5473328455526558
137 93 0.457667438248808
137 87 0.37558387063525406
137 78 0.4969345580323409
137 50 0.04165394820886525
137 52 0.003059739445588756
137 46 0.17245615672345277
137 91 0.4596533003025378
137 85 0.45504654163357283
137 84 0.01614458578545832
137 90 0.46115140212205796
137 47 0.18793362619965406
137 53 0.015838965983610922
123 76 0.022605122336131923
123 62 0.08640724827797983
123 89 0.06689470134233726
123 88 0.22188933929048346
123 63 0.12953441635285892
123 77 0.03276360612549454
123 49 0.0896817344789704
123 61 0.008911787383780682
123 75 0.003965629041589413
123 74 0.0276430012473939
123 60 0.011565297947127512
123 48 0.09141688123695313
123 64 0.11050892114732795
123 70 0.18492654037725442
123 58 0.15342182020857803
123 59 0.01579066387409374
123 71 0.1678136903161364
123 65 0.0027842145072430016
123 73 0.0054789386238956
123 67 0.2589786520055042
123 66 0.17810284076466937
123 72 0.015366614175764626
123 57 0.24895739424656294
123 94 0.3387393059347714
123 80 0.1848091609302072
123 81 0.14574810654763898
123 95 0.05036546385608171
123 56 0.13902493654301376
123 68 0.4053972418585134
123 54 0.1265394090988685
123 83 0.047073024280822585
123 82 0.056726087074694516
123 55 0.0974682735498457
123 69 0.21708983963975373
123 51 0.0473007396088425
123 79 0.06182554727411199
123 86 0.06111965045314253
123 92 0.3069346936587545
123 93 0.2696610200062775
123 87 0.1940147239435147
123 78 0.20867181890534617
123 50 0.08922991975166998
123 52 0.0018175663506158103
123 46 0.1593103800044194
123 91 0.2811306827176221
123 85 0.2641670192042314
123 84 0.022902281241062954
123 90 0.27600791943660113
123 47 0.15848673450323275
123 53 0.047933424151636435
127 76 0.08115263635068855
127 62 0.16227688364541704
127 89 0.1522550157702148
127 88 0.4832137325384868
127 63 0.21444926763839345
127 77 0.06361648492349509
127 49 0.11897271954676525
127 61 0.02463668085408338
127 75 0.003166171990215376
127 74 0.05912227476723364
127 60 0.015151695564868468
127 48 0.1546840455457107
127 64 0.19239233905010805
127 70 0.442946828539233
127 58 0.32488547436327564
127 59 0.13768659021506754
127 71 0.19518855287474685
127 65 0.002004703130356801
127 73 0.005393433143452594
127 67 0.544263121635617
127 66 0.44382610714914617
127 72 0.03934926396371199
127 57 0.47703692593338726
127 94 0.6523880242428584
127 80 0.21486238019639917
127 81 0.3222181401504557
127 95 0.10336863346229423
127 56 0.32583550164108077
127 68 0.895066663978488
127 54 0.22556365729899217
127 83 0.06014175683903489
127 82 0.121751461274109
127 55 0.18934604179972828
127 69 0.5185757933346101
127 51 0.057210207799340704
127 79 0.1571523102217893
127 86 0.0707261007880589
127 92 0.6744176699062302
127 93 0.5709559706346787
127 87 0.4429101598175973
127 78 0.5260891575498675
127 50 0.11156836061007407
127 52 0.004031704369286071
127 46 0.29396011993455906
127 91 0.6041543933791339
127 85 0.566015857569892
127 84 0.031576154167948525
127 90 0.5790365483954357
127 47 0.31444486873623356
127 53 0.052002113636781436
133 76 0.014395786822613398
133 62 0.10148544268536548
133 89 0.0696001996980626
133 88 0.23885979154700557
133 63 0.16726110868579191
133 77 0.02533813932564343
133 49 0.09509622847562292
133 61 0.0021230140534206064
133 75 0.0013592523240729913
133 74 0.02688635181124269
133 60 0.004835282288452823
133 48 0.1295443457642859
133 64 0.14783466097888773
133 70 0.19497793024102197
133 58 0.21709871147784351
133 59 0.0010574539137994188
133 71 0.14007092099290405
133 65 0.0009048681494354669
133 73 0.0035416997299326106
133 67 0.2441541121075615
133 66 0.17355156701618696
133 72 0.013999705472674763
133 57 0.2816700573404794
133 94 0.31240557604364433
133 80 0.15435344251538335
133 81 0.17091179078600285
133 95 0.04904071384196166
133 56 0.15412359668599962
133 68 0.3910089393179253
133 54 0.173728041528571
133 83 0.036533444502116576
133 82 0.08146208203354512
133 55 0.11619200111245676
133 69 0.22202854177991144
133 51 0.03562264696429624
133 79 0.07963602636790872
133 86 0.051417802399813875
133 92 0.31596376483175687
133 93 0.26753349477433475
133 87 0.19198096153753932
133 78 0.19570349435378767
133 50 0.06927989829218899
133 52 0.004663389178249442
133 46 0.1857281482637224
133 91 0.2664843936009636
133 85 0.2650193078650015
133 84 0.015500782723015432
133 90 0.2715213829743649
133 47 0.23806226416456358
133 53 0.03195605456319181
132 76 0.05342652676099188
132 62 0.15388594686875992
132 89 0.1366326244625879
132 88 0.4389072999143145
132 63 0.2374934624413588
132 77 0.04752366164788336
132 49 0.10344784974602722
132 61 0.012423833712796884
132 75 0.0010062654254752845
132 74 0.053323811376698185
132 60 0.012019117992277051
132 48 0.15113221174382654
132 64 0.2130685118560805
132 70 0.3899918266795996
132 58 0.31110198537048545
132 59 0.06832925752496866
132 71 0.1635001428373746
132 65 0.0007343262052095784
132 73 0.006280091669053556
132 67 0.4606296075128469
132 66 0.36165157257048075
132 72 0.03263782074520987
132 57 0.4013292098103164
132 94 0.5787245198858886
132 80 0.17983586959518644
132 81 0.29488563009162105
132 95 0.08918131085720277
132 56 0.27507158389264197
132 68 0.7556473046971351
132 54 0.245131099651572
132 83 0.0742401062468427
132 82 0.10148270970711466
132 55 0.17899486091607172
132 69 0.4495884696606831
132 51 0.04622512855767085
132 79 0.12992850046014198
132 86 0.05868383991193052
132 92 0.6071837687872551
132 93 0.5110284293183164
132 87 0.3822052475632475
132 78 0.43590539650219007
132 50 0.0890201598891261
132 52 0.009479252156992933
132 46 0.3150081904148105
132 91 0.5007573763430407
132 85 0.5044137616735435
132 84 0.031278233046401434
132 90 0.5108568854003153
132 47 0.2922438020814089
132 53 0.057390148409332764
126 76 0.022827925067893613
126 62 0.07644481733918398
126 89 0.0618640053865661
126 88 0.19987177806187717
126 63 0.10752095669546757
126 77 0.03143669294528421
126 49 0.07781591463717824
126 61 0.012948221372422368
126 75 0.0030089645634643197
126 74 0.023593214129973585
126 60 0.024004940331859615
126 48 0.07992453727395567
126 64 0.09363068319569533
126 70 0.16993127777157127
126 58 0.14593737115196703
126 59 0.022901171001232297
126 71 0.14841322065966836
126 65 0.0014689359692636316
126 73 0.003324330404704215
126 67 0.23266042645049248
126 66 0.16793228036206578
126 72 0.014630002893714415
126 57 0.22575984717915756
126 94 0.2902885926918257
126 80 0.1633776087902364
126 81 0.13915567959088346
126 95 0.0450860468880825
126 56 0.12744325014037106
126 68 0.370129538444944
126 54 0.10885522048697335
126 83 0.035731926204485474
126 82 0.0517465466745905
126 55 0.09134988340573293
126 69 0.20325728380298688
126 51 0.038378299348877876
126 79 0.05843705712529365
126 86 0.053790763605915816
126 92 0.29546867283395695
126 93 0.255484682288962
126 87 0.1789073878251744
126 78 0.19589149090355024
126 50 0.07455598831942786
126 52 0.0015843956857361015
126 46 0.1353045782729996
126 91 0.256889738593862
126 85 0.2490964902090795
126 84 0.019991129948466222
126 90 0.31581440675974304
126 47 0.14003442528808724
126 53 0.03871550048444275
118 76 0.013592388037054808
118 62 0.07365308164958301
118 89 0.049727940809479766
118 88 0.16176423561502645
118 63 0.09485097465563905
118 77 0.017925181676088316
118 49 0.05343178642026885
118 61 0.0031382856790153377
118 75 0.0012426023211550574
118 74 0.019801585828217498
118 60 0.004219016369064733
118 48 0.07138561343214561
118 64 0.08469252076404783
118 70 0.15142259943010722
118 58 0.21530581010831934
118 59 0.001965261745285867
118 71 0.0878750179092514
118 65 0.0006643400109922164
118 73 0.002243293296691717
118 67 0.1688544765214035
118 66 0.12104330425255451
118 72 0.01135902144182003
118 57 0.19675211917376284
118 94 0.20824792370074735
118 80 0.09655561581255702
118 81 0.1279297873671185
118 95 0.03253729739822438
118 56 0.10487609166373149
118 68 0.28892325647369904
118 54 0.0994133837440581
118 83 0.025834893195488335
118 82 0.04659284527019529
118 55 0.08932282018739501
118 69 0.18025982277431515
118 51 0.024320628818094756
118 79 0.04827868264201188
118 86 0.031155997000533345
118 92 0.2144883468921935
118 93 0.18371947152416204
118 87 0.13408460027291455
118 78 0.15334180444419132
118 50 0.0463445349956296
118 52 0.003649397719410755
118 46 0.11702565997830972
118 91 0.1965421353689367
118 85 0.1801193793758176
118 84 0.012553919382722468
118 90 0.18475339783663403
118 47 0.13084842349928114
118 53 0.022218280933493338
130 76 0.020198902635260533
130 62 0.06130154169159201
130 89 0.056661600784810646
130 88 0.18304914146652665
130 63 0.09367561907970184
130 77 0.018506121525521783
130 49 0.0342491788032943
130 61 0.005027124622410431
130 75 0.0004126001995494174
130 74 0.02236794480949649
130 60 0.006723442510184092
130 48 0.06016381624505082
130 64 0.08914534273623317
130 70 0.162170519019838
130 58 0.1439154156875511
130 59 0.026061273960951738
130 71 0.053174628697308546
130 65 0.00026808621733487336
130 73 0.0019271069344179745
130 67 0.18139504024615363
130 66 0.14664153310540504
130 72 0.012845916697012951
130 57 0.158658577261184
130 94 0.2367480604411588
130 80 0.05839421234824988
130 81 0.13454803351032743
130 95 0.03551010300479835
130 56 0.11161987472104887
130 68 0.3016350353173245
130 54 0.1047454742397647
130 83 0.026856012428740673
130 82 0.038669875421523996
130 55 0.07922958330813314
130 69 0.18694383882350493
130 51 0.014437736192369386
130 79 0.05314209761299415
130 86 0.0187247083355028
130 92 0.24854996409609909
130 93 0.20913463980997704
130 87 0.15656229445292533
130 78 0.17744727954406037
130 50 0.028473686619659364
130 52 0.004281171574524843
130 46 0.13091150776627658
130 91 0.20447188396086285
130 85 0.20666120073620942
130 84 0.01121729208405668
130 90 0.20907427714612728
130 47 0.1193304449413426
130 53 0.01773952366536807
124 76 0.024530261601300632
124 62 0.07461035019867407
124 89 0.06101781493255731
124 88 0.20010539645064893
124 63 0.10704143361714334
124 77 0.029118373588515337
124 49 0.07055076019178241
124 61 0.008795405639051481
124 75 0.0027069460559898577
124 74 0.02512786152324287
124 60 0.009327485828307454
124 48 0.07768601329279823
124 64 0.09363068319569533
124 70 0.1696293034409215
124 58 0.14593737115196703
124 59 0.022901171001232297
124 71 0.13019177823428818
124 65 0.0014689359692636316
124 73 0.003324330404704215
124 67 0.22626437529703364
124 66 0.16444545272637362
124 72 0.014391979446385416
124 57 0.2162811792328083
124 94 0.2683630835985459
124 80 0.143297779007695
124 81 0.1372445875519303
124 95 0.04353112543820102
124 56 0.126490799476686
124 68 0.3587982454259491
124 54 0.10885522048697335
124 83 0.03425190839419916
124 82 0.05097942769515424
124 55 0.08921744333576168
124 69 0.20009960009508126
124 51 0.04147100490317542
124 79 0.05791006452348059
124 86 0.04710272539966004
124 92 0.2723275400132082
124 93 0.23426975926916652
124 87 0.1777272948838725
124 78 0.19220016782373522
124 50 0.07608328397143728
124 52 0.0015843956857361015
124 46 0.13740979154723368
124 91 0.2830862850540094
124 85 0.23155037821017285
124 84 0.01860006207839103
124 90 0.23943354208905765
124 47 0.14108223838104417
124 53 0.03573146863207094
125 76 0.023642402505429806
125 62 0.07846841266718574
125 89 0.06425450519231822
125 88 0.21258069681293107
125 63 0.11461721565214189
125 77 0.028461720741104132
125 49 0.07241278363768258
125 61 0.008506302891778667
125 75 0.005393398789613638
125 74 0.02599038007066349
125 60 0.009497442145611108
125 48 0.08260450685798397
125 64 0.10009025274088253
125 70 0.1799216416949204
125 58 0.15600557279295713
125 59 0.024481120027551994
125 71 0.12683563720763175
125 65 0.005317056105600166
125 73 0.006909293248346852
125 67 0.2385352784531499
125 66 0.17405035635434338
125 72 0.015111208987495654
125 57 0.22414277786232642
125 94 0.28290366901578146
125 80 0.13958747293890433
125 81 0.14548968381316718
125 95 0.0482125739365922
125 56 0.14372873491196556
125 68 0.3835611718012638
125 54 0.11636512902435565
125 83 0.03852039769042169
125 82 0.054322927457313895
125 55 0.09317939474567549
125 69 0.2113059675298838
125 51 0.034732779984814575
125 79 0.061299354454245315
125 86 0.04582374956115442
125 92 0.2869213147031764
125 93 0.2630268605935773
125 87 0.1835194370361615
125 78 0.2022742458085204
125 50 0.06725727675891321
125 52 0.0023003219823408186
125 46 0.14389043046644792
125 91 0.25125176148382955
125 85 0.24405245882105694
125 84 0.017538542306417486
125 90 0.25244591691729934
125 47 0.1501190587851318
125 53 0.03512858972608009
131 76 0.03350530439399445
131 62 0.1123228845482469
131 89 0.09361064792540623
131 88 0.30180020073730207
131 63 0.15148526862216122
131 77 0.026606654429167573
131 49 0.05447177491151088
131 61 0.008219616803582177
131 75 0.0005919940128932137
131 74 0.03434871189144171
131 60 0.008453584845389718
131 48 0.10200955046068759
131 64 0.1462977457435691
131 70 0.2841840331201276
131 58 0.33398931087627487
131 59 0.041765428846830314
131 71 0.08477563973612731
131 65 0.00043934561695722506
131 73 0.0023037138309472773
131 67 0.29790264624574836
131 66 0.24099536786879683
131 72 0.022064324156068484
131 57 0.29981758931775465
131 94 0.38232746089512043
131 80 0.09294506453203666
131 81 0.23197717677845603
131 95 0.057062881222254475
131 56 0.18792742346805258
131 68 0.5176732026957623
131 54 0.1742742810524752
131 83 0.033506600214304405
131 82 0.07301123929411758
131 55 0.1472811040853774
131 69 0.3327382966862616
131 51 0.021491269258748658
131 79 0.08869796680864003
131 86 0.02922502068913459
131 92 0.40135484473952193
131 93 0.3388762267165299
131 87 0.25527552381359286
131 78 0.30112912282947085
131 50 0.043714586784962664
131 52 0.0012417201517596437
131 46 0.20539379309988998
131 91 0.33113909547016945
131 85 0.333669695746857
131 84 0.015353403308993336
131 90 0.3375758619711021
131 47 0.2051471737119714
131 53 0.020501240262850388
119 76 0.007306235478150537
119 62 0.04039396330573434
119 89 0.025095289182645128
119 88 0.07617201312196814
119 63 0.035175955755317845
119 77 0.005983956507476261
119 49 0.012251578199654032
119 61 0.0010725086000196696
119 75 0.000273225981300041
119 74 0.009455114222185312
119 60 0.0006336682684437244
119 48 0.02545065606139867
119 64 0.03437367718974181
119 70 0.08836938525130461
119 58 0.17416729426722263
119 59 0.0018116702641578825
119 71 0.019561626221384992
119 65 0.0
119 73 0.0005573992030104182
119 67 0.07302023142724037
119 66 0.05631157398954478
119 72 0.006587812507935095
119 57 0.09965935971599979
119 94 0.09288074615493958
119 80 0.021200218854103878
119 81 0.07213337449624144
119 95 0.013286519279828003
119 56 0.05069956988914736
119 68 0.1463245324071442
119 54 0.041249695856653314
119 83 0.00870092833174697
119 82 0.019833406901518254
119 55 0.053789824150379806
119 69 0.10901643431574604
119 51 0.003824613912003751
119 79 0.02138208799984903
119 86 0.005822017783003808
119 92 0.09803036609628757
119 93 0.084286669475217
119 87 0.06148213361633437
119 78 0.08489813806437349
119 50 0.008562783742015934
119 52 0.002598141752002405
119 46 0.050382404356930914
119 91 0.08055140782031187
119 85 0.08108106918627096
119 84 0.004506930860807078
119 90 0.08186476657826965
119 47 0.05009026547551156
119 53 0.004456109023881952
