114 76 0.06844360212796888
114 62 0.10958626157097832
114 89 0.0989470388338866
114 88 0.2360543412920411
114 63 0.14991490120872725
114 77 0.13863630758230908
114 49 0.06775663875552582
114 61 0.06093399528957122
114 75 0.07264278600883033
114 74 0.10787958326388895
114 60 0.061285177659123585
114 48 0.09585195400507558
114 64 0.14010831617900862
114 70 0.15592005367639766
114 58 0.321825540232563
114 59 0.07539820765864157
114 71 0.10436237477495582
114 65 0.06452940865843763
114 73 0.06876805825731358
114 67 0.1703429517837693
114 66 0.15698576577471532
114 72 0.08533421098821056
114 57 0.18493023300987307
114 94 0.24060942479805375
114 80 0.10619853459019545
114 81 0.18913670091792406
114 95 0.09318568697049104
114 56 0.12103185914298202
114 68 0.21254089047466604
114 54 0.15441873407943477
114 83 0.10043011571656046
114 82 0.09301442367627685
114 55 0.14774147319476988
114 69 0.1913597869086575
114 51 0.06464868501015336
114 79 0.11544424832802418
114 86 0.06813592594661701
114 92 0.2467014493493647
114 93 0.2283645887767655
114 87 0.23612964150706667
114 78 0.16121495638813324
114 50 0.0782233648435634
114 52 0.11177729884212387
114 46 0.17412236207155085
114 91 0.22036817285130708
114 85 0.22649785414526596
114 84 0.13413949106095052
114 90 0.22097259601156796
114 47 0.15744561531056528
114 53 0.07057057951558124
100 76 0.061126339361949056
100 62 0.07232564508151512
100 89 0.06171595592012503
100 88 0.1109756003296316
100 63 0.09105480059146234
100 77 0.09966746161569524
100 49 0.06978582392422178
100 61 0.06426843665375241
100 75 0.05443865993641111
100 74 0.060126923504436366
100 60 0.05231192962021849
100 48 0.06317500219306131
100 64 0.09603997634855019
100 70 0.11314403443423135
100 58 0.21971792615646324
100 59 0.04361563900242916
100 71 0.12566303562599487
100 65 0.06446539630714854
100 73 0.05365602234970373
100 67 0.09729057083727165
100 66 0.07765526127904569
100 72 0.0532319604778853
100 57 0.12339669281940109
100 94 0.11825993946156461
100 80 0.1332537368375517
100 81 0.11063454647919933
100 95 0.0806498768207123
100 56 0.1063713045885358
100 68 0.1498296568697315
100 54 0.10403361848631971
100 83 0.07220052869121145
100 82 0.06445565295309824
100 55 0.08978433225190421
100 69 0.11619651912579365
100 51 0.07817808782554614
100 79 0.0823860212429961
100 86 0.07907126630304173
100 92 0.10068235057618309
100 93 0.09377967352457083
100 87 0.11106081146572747
100 78 0.09569791875187408
100 50 0.08250391828733955
100 52 0.14775771270459584
100 46 0.10171083955614789
100 91 0.1199085606941881
100 85 0.14312582164265406
100 84 0.14147989710913883
100 90 0.10875544281273515
100 47 0.0868373734086904
100 53 0.0876034879892647
128 76 0.06797526946548572
128 62 0.073791921309248
128 89 0.06818465287990927
128 88 0.16266563922963273
128 63 0.10330673480389434
128 77 0.11739333424588888
128 49 0.06822390758962497
128 61 0.04466470688903488
128 75 0.06151187237458856
128 74 0.07434009167294459
128 60 0.042231769789353425
128 48 0.07117132028979853
128 64 0.09654899243920136
128 70 0.11331406495481934
128 58 0.15916679181291138
128 59 0.051957094194628316
128 71 0.07131750774047445
128 65 0.04186203347704805
128 73 0.05823086166406044
128 67 0.11738375574244769
128 66 0.10817928532864671
128 72 0.05282853129350585
128 57 0.1383414989637946
128 94 0.16580455870975874
128 80 0.0745384553129415
128 81 0.13033457545495816
128 95 0.06916559489885019
128 56 0.08540312752038184
128 68 0.1559517615129888
128 54 0.10641033734256018
128 83 0.08504140328223761
128 82 0.08085245547178231
128 55 0.0791567018391135
128 69 0.10760261124202698
128 51 0.04864911401882466
128 79 0.09703838717454506
128 86 0.05376783582213062
128 92 0.17000258812289126
128 93 0.15736661146522718
128 87 0.16271752879685789
128 78 0.10777316630732826
128 50 0.056341708071731285
128 52 0.09604277693028183
128 46 0.11998815686046164
128 91 0.15185626117494613
128 85 0.15608023994397952
128 84 0.0720940324586848
128 90 0.15227277069216527
128 47 0.10849616879831331
128 53 0.06271697722194532
129 76 0.07324361971672375
129 62 0.16039763001497712
129 89 0.11363106353581456
129 88 0.2393077063435879
129 63 0.21529038125678002
129 77 0.13965901831525526
129 49 0.12342256610539931
129 61 0.07481385382309873
129 75 0.07317866696395628
129 74 0.11802943280965249
129 60 0.07846691974281476
129 48 0.1499245572551577
129 64 0.15850679265706605
129 70 0.2100265169891367
129 58 0.3288046411875109
129 59 0.08504054787148953
129 71 0.14047103069764705
129 65 0.0977213958918626
129 73 0.0778643892560074
129 67 0.19818670349637332
129 66 0.17421666297723723
129 72 0.08036511708805717
129 57 0.322939983217174
129 94 0.27206432510632284
129 80 0.14634783373322513
129 81 0.24569991558068124
129 95 0.09514776853786744
129 56 0.18844557961797948
129 68 0.286295584766855
129 54 0.175775825053763
129 83 0.10157951883951538
129 82 0.17035640253883222
129 55 0.1712978243621401
129 69 0.21638727085949572
129 51 0.08263485470670838
129 79 0.12181948610049945
129 86 0.11156419555724789
129 92 0.24010451320811826
129 93 0.22070777199282407
129 87 0.2277902528666733
129 78 0.1924885458124325
129 50 0.11336199986628077
129 52 0.11260187247091662
129 46 0.1999788515334694
129 91 0.21225955059081245
129 85 0.2006363644113801
129 84 0.13009674333586657
129 90 0.20385309069169838
129 47 0.2391855213848597
129 53 0.08926598513165482
101 76 0.057875196593228755
101 62 0.05156386282629526
101 89 0.042238406187036066
101 88 0.07395843134261343
101 63 0.06947748967377858
101 77 0.07894173379298648
101 49 0.04727062261208834
101 61 0.04687133713774013
101 75 0.03849669996836509
101 74 0.03986568500684095
101 60 0.0399536625584175
101 48 0.0444698315896556
101 64 0.07328132533027572
101 70 0.07123873957665314
101 58 0.1467660024621927
101 59 0.06308608128341896
101 71 0.0720040547882559
101 65 0.04558718056022846
101 73 0.03794325202540264
101 67 0.07174306520759903
101 66 0.08143080769241895
101 72 0.03554690337498505
101 57 0.08413292402359597
101 94 0.09268945236674608
101 80 0.07604443662390091
101 81 0.08441741139008627
101 95 0.050850246615475804
101 56 0.08055987372361513
101 68 0.0943370630186121
101 54 0.07938070927791173
101 83 0.04564391335992075
101 82 0.050518875634173885
101 55 0.0714636497571859
101 69 0.07436551719783249
101 51 0.049291768351894145
101 79 0.05982455364529358
101 86 0.05094286701692035
101 92 0.08307165074915901
101 93 0.08356646694751164
101 87 0.07692525310031817
101 78 0.07983254703278453
101 50 0.05357463459354839
101 52 0.12470945612654519
101 46 0.08584528855411128
101 91 0.08375935808222883
101 85 0.08494313111777352
101 84 0.08907981402544278
101 90 0.08373348779079386
101 47 0.06625946874970194
101 53 0.07393849797723437
115 76 0.12979524155608207
115 62 0.16029254621171474
115 89 0.15366730921733754
115 88 0.1921050108075885
115 63 0.08124793239198407
115 77 0.35868057798854847
115 49 0.1916929134284592
115 61 0.12945658989367528
115 75 0.11615931889767563
115 74 0.08715698418584399
115 60 0.11485369524353332
115 48 0.1598648303089971
115 64 0.16115244206779694
115 70 0.18233267123563718
115 58 0.13865001502265847
115 59 0.10481117361280032
115 71 0.13950337879451952
115 65 0.10506571330096315
115 73 0.12305623772621883
115 67 0.21659742847146918
115 66 0.25035425353738977
115 72 0.16151132279001812
115 57 0.14398606415550733
115 94 0.2681012352858305
115 80 0.14457221258305583
115 81 0.1178784278088068
115 95 0.13521515174053286
115 56 0.255800989232956
115 68 0.23939199181496598
115 54 0.15825936074519778
115 83 0.20738821455996606
115 82 0.12668649918712885
115 55 0.18092584525619124
115 69 0.12965695747309033
115 51 0.14927809937856198
115 79 0.27181953636426515
115 86 0.13787005138255531
115 92 0.2544845840072013
115 93 0.23979176120584583
115 87 0.20566850032633738
115 78 0.15976313890304303
115 50 0.135420570892843
115 52 0.5666313324382652
115 46 0.3900476495351305
115 91 0.26163063318086255
115 85 0.2581674601058106
115 84 0.1453886433801814
115 90 0.2622875422733504
115 47 0.2873215336666179
115 53 0.33594781766036813
103 76 0.12417769631301512
103 62 0.18817977331357827
103 89 0.11886977270182422
103 88 0.17625321728259188
103 63 0.18602342787240359
103 77 0.12024678349083545
103 49 0.09913273952715702
103 61 0.11578273245050029
103 75 0.10307866753754749
103 74 0.10673890801574087
103 60 0.11067442420548444
103 48 0.11393897661702623
103 64 0.19620805819234344
103 70 0.2207038036725394
103 58 0.7105587825981292
103 59 0.09751389308553667
103 71 0.09611472852927884
103 65 0.1227830835422782
103 73 0.1097939281131997
103 67 0.14676360493322763
103 66 0.14309792272805635
103 72 0.1065381068126194
103 57 0.348637725738549
103 94 0.1533313335774275
103 80 0.09919817623277426
103 81 0.22602451977802848
103 95 0.09783275056546976
103 56 0.1419172593835082
103 68 0.23942824218251696
103 54 0.21253893478527514
103 83 0.09575268351621792
103 82 0.13625052623667067
103 55 0.18342788239876795
103 69 0.20525476479317195
103 51 0.10998271234486887
103 79 0.11079193264452657
103 86 0.12961665921636714
103 92 0.16609711183248152
103 93 0.15757026885450776
103 87 0.17903288527725095
103 78 0.18123136124098826
103 50 0.10181596107387729
103 52 0.1747425369143181
103 46 0.19353489702051757
103 91 0.1667738040328215
103 85 0.1581306318508715
103 84 0.12078907473596859
103 90 0.1560171811229936
103 47 0.17740729499148603
103 53 0.11753211747325512
117 76 0.1691269999794779
117 62 0.1718353380337643
117 89 0.1365575406957657
117 88 0.19290117916922467
117 63 0.09450238300772598
117 77 0.34257610734439425
117 49 0.1674294847893824
117 61 0.13034012126851027
117 75 0.1795033587632314
117 74 0.1522949346162998
117 60 0.11451762534738233
117 48 0.15968595239383593
117 64 0.11291844927892615
117 70 0.21866424479944102
117 58 0.33656388276401417
117 59 0.13422726535589002
117 71 0.11260455990823294
117 65 0.07361884974313868
117 73 0.169928744628721
117 67 0.1927173834917624
117 66 0.18611196193128998
117 72 0.15416371571271337
117 57 0.19744181407452935
117 94 0.24088663598944798
117 80 0.11458573337579817
117 81 0.16406330181528433
117 95 0.2018383787701061
117 56 0.24922259146067235
117 68 0.28797600312988103
117 54 0.11089128634925559
117 83 0.24816701124198623
117 82 0.1270543506813249
117 55 0.14844222853342792
117 69 0.20327489462537063
117 51 0.12449424674320377
117 79 0.2831764951117573
117 86 0.11635816364191408
117 92 0.24100907764776827
117 93 0.22131062867550863
117 87 0.24718190246789187
117 78 0.21287549073502404
117 50 0.11720635450713389
117 52 0.3970348233684405
117 46 0.2733038057956816
117 91 0.24641061235809886
117 85 0.2707397232172428
117 84 0.18728971982848355
117 90 0.2592522066717079
117 47 0.2013242964846173
117 53 0.2353964117583093
116 76 0.14648929232436633
116 62 0.1439540547535201
116 89 0.11440028526880576
116 88 0.17923004310268423
116 63 0.132762164429074
116 77 0.28699114092709294
116 49 0.14026307682991568
116 61 0.10919167831462465
116 75 0.15037789450948422
116 74 0.12758419547049626
116 60 0.09593647440703347
116 48 0.13377597761499677
116 64 0.14003078419729284
116 70 0.20555905435074642
116 58 0.4618885999592501
116 59 0.11244811065963818
116 71 0.12032451421048096
116 65 0.09201350096160933
116 73 0.14235681722040933
116 67 0.16296071013570418
116 66 0.18423092213389308
116 72 0.12914975596203263
116 57 0.22662698003048984
116 94 0.20180137789703406
116 80 0.12244151316013052
116 81 0.16131035108306746
116 95 0.169088927582081
116 56 0.20878477609706989
116 68 0.2630227835031385
116 54 0.15168588887039275
116 83 0.20790046990990121
116 82 0.10643904312079594
116 55 0.1412582052992682
116 69 0.2362436050161892
116 51 0.10429433094051917
116 79 0.23722946134757178
116 86 0.09747837465560116
116 92 0.20190395268396458
116 93 0.18540169165687073
116 87 0.2070752007654585
116 78 0.20709026962357666
116 50 0.09818894161842982
116 52 0.23139028356914537
116 46 0.21748782440612707
116 91 0.2064290569631041
116 85 0.2268106280461924
116 84 0.15690087319328525
116 90 0.21718702789094974
116 47 0.12661295804489883
116 53 0.14608821804517846
102 76 0.10609665437439458
102 62 0.14585763269544696
102 89 0.10896545104124614
102 88 0.1270967921714706
102 63 0.13414212413164608
102 77 0.12007735071526483
102 49 0.14337280668522523
102 61 0.10908202888855746
102 75 0.11914295057187296
102 74 0.13358118434434957
102 60 0.10919311071422007
102 48 0.12666744258290535
102 64 0.14148629556337236
102 70 0.15013728913429578
102 58 0.48132700934258993
102 59 0.12144409529498482
102 71 0.2037441909585872
102 65 0.11181893701618306
102 73 0.11629943648523876
102 67 0.14933097085405309
102 66 0.10858655400085376
102 72 0.12108814962795883
102 57 0.23616449192303557
102 94 0.13073123528123998
102 80 0.21020022722902013
102 81 0.16298704703827174
102 95 0.138274551473654
102 56 0.1390093696121982
102 68 0.1854990657054471
102 54 0.15326254600753816
102 83 0.11860415461880656
102 82 0.12523816987370479
102 55 0.13227046749626475
102 69 0.1536235190631989
102 51 0.12869287793947043
102 79 0.11215531013689498
102 86 0.13644566333408734
102 92 0.11834581680961112
102 93 0.11354093448625263
102 87 0.12910122018061404
102 78 0.12930374082079976
102 50 0.1390631761534434
102 52 0.10818866913483642
102 46 0.1395586699850451
102 91 0.12026115515849138
102 85 0.12420187517064646
102 84 0.1197613758304966
102 90 0.11044654764421508
102 47 0.12865293249833026
102 53 0.12123139639607244
106 76 0.05552795844068143
106 62 0.08414746723593419
106 89 0.056154003639585094
106 88 0.11421055108661667
106 63 0.09388418318999929
106 77 0.09579483168703304
106 49 0.0554781686836235
106 61 0.05177402179739159
106 75 0.050194668195859035
106 74 0.057435547872427245
106 60 0.049489763542057044
106 48 0.05809257269409563
106 64 0.09902426532704876
106 70 0.103790543117641
106 58 0.31773724043256163
106 59 0.04660336053683547
106 71 0.0875058203069134
106 65 0.055318476623777084
106 73 0.049096036231346375
106 67 0.09339504103575191
106 66 0.08165998010584699
106 72 0.05376318937748438
106 57 0.15589869775700452
106 94 0.11650087946341206
106 80 0.08904540457944081
106 81 0.11407233843055115
106 95 0.05644022775595452
106 56 0.08012527769999628
106 68 0.14148105992097873
106 54 0.10726629713583645
106 83 0.06939514041561812
106 82 0.06191645861776992
106 55 0.0930816926798131
106 69 0.12056257793520321
106 51 0.05420666428658431
106 79 0.07918487047225364
106 86 0.05796007398980911
106 92 0.11451340039109878
106 93 0.10532597011660699
106 87 0.11256899557668552
106 78 0.10157040336349453
106 50 0.06558876915711583
106 52 0.07723581012611173
106 46 0.09767514733679092
106 91 0.10241196496725355
106 85 0.09548344926516764
106 84 0.11247335283574973
106 90 0.09831820514551226
106 47 0.08953570618883204
106 53 0.05255628609866691
112 76 0.09498799507993715
112 62 0.12516345432160197
112 89 0.10309544980414374
112 88 0.19711532405042684
112 63 0.14478569162243307
112 77 0.19240344594820383
112 49 0.10718268786066891
112 61 0.09221183305597049
112 75 0.10081574296891074
112 74 0.10783374594698641
112 60 0.07779574289018448
112 48 0.09091715263382553
112 64 0.15271258965703297
112 70 0.18954531870416963
112 58 0.4530012024449324
112 59 0.08890367755223998
112 71 0.15793229763353284
112 65 0.08408284277914146
112 73 0.09543828460678332
112 67 0.15449884134985456
112 66 0.1320906301834052
112 72 0.10093898847293029
112 57 0.21214460916950909
112 94 0.16594891652543625
112 80 0.16071097087729988
112 81 0.1759193279791448
112 95 0.11335991847477761
112 56 0.13997264951396327
112 68 0.24206333446089623
112 54 0.16542323201725254
112 83 0.13937979651810095
112 82 0.10511419655390218
112 55 0.17475845486918395
112 69 0.22635310154357616
112 51 0.0978332984915001
112 79 0.1590424209481238
112 86 0.10311056412181022
112 92 0.18827321384686327
112 93 0.186873330087244
112 87 0.20217755361238715
112 78 0.19078323499023261
112 50 0.11837595460059148
112 52 0.15512774287672357
112 46 0.15063201575562893
112 91 0.18178602963896318
112 85 0.16721217709352582
112 84 0.2029942119689335
112 90 0.16468309823636715
112 47 0.13807958598540485
112 53 0.09793987533387107
113 76 0.10996333245913943
113 62 0.12372374606117618
113 89 0.1135527638475776
113 88 0.27089868668965966
113 63 0.17204407099808572
113 77 0.2227368213770746
113 49 0.10885963862417779
113 61 0.08474480177353638
113 75 0.1167098542492241
113 74 0.12380385493804365
113 60 0.0744572996034542
113 48 0.11000080877346745
113 64 0.16078992082689877
113 70 0.1760349595866898
113 58 0.28564616414104294
113 59 0.08727215292177992
113 71 0.10958305128800622
113 65 0.0682176017479676
113 73 0.1104846124051135
113 67 0.19548753762580762
113 66 0.18015867678843983
113 72 0.10023447424781602
113 57 0.20878767885633434
113 94 0.27612615309754884
113 80 0.11151106409568973
113 81 0.21705546105628049
113 95 0.131231682406736
113 56 0.162040044962919
113 68 0.24061920249921565
113 54 0.17721272158534576
113 83 0.16135372569669446
113 82 0.10501401151910464
113 55 0.13705597125325625
113 69 0.18405390684013384
113 51 0.08094391933596759
113 79 0.1841162622193174
113 86 0.07565398448765323
113 92 0.2831174307889409
113 93 0.262073837945279
113 87 0.27098510208556476
113 78 0.17948233782689954
113 50 0.08213645022985497
113 52 0.19827571000216063
113 46 0.19982483249535948
113 91 0.2528970587317547
113 85 0.2599315517356571
113 84 0.14084975318333462
113 90 0.2535907017269366
113 47 0.18068640542352765
113 53 0.11755490432139688
107 76 0.16190296851697014
107 62 0.16554904451443225
107 89 0.13998745841634372
107 88 0.17878185657750756
107 63 0.08646384510110144
107 77 0.11390776147267054
107 49 0.1360436815778186
107 61 0.12749632525724908
107 75 0.1107925494290778
107 74 0.10252102011062486
107 60 0.13504280193595602
107 48 0.11466166884472115
107 64 0.11945324391479353
107 70 0.0940980162452138
107 58 0.10889363728754092
107 59 0.10611992360517748
107 71 0.20326571797539952
107 65 0.1429099543464061
107 73 0.12059562002748558
107 67 0.19800396246091415
107 66 0.14718894901277604
107 72 0.09271519156224912
107 57 0.19477554193226032
107 94 0.14639748363134455
107 80 0.21605537291771534
107 81 0.096606623516377
107 95 0.12676357574127922
107 56 0.6304040342410209
107 68 0.4170804065678946
107 54 0.11739402741197692
107 83 0.137605456766609
107 82 0.0902007704816808
107 55 0.18119022846189414
107 69 0.11338713656983923
107 51 0.1192477637136335
107 79 0.14826763048574126
107 86 0.14661231005954153
107 92 0.12429783473309819
107 93 0.16944040639585828
107 87 0.1847694515117295
107 78 0.11316457461933385
107 50 0.15418647198923977
107 52 0.17994759298168655
107 46 0.12386913971026871
107 91 0.19092001401313713
107 85 0.09728493433409988
107 84 0.09711093503440021
107 90 0.11234629515518775
107 47 0.10536168337514258
107 53 0.12810666499429627
139 76 0.1093789480366564
139 62 0.06873957090261787
139 89 0.07143672778906807
139 88 0.1329775022360277
139 63 0.06823633195316953
139 77 0.13163314200621312
139 49 0.07034989359172579
139 61 0.06833631953252352
139 75 0.05463036382190894
139 74 0.0526737338165293
139 60 0.057663733103584545
139 48 0.05866922047431079
139 64 0.061660218657220794
139 70 0.13311658742006033
139 58 0.151668341120741
139 59 0.08100725265034207
139 71 0.06848936476463792
139 65 0.06870358768657009
139 73 0.05330293593720837
139 67 0.13059196594776076
139 66 0.13755943618192062
139 72 0.06431520784737291
139 57 0.13888198123630752
139 94 0.13599278348261287
139 80 0.07233252590526638
139 81 0.11528188511383612
139 95 0.07418505901615663
139 56 0.10287538601807869
139 68 0.18320555619493065
139 54 0.06634746260023307
139 83 0.07610995401724424
139 82 0.07276675499877479
139 55 0.08065956208528008
139 69 0.114694684296821
139 51 0.05715092863165285
139 79 0.09975577666054358
139 86 0.06479626861781372
139 92 0.138061375349288
139 93 0.12715983588032534
139 87 0.15629926794387655
139 78 0.1259213058994103
139 50 0.06208527386798487
139 52 0.2079495440380306
139 46 0.1431446272568645
139 91 0.1515775739069693
139 85 0.12384814980683578
139 84 0.05621980184036689
139 90 0.12770457082462705
139 47 0.10544489599821144
139 53 0.12329038565945576
111 76 0.13872496877080764
111 62 0.16828198048190246
111 89 0.13250628454609714
111 88 0.22966563258783387
111 63 0.16816336279183097
111 77 0.20262742780912574
111 49 0.11918959015992732
111 61 0.1097662561568076
111 75 0.1061729148341537
111 74 0.13360892710246036
111 60 0.09982462872045422
111 48 0.11050829345294809
111 64 0.1493516160258531
111 70 0.26628198143228377
111 58 0.44897322027614917
111 59 0.13463316066861625
111 71 0.18799796580286185
111 65 0.09203241070700809
111 73 0.1012792511848635
111 67 0.2170470781599225
111 66 0.1855669924973062
111 72 0.117607379091851
111 57 0.23873119385039152
111 94 0.22179932445039974
111 80 0.19130561677284388
111 81 0.2128358176021498
111 95 0.12777562113132004
111 56 0.18814562170895602
111 68 0.3400617054170229
111 54 0.1637410268473985
111 83 0.1467861945914685
111 82 0.12247205315877913
111 55 0.20361689929970025
111 69 0.3035490099676196
111 51 0.11645788340814368
111 79 0.16749365641782774
111 86 0.12273978532665923
111 92 0.24563918847894145
111 93 0.23302893435538216
111 87 0.24103686887479422
111 78 0.2680210631661598
111 50 0.14091125753468411
111 52 0.1633709592156053
111 46 0.17383870460125553
111 91 0.22873376662724174
111 85 0.23385764901611175
111 84 0.2416383443522551
111 90 0.23073209002258904
111 47 0.16668431701975936
111 53 0.10314422863398826
105 76 0.09463508305896455
105 62 0.12643050866152805
105 89 0.09747466733612616
105 88 0.11319259037983252
105 63 0.12108907280700949
105 77 0.10950088361330045
105 49 0.13844649242491752
105 61 0.10059005786716702
105 75 0.10910948560919939
105 74 0.120497479254115
105 60 0.1004877554735129
105 48 0.11743651082697752
105 64 0.10751785419596117
105 70 0.12949578561317934
105 58 0.24600445279296212
105 59 0.11339543218416091
105 71 0.19795463529656568
105 65 0.09599842996507667
105 73 0.1053514840489479
105 67 0.14095478301755793
105 66 0.10150256776326501
105 72 0.11207276485166492
105 57 0.18090673987748168
105 94 0.1370230132609141
105 80 0.20422721808463012
105 81 0.11383850134438432
105 95 0.13387746660545105
105 56 0.345896722547083
105 68 0.2288480685948187
105 54 0.10701416378812842
105 83 0.11296059998308919
105 82 0.11301407555979699
105 55 0.09941736216517408
105 69 0.13641488547902372
105 51 0.1184987533236268
105 79 0.10106353542594429
105 86 0.12793978404296807
105 92 0.10468889891113874
105 93 0.10334666184129299
105 87 0.11713777253495646
105 78 0.11815413279396277
105 50 0.13447151515059586
105 52 0.1298873085807712
105 46 0.11265086720112598
105 91 0.11547176854675575
105 85 0.17709590238338832
105 84 0.11635825965688325
105 90 0.12850104757564892
105 47 0.11763871993238248
105 53 0.11201340118395012
104 76 0.12298399056120188
104 62 0.18637082303950409
104 89 0.11772709140233206
104 88 0.1829838841422436
104 63 0.19312719448956628
104 77 0.1243386198206032
104 49 0.09817978803200057
104 61 0.11466972650989701
104 75 0.10208778429536966
104 74 0.11081499832429445
104 60 0.10961052383790404
104 48 0.11829001942783224
104 64 0.20370075021370068
104 70 0.2185822036774253
104 58 0.7037282636645943
104 59 0.09657650337293892
104 71 0.12497286870522037
104 65 0.1216027840408256
104 73 0.10873849185214579
104 67 0.13971438567835773
104 66 0.1388976135560229
104 72 0.10551396838305031
104 57 0.34528631183033676
104 94 0.15918667137702708
104 80 0.12717165116879087
104 81 0.23465582743977478
104 95 0.10156873713168274
104 56 0.13098017275195045
104 68 0.23712664633780609
104 54 0.2206552618901093
104 83 0.09797251197013822
104 82 0.1349407657749665
104 55 0.19043253166549892
104 69 0.19644289773615867
104 51 0.10892546132295301
104 79 0.1097269026819888
104 86 0.1283706693467582
104 92 0.17038492366190533
104 93 0.16346723506132788
104 87 0.18586970066310227
104 78 0.1725266172969601
104 50 0.10083721608207201
104 52 0.12306680590498768
104 46 0.20092550774323462
104 91 0.1731424759536411
104 85 0.15053544164458665
104 84 0.16063065870908216
104 90 0.1521985871913888
104 47 0.18418203317481893
104 53 0.11640229489789534
110 76 0.07928041344399807
110 62 0.11560698989003194
110 89 0.10060980510746244
110 88 0.19236284796354458
110 63 0.13073234527942834
110 77 0.16058686921422732
110 49 0.07848468179787081
110 61 0.06109857505757338
110 75 0.08414446243983587
110 74 0.10523386031434588
110 60 0.06486624410886767
110 48 0.0798630785215491
110 64 0.09930529294525292
110 70 0.16750818645904378
110 58 0.2271493766066675
110 59 0.07839295607716164
110 71 0.11388280820660786
110 65 0.07005459486763192
110 73 0.07965624135601815
110 67 0.14579720387021183
110 66 0.1216470283152154
110 72 0.09850533633927394
110 57 0.14109530982065965
110 94 0.1619478665754618
110 80 0.11340561840091147
110 81 0.16820808770721749
110 95 0.09943582746434022
110 56 0.12108303586055517
110 68 0.21982629965916384
110 54 0.1102132207492447
110 83 0.11633141518984758
110 82 0.102579879610657
110 55 0.17054500580454493
110 69 0.22089569884056623
110 51 0.06172438132485588
110 79 0.13274255212240846
110 86 0.055396483754359176
110 92 0.18373392218641996
110 93 0.18236778980622312
110 87 0.19730302651270099
110 78 0.1860980879535927
110 50 0.08447236494698704
110 52 0.12947522033232717
110 46 0.12707135683453832
110 91 0.17740314483307448
110 85 0.16318066976703705
110 84 0.09993886511853449
110 90 0.16071256732989234
110 47 0.1245556700537292
110 53 0.08174415938128321
138 76 0.14928943074785386
138 62 0.11404297621239017
138 89 0.1335522844782369
138 88 0.24860390106710728
138 63 0.12232992275312247
138 77 0.10847998833441892
138 49 0.09335948366079058
138 61 0.08428944173845782
138 75 0.10213247605400073
138 74 0.09847452005315066
138 60 0.07883825898003641
138 48 0.10924065869807972
138 64 0.11527491975016833
138 70 0.2488639233923107
138 58 0.12109509961162672
138 59 0.10211776835897649
138 71 0.10804901255830093
138 65 0.05495163463989345
138 73 0.0980900228171247
138 67 0.24414409683384936
138 66 0.23089677117536855
138 72 0.09924843400439579
138 57 0.17458772562404654
138 94 0.2542410251528421
138 80 0.114575735125905
138 81 0.1761232984505701
138 95 0.13869034056283716
138 56 0.13983279077395344
138 68 0.3425061773711764
138 54 0.12600503124950557
138 83 0.09988004925719775
138 82 0.12157391412296178
138 55 0.09273201625348469
138 69 0.20462620199335022
138 51 0.10684471860674916
138 79 0.10998374060776411
138 86 0.08904430700332451
138 92 0.25506864873285473
138 93 0.23772766616409813
138 87 0.2922043736075931
138 78 0.2354122114468217
138 50 0.10326909686667397
138 52 0.12972107658130058
138 46 0.14208310801704377
138 91 0.28337707923461747
138 85 0.18482128712983073
138 84 0.08496597022420113
138 90 0.205337373056023
138 47 0.14473077046739768
138 53 0.11158226434963789
140 76 0.12665405236352778
140 62 0.07959616881329747
140 89 0.07725378734981037
140 88 0.12575474180274054
140 63 0.06954566761259334
140 77 0.08357380444985676
140 49 0.06375154489623988
140 61 0.07912922868395486
140 75 0.057749452710089265
140 74 0.0585163699424419
140 60 0.06677103412560068
140 48 0.06222668760220579
140 64 0.06347957441866063
140 70 0.1329076590065532
140 58 0.22181279885153296
140 59 0.0938013850303582
140 71 0.08278924533825961
140 65 0.07955450247611533
140 73 0.06172150089666676
140 67 0.12288909953237848
140 66 0.15928531354537717
140 72 0.07447303021914627
140 57 0.1608167388660459
140 94 0.1462131371435438
140 80 0.08779014653217447
140 81 0.13348928816613556
140 95 0.07425431869428452
140 56 0.11912333005145781
140 68 0.1868621723113405
140 54 0.06379271485759916
140 83 0.0606377964808336
140 82 0.08425939875422984
140 55 0.09339878087458493
140 69 0.1328093459618897
140 51 0.06161917483620993
140 79 0.08324030910999719
140 86 0.07503006881846641
140 92 0.15986652803617435
140 93 0.14014040923123114
140 87 0.14708007614248098
140 78 0.13444951734737665
140 50 0.07189090468162536
140 52 0.09216948037858125
140 46 0.06889085708391163
140 91 0.14369468268512234
140 85 0.14340849251452092
140 84 0.07600735796729242
140 90 0.14787398937923255
140 47 0.07284974032966231
140 53 0.05665754353568587
135 76 0.09534943854099771
135 62 0.1247856220652369
135 89 0.09881725506935453
135 88 0.20016261173617364
135 63 0.14578189378910883
135 77 0.2048056252673241
135 49 0.11536984804359131
135 61 0.07391935740383525
135 75 0.10119936187819932
135 74 0.08585995441333537
135 60 0.06793186632238295
135 48 0.12035406204355992
135 64 0.12867920772671146
135 70 0.16343029533552708
135 58 0.1897460326182154
135 59 0.07567386869116471
135 71 0.12060127192300292
135 65 0.06095642485898556
135 73 0.095801441486523
135 67 0.19416689950314714
135 66 0.1469042171445315
135 72 0.0922225218807871
135 57 0.22769906689274244
135 94 0.250856630262704
135 80 0.12604804630343153
135 81 0.14013207086081883
135 95 0.1137912698391746
135 56 0.14606166254568773
135 68 0.25469509608771645
135 54 0.13961123843041073
135 83 0.13991015739173582
135 82 0.13672531860589712
135 55 0.10330816090604272
135 69 0.1639629231975152
135 51 0.08523738489938597
135 79 0.15964760103466594
135 86 0.0875965513744766
135 92 0.21357050669451902
135 93 0.1981456346001748
135 87 0.20819207884083518
135 78 0.16392141078956765
135 50 0.09527648779444167
135 52 0.32354493512548366
135 46 0.22271613700154944
135 91 0.1951623408597711
135 85 0.17367490674486744
135 84 0.10558911133239271
135 90 0.18558063574656206
135 47 0.16745088244938539
135 53 0.19182528153314557
121 76 0.1441446766514805
121 62 0.17604066826315926
121 89 0.12864940481113105
121 88 0.23452184672187185
121 63 0.2204129677293276
121 77 0.2064662569948665
121 49 0.12092963498267253
121 61 0.1115947646170368
121 75 0.09719791699969513
121 74 0.11959262948407326
121 60 0.12359241290078558
121 48 0.1287759181839011
121 64 0.14649992809529788
121 70 0.11693390713062067
121 58 0.09365013362240894
121 59 0.07744434218453308
121 71 0.22953267550318757
121 65 0.14196243559751404
121 73 0.08558713532469114
121 67 0.22260950834847157
121 66 0.19878367874514624
121 72 0.11795775652551699
121 57 0.19856128733765224
121 94 0.32855648546390476
121 80 0.2429759715239341
121 81 0.16973815644421913
121 95 0.1195985033894293
121 56 0.16243804320738234
121 68 0.24952674880547726
121 54 0.15101805150695416
121 83 0.094759596242031
121 82 0.13241537186389174
121 55 0.27546653521577735
121 69 0.2298054724475945
121 51 0.12261202809864152
121 79 0.08997450125497326
121 86 0.0823905114342782
121 92 0.32021118266808035
121 93 0.32211852023328963
121 87 0.19207157580867001
121 78 0.25537726061170657
121 50 0.13807232040019937
121 52 0.09859302426509717
121 46 0.14550867420807165
121 91 0.3228620458261599
121 85 0.3060027560695186
121 84 0.12146296465279065
121 90 0.3227623252049654
121 47 0.21248902061572653
121 53 0.22605170078006773
109 76 0.11334716440646563
109 62 0.13411414570919564
109 89 0.09356205039436301
109 88 0.20578313288459762
109 63 0.12157449529041875
109 77 0.11943288469087211
109 49 0.12940453068425348
109 61 0.1191735859136702
109 75 0.0903497207489772
109 74 0.09786218879370333
109 60 0.08759965550023016
109 48 0.1171460197797034
109 64 0.1371991922119095
109 70 0.20980408129283254
109 58 0.3437038533724611
109 59 0.07498604698553892
109 71 0.20411001079600077
109 65 0.0719502930334493
109 73 0.0740061204342232
109 67 0.16924609812197555
109 66 0.14399690475661386
109 72 0.09870854101433889
109 57 0.2288156852546849
109 94 0.1517421634200644
109 80 0.20770113835054244
109 81 0.19997010685529693
109 95 0.1248147149051391
109 56 0.12419531877973664
109 68 0.27783058706684965
109 54 0.1483976752245169
109 83 0.1004940552570763
109 82 0.09539412043715516
109 55 0.15859826396193102
109 69 0.21546433328557837
109 51 0.1264387076647494
109 79 0.0987242979378236
109 86 0.13325898927222257
109 92 0.17086329178749934
109 93 0.16959285749469036
109 87 0.18348187524888115
109 78 0.17306184685290854
109 50 0.15298781651096244
109 52 0.18176454586789062
109 46 0.17215299730305125
109 91 0.17098434336920337
109 85 0.1517498024354786
109 84 0.2623475464951852
109 90 0.14945459150294635
109 47 0.12196260638865206
109 53 0.10776566528642967
108 76 0.13810381177938688
108 62 0.16232972069651833
108 89 0.12781943794163125
108 88 0.23059079562002602
108 63 0.18017704355063338
108 77 0.19464837426263834
108 49 0.10177345702340816
108 61 0.0989806036844032
108 75 0.10199204266986614
108 74 0.1288830792042903
108 60 0.09507711370801135
108 48 0.117288748103374
108 64 0.1900415891172358
108 70 0.2568633881573951
108 58 0.5307423299542199
108 59 0.11992648665117474
108 71 0.14562154146031528
108 65 0.09638001730243632
108 73 0.09655184110437591
108 67 0.2093699603177934
108 66 0.17900334888095848
108 72 0.1034717270048618
108 57 0.2604102621768156
108 94 0.23521496245585405
108 80 0.1481836182934581
108 81 0.22446816415098036
108 95 0.12325610163770304
108 56 0.181490770044581
108 68 0.32803346800321037
108 54 0.20585921540634464
108 83 0.14100605456208548
108 82 0.13284239426260241
108 55 0.1776630714386816
108 69 0.29281225395993915
108 51 0.09020723402338748
108 79 0.16089809890764836
108 86 0.09681542104347486
108 92 0.23695074626361565
108 93 0.22478652628042117
108 87 0.23251121415353523
108 78 0.2585409572668155
108 50 0.10914859872914538
108 52 0.1683237195673562
108 46 0.1874524406299587
108 91 0.22064328185426757
108 85 0.22558592868243776
108 84 0.18717089852659563
108 90 0.22257092305327836
108 47 0.18651472360406812
108 53 0.09979678674985742
120 76 0.05447281438638208
120 62 0.06652642934528545
120 89 0.060790115044026045
120 88 0.14502476004234469
120 63 0.0921032523933527
120 77 0.07802437353635638
120 49 0.0662526765953241
120 61 0.04217208044507696
120 75 0.05395548592455146
120 74 0.06627800442338715
120 60 0.04670603676740384
120 48 0.058888587064696504
120 64 0.08607837848938038
120 70 0.09092002360334872
120 58 0.11433432985330513
120 59 0.04632241420965573
120 71 0.10074645451053847
120 65 0.06389322931780254
120 73 0.05317979469073086
120 67 0.10465363853140354
120 66 0.09644738108576116
120 72 0.04457667897222717
120 57 0.09436346553653757
120 94 0.14782326774534452
120 80 0.10683206457481585
120 81 0.11619995851670224
120 95 0.06301507582434072
120 56 0.10542719887313388
120 68 0.12881473339885735
120 54 0.09487027323173286
120 83 0.058305637677672204
120 82 0.05004026607854234
120 55 0.10409983768425694
120 69 0.09151207666971473
120 51 0.061083765113247805
120 79 0.07092550944160521
120 86 0.07139955233945926
120 92 0.15156602627242835
120 93 0.14030040501795157
120 87 0.14507102225279778
120 78 0.09650802540172289
120 50 0.07508813599868544
120 52 0.07064961811044973
120 46 0.1069755957006173
120 91 0.1353876451235946
120 85 0.1391535388323345
120 84 0.04592396809445707
120 90 0.13575898471981251
120 47 0.09672989895104252
120 53 0.08542578626119618
134 76 0.07683419356668417
134 62 0.10188406714941799
134 89 0.08068160164913762
134 88 0.16342732950651723
134 63 0.11902695206515009
134 77 0.17407692907129566
134 49 0.12256422164732617
134 61 0.09657437694605817
134 75 0.07956841830856913
134 74 0.07222104747181568
134 60 0.0908129627311107
134 48 0.0982658188981157
134 64 0.10506307396462862
134 70 0.1334363920188584
134 58 0.14936477688619307
134 59 0.05120944242411005
134 71 0.24954405877820385
134 65 0.08434202627962009
134 73 0.07231162080153256
134 67 0.16687534187917075
134 66 0.12150337183051146
134 72 0.09293826959791579
134 57 0.2337337061117277
134 94 0.21723158086205877
134 80 0.26461781837559406
134 81 0.1144140252785425
134 95 0.06562339815247177
134 56 0.12414681304682804
134 68 0.20795162009019158
134 54 0.11398877976199132
134 83 0.1006508457152382
134 82 0.11163250470143295
134 55 0.08780797585541907
134 69 0.1338712681845442
134 51 0.09880613107495892
134 79 0.13192102682901707
134 86 0.103366305542067
134 92 0.17437451114218872
134 93 0.16178052252217162
134 87 0.16998317105401298
134 78 0.13383737443229243
134 50 0.1322695942875217
134 52 0.27500078989383925
134 46 0.18930017734252752
134 91 0.18277995976626255
134 85 0.14180083865521248
134 84 0.11375143124558082
134 90 0.1641857679089389
134 47 0.13944454566574438
134 53 0.16304413457365283
122 76 0.10734131490473872
122 62 0.09766153847379623
122 89 0.17804192085702836
122 88 0.1208617261848599
122 63 0.21052924517554475
122 77 0.0914400148493969
122 49 0.16948205290370819
122 61 0.08284610199781642
122 75 0.08571538256543576
122 74 0.1716305314984181
122 60 0.10404768628731154
122 48 0.09993840020833304
122 64 0.07739617433648045
122 70 0.13487517662087015
122 58 0.11625957980641706
122 59 0.10482243227552301
122 71 0.24668896232737875
122 65 0.07045692153500768
122 73 0.07693782301027735
122 67 0.25045010539185253
122 66 0.17280333992400135
122 72 0.0565423458405728
122 57 0.23892487766767917
122 94 0.15858741645654065
122 80 0.2620527951722101
122 81 0.16460682382639616
122 95 0.09434098749056671
122 56 0.12119162372477921
122 68 0.23427323179398074
122 54 0.0839714196239103
122 83 0.1165320757598102
122 82 0.08223563683658129
122 55 0.17538184894088776
122 69 0.11556400317119253
122 51 0.14009420497583233
122 79 0.12242817122023014
122 86 0.2281095695157248
122 92 0.15182479431148138
122 93 0.1306580008358954
122 87 0.12991447771795672
122 78 0.12628634791191196
122 50 0.19703437521867453
122 52 0.12226402225190695
122 46 0.11063611551859433
122 91 0.14026421949298085
122 85 0.4128980233649591
122 84 0.13801334027736106
122 90 0.2995994138218348
122 47 0.10071602024761188
122 53 0.09696554840094718
136 76 0.0770475283827209
136 62 0.08018542457185683
136 89 0.062210179296672066
136 88 0.1196338751057984
136 63 0.10762721759479794
136 77 0.15606403683067768
136 49 0.07627420803880863
136 61 0.05937777051601097
136 75 0.08177458437021877
136 74 0.06937950947405085
136 60 0.05216967125500287
136 48 0.07494976251288718
136 64 0.07852364314217682
136 70 0.0996147250853824
136 58 0.15332510665361349
136 59 0.06114859861818542
136 71 0.07022378844054875
136 65 0.048852539894834096
136 73 0.07741277132811548
136 67 0.09907680657669014
136 66 0.08709378740207972
136 72 0.07023085174692559
136 57 0.16144303168992874
136 94 0.13600944987447233
136 80 0.07316169934664507
136 81 0.12282944608512406
136 95 0.09194953034642085
136 56 0.11353589132138218
136 68 0.1400507127465715
136 54 0.08787323827720103
136 83 0.11305501099553636
136 82 0.08516397944804359
136 55 0.08563461176721256
136 69 0.09515033841744737
136 51 0.056714622801778275
136 79 0.12900393814760494
136 86 0.05577278409250979
136 92 0.12003221201843339
136 93 0.1103354607041305
136 87 0.11260623465443581
136 78 0.09697759917921202
136 50 0.056671536161374235
136 52 0.1395994205885955
136 46 0.11826855605610623
136 91 0.11225486558484433
136 85 0.12333823997020985
136 84 0.0853217405028642
136 90 0.11810498474072857
136 47 0.11957279282677097
136 53 0.08276655032750083
137 76 0.16364621527662443
137 62 0.10926074695686991
137 89 0.11943208349522762
137 88 0.1866710984821878
137 63 0.1160430840006377
137 77 0.11537804081770267
137 49 0.10998667610890711
137 61 0.1325320237174498
137 75 0.08904366505394354
137 74 0.094913290267877
137 60 0.11297180915130334
137 48 0.09339499161477254
137 64 0.10845220169882698
137 70 0.18003178176643336
137 58 0.2116677802127123
137 59 0.17838036060983098
137 71 0.08778304628933399
137 65 0.09720170296739312
137 73 0.09347807173226105
137 67 0.17699566206999306
137 66 0.23025137313040392
137 72 0.10034537281110059
137 57 0.1938231832866845
137 94 0.186246060051836
137 80 0.08553411103893142
137 81 0.1720974793365832
137 95 0.1343151802085344
137 56 0.17745931068715987
137 68 0.2623705789830356
137 54 0.11952931953777537
137 83 0.09963388125869939
137 82 0.10155301620666722
137 55 0.11256818880829644
137 69 0.20915577447532432
137 51 0.0966476051264861
137 79 0.1257747764829937
137 86 0.09935188913585694
137 92 0.21980970152704515
137 93 0.19008439605653676
137 87 0.18277844032524937
137 78 0.22573217797651143
137 50 0.12011561330480701
137 52 0.1822702900984471
137 46 0.13478110398195803
137 91 0.19322879851064978
137 85 0.18970236460577367
137 84 0.09665620069274344
137 90 0.18545815581537003
137 47 0.12187230632649351
137 53 0.10806551399020442
123 76 0.10873196901610623
123 62 0.11835656947789033
123 89 0.07521486154296918
123 88 0.15031280815363982
123 63 0.10947541922703884
123 77 0.18088765602619333
123 49 0.17344685395928686
123 61 0.1366673049380679
123 75 0.1126013092943989
123 74 0.10220367171812421
123 60 0.12851403511341714
123 48 0.12804178678135691
123 64 0.09730892418297224
123 70 0.14706656884374578
123 58 0.18401574258293915
123 59 0.07166637328913146
123 71 0.35314246961772355
123 65 0.11935668434174515
123 73 0.10233184663639043
123 67 0.23615377035239407
123 66 0.15547051657111882
123 72 0.1315216647853627
123 57 0.3307684366974326
123 94 0.30741544126591774
123 80 0.37447411228118405
123 81 0.10523266508551393
123 95 0.11242084054130622
123 56 0.14440316123247982
123 68 0.27465606261692127
123 54 0.10484154416381396
123 83 0.12589661825607854
123 82 0.144031474227648
123 55 0.09907898235492273
123 69 0.15221244101453912
123 51 0.13982557353607952
123 79 0.09792371458175177
123 86 0.14627890799367746
123 92 0.21296882374659473
123 93 0.2287753541753321
123 87 0.1643729597645306
123 78 0.15333044842292798
123 50 0.18718141962877133
123 52 0.11369871415872117
123 46 0.12811644563715555
123 91 0.2586612027732392
123 85 0.19868245406959398
123 84 0.160975426741451
123 90 0.2323476176484685
123 47 0.14938255178441845
123 53 0.16867493846368342
127 76 0.10937078720556719
127 62 0.10841639616896138
127 89 0.08369080927221487
127 88 0.18832751419733224
127 63 0.14551965177741302
127 77 0.13895096933212878
127 49 0.1392414531899454
127 61 0.08702744910819926
127 75 0.08786478695470755
127 74 0.1288086850785831
127 60 0.09006095524863192
127 48 0.11265044312858358
127 64 0.11178040937498408
127 70 0.13841321201067328
127 58 0.19559628925885528
127 59 0.11713386183531382
127 71 0.24464917884634557
127 65 0.08189292242699102
127 73 0.0716870159164182
127 67 0.1676012583566952
127 66 0.15119507795277787
127 72 0.09471996069648697
127 57 0.2182824593854762
127 94 0.21245676560486976
127 80 0.2583772404287533
127 81 0.16607414575756632
127 95 0.17277459047541582
127 56 0.1351276420239866
127 68 0.21570765848823886
127 54 0.12319746451390233
127 83 0.0847127095008712
127 82 0.12403795173193419
127 55 0.1157840847598112
127 69 0.13886430789245455
127 51 0.16747932719397465
127 79 0.09597319756356887
127 86 0.1557091113429565
127 92 0.19682192858874317
127 93 0.18219252016134935
127 87 0.23792331712440373
127 78 0.14822753837076805
127 50 0.1735128664126283
127 52 0.19408487833266094
127 46 0.1444896814450224
127 91 0.25687767030927894
127 85 0.18070321269556783
127 84 0.13354826488137603
127 90 0.17629508309319555
127 47 0.16167091896506933
127 53 0.1306204730660328
133 76 0.07058265657236683
133 62 0.12088774609142654
133 89 0.08235901389500534
133 88 0.18036032851285919
133 63 0.1622590617010106
133 77 0.1429690808535697
133 49 0.09302055044023182
133 61 0.05454452848135992
133 75 0.07491307672168779
133 74 0.08895587860915437
133 60 0.05369554900246419
133 48 0.1129944489119865
133 64 0.11838244026305142
133 70 0.1281924342741837
133 58 0.20183671790016255
133 59 0.062758873585811
133 71 0.14094072829467486
133 65 0.07365021099858016
133 73 0.0709172528653486
133 67 0.1523017960144895
133 66 0.13130281112583364
133 72 0.06433795079077137
133 57 0.24339191726387707
133 94 0.20504818587978793
133 80 0.14945428163750674
133 81 0.18517797929201882
133 95 0.0842342675834276
133 56 0.1420267954007977
133 68 0.21114080386590633
133 54 0.13247791320935462
133 83 0.10356883838304506
133 82 0.12839342784079938
133 55 0.129102954299079
133 69 0.14344888753209634
133 51 0.062279856212050726
133 79 0.11817952962131992
133 86 0.08408318841219485
133 92 0.18096086223592142
133 93 0.16634201576782434
133 87 0.16382216100091654
133 78 0.13254332096258
133 50 0.08543814927297655
133 52 0.1720863166627959
133 46 0.15071913859061256
133 91 0.15997479922182442
133 85 0.14747553325310858
133 84 0.07816259956005084
133 90 0.15363905729273875
133 47 0.1802682407166396
133 53 0.10202757811380997
132 76 0.09267114337540117
132 62 0.1439233404271557
132 89 0.11553837123995513
132 88 0.2756356778173998
132 63 0.17505246962805715
132 77 0.25609058444863286
132 49 0.1368648130039609
132 61 0.09242935302634851
132 75 0.09368218907052668
132 74 0.1259687150545247
132 60 0.08200318541345908
132 48 0.1388121352172338
132 64 0.16360152703176611
132 70 0.18849474516694603
132 58 0.1823799341998755
132 59 0.08804089753424689
132 71 0.1390972583832459
132 65 0.07501476683138161
132 73 0.08868523069712007
132 67 0.2239452615964625
132 66 0.18330896911344438
132 72 0.11531577561383342
132 57 0.2626200821615278
132 94 0.28932919993645856
132 80 0.14537937606964496
132 81 0.22085093827256186
132 95 0.10881096213017351
132 56 0.18263666575584034
132 68 0.29375635119401655
132 54 0.18031150032115464
132 83 0.14807093646457717
132 82 0.15769416579452064
132 55 0.1291773469122719
132 69 0.18910905937905798
132 51 0.10658150471826651
132 79 0.19407358023802312
132 86 0.10103077642328614
132 92 0.28806808143307705
132 93 0.26665651592105594
132 87 0.2757236042910023
132 78 0.18906118043016862
132 50 0.10988854453419632
132 52 0.4045631628698217
132 46 0.27848603092040347
132 91 0.2573192696257348
132 85 0.2644767692464459
132 84 0.10380451281812429
132 90 0.2580250418074924
132 47 0.20514168872480992
132 53 0.2398598592969625
126 76 0.11192458834017097
126 62 0.11357416348137815
126 89 0.08178483868664091
126 88 0.11823032241640093
126 63 0.10873464301516506
126 77 0.1566990612770456
126 49 0.17643028381221837
126 61 0.1423404776822813
126 75 0.0979231630736625
126 74 0.10326605091928057
126 60 0.15419095980709513
126 48 0.11252941840582259
126 64 0.11206329836463437
126 70 0.11597903860089404
126 58 0.11036606360617475
126 59 0.10071655991425014
126 71 0.3088047836319677
126 65 0.10564610740771238
126 73 0.09250630097905452
126 67 0.21538310677339956
126 66 0.15426558506722854
126 72 0.10974242242660892
126 57 0.25388671789736006
126 94 0.30199105499518625
126 80 0.32678624305592713
126 81 0.0996350122493792
126 95 0.07136588568172815
126 56 0.09027950889855772
126 68 0.23526149242656716
126 54 0.1038905008948267
126 83 0.11424032814105395
126 82 0.10791983219586096
126 55 0.11489822906387658
126 69 0.13278682443426323
126 51 0.1448916237869868
126 79 0.09869554153600216
126 86 0.15659436582224137
126 92 0.2495714638817272
126 93 0.2580152947482906
126 87 0.15142849651305257
126 78 0.14009682193826345
126 50 0.20209527444159103
126 52 0.10804798856346622
126 46 0.09375542383164218
126 91 0.26011278184959186
126 85 0.3179652993845218
126 84 0.07329529418335036
126 90 0.32055988439508915
126 47 0.0920220682106295
126 53 0.14538522975782694
118 76 0.08118451495590955
118 62 0.08248457414989133
118 89 0.06555048990582729
118 88 0.11552332697614015
118 63 0.09851369774455492
118 77 0.1644437323053858
118 49 0.08881859788233334
118 61 0.06690212623084477
118 75 0.08616538527803279
118 74 0.08216379922536536
118 60 0.05744760332409882
118 48 0.0766526136686579
118 64 0.08329538714956913
118 70 0.11778062246584975
118 58 0.24802396743806832
118 59 0.06443190876145365
118 71 0.1560555175228931
118 65 0.04603643466506939
118 73 0.08156936923982162
118 67 0.1069085996269342
118 66 0.08933765370826584
118 72 0.07400182398703956
118 57 0.14777256517718398
118 94 0.12898869248797687
118 80 0.16481230045971343
118 81 0.11242865137810526
118 95 0.11020853721475583
118 56 0.11963208243653936
118 68 0.15596960403793597
118 54 0.09022826595603788
118 83 0.11912538174379672
118 82 0.07912066920185275
118 55 0.08348122391728696
118 69 0.12095819650974395
118 51 0.10683082282510616
118 79 0.13593066988329533
118 86 0.09932290011451973
118 92 0.11568942316235373
118 93 0.1062337536040296
118 87 0.15176526060580664
118 78 0.10366176593964509
118 50 0.11067946474453409
118 52 0.17348250550625985
118 46 0.12461886266171368
118 91 0.16385576264438148
118 85 0.1299607579591439
118 84 0.147277675144287
118 90 0.12444650855537984
118 47 0.1094477608383156
118 53 0.10285535901499154
130 76 0.0661133633899245
130 62 0.07250835396241175
130 89 0.09082049704892908
130 88 0.21666714698447959
130 63 0.13760235781967464
130 77 0.13391627993350538
130 49 0.06544978845134984
130 61 0.05095120118465693
130 75 0.07016958137414803
130 74 0.09901940966526727
130 60 0.05625181271041075
130 48 0.08797961220918037
130 64 0.1286011897478656
130 70 0.13583461273886774
130 58 0.15856345206002528
130 59 0.06920573649154069
130 71 0.06582147264060928
130 65 0.04984122168664607
130 73 0.06642677304862932
130 67 0.15635264816520641
130 66 0.14409249074347844
130 72 0.06026407232252909
130 57 0.12012827050868206
130 94 0.22084812049304473
130 80 0.06979743207554254
130 81 0.173602862602066
130 95 0.08553232626510407
130 56 0.11109148627050258
130 68 0.1924493498003208
130 54 0.14173628991874093
130 83 0.09701086046357932
130 82 0.06488661393621514
130 55 0.08706554134758354
130 69 0.13671914065475935
130 51 0.0505280747787286
130 79 0.11069640286341335
130 86 0.0466666463131922
130 92 0.22643980574512382
130 93 0.20960895551304967
130 87 0.2167362627764943
130 78 0.14355154890657962
130 50 0.04845021591177044
130 52 0.19179498169255893
130 46 0.15982165466538484
130 91 0.2022692869639047
130 85 0.20789553620218118
130 84 0.0732133444554694
130 90 0.20282406871876785
130 47 0.1445145727370965
130 53 0.11371257085372252
124 76 0.05769483219656206
124 62 0.079142654000075
124 89 0.06267276387901889
124 88 0.14991092651362548
124 63 0.09245909735975334
124 77 0.11726443009589173
124 49 0.11750957717332954
124 61 0.06760392370837844
124 75 0.07415143785800368
124 74 0.10870508582806034
124 60 0.07600484287287723
124 48 0.09506871436030043
124 64 0.0863917969138606
124 70 0.10365222453359044
124 58 0.12775370672093186
124 59 0.06346624508969666
124 71 0.20646596903020745
124 65 0.07249215277662506
124 73 0.06049858527161893
124 67 0.14144317336552598
124 66 0.09682616015200925
124 72 0.07993670186804908
124 57 0.16076963162219904
124 94 0.15910053709654706
124 80 0.21805144645091173
124 81 0.11662305208052286
124 95 0.14580908635997586
124 56 0.11961587619102215
124 68 0.1731773959909913
124 54 0.09521570366488126
124 83 0.07090004813648308
124 82 0.10467893667830486
124 55 0.07235779455911132
124 69 0.10399003254299467
124 51 0.14134027240430147
124 79 0.07530791702204971
124 86 0.13140707322973383
124 92 0.15211789058484557
124 93 0.14081125028091257
124 87 0.2007898348836217
124 78 0.10396370417210922
124 50 0.1464321371198723
124 52 0.11224641619239044
124 46 0.10820265411347828
124 91 0.21678591922001725
124 85 0.13966020826160422
124 84 0.09751380784661097
124 90 0.1362532942996005
124 47 0.11703460300361176
124 53 0.11023410204740779
125 76 0.08982793609241746
125 62 0.09185087294581921
125 89 0.09494355299335103
125 88 0.14531973212905583
125 63 0.08991488922747151
125 77 0.07473433868813693
125 49 0.11454846687488875
125 61 0.07073824440733341
125 75 0.0932870717042579
125 74 0.08632246304951856
125 60 0.07997156491970267
125 48 0.08456649579982034
125 64 0.07936634933117084
125 70 0.10080001377101537
125 58 0.10700884631644614
125 59 0.05887806630759174
125 71 0.17114926685505003
125 65 0.11046906839317819
125 73 0.09194592978866152
125 67 0.16671888081826797
125 66 0.1239327564117367
125 72 0.05720944901069783
125 57 0.15787534540123735
125 94 0.15472254843031072
125 80 0.1819181268896346
125 81 0.10693872584630014
125 95 0.1067346391124856
125 56 0.34976439171508467
125 68 0.2314069497907527
125 54 0.08730903409602862
125 83 0.10080832578183668
125 82 0.0843290038118467
125 55 0.10052900457559896
125 69 0.1011285262766864
125 51 0.10040634267782753
125 79 0.08226269942945069
125 86 0.12344722773986251
125 92 0.13948608879090613
125 93 0.1370771454392455
125 87 0.1555754530494387
125 78 0.10110292238675772
125 50 0.12982465465779547
125 52 0.08268609100057896
125 46 0.10522522863138806
125 91 0.16075421252421387
125 85 0.14502989319060722
125 84 0.0804517695473632
125 90 0.12493888150603187
125 47 0.10327981860531761
125 53 0.10786551717330344
131 76 0.07077256040477632
131 62 0.1380498990019577
131 89 0.1154219839371386
131 88 0.2753580168744863
131 63 0.17487613094011537
131 77 0.08308377243117152
131 49 0.08206907065576809
131 61 0.06996645237922185
131 75 0.06470040233473325
131 74 0.1258418207697333
131 60 0.07338282581340332
131 48 0.1118115592533353
131 64 0.16343672342354884
131 70 0.19641830420928336
131 58 0.307500457390022
131 59 0.08795220974601178
131 71 0.08780828271031363
131 65 0.07611661731294632
131 73 0.06825612670950772
131 67 0.19870550626177547
131 66 0.1831243132604301
131 72 0.06911368798169636
131 57 0.23296350859533715
131 94 0.2806715338979312
131 80 0.09148186565348707
131 81 0.220628464606418
131 95 0.10870135166688508
131 56 0.15163299754865833
131 68 0.2677456831101922
131 54 0.1801298639611821
131 83 0.08863628258666183
131 82 0.11717373701920222
131 55 0.1529258819868889
131 69 0.20236692682427046
131 51 0.05910097038766948
131 79 0.134666022684338
131 86 0.07140824413411982
131 92 0.2877778967380211
131 93 0.2663879001154717
131 87 0.27544585477556527
131 78 0.18243684091621
131 50 0.07472642042307348
131 52 0.088825513443806
131 46 0.2031141984133468
131 91 0.25706005967294554
131 85 0.2642103492034777
131 84 0.10368700287465352
131 90 0.25776512089677844
131 47 0.18366072896691205
131 53 0.05882879638662494
119 76 0.17353224774949064
119 62 0.17631112983385822
119 89 0.14011445237575437
119 88 0.19792567253498633
119 63 0.08124201445564867
119 77 0.3514991807337506
119 49 0.1717905174133414
119 61 0.13373508794225822
119 75 0.1841788793542516
119 74 0.15626175789811822
119 60 0.11750046376910048
119 48 0.16384528937593024
119 64 0.0897974913466309
119 70 0.22435978824845357
119 58 0.3453303558534258
119 59 0.13772348039817006
119 71 0.09749815810215563
119 65 0.05732432153310979
119 73 0.17435487542645037
119 67 0.19773708953498906
119 66 0.19095961668404973
119 72 0.1581792151004085
119 57 0.20258457727179904
119 94 0.24716100564152693
119 80 0.09844228243429119
119 81 0.16833665553497668
119 95 0.20709565920485568
119 56 0.2557140875872645
119 68 0.29547690863733417
119 54 0.09282213218894808
119 83 0.25463101269058486
119 82 0.13036373295072742
119 55 0.1523087004527664
119 69 0.20856959196143554
119 51 0.12773694603374555
119 79 0.29055238792462845
119 86 0.11938894252978248
119 92 0.24728663653540592
119 93 0.2270751024352939
119 87 0.2536202448068816
119 78 0.218420254616395
119 50 0.12025922620642807
119 52 0.2834007169753255
119 46 0.2663733516350596
119 91 0.2528288649181851
119 85 0.2777916756677762
119 84 0.19216805161891828
119 90 0.2660049439960263
119 47 0.09997575390825143
119 53 0.1789249967502608
