103 58
104 58
107 56
107 68
109 57
110 78
111 57
112 68
112 69
112 70
113 57
114 81
115 46
116 54
116 55
116 56
116 62
117 74
117 77
117 78
117 79
117 81
117 83
118 47
118 56
118 62
118 77
118 79
118 81
121 68
121 69
121 78
121 85
121 87
121 92
121 95
122 68
122 69
122 78
122 85
122 87
122 95
123 68
123 69
123 78
123 85
123 87
123 94
123 95
124 68
124 69
124 78
124 85
124 87
124 91
124 95
125 68
125 69
125 78
125 85
125 87
125 93
125 95
126 68
126 69
126 78
126 85
126 87
126 90
126 95
127 78
128 55
128 56
129 56
129 57
130 55
131 57
132 62
133 48
133 49
133 50
133 51
134 62
134 63
134 64
135 56
135 62
136 56
136 62
137 64
137 67
137 68
137 70
138 67
138 68
138 69
139 68
140 68
