143 69
143 70
143 58
143 68
144 69
144 70
144 58
144 68
145 56
145 68
147 57
148 78
149 57
149 81
150 57
151 46
152 56
152 54
152 47
152 62
152 78
152 83
152 77
152 55
152 79
152 81
152 74
153 69
153 85
153 78
153 87
153 95
153 68
153 92
154 69
154 85
154 78
154 87
154 95
154 68
155 69
155 85
155 78
155 87
155 95
155 94
155 68
156 69
156 85
156 78
156 87
156 91
156 95
156 68
157 69
157 85
157 78
157 87
157 93
157 95
157 68
158 69
158 85
158 78
158 87
158 95
158 68
158 90
159 56
159 78
159 55
160 56
160 57
161 57
162 56
162 62
162 63
162 48
162 51
162 50
162 64
162 49
163 70
163 68
163 64
163 67
164 70
164 68
164 64
164 67
165 69
165 68
165 67